#Header 
#Target 100 251 0
#Product 100 250 0
#Datapoints 41
6215640.0 0.0
6400000.0 0.006980401
6600000.0 0.0235963
6800000.0 0.11977
7000000.0 0.311002
7200000.0 0.544367
7400000.0 0.7601581
7600000.0 0.95441
7800000.0 1.12532
8000000.0 1.27021
8500000.0 1.49689
9000000.0 1.61357
9500000.0 1.68358
10000000.0 1.72661
10500000.0 1.74847
11000000.0 1.75274
11500000.0 1.74406
12000000.0 1.72559
12500000.0 1.70205
13000000.0 1.67329
13500000.0 1.64278
14000000.0 1.60881
14500000.0 1.55403
15000000.0 1.47254
16000000.0 1.2163
17000000.0 0.945295
18000000.0 0.737901
19000000.0 0.609508
20000000.0 0.529524
21000000.0 0.478091
22000000.0 0.445617
23000000.0 0.419951
24000000.0 0.408072
25000000.0 0.391245
26000000.0 0.377648
27000000.0 0.365627
28000000.0 0.352654
29000000.0 0.342613
30000000.0 0.332127
30000000.0 0.0
200000000.0 0.0
#Header 
#Target 100 251 0
#Product 100 249 0
#Datapoints 21
13764300.0 0.0
14000000.0 0.00314376
14500000.0 0.0260422
15000000.0 0.07437471
16000000.0 0.236242
17000000.0 0.391275
18000000.0 0.4911141
19000000.0 0.537371
20000000.0 0.552511
21000000.0 0.550155
22000000.0 0.528002
23000000.0 0.487652
24000000.0 0.437786
25000000.0 0.387211
26000000.0 0.343742
27000000.0 0.306238
28000000.0 0.276078
29000000.0 0.253172
30000000.0 0.235513
30000000.0 0.0
200000000.0 0.0
#Header 
#Target 100 251 0
#Product 98 247 0
#Datapoints 88
1e-05 1e-20
1.411049e-05 1e-20
252.552 1e-20
275.7061 1e-20
1000.0 1e-20
2000.0 1.41643e-09
3000.0 1.25883e-09
6000.0 1.12278e-09
10000.0 1.11486e-09
20000.0 1.25233e-09
30000.0 1.49243e-09
60000.0 1.6684e-09
100000.0 1.75482e-09
200000.0 1.90202e-09
300000.0 2.19615e-09
400000.0 2.5884e-09
500000.0 2.98368e-09
600000.0 3.73454e-09
700000.0 4.86477e-09
800000.0 1.29484e-05
900000.0 0.000217392
1000000.0 0.000369919
1200000.0 0.0005137131
1400000.0 0.0006472201
1600000.0 0.000789396
1800000.0 0.000904626
2000000.0 0.00102102
2200000.0 0.00116594
2400000.0 0.00133445
2600000.0 0.0015247
2800000.0 0.00172113
3000000.0 0.00193365
3200000.0 0.00215797
3400000.0 0.00238962
3600000.0 0.00263352
3800000.0 0.00288721
4000000.0 0.00315129
4200000.0 0.00343066
4400000.0 0.00372472
4600000.0 0.00403719
4800000.0 0.00436313
5000000.0 0.00471491
5200000.0 0.00508274
5400000.0 0.00546214
5600000.0 0.00583984
5800000.0 0.00621179
6000000.0 0.006557961
6200000.0 0.00687892
6400000.0 0.007166861
6600000.0 0.007411241
6800000.0 0.00746265
7000000.0 0.00719407
7200000.0 0.00668735
7400000.0 0.00616326
7600000.0 0.00566767
7800000.0 0.00516858
8000000.0 0.00470579
8500000.0 0.00387687
9000000.0 0.00330951
9500000.0 0.0028429
10000000.0 0.0024376
10500000.0 0.00210047
11000000.0 0.00183473
11500000.0 0.00164589
12000000.0 0.0015109
12500000.0 0.00142306
13000000.0 0.00138262
13500000.0 0.00135336
14000000.0 0.00135608
14500000.0 0.00138163
15000000.0 0.00143458
16000000.0 0.00167197
17000000.0 0.00209964
18000000.0 0.00291564
19000000.0 0.00427048
20000000.0 0.006481
21000000.0 0.00989937
22000000.0 0.0130134
23000000.0 0.0158562
24000000.0 0.0168964
25000000.0 0.0152756
26000000.0 0.0146019
27000000.0 0.0149173
28000000.0 0.0141431
29000000.0 0.0141175
30000000.0 0.0131249
30000000.0 0.0
200000000.0 0.0
#Header 
#Target 100 251 0
#Product 99 250 0
#Datapoints 41
4580380.0 0.0
6400000.0 9.66917e-20
6600000.0 2.38637e-17
6800000.0 3.64987e-16
7000000.0 2.23029e-15
7200000.0 2.82761e-14
7400000.0 2.26633e-13
7600000.0 9.81805e-13
7800000.0 4.80848e-12
8000000.0 2.23367e-11
8500000.0 3.72198e-10
9000000.0 3.71328e-09
9500000.0 2.57708e-08
10000000.0 9.65258e-08
10500000.0 3.1552e-07
11000000.0 8.846191e-07
11500000.0 2.11442e-06
12000000.0 5.05755e-06
12500000.0 1.07104e-05
13000000.0 2.31718e-05
13500000.0 4.55841e-05
14000000.0 8.877211e-05
14500000.0 0.000165521
15000000.0 0.00029015
16000000.0 0.0008339
17000000.0 0.00192332
18000000.0 0.00378031
19000000.0 0.00660574
20000000.0 0.0102005
21000000.0 0.0148035
22000000.0 0.0199189
23000000.0 0.0255931
24000000.0 0.0314129
25000000.0 0.0369909
26000000.0 0.0424732
27000000.0 0.0472295
28000000.0 0.0514282
29000000.0 0.0552696
30000000.0 0.0582812
30000000.0 0.0
200000000.0 0.0
#Header 
#Target 100 251 0
#Product 99 251 0
#Datapoints 186
1e-05 6.91714e-12
1.411049e-05 5.82312e-12
1.676152e-05 5.34281e-12
1.991064e-05 4.90211e-12
2.365138e-05 4.49778e-12
2.80949e-05 4.12679e-12
3.337326e-05 3.78641e-12
3.964329e-05 3.47409e-12
4.709131e-05 3.18754e-12
5.593864e-05 2.92462e-12
6.644829e-05 2.68339e-12
7.893233e-05 2.46206e-12
9.376182e-05 2.25898e-12
0.0001113774 2.07265e-12
0.0001323026 1.9017e-12
0.000157159 1.74484e-12
0.0001866854 1.60092e-12
0.0002217596 1.46887e-12
0.0002634229 1.34771e-12
0.0003129137 1.23655e-12
0.0003717027 1.13456e-12
0.0004415367 1.04098e-12
0.0005244908 9.55118e-13
0.00062303 8.76338e-13
0.0007400838 8.04055e-13
0.0008791261 7.37735e-13
0.001044295 6.76885e-13
0.001240493 6.21053e-13
0.001473551 5.69828e-13
0.001750396 5.22826e-13
0.002079254 4.79702e-13
0.002469901 4.40135e-13
0.002933935 4.03832e-13
0.003485152 3.70522e-13
0.004139928 3.39961e-13
0.004917721 3.1192e-13
0.005841642 2.86192e-13
0.006939147 2.62586e-13
0.008242846 2.40928e-13
0.009791497 2.21055e-13
0.01163108 2.02822e-13
0.01381629 1.86093e-13
0.01641203 1.70743e-13
0.01949546 1.5666e-13
0.0253 1.37519e-13
0.02750911 1.31882e-13
0.03267735 1.21004e-13
0.03881671 1.11023e-13
0.04610944 1.01866e-13
0.0547723 9.34643e-14
0.06506269 8.57551e-14
0.0839106 7.55123e-14
0.09180667 9.31362e-14
0.1090552 1.39162e-13
0.129544 2.07932e-13
0.1538822 3.10687e-13
0.182793 4.64219e-13
0.2171354 6.93624e-13
0.2579299 1.03639e-12
0.306389 1.54855e-12
0.3639522 2.3138e-12
0.419553 3.22358e-12
0.5135549 2.91305e-12
0.6100396 2.67231e-12
0.7246514 2.45146e-12
0.8607967 2.24885e-12
1.0 2.08615e-12
1.214627 1.89205e-12
1.442826 1.73531e-12
1.713898 1.59156e-12
2.035899 1.45971e-12
2.4184 1.33879e-12
2.872759 1.22788e-12
3.412481 1.12616e-12
4.053605 1.03287e-12
4.81518 9.47313e-13
5.719836 8.68839e-13
6.794456 7.96864e-13
8.070987 7.3085e-13
10.0 6.56268e-13
11.38856 6.14628e-13
13.5282 5.6353e-13
16.06982 5.16679e-13
19.08895 4.73723e-13
22.67533 4.34339e-13
26.93548 3.98229e-13
31.99601 3.65121e-13
38.00733 3.34765e-13
45.14799 3.06934e-13
53.63022 2.81416e-13
63.70611 2.58019e-13
75.67496 2.36568e-13
89.89246 2.169e-13
100.0 2.05556e-13
126.8427 1.82479e-13
150.6734 1.67405e-13
178.9817 1.53575e-13
200.0 1.45269e-13
252.552 1.29442e-13
275.7061 1.2529e-13
300.0 1.18879e-13
600.0 8.51901e-14
1000.0 6.76123e-14
2000.0 5.12949e-14
3000.0 4.50403e-14
6000.0 3.9011e-14
10000.0 3.79079e-14
20000.0 4.10824e-14
30000.0 4.50146e-14
60000.0 6.04592e-14
100000.0 8.17594e-14
200000.0 1.26648e-13
300000.0 2.98347e-13
400000.0 5.53402e-13
500000.0 1.32531e-12
600000.0 2.33166e-12
700000.0 5.38454e-12
800000.0 9.35427e-12
900000.0 1.4846e-11
1000000.0 2.24978e-11
1200000.0 5.83289e-11
1400000.0 1.38533e-10
1600000.0 2.95414e-10
1800000.0 5.9649e-10
2000000.0 1.46571e-09
2200000.0 2.49293e-09
2400000.0 4.24428e-09
2600000.0 7.468031e-09
2800000.0 9.98743e-09
3000000.0 1.60009e-08
3200000.0 2.1761e-08
3400000.0 2.97414e-08
3600000.0 4.06313e-08
3800000.0 5.19969e-08
4000000.0 7.61173e-08
4200000.0 1.00902e-07
4400000.0 1.54152e-07
4600000.0 2.11336e-07
4800000.0 2.92618e-07
5000000.0 4.85495e-07
5200000.0 6.59295e-07
5400000.0 1.06267e-06
5600000.0 1.46733e-06
5800000.0 2.02024e-06
6000000.0 3.25733e-06
6200000.0 4.24956e-06
6400000.0 6.4004e-06
6600000.0 8.48811e-06
6800000.0 1.10652e-05
7000000.0 1.65097e-05
7200000.0 2.04031e-05
7400000.0 2.75458e-05
7600000.0 3.62369e-05
7800000.0 4.48938e-05
8000000.0 6.259621e-05
8500000.0 0.000111306
9000000.0 0.000187902
9500000.0 0.000302661
10000000.0 0.00046675
10500000.0 0.000692255
11000000.0 0.00099064
11500000.0 0.00137425
12000000.0 0.00185469
12500000.0 0.00244199
13000000.0 0.00314419
13500000.0 0.00396721
14000000.0 0.00490846
14500000.0 0.005962491
15000000.0 0.00712244
16000000.0 0.00991933
17000000.0 0.0126215
18000000.0 0.0151879
19000000.0 0.0172219
20000000.0 0.0192535
21000000.0 0.0205109
22000000.0 0.0215006
23000000.0 0.0220635
24000000.0 0.0222631
25000000.0 0.0224637
26000000.0 0.0222074
27000000.0 0.021895
28000000.0 0.021585
29000000.0 0.020942
30000000.0 0.0202992
30000000.0 0.0
200000000.0 0.0
#Header 
#Target 100 251 0
#Product 99 250 0
#Datapoints 46
2346870.0 0.0
5400000.0 4.94719e-20
5600000.0 5.01753e-19
5800000.0 4.40072e-18
6000000.0 3.29656e-17
6200000.0 2.11337e-16
6400000.0 5.00672e-15
6600000.0 2.12837e-14
6800000.0 3.86277e-14
7000000.0 3.33459e-14
7200000.0 1.18326e-12
7400000.0 1.34201e-12
7600000.0 1.56284e-11
7800000.0 2.51781e-11
8000000.0 1.98443e-11
8500000.0 2.28773e-10
9000000.0 1.87727e-09
9500000.0 1.16854e-08
10000000.0 5.80166e-08
10500000.0 2.39321e-07
11000000.0 8.4602e-07
11500000.0 2.6775e-06
12000000.0 7.430001e-06
12500000.0 1.86982e-05
13000000.0 4.30754e-05
13500000.0 9.12632e-05
14000000.0 0.000178087
14500000.0 0.000330617
15000000.0 0.000548217
16000000.0 0.00124196
17000000.0 0.00225282
18000000.0 0.00353236
19000000.0 0.004994811
20000000.0 0.006533801
21000000.0 0.008053681
22000000.0 0.00942357
23000000.0 0.0110595
24000000.0 0.0119837
25000000.0 0.0127088
26000000.0 0.0132458
27000000.0 0.0135629
28000000.0 0.0138104
29000000.0 0.0139136
30000000.0 0.0138869
30000000.0 0.0
200000000.0 0.0
#Header 
#Target 100 251 0
#Product 99 249 0
#Datapoints 45
2110000.0 0.0
5600000.0 2.44821e-20
5800000.0 1.36187e-19
6000000.0 6.52292e-19
6200000.0 4.95192e-18
6400000.0 1.58542e-17
6600000.0 2.4867e-17
6800000.0 1.60113e-16
7000000.0 2.81308e-16
7200000.0 2.00333e-15
7400000.0 4.62044e-15
7600000.0 1.42084e-14
7800000.0 3.53549e-14
8000000.0 1.63229e-13
8500000.0 2.21509e-12
9000000.0 2.30439e-11
9500000.0 1.86935e-10
10000000.0 5.96382e-10
10500000.0 3.52888e-09
11000000.0 1.72555e-08
11500000.0 7.24661e-08
12000000.0 2.64274e-07
12500000.0 8.537251e-07
13000000.0 2.47888e-06
13500000.0 6.53573e-06
14000000.0 1.57389e-05
14500000.0 3.4636e-05
15000000.0 6.95083e-05
16000000.0 0.000214388
17000000.0 0.000491675
18000000.0 0.000915201
19000000.0 0.00147471
20000000.0 0.00213794
21000000.0 0.00285107
22000000.0 0.00351308
23000000.0 0.00405422
24000000.0 0.004425731
25000000.0 0.00467181
26000000.0 0.00478561
27000000.0 0.00484587
28000000.0 0.00477329
29000000.0 0.00471022
30000000.0 0.00458159
30000000.0 0.0
200000000.0 0.0
#Header 
#Target 100 251 0
#Product 98 249 0
#Datapoints 29
634462.0 0.0
10000000.0 3.31508e-20
10500000.0 1.74794e-19
11000000.0 8.56642e-19
11500000.0 3.8083e-18
12000000.0 5.5264e-15
12500000.0 2.9905e-14
13000000.0 1.40382e-13
13500000.0 5.89484e-13
14000000.0 2.18882e-12
14500000.0 7.37674e-12
15000000.0 2.28175e-11
16000000.0 1.74693e-10
17000000.0 1.04521e-09
18000000.0 5.11102e-09
19000000.0 2.11933e-08
20000000.0 7.6783e-08
21000000.0 2.48807e-07
22000000.0 7.84943e-07
23000000.0 1.99702e-06
24000000.0 5.0474e-06
25000000.0 1.18667e-05
26000000.0 2.56895e-05
27000000.0 5.07407e-05
28000000.0 9.09445e-05
29000000.0 0.000148368
30000000.0 0.000221982
30000000.0 0.0
200000000.0 0.0
#Header 
#Target 100 251 0
#Product 98 248 0
#Datapoints 186
1e-05 0.0784914
1.411049e-05 0.0660771
1.676152e-05 0.0606269
1.991064e-05 0.05562621
2.365138e-05 0.05103802
2.80949e-05 0.04682828
3.337326e-05 0.04296577
3.964329e-05 0.03942185
4.709131e-05 0.03617025
5.593864e-05 0.03318684
6.644829e-05 0.03044949
7.893233e-05 0.02793794
9.376182e-05 0.02563355
0.0001113774 0.02351923
0.0001323026 0.02157931
0.000157159 0.0197994
0.0001866854 0.0181663
0.0002217596 0.01666788
0.0002634229 0.01529308
0.0003129137 0.01403167
0.0003717027 0.01287431
0.0004415367 0.0118124
0.0005244908 0.01083809
0.00062303 0.009944139
0.0007400838 0.009123912
0.0008791261 0.00837136
0.001044295 0.007680863
0.001240493 0.007047325
0.001473551 0.006466046
0.001750396 0.005932712
0.002079254 0.005443367
0.002469901 0.004994382
0.002933935 0.004582433
0.003485152 0.004204463
0.004139928 0.003857669
0.004917721 0.00353948
0.005841642 0.003247535
0.006939147 0.00297967
0.008242846 0.0027339
0.009791497 0.002508399
0.01163108 0.002301501
0.01381629 0.002111668
0.01641203 0.001937493
0.01949546 0.001777683
0.0253 0.00156049
0.02750911 0.001496521
0.03267735 0.001373086
0.03881671 0.00125983
0.04610944 0.001155917
0.0547723 0.001060574
0.06506269 0.0009730958
0.0839106 0.0008568671
0.09180667 0.001056851
0.1090552 0.001579125
0.129544 0.002359486
0.1538822 0.00352548
0.182793 0.005267677
0.2171354 0.007870821
0.2579299 0.01176037
0.306389 0.01757206
0.3639522 0.0262557
0.419553 0.0365793
0.5135549 0.03305582
0.6100396 0.0303241
0.7246514 0.02781813
0.8607967 0.02551924
1.0 0.023673
1.214627 0.02147088
1.442826 0.01969261
1.713898 0.01806161
2.035899 0.0165657
2.4184 0.01519367
2.872759 0.01393529
3.412481 0.01278113
4.053605 0.01172256
4.81518 0.01075167
5.719836 0.009861186
6.794456 0.009044457
8.070987 0.008295361
10.0 0.007449
11.38856 0.006977143
13.5282 0.006398022
16.06982 0.00586697
19.08895 0.005379996
22.67533 0.004933441
26.93548 0.004523952
31.99601 0.004148453
38.00733 0.003804119
45.14799 0.003488367
53.63022 0.003198824
63.70611 0.002933312
75.67496 0.00268984
89.89246 0.002466576
100.0 0.00233778
126.8427 0.002076772
150.6734 0.001906168
178.9817 0.001749577
200.0 0.00165548
252.552 0.001476782
275.7061 0.001429815
300.0 0.0013574
600.0 0.000978184
1000.0 0.000781622
2000.0 0.000601152
3000.0 0.00053294
6000.0 0.000466867
10000.0 0.000448418
20000.0 0.000440397
30000.0 0.000431407
60000.0 0.000381611
100000.0 0.000307469
200000.0 0.000194821
300000.0 0.000149853
400000.0 0.000133961
500000.0 0.000127473
600000.0 0.000118516
700000.0 0.000126038
800000.0 0.000118367
900000.0 8.91763e-05
1000000.0 7.87122e-05
1200000.0 7.07445e-05
1400000.0 6.61458e-05
1600000.0 6.12817e-05
1800000.0 5.836491e-05
2000000.0 5.87378e-05
2200000.0 6.04209e-05
2400000.0 6.27564e-05
2600000.0 6.53801e-05
2800000.0 6.67877e-05
3000000.0 6.77123e-05
3200000.0 6.791831e-05
3400000.0 6.71777e-05
3600000.0 6.6197e-05
3800000.0 6.507881e-05
4000000.0 6.364891e-05
4200000.0 6.24874e-05
4400000.0 6.14884e-05
4600000.0 6.02546e-05
4800000.0 5.9437e-05
5000000.0 5.90383e-05
5200000.0 5.81854e-05
5400000.0 5.79703e-05
5600000.0 5.80753e-05
5800000.0 5.77037e-05
6000000.0 5.7442e-05
6200000.0 5.7205e-05
6400000.0 5.72208e-05
6600000.0 5.7158e-05
6800000.0 5.66002e-05
7000000.0 5.68977e-05
7200000.0 5.71152e-05
7400000.0 5.85543e-05
7600000.0 5.94862e-05
7800000.0 5.89171e-05
8000000.0 5.99909e-05
8500000.0 6.700571e-05
9000000.0 7.402591e-05
9500000.0 9.27658e-05
10000000.0 0.000111637
10500000.0 0.000152054
11000000.0 0.000194686
11500000.0 0.000272491
12000000.0 0.000354095
12500000.0 0.000485843
13000000.0 0.000624294
13500000.0 0.000827001
14000000.0 0.00103619
14500000.0 0.00131438
15000000.0 0.00158976
16000000.0 0.00228431
17000000.0 0.00311971
18000000.0 0.00409818
19000000.0 0.005399331
20000000.0 0.00723694
21000000.0 0.00955807
22000000.0 0.0102217
23000000.0 0.0102814
24000000.0 0.008885521
25000000.0 0.00612013
26000000.0 0.00470752
27000000.0 0.00426749
28000000.0 0.00355659
29000000.0 0.00326201
30000000.0 0.00276372
30000000.0 0.0
200000000.0 0.0
