#Header 
#Target 106 265 1
#Product 106 264 0
#Datapoints 43
5930800.0 0.0
6000000.0 0.00190205
6200000.0 0.009847591
6400000.0 0.0159308
6600000.0 0.0198829
6800000.0 0.0240276
7000000.0 0.023609
7200000.0 0.0252927
7400000.0 0.0236745
7600000.0 0.0239399
7800000.0 0.0220517
8000000.0 0.0216199
8500000.0 0.0195279
9000000.0 0.0182844
9500000.0 0.0175253
10000000.0 0.0178871
10500000.0 0.0186047
11000000.0 0.0188311
11500000.0 0.0186709
12000000.0 0.0192052
12500000.0 0.0183647
13000000.0 0.0184041
13500000.0 0.0171124
14000000.0 0.0169646
14500000.0 0.0159954
15000000.0 0.0159123
16000000.0 0.0152478
17000000.0 0.0152585
18000000.0 0.0154189
19000000.0 0.015008
20000000.0 0.0152803
21000000.0 0.0150375
22000000.0 0.0153924
23000000.0 0.0152865
24000000.0 0.0156032
25000000.0 0.0156472
26000000.0 0.0155701
27000000.0 0.0159078
28000000.0 0.0158543
29000000.0 0.0157983
30000000.0 0.0162321
30000000.0 0.0
200000000.0 0.0
#Header 
#Target 106 265 1
#Product 106 263 0
#Datapoints 22
13436600.0 0.0
13500000.0 1.72417e-05
14000000.0 0.000246867
14500000.0 0.0006609641
15000000.0 0.00109332
16000000.0 0.00166015
17000000.0 0.00210041
18000000.0 0.00254713
19000000.0 0.00300647
20000000.0 0.00346089
21000000.0 0.00368687
22000000.0 0.0037657
23000000.0 0.00412387
24000000.0 0.00399203
25000000.0 0.00439217
26000000.0 0.004253611
27000000.0 0.00468981
28000000.0 0.00455102
29000000.0 0.00487681
30000000.0 0.00503902
30000000.0 0.0
200000000.0 0.0
#Header 
#Target 106 265 1
#Product 104 261 0
#Datapoints 185
1e-05 0.00276144
1.430747e-05 0.00230863
1.711374e-05 0.002110878
2.047039e-05 0.001930068
2.448542e-05 0.001764745
2.928794e-05 0.001613583
3.503249e-05 0.001475367
4.19037e-05 0.001348992
5.012261e-05 0.001233442
5.995356e-05 0.00112779
7.171274e-05 0.001031187
8.577851e-05 0.0009428583
0.0001026029 0.0008620963
0.0001227273 0.000788252
0.0001467988 0.000720733
0.0001755916 0.0006589975
0.0002100322 0.0006025495
0.0002512276 0.0005509371
0.0003005029 0.0005037457
0.000359443 0.0004605966
0.0004299434 0.0004211434
0.0005142727 0.0003850693
0.0006151412 0.0003520856
0.0007357938 0.0003219272
0.0008801126 0.0002943517
0.001052736 0.0002691385
0.001259218 0.0002460851
0.001506199 0.0002250062
0.001801622 0.000205733
0.002154992 0.0001881104
0.002577669 0.0001719975
0.003083247 0.0001572648
0.003687997 0.0001437939
0.004411345 0.0001314771
0.005276588 0.0001202151
0.006311528 0.0001099179
0.00754946 0.0001005027
0.009030196 9.189398e-05
0.01080136 8.402266e-05
0.01291994 7.682549e-05
0.01545404 7.024488e-05
0.01848517 6.422794e-05
0.02211085 5.872634e-05
0.0253 5.490041e-05
0.03163502 4.909663e-05
0.03783986 4.489118e-05
0.0452617 4.104597e-05
0.05413934 3.753007e-05
0.06475813 3.431538e-05
0.07745967 3.137604e-05
0.09265246 2.868848e-05
0.1108251 2.623113e-05
0.1325623 2.398425e-05
0.158563 2.192983e-05
0.203515 1.9357e-05
0.2268636 1.524069e-05
0.2713602 1.0275e-05
0.3245843 6.92722e-06
0.3882477 4.670207e-06
0.4643987 3.148556e-06
0.555485 2.1227e-06
0.6644368 1.431086e-06
0.7947589 9.648106e-07
1.01757 5.59979e-07
1.137098 5.299899e-07
1.360129 4.849751e-07
1.626903 4.437843e-07
1.946 4.060918e-07
2.327685 3.716007e-07
2.784235 3.40039e-07
3.33033 3.111581e-07
3.983539 2.8473e-07
4.764862 2.605467e-07
5.699439 2.384171e-07
6.817316 2.181673e-07
8.154451 1.996376e-07
10.0 1.804389e-07
11.66696 1.673376e-07
13.95531 1.533078e-07
16.69248 1.404544e-07
19.96653 1.286786e-07
23.88273 1.178902e-07
28.56704 1.080062e-07
34.17013 9.895096e-08
40.87227 9.065481e-08
48.88889 8.305429e-08
58.47786 7.609093e-08
69.94766 6.971145e-08
83.66706 6.386683e-08
100.0 5.853433e-08
119.7065 5.387721e-08
143.1855 4.960836e-08
171.2699 4.567766e-08
200.0 4.252671e-08
245.0438 3.895551e-08
300.0 3.569611e-08
350.5962 3.361196e-08
419.3615 3.136677e-08
501.6142 2.927156e-08
513.3869 2.973564e-08
600.0 2.73163e-08
1000.0 2.33216e-08
2000.0 2.03575e-08
3000.0 1.98295e-08
6000.0 2.10129e-08
10000.0 2.37932e-08
20000.0 3.10308e-08
30000.0 3.77645e-08
60000.0 5.6354e-08
100000.0 7.151311e-08
200000.0 1.41124e-05
300000.0 0.012664
400000.0 0.0294683
500000.0 0.0364841
600000.0 0.0376816
700000.0 0.0370803
800000.0 0.036315
900000.0 0.0357738
1000000.0 0.0388256
1200000.0 0.0380026
1400000.0 0.03580111
1600000.0 0.0329816
1800000.0 0.0305457
2000000.0 0.028838
2200000.0 0.0276997
2400000.0 0.026996
2600000.0 0.0266044
2800000.0 0.0265019
3000000.0 0.0265985
3200000.0 0.0268651
3400000.0 0.027342
3600000.0 0.0279326
3800000.0 0.0286296
4000000.0 0.0294279
4200000.0 0.0303818
4400000.0 0.03111
4600000.0 0.0325384
4800000.0 0.0336152
5000000.0 0.0348752
5200000.0 0.0359592
5400000.0 0.0363812
5600000.0 0.0369994
5800000.0 0.0364081
6000000.0 0.0353574
6200000.0 0.0335456
6400000.0 0.0311673
6600000.0 0.0295942
6800000.0 0.0277002
7000000.0 0.0262203
7200000.0 0.0248772
7400000.0 0.0234345
7600000.0 0.0228726
7800000.0 0.0220674
8000000.0 0.0216191
8500000.0 0.0207306
9000000.0 0.0202465
9500000.0 0.0199341
10000000.0 0.019644
10500000.0 0.0193441
11000000.0 0.0189764
11500000.0 0.018487
12000000.0 0.0179553
12500000.0 0.0173468
13000000.0 0.0167504
13500000.0 0.0161556
14000000.0 0.0155958
14500000.0 0.0147868
15000000.0 0.0143309
16000000.0 0.0139954
17000000.0 0.0134219
18000000.0 0.0131614
19000000.0 0.0130952
20000000.0 0.0134368
21000000.0 0.0143488
22000000.0 0.0147817
23000000.0 0.0149324
24000000.0 0.0141011
25000000.0 0.0127429
26000000.0 0.0118644
27000000.0 0.0114094
28000000.0 0.0105836
29000000.0 0.0100408
30000000.0 0.00941659
30000000.0 0.0
200000000.0 0.0
#Header 
#Target 106 265 1
#Product 105 264 0
#Datapoints 44
3718060.0 0.0
5800000.0 1.03473e-18
6000000.0 1.54072e-17
6200000.0 7.68494e-17
6400000.0 4.21232e-16
6600000.0 2.37052e-15
6800000.0 9.78016e-15
7000000.0 3.14627e-14
7200000.0 1.21267e-13
7400000.0 4.38265e-13
7600000.0 1.42037e-12
7800000.0 4.30109e-12
8000000.0 9.97041e-12
8500000.0 8.58515e-11
9000000.0 4.84818e-10
9500000.0 1.86466e-09
10000000.0 7.35931e-09
10500000.0 2.19102e-08
11000000.0 6.27974e-08
11500000.0 1.76957e-07
12000000.0 4.09918e-07
12500000.0 9.4134e-07
13000000.0 2.0933e-06
13500000.0 4.14038e-06
14000000.0 7.798e-06
14500000.0 1.441e-05
15000000.0 2.51248e-05
16000000.0 6.43326e-05
17000000.0 0.000142334
18000000.0 0.000262686
19000000.0 0.000437893
20000000.0 0.000662941
21000000.0 0.000928736
22000000.0 0.00124502
23000000.0 0.00158701
24000000.0 0.00193698
25000000.0 0.00231281
26000000.0 0.00269345
27000000.0 0.00306419
28000000.0 0.0034339
29000000.0 0.00378794
30000000.0 0.00419261
30000000.0 0.0
200000000.0 0.0
#Header 
#Target 106 265 1
#Product 105 265 0
#Datapoints 185
1e-05 5.78211e-08
1.430747e-05 4.833982e-08
1.711374e-05 4.419915e-08
2.047039e-05 4.041321e-08
2.448542e-05 3.695155e-08
2.928794e-05 3.378644e-08
3.503249e-05 3.089238e-08
4.19037e-05 2.824624e-08
5.012261e-05 2.582676e-08
5.995356e-05 2.361453e-08
7.171274e-05 2.159179e-08
8.577851e-05 1.974229e-08
0.0001026029 1.805124e-08
0.0001227273 1.650503e-08
0.0001467988 1.509126e-08
0.0001755916 1.379861e-08
0.0002100322 1.261666e-08
0.0002512276 1.153596e-08
0.0003005029 1.054783e-08
0.000359443 9.644334e-09
0.0004299434 8.818233e-09
0.0005142727 8.062885e-09
0.0006151412 7.372247e-09
0.0007357938 6.740765e-09
0.0008801126 6.163368e-09
0.001052736 5.635441e-09
0.001259218 5.152723e-09
0.001506199 4.711362e-09
0.001801622 4.307799e-09
0.002154992 3.938808e-09
0.002577669 3.601423e-09
0.003083247 3.292937e-09
0.003687997 3.010873e-09
0.004411345 2.752974e-09
0.005276588 2.517161e-09
0.006311528 2.30155e-09
0.00754946 2.104409e-09
0.009030196 1.92415e-09
0.01080136 1.759336e-09
0.01291994 1.608636e-09
0.01545404 1.470845e-09
0.01848517 1.344858e-09
0.02211085 1.229661e-09
0.0253 1.14955e-09
0.03163502 1.028026e-09
0.03783986 9.39967e-10
0.0452617 8.59453e-10
0.05413934 7.85834e-10
0.06475813 7.18522e-10
0.07745967 6.56975e-10
0.09265246 6.00701e-10
0.1108251 5.49247e-10
0.1325623 5.022e-10
0.158563 4.59183e-10
0.203515 4.05311e-10
0.2268636 3.1912e-10
0.2713602 2.15145e-10
0.3245843 1.45047e-10
0.3882477 9.77881e-11
0.4643987 6.59266e-11
0.555485 4.44465e-11
0.6644368 2.9965e-11
0.7947589 2.02018e-11
1.01757 1.17253e-11
1.137098 1.10932e-11
1.360129 1.01448e-11
1.626903 9.2776e-12
1.946 8.48449e-12
2.327685 7.75918e-12
2.784235 7.09586e-12
3.33033 6.48925e-12
3.983539 5.9345e-12
4.764862 5.42717e-12
5.699439 4.96321e-12
6.817316 4.53892e-12
8.154451 4.1509e-12
10.0 3.74914e-12
11.66696 3.47641e-12
13.95531 3.18441e-12
16.69248 2.91693e-12
19.96653 2.67192e-12
23.88273 2.44749e-12
28.56704 2.24191e-12
34.17013 2.0536e-12
40.87227 1.88111e-12
48.88889 1.7231e-12
58.47786 1.57837e-12
69.94766 1.4458e-12
83.66706 1.32435e-12
100.0 1.21357e-12
119.7065 1.11641e-12
143.1855 1.02739e-12
171.2699 9.45472e-13
200.0 8.79834e-13
245.0438 8.05031e-13
300.0 7.36838e-13
350.5962 6.92872e-13
419.3615 6.45579e-13
501.6142 6.01512e-13
513.3869 6.11378e-13
600.0 5.60455e-13
1000.0 4.75303e-13
2000.0 4.10058e-13
3000.0 3.96576e-13
6000.0 4.16764e-13
10000.0 4.72575e-13
20000.0 6.2888e-13
30000.0 7.84939e-13
60000.0 1.22242e-12
100000.0 1.70447e-12
200000.0 2.64397e-12
300000.0 3.65743e-12
400000.0 5.52827e-12
500000.0 9.21687e-12
600000.0 1.55371e-11
700000.0 2.54303e-11
800000.0 4.23914e-11
900000.0 7.20394e-11
1000000.0 1.09335e-10
1200000.0 1.91992e-10
1400000.0 3.76707e-10
1600000.0 5.81738e-10
1800000.0 9.11078e-10
2000000.0 1.3836e-09
2200000.0 1.79939e-09
2400000.0 3.20274e-09
2600000.0 4.43532e-09
2800000.0 7.65531e-09
3000000.0 1.14639e-08
3200000.0 1.39342e-08
3400000.0 3.02895e-08
3600000.0 4.35154e-08
3800000.0 7.74567e-08
4000000.0 1.18486e-07
4200000.0 1.44124e-07
4400000.0 2.925e-07
4600000.0 4.16209e-07
4800000.0 6.65269e-07
5000000.0 9.76432e-07
5200000.0 1.17847e-06
5400000.0 2.06542e-06
5600000.0 2.82213e-06
5800000.0 4.04673e-06
6000000.0 5.593311e-06
6200000.0 6.59468e-06
6400000.0 1.01601e-05
6600000.0 1.32347e-05
6800000.0 1.74276e-05
7000000.0 2.28375e-05
7200000.0 2.64196e-05
7400000.0 3.69799e-05
7600000.0 4.63747e-05
7800000.0 5.75271e-05
8000000.0 7.23484e-05
8500000.0 0.000119606
9000000.0 0.00018958
9500000.0 0.000289165
10000000.0 0.000425164
10500000.0 0.000603839
11000000.0 0.0008302931
11500000.0 0.00110516
12000000.0 0.00142961
12500000.0 0.0018001
13000000.0 0.00220433
13500000.0 0.00263692
14000000.0 0.00308547
14500000.0 0.00353274
15000000.0 0.00397121
16000000.0 0.00492157
17000000.0 0.00561177
18000000.0 0.00612852
19000000.0 0.00651962
20000000.0 0.00669021
21000000.0 0.00673052
22000000.0 0.00667899
23000000.0 0.006569921
24000000.0 0.006403171
25000000.0 0.00619708
26000000.0 0.00596404
27000000.0 0.005708721
28000000.0 0.00544446
29000000.0 0.00517687
30000000.0 0.00498897
30000000.0 0.0
200000000.0 0.0
#Header 
#Target 106 265 1
#Product 105 264 0
#Datapoints 48
1485030.0 0.0
5000000.0 1.88145e-20
5200000.0 8.16559e-20
5400000.0 3.07536e-19
5600000.0 1.95435e-18
5800000.0 7.95924e-16
6000000.0 9.32552e-16
6200000.0 3.70853e-14
6400000.0 5.13818e-14
6600000.0 4.85339e-14
6800000.0 9.97549e-13
7000000.0 1.04774e-12
7200000.0 1.04249e-11
7400000.0 1.43084e-11
7600000.0 1.34901e-11
7800000.0 1.20566e-10
8000000.0 1.27266e-10
8500000.0 8.71293e-10
9000000.0 4.69977e-09
9500000.0 2.08143e-08
10000000.0 7.83977e-08
10500000.0 2.57261e-07
11000000.0 7.51709e-07
11500000.0 1.9865e-06
12000000.0 4.7925e-06
12500000.0 1.06517e-05
13000000.0 2.18723e-05
13500000.0 4.14801e-05
14000000.0 7.27989e-05
14500000.0 0.000118589
15000000.0 0.000180218
16000000.0 0.000353272
17000000.0 0.000575403
18000000.0 0.0008264211
19000000.0 0.00108367
20000000.0 0.0013269
21000000.0 0.00153059
22000000.0 0.0017377
23000000.0 0.00185949
24000000.0 0.0019473
25000000.0 0.00201238
26000000.0 0.0020448
27000000.0 0.00207271
28000000.0 0.00208586
29000000.0 0.00208348
30000000.0 0.00207968
30000000.0 0.0
200000000.0 0.0
#Header 
#Target 106 265 1
#Product 105 263 0
#Datapoints 48
1047440.0 0.0
5000000.0 1.67652e-20
5200000.0 1.92123e-19
5400000.0 4.68976e-19
5600000.0 1.43601e-18
5800000.0 5.52901e-18
6000000.0 8.51615e-18
6200000.0 3.1849e-17
6400000.0 6.01773e-17
6600000.0 1.62594e-15
6800000.0 3.10266e-15
7000000.0 1.44174e-14
7200000.0 3.87181e-14
7400000.0 5.94155e-14
7600000.0 4.30274e-13
7800000.0 6.60148e-13
8000000.0 2.91812e-12
8500000.0 2.6228e-11
9000000.0 1.84619e-10
9500000.0 1.05803e-09
10000000.0 5.09762e-09
10500000.0 2.11635e-08
11000000.0 7.730101e-08
11500000.0 2.52388e-07
12000000.0 7.457011e-07
12500000.0 2.01088e-06
13000000.0 4.97199e-06
13500000.0 1.12837e-05
14000000.0 2.34859e-05
14500000.0 4.4848e-05
15000000.0 7.88676e-05
16000000.0 0.000196285
17000000.0 0.000387851
18000000.0 0.000646005
19000000.0 0.000943554
20000000.0 0.00122509
21000000.0 0.00146323
22000000.0 0.0016326
23000000.0 0.0017169
24000000.0 0.00174801
25000000.0 0.00174594
26000000.0 0.00171433
27000000.0 0.00166413
28000000.0 0.00160961
29000000.0 0.00154578
30000000.0 0.00147589
30000000.0 0.0
200000000.0 0.0
#Header 
#Target 106 265 1
#Product 104 263 0
#Datapoints 76
1e-05 4.93132e-20
1.430747e-05 4.58444e-20
1.711374e-05 4.42027e-20
2.047039e-05 4.26195e-20
2.448542e-05 4.10933e-20
2.928794e-05 3.96217e-20
3.503249e-05 3.82027e-20
4.19037e-05 3.68346e-20
5.012261e-05 3.55155e-20
5.995356e-05 3.42437e-20
7.171274e-05 3.30173e-20
8.577851e-05 3.18348e-20
0.0001026029 3.06948e-20
0.0001227273 2.95955e-20
0.0001467988 2.85357e-20
0.0001755916 2.75138e-20
0.0002100322 2.65285e-20
0.0002512276 2.55784e-20
0.0003005029 2.46623e-20
0.000359443 2.37791e-20
0.0004299434 2.29276e-20
0.0005142727 2.21065e-20
0.0006151412 2.13148e-20
0.0007357938 2.05515e-20
0.0008801126 1.98155e-20
0.001052736 1.91058e-20
0.001259218 1.84216e-20
0.001506199 1.77619e-20
0.001801622 1.71258e-20
0.002154992 1.65125e-20
0.002577669 1.59212e-20
0.003083247 1.5351e-20
0.003687997 1.48012e-20
0.004411345 1.42712e-20
0.005276588 1.37601e-20
0.006311528 1.32673e-20
0.00754946 1.27922e-20
0.009030196 1.23341e-20
0.01080136 1.18924e-20
0.01291994 1.14664e-20
0.01545404 1.10558e-20
0.01848517 1.06599e-20
0.02211085 1.02781e-20
0.0253 1e-20
501.6142 1e-20
513.3869 1e-20
9000000.0 1e-20
9500000.0 2.48518e-20
10000000.0 5.94053e-20
10500000.0 2.86486e-15
11000000.0 1.47963e-14
11500000.0 6.66865e-14
12000000.0 2.66609e-13
12500000.0 1.0256e-12
13000000.0 3.66936e-12
13500000.0 1.13957e-11
14000000.0 3.22163e-11
14500000.0 8.51857e-11
15000000.0 2.1209e-10
16000000.0 1.12235e-09
17000000.0 4.95826e-09
18000000.0 1.88614e-08
19000000.0 6.3337e-08
20000000.0 2.04444e-07
21000000.0 5.28401e-07
22000000.0 1.36021e-06
23000000.0 3.28664e-06
24000000.0 7.4001e-06
25000000.0 1.54301e-05
26000000.0 2.95697e-05
27000000.0 5.147791e-05
28000000.0 8.11818e-05
29000000.0 0.000116525
30000000.0 0.000153423
30000000.0 0.0
200000000.0 0.0
#Header 
#Target 106 265 1
#Product 104 262 0
#Datapoints 185
1e-05 23.9177
1.430747e-05 19.99576
1.711374e-05 18.28297
2.047039e-05 16.71692
2.448542e-05 15.285
2.928794e-05 13.97574
3.503249e-05 12.77861
4.19037e-05 11.68404
5.012261e-05 10.68323
5.995356e-05 9.768138
7.171274e-05 8.931432
8.577851e-05 8.166389
0.0001026029 7.466883
0.0001227273 6.827296
0.0001467988 6.242493
0.0001755916 5.707782
0.0002100322 5.218868
0.0002512276 4.771837
0.0003005029 4.363098
0.000359443 3.989366
0.0004299434 3.647654
0.0005142727 3.335202
0.0006151412 3.04952
0.0007357938 2.78831
0.0008801126 2.54947
0.001052736 2.331091
0.001259218 2.131417
0.001506199 1.948847
0.001801622 1.781915
0.002154992 1.629281
0.002577669 1.489722
0.003083247 1.362118
0.003687997 1.245442
0.004411345 1.138763
0.005276588 1.041219
0.006311528 0.9520321
0.00754946 0.8704843
0.009030196 0.7959216
0.01080136 0.7277457
0.01291994 0.6654088
0.01545404 0.6084121
0.01848517 0.5562977
0.02211085 0.5086465
0.0253 0.475509
0.03163502 0.4252409
0.03783986 0.3888162
0.0452617 0.3555115
0.05413934 0.3250594
0.06475813 0.297216
0.07745967 0.2717576
0.09265246 0.2484798
0.1108251 0.2271959
0.1325623 0.207735
0.158563 0.189941
0.203515 0.167657
0.2268636 0.1320044
0.2713602 0.08899492
0.3245843 0.05999877
0.3882477 0.04045009
0.4643987 0.02727061
0.555485 0.01838535
0.6644368 0.01239507
0.7947589 0.008356514
1.01757 0.004850151
1.137098 0.004588692
1.360129 0.004196422
1.626903 0.003837689
1.946 0.003509623
2.327685 0.003209602
2.784235 0.002935227
3.33033 0.002684308
3.983539 0.002454838
4.764862 0.002244986
5.699439 0.002053071
6.817316 0.001877564
8.154451 0.00171706
10.0 0.00155087
11.66696 0.001438108
13.95531 0.00131737
16.69248 0.001206769
19.96653 0.001105454
23.88273 0.001012644
28.56704 0.0009276273
34.17013 0.0008497477
40.87227 0.0007784059
48.88889 0.0007130542
58.47786 0.0006531893
69.94766 0.0005983501
83.66706 0.0005481153
100.0 0.000502288
119.7065 0.0004621206
143.1855 0.0004253179
171.2699 0.0003914458
200.0 0.000364304
245.0438 0.0003334304
300.0 0.000305276
350.5962 0.0002871495
419.3615 0.0002676444
501.6142 0.0002494642
513.3869 0.0002535247
600.0 0.000232519
1000.0 0.000197415
2000.0 0.000170357
3000.0 0.000164402
6000.0 0.000170481
10000.0 0.00018868
20000.0 0.000234466
30000.0 0.000273003
60000.0 0.000350173
100000.0 0.000384841
200000.0 0.000325497
300000.0 0.000246292
400000.0 0.000197031
500000.0 0.000173243
600000.0 0.00016205
700000.0 0.000154458
800000.0 0.000149178
900000.0 0.000144689
1000000.0 0.00013935
1200000.0 0.000128797
1400000.0 0.000112931
1600000.0 9.645111e-05
1800000.0 8.254981e-05
2000000.0 7.06032e-05
2200000.0 6.08259e-05
2400000.0 5.2917e-05
2600000.0 4.61413e-05
2800000.0 4.03571e-05
3000000.0 3.54458e-05
3200000.0 3.12931e-05
3400000.0 2.76353e-05
3600000.0 2.47405e-05
3800000.0 2.23882e-05
4000000.0 2.02481e-05
4200000.0 1.87613e-05
4400000.0 1.76771e-05
4600000.0 1.69754e-05
4800000.0 1.64616e-05
5000000.0 1.58351e-05
5200000.0 1.58401e-05
5400000.0 1.62658e-05
5600000.0 1.71071e-05
5800000.0 1.79512e-05
6000000.0 1.80379e-05
6200000.0 1.90137e-05
6400000.0 1.99928e-05
6600000.0 2.3263e-05
6800000.0 2.54798e-05
7000000.0 2.70732e-05
7200000.0 2.97201e-05
7400000.0 3.24285e-05
7600000.0 3.94415e-05
7800000.0 4.41834e-05
8000000.0 4.84649e-05
8500000.0 6.77296e-05
9000000.0 9.25967e-05
9500000.0 0.000129599
10000000.0 0.000176849
10500000.0 0.000244356
11000000.0 0.00032897
11500000.0 0.000441431
12000000.0 0.000574024
12500000.0 0.0007418011
13000000.0 0.000924308
13500000.0 0.00114089
14000000.0 0.00134687
14500000.0 0.00159956
15000000.0 0.00181522
16000000.0 0.00228066
17000000.0 0.00275232
18000000.0 0.0033124
19000000.0 0.004106
20000000.0 0.00523823
21000000.0 0.00660416
22000000.0 0.00655671
23000000.0 0.00637922
24000000.0 0.00505149
25000000.0 0.00344375
26000000.0 0.00259988
27000000.0 0.00235431
28000000.0 0.00184688
29000000.0 0.00170274
30000000.0 0.00138791
30000000.0 0.0
200000000.0 0.0
