#Header 
#Target 47 117 0
#Product 0 1 0
#Datapoints 45
1000000 0
2000000 1.041504008E-6
3000000 0.0003229896696
4000000 0.00941692752
5000000 0.0692273994633
6000000 0.2228045628
7000000 0.4503025176
8000000 0.719873406
9000000 1.002652436
10000000 1.271220285636
11000000 1.51182254394
12000000 1.7371623074
13000000 2.0244823
14000000 2.335574765
15000000 2.607220935
16000000 2.822768836
17000000 2.992168374
18000000 3.136529819
19000000 3.251234124
20000000 3.357874492
22000000 3.615292168
24000000 3.895442226
26000000 4.121823316
28000000 4.275385904
30000000 4.38592704
35000000 4.692398544
40000000 4.894781559
45000000 5.022059988
50000000 5.115717486
55000000 5.145902573
60000000 5.205620385
65000000 5.21980017
70000000 5.244634751
75000000 5.2586148
80000000 5.306055508
90000000 5.430444316
100000000 5.56077945
110000000 5.71828155
120000000 5.8776288
130000000 6.028484924
140000000 6.172904858
150000000 6.382097865
160000000 6.596039271
180000000 7.02519642
200000000 7.422054759
#Header 
#Target 47 117 0
#Product 1 1 0
#Datapoints 45
1000000 0
2000000 4.85303164E-15
3000000 8.825921588E-10
4000000 6.743384032E-7
5000000 3.763386359031E-5
6000000 0.000440432172
7000000 0.0021170611296
8000000 0.006437104128
9000000 0.014358614258
10000000 0.02505207496188
11000000 0.03681109832142
12000000 0.048604704081
13000000 0.05999944028
14000000 0.07077116097
15000000 0.08127942702
16000000 0.09215142016
17000000 0.103707396
18000000 0.11590594784
19000000 0.12863178352
20000000 0.1426924668
22000000 0.1711719932
24000000 0.2014495353
26000000 0.2339117604
28000000 0.2679331248
30000000 0.30262089
35000000 0.3887006976
40000000 0.4716731388
45000000 0.5468426464
50000000 0.6137897634
55000000 0.672025767
60000000 0.7235579015
65000000 0.7677403858
70000000 0.8078489941
75000000 0.8416189764
80000000 0.8719256884
90000000 0.9239612448
100000000 0.9685151985
110000000 1.009690278
120000000 1.04684685
130000000 1.0823885744
140000000 1.1140668398
150000000 1.1405246963
160000000 1.164925458
180000000 1.229587128
200000000 1.307720844
#Header 
#Target 47 117 0
#Product 1 2 0
#Datapoints 41
1000000 0
6000000 0
7000000 1.2439219192E-17
8000000 6.38408358E-11
9000000 6.84201604E-8
10000000 3.395623858536E-6
11000000 6.185886105006E-5
12000000 0.00042610176754
13000000 0.001549002332
14000000 0.003593178564
15000000 0.006359152536
16000000 0.009584564462
17000000 0.01307264904
18000000 0.01668341243
19000000 0.0203163346
20000000 0.02389534188
22000000 0.0307185076
24000000 0.03698961903
26000000 0.04231691362
28000000 0.04723243415
30000000 0.0520273248
35000000 0.06030876096
40000000 0.06930260502
45000000 0.07667021398
50000000 0.08123987421
55000000 0.08831356261
60000000 0.0910118699
65000000 0.09581562641
70000000 0.09836575601
75000000 0.10211072796
80000000 0.10467774512
90000000 0.10153139068
100000000 0.09997664775
110000000 0.0970916856
120000000 0.095727579
130000000 0.09693403776
140000000 0.09808134835
150000000 0.10004495721
160000000 0.10562230872
180000000 0.11063394936
200000000 0.1260203013
#Header 
#Target 47 117 0
#Product 1 3 0
#Datapoints 41
1000000 0
6000000 0
7000000 7.312162512E-17
8000000 5.771275272E-13
9000000 1.5514592904E-10
10000000 1.038893772817E-8
11000000 4.717489635107E-7
12000000 7.7560623047E-6
13000000 5.356137804E-5
14000000 0.0001956835556
15000000 0.0004780128342
16000000 0.0009102436052
17000000 0.001476171522
18000000 0.002092299699
19000000 0.002840602928
20000000 0.00363823688
22000000 0.005291253476
24000000 0.006921610488
26000000 0.008463382724
28000000 0.009855469848
30000000 0.01118126922
35000000 0.013911097392
40000000 0.01570751166
45000000 0.01695891984
50000000 0.01804598433
55000000 0.01911136206
60000000 0.02028917415
65000000 0.0216018558
70000000 0.02303726269
75000000 0.02464275072
80000000 0.02641833948
90000000 0.03071296772
100000000 0.03623841825
110000000 0.0405379986
120000000 0.045959073
130000000 0.05247480168
140000000 0.06027629044
150000000 0.0692833636
160000000 0.07939896393
180000000 0.10316577744
200000000 0.1269221319
#Header 
#Target 47 117 0
#Product 2 3 0
#Datapoints 34
1000000 0
13000000 0
14000000 3.990380127E-19
15000000 4.646850153E-16
16000000 9.839187594E-14
17000000 8.161806858E-12
18000000 2.959837659E-10
19000000 5.474919764E-9
20000000 4.898347076E-8
22000000 2.12498986E-6
24000000 3.022786377E-5
26000000 0.000170954856
28000000 0.0005093112436
30000000 0.001051416894
35000000 0.002956702752
40000000 0.005202103782
45000000 0.007388606022
50000000 0.009393578667
55000000 0.01107840839
60000000 0.01252059571
65000000 0.01368737035
70000000 0.01483022105
75000000 0.01588557852
80000000 0.0169814892
90000000 0.01926270964
100000000 0.02180824905
110000000 0.0234047115
120000000 0.024985359
130000000 0.02656661588
140000000 0.02815635622
150000000 0.0295447031
160000000 0.03090160455
180000000 0.03359571336
200000000 0.03618866718
#Header 
#Target 47 117 0
#Product 2 4 0
#Datapoints 45
1000000 0
2000000 4.90987274E-12
3000000 2.854150904E-10
4000000 7.032904032E-9
5000000 8.98585266444E-8
6000000 7.186021676E-7
7000000 3.964185848E-6
8000000 1.8002865384E-5
9000000 6.475361786E-5
10000000 0.0001850607398773
11000000 0.0004295823350546
12000000 0.0008470824004
13000000 0.001497399776
14000000 0.002674692762
15000000 0.006468429429
16000000 0.010062266932
17000000 0.0134399616
18000000 0.01031068095
19000000 0.008902189616
20000000 0.009368236952
22000000 0.010912139252
24000000 0.01207462464
26000000 0.013134413952
28000000 0.014051984091
30000000 0.01483216548
35000000 0.016170696
40000000 0.0172398765
45000000 0.01827399996
50000000 0.02045375145
55000000 0.02429636209
60000000 0.030224565
65000000 0.03748643772
70000000 0.0455471846
75000000 0.0532836342
80000000 0.06048429816
90000000 0.07208054344
100000000 0.0779702274
110000000 0.0802160835
120000000 0.078844722
130000000 0.07493588396
140000000 0.06976419428
150000000 0.07198690213
160000000 0.07515002937
180000000 0.08096429682
200000000 0.08851223601
#Header 
#Target 47 117 0
#Product 41 91 0
#Datapoints 9
1000000 0
110000000 0
120000000 4.2527004E-15
130000000 2.720018588E-11
140000000 7.0024401989E-9
150000000 3.4587402894E-7
160000000 4.2268196958E-6
180000000 0.00012136704822
200000000 0.00071969505291
#Header 
#Target 47 117 0
#Product 41 92 0
#Datapoints 9
1000000 0
110000000 0
120000000 3.8199987E-13
130000000 2.212329896E-10
140000000 1.9501503913E-8
150000000 4.1585698473E-7
160000000 3.0068298186E-6
180000000 4.1759001306E-5
200000000 0.00017788298373
#Header 
#Target 47 117 0
#Product 42 92 0
#Datapoints 9
1000000 0
110000000 0
120000000 3.6487335E-13
130000000 1.1852899968E-9
140000000 1.2923602079E-7
150000000 2.4406202557E-6
160000000 2.3328700416E-5
180000000 0.00050801005926
200000000 0.0034312804137
#Header 
#Target 47 117 0
#Product 42 93 0
#Datapoints 10
1000000 0
100000000 0
110000000 3.15649041E-15
120000000 8.0288496E-11
130000000 1.7717899696E-8
140000000 5.1578906805E-7
150000000 3.9099298953E-6
160000000 2.4155497656E-5
180000000 0.00027539397468
200000000 0.0011575605096
#Header 
#Target 47 117 0
#Product 42 94 0
#Datapoints 10
1000000 0
100000000 0
110000000 5.43648729E-12
120000000 5.03414031E-9
130000000 3.0682503824E-7
140000000 2.1422996686E-6
150000000 1.01690010301E-5
160000000 4.3643699502E-5
180000000 0.0003082500036
200000000 0.00086615300709
#Header 
#Target 47 117 0
#Product 42 95 0
#Datapoints 11
1000000 0
90000000 0
100000000 3.27876864E-14
110000000 3.18333993E-10
120000000 6.72041988E-8
130000000 1.0958999072E-6
140000000 4.0978103838E-6
150000000 1.4415703357E-5
160000000 4.1990901351E-5
180000000 0.00017710905366
200000000 0.00036835603227
#Header 
#Target 47 117 0
#Product 42 96 0
#Datapoints 11
1000000 0
90000000 0
100000000 1.012858926E-11
110000000 1.327029984E-8
120000000 6.19511025E-7
130000000 4.5128201524E-6
140000000 1.01851007703E-5
150000000 2.250610175E-5
160000000 4.3141204362E-5
180000000 0.000110459005074
200000000 0.00017379704853
#Header 
#Target 47 117 0
#Product 43 93 0
#Datapoints 8
1000000 0
120000000 0
130000000 2.699321968E-12
140000000 1.4860699957E-8
150000000 2.0407395338E-6
160000000 3.8598101253E-5
180000000 0.00074943701118
200000000 0.0034981997895
#Header 
#Target 47 117 0
#Product 43 94 0
#Datapoints 9
1000000 0
110000000 0
120000000 4.472649E-14
130000000 1.8477399276E-9
140000000 4.119569715E-7
150000000 1.4722703072E-5
160000000 0.00012461302422
180000000 0.001500789708
200000000 0.0042061301631
#Header 
#Target 47 117 0
#Product 43 95 0
#Datapoints 10
1000000 0
100000000 0
110000000 2.59831956E-15
120000000 2.0744196E-10
130000000 8.2393992436E-8
140000000 4.3983801332E-6
150000000 5.2783698704E-5
160000000 0.00023831795688
180000000 0.001627689492
200000000 0.003812959719
#Header 
#Target 47 117 0
#Product 43 96 0
#Datapoints 10
1000000 0
100000000 0
110000000 4.15265034E-12
120000000 5.76867048E-9
130000000 7.9934003044E-7
140000000 1.4994797057E-5
150000000 7.6598001601E-5
160000000 0.00025877703381
180000000 0.00108085999428
200000000 0.0022679998164
#Header 
#Target 47 117 0
#Product 43 97 0
#Datapoints 11
1000000 0
90000000 0
100000000 2.777709645E-14
110000000 3.74088228E-10
120000000 1.68969036E-7
130000000 6.5155699196E-6
140000000 3.4851504014E-5
150000000 0.0001171720451
160000000 0.00030191302164
180000000 0.00085760700102
200000000 0.0013738802004
#Header 
#Target 47 117 0
#Product 43 98 0
#Datapoints 11
1000000 0
90000000 0
100000000 4.08361728E-12
110000000 1.613589531E-8
120000000 1.82363982E-6
130000000 1.953670418E-5
140000000 5.6678299109E-5
150000000 0.0001424710199
160000000 0.00026548096989
180000000 0.00057869608302
200000000 0.00069634794384
#Header 
#Target 47 117 0
#Product 43 99 0
#Datapoints 12
1000000 0
80000000 0
90000000 1.878219212E-14
100000000 9.05694381E-10
110000000 3.14397069E-7
120000000 7.78805988E-6
130000000 3.7435997984E-5
140000000 6.384980015E-5
150000000 0.000111562000946
160000000 0.00017963404926
180000000 0.00030929599008
200000000 0.00030915295839
#Header 
#Target 47 117 0
#Product 43 100 0
#Datapoints 12
1000000 0
80000000 0
90000000 1.778299132E-11
100000000 2.5147796235E-8
110000000 1.766140308E-6
120000000 1.57785015E-5
130000000 4.006980278E-5
140000000 4.9250197927E-5
150000000 7.68195021E-5
160000000 0.00011192600292
180000000 0.00014475999186
200000000 0.00017037895545
#Header 
#Target 47 117 0
#Product 44 94 0
#Datapoints 8
1000000 0
120000000 0
130000000 5.253369352E-12
140000000 2.7588199861E-8
150000000 1.8052799314E-6
160000000 1.8989803761E-5
180000000 0.0003663170379
200000000 0.0012647498346
#Header 
#Target 47 117 0
#Product 44 95 0
#Datapoints 9
1000000 0
110000000 0
120000000 1.8573984E-12
130000000 1.878619526E-8
140000000 2.1930702547E-6
150000000 3.0288904085E-5
160000000 0.00016029006375
180000000 0.0015440703894
200000000 0.0039279497679
#Header 
#Target 47 117 0
#Product 44 96 0
#Datapoints 10
1000000 0
100000000 0
110000000 4.87524936E-13
120000000 1.37752005E-8
130000000 3.5726505444E-6
140000000 3.9166499485E-5
150000000 0.00018888802042
160000000 0.00072425303139
180000000 0.0035760503592
200000000 0.0069699794877
#Header 
#Target 47 117 0
#Product 44 97 0
#Datapoints 11
1000000 0
90000000 0
100000000 1.276449948E-15
110000000 1.101749187E-9
120000000 1.41058983E-6
130000000 3.7952508384E-5
140000000 0.00015124705106
150000000 0.00051794096728
160000000 0.0013563594873
180000000 0.0047977305156
200000000 0.0064817900001
#Header 
#Target 47 117 0
#Product 44 98 0
#Datapoints 11
1000000 0
90000000 0
100000000 1.35521853E-10
110000000 5.86936038E-7
120000000 3.29073954E-5
130000000 0.00023623097932
140000000 0.0005214300465
150000000 0.00116429995627
160000000 0.0023705802591
180000000 0.0054816406722
200000000 0.0060114598605
#Header 
#Target 47 117 0
#Product 44 99 0
#Datapoints 12
1000000 0
80000000 0
90000000 5.724506196E-13
100000000 5.648719575E-8
110000000 1.472669775E-5
120000000 0.000198675996
130000000 0.00062749702036
140000000 0.00083448399857
150000000 0.0015120697713
160000000 0.0026337796887
180000000 0.004042069614
200000000 0.0048729796047
#Header 
#Target 47 117 0
#Product 44 100 0
#Datapoints 13
1000000 0
75000000 0
80000000 6.827373748E-15
90000000 3.4415603024E-9
100000000 3.724089702E-6
110000000 0.0001322919594
120000000 0.000558076953
130000000 0.00088104099384
140000000 0.00105666995824
150000000 0.0017513798786
160000000 0.0023845402527
180000000 0.0030694398768
200000000 0.0035013694914
#Header 
#Target 47 117 0
#Product 44 101 0
#Datapoints 14
1000000 0
70000000 0
75000000 2.218784964E-14
80000000 4.619916912E-11
90000000 4.1714698608E-7
100000000 7.0118301675E-5
110000000 0.0005298419667
120000000 0.000878326026
130000000 0.00094237394888
140000000 0.0012164398887
150000000 0.0015485402383
160000000 0.0019132704423
180000000 0.002155840434
200000000 0.0021604404528
#Header 
#Target 47 117 0
#Product 44 102 0
#Datapoints 15
1000000 0
65000000 0
70000000 3.02930812E-13
75000000 2.245738668E-10
80000000 3.4822200452E-8
90000000 2.7390903352E-5
100000000 0.00037472401815
110000000 0.0007302330324
120000000 0.000751114014
130000000 0.00085571098592
140000000 0.00105934003324
150000000 0.0012978598578
160000000 0.0013678300872
180000000 0.0014360103252
200000000 0.0014448799719
#Header 
#Target 47 117 0
#Product 44 103 0
#Datapoints 16
1000000 0
60000000 0
65000000 7.969750702E-13
70000000 6.68984004E-10
75000000 1.6609406472E-7
80000000 5.4092299872E-6
90000000 0.00016142804532
100000000 0.000375657021
110000000 0.0003675250539
120000000 0.000367784022
130000000 0.0004762660336
140000000 0.00056824500549
150000000 0.00062459504195
160000000 0.00067200600111
180000000 0.00069855306444
200000000 0.00068472895338
#Header 
#Target 47 117 0
#Product 44 104 0
#Datapoints 18
1000000 0
50000000 0
55000000 1.134079842E-15
60000000 1.91923788E-11
65000000 1.31724987468E-8
70000000 8.7934697797E-7
75000000 1.18797991416E-5
80000000 5.45203997E-5
90000000 0.0001868419358
100000000 0.0001771679769
110000000 0.0001809260436
120000000 0.000239605968
130000000 0.00029718801616
140000000 0.00034109496105
150000000 0.00037330101281
160000000 0.00038003197326
180000000 0.00039079095462
200000000 0.00045497098953
#Header 
#Target 47 117 0
#Product 44 105 0
#Datapoints 19
1000000 0
45000000 0
50000000 1.868518773E-14
55000000 1.1775390298E-10
60000000 4.088129787E-8
65000000 1.5752498544E-6
70000000 1.17864004438E-5
75000000 3.2554900656E-5
80000000 5.0085095112E-5
90000000 4.7661997428E-5
100000000 5.1998706E-5
110000000 7.576719597E-5
120000000 0.0001057199883
130000000 0.00012860903804
140000000 0.00014255696563
150000000 0.00015648005241
160000000 0.00016882601817
180000000 0.00021178201572
200000000 0.00027570102579
#Header 
#Target 47 117 0
#Product 44 106 0
#Datapoints 20
1000000 0
40000000 0
45000000 2.089526416E-12
50000000 3.5806099329E-9
55000000 2.5690997171E-7
60000000 2.7493194085E-6
65000000 9.9280596352E-6
70000000 1.7977296283E-5
75000000 2.1689206116E-5
80000000 2.1347306032E-5
90000000 2.5914802828E-5
100000000 4.4735006295E-5
110000000 6.698379534E-5
120000000 8.50052016E-5
130000000 9.6505297924E-5
140000000 0.000107917002758
150000000 0.00011984798815
160000000 0.00013899795744
180000000 0.00020378498184
200000000 0.00029102704965
#Header 
#Target 47 117 0
#Product 44 107 0
#Datapoints 21
1000000 0
35000000 0
40000000 2.589347613E-11
45000000 1.33858989964E-8
50000000 4.18859991E-7
55000000 2.2605803563E-6
60000000 4.7132796725E-6
65000000 5.9074001776E-6
70000000 6.1013696224E-6
75000000 6.2216909496E-6
80000000 7.7275608904E-6
90000000 1.5096492872E-5
100000000 2.6658304785E-5
110000000 3.601320084E-5
120000000 4.38626979E-5
130000000 4.901279418E-5
140000000 5.9683201514E-5
150000000 7.5851695876E-5
160000000 9.7404401178E-5
180000000 0.0001562840136
200000000 0.00022523695632
#Header 
#Target 47 117 0
#Product 44 108 0
#Datapoints 24
1000000 0
26000000 0
28000000 1.819257415E-15
30000000 1.555191E-13
35000000 4.646220768E-10
40000000 4.474400334E-8
45000000 4.5928398622E-7
50000000 1.40517991944E-6
55000000 2.07570055E-6
60000000 2.204800626E-6
65000000 2.1599305761E-6
70000000 2.6460505412E-6
75000000 3.8670401244E-6
80000000 5.885350354E-6
90000000 1.18110000484E-5
100000000 1.798380066E-5
110000000 2.300969925E-5
120000000 2.71130991E-5
130000000 3.4502399932E-5
140000000 4.7190597008E-5
150000000 6.9176302492E-5
160000000 0.000102033000015
180000000 0.00016239301254
200000000 0.00022969902357
#Header 
#Target 47 117 0
#Product 45 95 0
#Datapoints 6
1000000 0
140000000 0
150000000 1.6918005357E-8
160000000 2.1512597115E-6
180000000 6.0721196778E-5
200000000 0.00019096196481
#Header 
#Target 47 117 0
#Product 45 96 0
#Datapoints 7
1000000 0
130000000 0
140000000 1.4060199605E-8
150000000 2.8160801471E-6
160000000 4.6123698828E-5
180000000 0.0004524230106
200000000 0.0009376279569
#Header 
#Target 47 117 0
#Product 45 97 0
#Datapoints 8
1000000 0
120000000 0
130000000 1.05432999168E-8
140000000 3.0690399799E-6
150000000 8.1943503323E-5
160000000 0.00044141993718
180000000 0.0024692199246
200000000 0.0027235705122
#Header 
#Target 47 117 0
#Product 45 98 0
#Datapoints 9
1000000 0
110000000 0
120000000 5.0387319E-10
130000000 7.2480202844E-7
140000000 4.3071501973E-5
150000000 0.0003416039792
160000000 0.0012756994383
180000000 0.0037071598212
200000000 0.0040848793713
#Header 
#Target 47 117 0
#Product 45 99 0
#Datapoints 10
1000000 0
100000000 0
110000000 1.91077827E-11
120000000 5.98964982E-8
130000000 6.2281101596E-6
140000000 3.966829558E-5
150000000 0.00015349705118
160000000 0.00033736097232
180000000 0.000547308927
200000000 0.00092023403769
#Header 
#Target 47 117 0
#Product 45 100 0
#Datapoints 11
1000000 0
90000000 0
100000000 6.739383285E-13
110000000 3.560139507E-8
120000000 1.093329903E-5
130000000 0.00014796598936
140000000 0.00047186099415
150000000 0.00104530006141
160000000 0.0016005901293
180000000 0.0028291394934
200000000 0.0038037298041
#Header 
#Target 47 117 0
#Product 45 101 0
#Datapoints 12
1000000 0
80000000 0
90000000 1.5342503E-15
100000000 2.4838298535E-9
110000000 1.328030556E-6
120000000 3.07792002E-5
130000000 0.00013737100944
140000000 0.00021379800806
150000000 0.00033330697719
160000000 0.00047635696779
180000000 0.00082919506032
200000000 0.00094474698993
#Header 
#Target 47 117 0
#Product 45 102 0
#Datapoints 12
1000000 0
80000000 0
90000000 2.122016256E-10
100000000 5.6466695715E-7
110000000 4.208940057E-5
120000000 0.000306820056
130000000 0.00061569801608
140000000 0.00074705601213
150000000 0.00113027999128
160000000 0.0015713902452
180000000 0.0020903105322
200000000 0.0021626695476
#Header 
#Target 47 117 0
#Product 45 103 0
#Datapoints 14
1000000 0
70000000 0
75000000 1.3712495244E-16
80000000 2.910061336E-12
90000000 1.9277803668E-8
100000000 2.542450161E-6
110000000 3.301059237E-5
120000000 8.74877967E-5
130000000 0.00011677099378
140000000 0.00016342105035
150000000 0.00022126500198
160000000 0.00027548401623
180000000 0.0003374649432
200000000 0.0003438389808
#Header 
#Target 47 117 0
#Product 45 104 0
#Datapoints 15
1000000 0
65000000 0
70000000 4.012205664E-15
75000000 1.1113590732E-11
80000000 2.956149456E-9
90000000 1.5783105496E-6
100000000 4.1648198385E-5
110000000 0.0001708660212
120000000 0.000257373933
130000000 0.00032177403188
140000000 0.00038526607111
150000000 0.00045919194431
160000000 0.0004922190336
180000000 0.00052893103032
200000000 0.00063496097748
#Header 
#Target 47 117 0
#Product 45 105 0
#Datapoints 16
1000000 0
60000000 0
65000000 1.3830993733E-12
70000000 2.4481901859E-9
75000000 2.3074498548E-7
80000000 4.1629101228E-6
90000000 0.00016625402616
100000000 0.00102487998675
110000000 0.001763730639
120000000 0.00202636965
130000000 0.0022430598512
140000000 0.0025033602638
150000000 0.0026908001758
160000000 0.0027861797478
180000000 0.002974250367
200000000 0.0033884999631
#Header 
#Target 47 117 0
#Product 45 106 0
#Datapoints 17
1000000 0
55000000 0
60000000 6.765125815E-13
65000000 9.993588434E-10
70000000 7.805450265E-8
75000000 9.492529884E-7
80000000 5.8800891968E-6
90000000 5.5258706428E-5
100000000 0.000114304007535
110000000 0.0001408499925
120000000 0.000161944014
130000000 0.0001899660084
140000000 0.00021024906304
150000000 0.0002512650305
160000000 0.00028255103217
180000000 0.00037124800416
200000000 0.00043736501826
#Header 
#Target 47 117 0
#Product 45 107 0
#Datapoints 19
1000000 0
45000000 0
50000000 1.2575296899E-13
55000000 1.1581588634E-9
60000000 1.882249817E-7
65000000 3.165390784E-6
70000000 2.1560496211E-5
75000000 0.000101688995676
80000000 0.00031066100728
90000000 0.00081534400972
100000000 0.0009792630924
110000000 0.0010419500517
120000000 0.001121399979
130000000 0.0012811400868
140000000 0.00150877038
150000000 0.0018371199704
160000000 0.0021686796969
180000000 0.0028216997622
200000000 0.0033280695576
#Header 
#Target 47 117 0
#Product 45 108 0
#Datapoints 20
1000000 0
40000000 0
45000000 8.975168742E-13
50000000 3.6993093984E-9
55000000 2.6838905072E-7
60000000 2.6212704945E-6
65000000 1.4736099101E-5
70000000 5.8610304529E-5
75000000 0.00013753600338
80000000 0.00021675406948
90000000 0.00028664301284
100000000 0.00031062397785
110000000 0.0003367149783
120000000 0.000388762041
130000000 0.00049755603716
140000000 0.00062638203184
150000000 0.00078351706048
160000000 0.00095920101627
180000000 0.0012504797712
200000000 0.001496540241
#Header 
#Target 47 117 0
#Product 45 109 0
#Datapoints 22
1000000 0
30000000 0
35000000 9.98453808E-15
40000000 3.826928322E-10
45000000 7.4502908566E-8
50000000 1.04945004945E-6
55000000 7.3596703999E-6
60000000 3.7373092575E-5
65000000 0.000108594995585
70000000 0.00019288798181
75000000 0.00024732693756
80000000 0.00027765398128
90000000 0.00029812799116
100000000 0.00034280297685
110000000 0.0004573589472
120000000 0.000714215982
130000000 0.00107362998204
140000000 0.0014978800341
150000000 0.0018682900005
160000000 0.0022257903354
180000000 0.0026617997142
200000000 0.0031206806487
#Header 
#Target 47 117 0
#Product 45 110 0
#Datapoints 23
1000000 0
28000000 0
30000000 6.48806862E-14
35000000 4.73087232E-10
40000000 3.2649098922E-8
45000000 3.699019446E-7
50000000 3.755380563E-6
55000000 1.7612307979E-5
60000000 3.9460801975E-5
65000000 5.4918605173E-5
70000000 6.1857498084E-5
75000000 6.303960942E-5
80000000 6.5064404236E-5
90000000 7.4014792108E-5
100000000 0.000127041989685
110000000 0.0002506460514
120000000 0.000417669993
130000000 0.00060693302768
140000000 0.00077353793465
150000000 0.0009243749141
160000000 0.00105218996934
180000000 0.0012843896868
200000000 0.0013560596289
#Header 
#Target 47 117 0
#Product 45 111 0
#Datapoints 27
1000000 0
20000000 0
22000000 1.79325576E-14
24000000 8.682622767E-13
26000000 1.3800590976E-11
28000000 1.0932294801E-10
30000000 5.40326028E-10
35000000 1.7943494256E-8
40000000 7.1566595322E-7
45000000 6.4590495996E-6
50000000 2.0466596106E-5
55000000 3.259409251E-5
60000000 3.8087894005E-5
65000000 3.8127203452E-5
70000000 3.8231597971E-5
75000000 3.9679690896E-5
80000000 4.8341897448E-5
90000000 0.000128654007292
100000000 0.00034107303675
110000000 0.0006380039256
120000000 0.000960315981
130000000 0.001243420346
140000000 0.0014959397796
150000000 0.0016921805582
160000000 0.0018404305749
180000000 0.0020705002164
200000000 0.0022589094969
#Header 
#Target 47 117 0
#Product 45 112 0
#Datapoints 26
1000000 0
22000000 0
24000000 1.3926400956E-13
26000000 1.1195396576E-11
28000000 3.417617297E-10
30000000 4.831549602E-9
35000000 2.7763105104E-7
40000000 1.8609091734E-6
45000000 3.9551594446E-6
50000000 4.8545195886E-6
55000000 4.7785102883E-6
60000000 4.7235393065E-6
65000000 5.0231806375E-6
70000000 7.0616195358E-6
75000000 1.6674203844E-5
80000000 4.2854306716E-5
90000000 0.00015469602932
100000000 0.0003117260319
110000000 0.0004747629921
120000000 0.000608833026
130000000 0.0007167619648
140000000 0.00082190094379
150000000 0.00087206499237
160000000 0.00093873201408
180000000 0.00100257002802
200000000 0.00104900004756
#Header 
#Target 47 117 0
#Product 45 113 0
#Datapoints 33
1000000 0
14000000 0
15000000 1.0010590161E-15
16000000 2.93098905E-15
17000000 2.081007072E-14
18000000 1.683532146E-13
19000000 1.0282192472E-12
20000000 4.528441188E-12
22000000 5.654948948E-11
24000000 4.134188916E-10
26000000 2.0524403656E-9
28000000 8.1167097274E-9
30000000 2.608150182E-8
35000000 1.3983399432E-7
40000000 2.3123005587E-7
45000000 2.3954596978E-7
50000000 2.385410148E-7
55000000 3.243149721E-7
60000000 1.0857599375E-6
65000000 6.7237094418E-6
70000000 2.438179769E-5
75000000 5.8654097136E-5
80000000 0.000108708992288
90000000 0.00022763596496
100000000 0.0003434540559
110000000 0.0004436259708
120000000 0.000525246039
130000000 0.00058713692184
140000000 0.00062503702606
150000000 0.00067423404862
160000000 0.00068194903425
180000000 0.00071579400948
200000000 0.00074921803974
#Header 
#Target 47 117 0
#Product 45 114 0
#Datapoints 22
1000000 0
30000000 0
35000000 5.996747376E-15
40000000 1.672075008E-11
45000000 9.81493958E-10
50000000 2.416279734E-8
55000000 6.6327500729E-7
60000000 5.333590108E-6
65000000 1.8092901287E-5
70000000 3.712530042E-5
75000000 5.8825401972E-5
80000000 8.0574492596E-5
90000000 0.000117532001252
100000000 0.0001467390186
110000000 0.0001685049981
120000000 0.00018405597
130000000 0.00019742898028
140000000 0.00020886596419
150000000 0.00021369401834
160000000 0.00022032900018
180000000 0.00022693595364
200000000 0.00022861605132
#Header 
#Target 47 117 0
#Product 46 98 0
#Datapoints 8
1000000 0
120000000 0
130000000 2.3163403676E-8
140000000 5.1812793508E-6
150000000 3.4941396776E-5
160000000 0.00013970899845
180000000 0.00036089998362
200000000 0.00048991504185
#Header 
#Target 47 117 0
#Product 46 99 0
#Datapoints 9
1000000 0
110000000 0
120000000 3.66639015E-8
130000000 1.6350595296E-5
140000000 0.000106473999292
150000000 0.00042111801622
160000000 0.00091733303811
180000000 0.0014672906028
200000000 0.0025471097397
#Header 
#Target 47 117 0
#Product 46 100 0
#Datapoints 10
1000000 0
100000000 0
110000000 5.814800295E-8
120000000 2.9844597E-5
130000000 0.00034516097112
140000000 0.00090815801334
150000000 0.0018028396023
160000000 0.0026956694553
180000000 0.0053286092838
200000000 0.0072057804921
#Header 
#Target 47 117 0
#Product 46 101 0
#Datapoints 11
1000000 0
90000000 0
100000000 1.0022599827E-8
110000000 3.065719926E-5
120000000 0.000662754996
130000000 0.0024222998212
140000000 0.0030945208023
150000000 0.00487563021
160000000 0.0072924105159
180000000 0.011822897592
200000000 0.013743300078
#Header 
#Target 47 117 0
#Product 46 102 0
#Datapoints 12
1000000 0
80000000 0
90000000 1.5178297468E-9
100000000 1.601829699E-5
110000000 0.0008669649672
120000000 0.0041730702
130000000 0.0064197306908
140000000 0.0073970594834
150000000 0.0115035009034
160000000 0.015589305816
180000000 0.020526604362
200000000 0.019537905132
#Header 
#Target 47 117 0
#Product 46 103 0
#Datapoints 13
1000000 0
75000000 0
80000000 6.758350976E-12
90000000 2.4077797336E-6
100000000 0.0006507350205
110000000 0.005596479507
120000000 0.00974035032
130000000 0.0102779994184
140000000 0.013116096686
150000000 0.016825303253
160000000 0.020799397938
180000000 0.02157499476
200000000 0.020151194256
#Header 
#Target 47 117 0
#Product 46 104 0
#Datapoints 15
1000000 0
65000000 0
70000000 7.418846917E-14
75000000 1.0265800776E-9
80000000 2.229919666E-7
90000000 0.00043372894864
100000000 0.007134679623
110000000 0.01496249838
120000000 0.0155466957
130000000 0.016925201048
140000000 0.020210296089
150000000 0.024778098422
160000000 0.026011405866
180000000 0.025533198108
200000000 0.024663504771
#Header 
#Target 47 117 0
#Product 46 105 0
#Datapoints 16
1000000 0
60000000 0
65000000 5.863490523E-12
70000000 5.1680500374E-9
75000000 4.017110226E-6
80000000 0.00025104198964
90000000 0.0074094701668
100000000 0.01950809616
110000000 0.01872060156
120000000 0.0176980026
130000000 0.02183849416
140000000 0.025067399854
150000000 0.026265798812
160000000 0.027435103626
180000000 0.026581701366
200000000 0.023925399633
#Header 
#Target 47 117 0
#Product 46 106 0
#Datapoints 18
1000000 0
50000000 0
55000000 8.07934554E-15
60000000 1.2602089115E-10
65000000 8.1517500109E-7
70000000 0.000123787006632
75000000 0.0017316197124
80000000 0.0081205298096
90000000 0.024735904908
100000000 0.02114400153
110000000 0.01850669787
120000000 0.0210142056
130000000 0.02461190158
140000000 0.027759796681
150000000 0.029448095534
160000000 0.028523096778
180000000 0.02688240555
200000000 0.026005902885
#Header 
#Target 47 117 0
#Product 46 107 0
#Datapoints 19
1000000 0
45000000 0
50000000 2.863297998E-14
55000000 3.7718395267E-9
60000000 6.5940307265E-6
65000000 0.00029948104633
70000000 0.0017964501971
75000000 0.00428428986
80000000 0.0053334499036
90000000 0.0039147905476
100000000 0.0032726701695
110000000 0.003828389592
120000000 0.00506575008
130000000 0.0060530396836
140000000 0.0066126899445
150000000 0.0073243794393
160000000 0.0076530898479
180000000 0.007717090293
200000000 0.0072298695618
#Header 
#Target 47 117 0
#Product 46 108 0
#Datapoints 20
1000000 0
40000000 0
45000000 4.59725874E-10
50000000 4.3422101811E-6
55000000 0.00044356803358
60000000 0.004450440344
65000000 0.013585700151
70000000 0.02074659964
75000000 0.020407097136
80000000 0.016379799904
90000000 0.0120445996784
100000000 0.014241004515
110000000 0.01819899684
120000000 0.0212220018
130000000 0.02346580362
140000000 0.025019801317
150000000 0.025599005487
160000000 0.025266699759
180000000 0.025232302062
200000000 0.02546940231
#Header 
#Target 47 117 0
#Product 46 109 0
#Datapoints 22
1000000 0
30000000 0
35000000 1.861656192E-15
40000000 1.8255199455E-8
45000000 2.5040404674E-5
50000000 0.00055893990141
55000000 0.001959840211
60000000 0.00279509034
65000000 0.0024100793171
70000000 0.0017988406388
75000000 0.0014714705724
80000000 0.0014399405696
90000000 0.0019315399592
100000000 0.0030415003845
110000000 0.004324120224
120000000 0.00525721926
130000000 0.0063016296224
140000000 0.0067319995758
150000000 0.0073033297007
160000000 0.0074668100292
180000000 0.0080363306034
200000000 0.0081923510394
#Header 
#Target 47 117 0
#Product 46 110 0
#Datapoints 25
1000000 0
24000000 0
26000000 1.892941308E-15
28000000 9.123800097E-12
30000000 2.137310604E-9
35000000 1.41860007648E-5
40000000 0.00069909096618
45000000 0.0035415196592
50000000 0.0068190900327
55000000 0.007462020412
60000000 0.0065004797585
65000000 0.0056146110387
70000000 0.0055276706909
75000000 0.0062399507628
80000000 0.007555449798
90000000 0.0112535003352
100000000 0.01563759678
110000000 0.01907209647
120000000 0.0215469063
130000000 0.02351860112
140000000 0.025462298013
150000000 0.02566040543
160000000 0.026145604614
180000000 0.026855804448
200000000 0.028131397956
#Header 
#Target 47 117 0
#Product 46 111 0
#Datapoints 27
1000000 0
20000000 0
22000000 1.3856789076E-11
24000000 7.6689308007E-9
26000000 5.691100094E-7
28000000 1.02167990545E-5
30000000 8.173279356E-5
35000000 0.00098880901632
40000000 0.0020348396856
45000000 0.0021308301162
50000000 0.0018063206469
55000000 0.0015036604506
60000000 0.00143651990055
65000000 0.0015884394629
70000000 0.0019070799522
75000000 0.0025125400044
80000000 0.0034597695236
90000000 0.0057400600684
100000000 0.0077219998275
110000000 0.009329509308
120000000 0.0102382002
130000000 0.0112736999284
140000000 0.0117531990301
150000000 0.012042199752
160000000 0.012233598492
180000000 0.012481999992
200000000 0.012492702558
#Header 
#Target 47 117 0
#Product 46 112 0
#Datapoints 36
1000000 0
11000000 0
12000000 6.8445021858E-14
13000000 5.04119234E-12
14000000 2.577585999E-10
15000000 6.2922603744E-9
16000000 7.9172506616E-8
17000000 6.887390085E-7
18000000 3.5446899927E-6
19000000 1.5267402284E-5
20000000 5.75436942E-5
22000000 0.00044383598504
24000000 0.0015724095894
26000000 0.003350130038
28000000 0.0053512902635
30000000 0.00719594997
35000000 0.0090832794768
40000000 0.0079616405529
45000000 0.0061731508134
50000000 0.0056745993744
55000000 0.006326359368
60000000 0.0074541095125
65000000 0.0090814510093
70000000 0.0112920998423
75000000 0.0138599005728
80000000 0.016630398928
90000000 0.020832501804
100000000 0.024180596595
110000000 0.02632419456
120000000 0.027769095
130000000 0.027978596016
140000000 0.028755805858
150000000 0.028907598302
160000000 0.029043699747
180000000 0.028058903334
200000000 0.027395896383
#Header 
#Target 47 117 0
#Product 46 113 0
#Datapoints 42
1000000 0
5000000 0
6000000 1.404462E-15
7000000 1.0021790456E-12
8000000 1.3113066204E-10
9000000 3.58642016186E-9
10000000 5.6584707861671E-8
11000000 5.9026409396195E-7
12000000 3.50800970325E-6
13000000 2.1422699912E-5
14000000 9.1868597393E-5
15000000 0.00044927494656
16000000 0.0012555303238
17000000 0.0025022198922
18000000 0.0025557493664
19000000 0.002736449776
20000000 0.0033152693568
22000000 0.0043925294008
24000000 0.0047559204108
26000000 0.0045842394412
28000000 0.004150589351
30000000 0.003612890094
35000000 0.0023652096624
40000000 0.0018620703366
45000000 0.0022794001194
50000000 0.0028320891192
55000000 0.0034584795994
60000000 0.004491590334
65000000 0.0057933601284
70000000 0.007111259768
75000000 0.0082827800556
80000000 0.00923341978
90000000 0.0106174003596
100000000 0.0114900995355
110000000 0.012039500748
120000000 0.01224210021
130000000 0.012264503244
140000000 0.012242697353
150000000 0.012102898115
160000000 0.011735604342
180000000 0.011471801418
200000000 0.0110030002758
#Header 
#Target 47 117 0
#Product 46 114 0
#Datapoints 46
1000000 0
1000000 0
2000000 4.891300132E-12
3000000 2.8434401746E-10
4000000 7.0069977824E-9
5000000 8.951222348574E-8
6000000 7.1554992204E-7
7000000 3.9468392608E-6
8000000 1.79176987584E-5
9000000 6.4429799282E-5
10000000 0.00018398903292945
11000000 0.00042619809337737
12000000 0.00083544396362
13000000 0.0014513602868
14000000 0.0024930799557
15000000 0.0056196000069
16000000 0.0078125305288
17000000 0.0090648204318
18000000 0.0058735594347
19000000 0.00417328925
20000000 0.0036369907048
22000000 0.0029581097512
24000000 0.0023239104876
26000000 0.0018466799948
28000000 0.0015077106118
30000000 0.0014192999436
35000000 0.002456759376
40000000 0.0040563105534
45000000 0.0054247699146
50000000 0.0077280402969
55000000 0.01074740016
60000000 0.0138830988625
65000000 0.016641799433
70000000 0.018738303093
75000000 0.02075310036
80000000 0.022195901832
90000000 0.024214504968
100000000 0.024886797675
110000000 0.02508509424
120000000 0.0248165046
130000000 0.024691405564
140000000 0.02403910057
150000000 0.023388397065
160000000 0.022498002318
180000000 0.021059405136
200000000 0.020011399434
#Header 
#Target 47 117 0
#Product 46 115 0
#Datapoints 32
1000000 0
15000000 0
16000000 7.469886216E-14
17000000 6.065888586E-12
18000000 2.172145037E-10
19000000 3.9831503296E-9
20000000 3.5198205008E-8
22000000 1.5025403888E-6
24000000 2.0897300619E-5
26000000 0.000112541001918
28000000 0.00029762099281
30000000 0.000494187936
35000000 0.0008748100008
40000000 0.0019042906629
45000000 0.0036992403132
50000000 0.0055353090771
55000000 0.0070696108266
60000000 0.0085045693285
65000000 0.0095290808214
70000000 0.0103542994175
75000000 0.0109840001604
80000000 0.01149290012
90000000 0.0119294000424
100000000 0.012000099432
110000000 0.011871700047
120000000 0.01166709981
130000000 0.0113565998476
140000000 0.0108097001414
150000000 0.0105061990869
160000000 0.0099464400432
180000000 0.0091185902874
200000000 0.0085051798992
#Header 
#Target 47 117 0
#Product 46 116 0
#Datapoints 35
1000000 0
12000000 0
13000000 1.464015272E-15
14000000 1.427679265E-14
15000000 3.856754055E-14
16000000 8.678227646E-14
17000000 6.575043936E-13
18000000 5.888394642E-12
19000000 3.369013804E-11
20000000 5.7578997992E-9
22000000 3.5171198924E-7
24000000 6.1101797094E-6
26000000 4.5106794544E-5
28000000 0.00018695098449
30000000 0.0005299280316
35000000 0.0025462598256
40000000 0.0054819796275
45000000 0.0082780903856
50000000 0.0105312001608
55000000 0.0123021006178
60000000 0.0136084996705
65000000 0.014443103942
70000000 0.015167996548
75000000 0.015666499704
80000000 0.016105295232
90000000 0.016196501636
100000000 0.016070004495
110000000 0.01562360496
120000000 0.0150065043
130000000 0.014527494604
140000000 0.014064495459
150000000 0.013170200076
160000000 0.012739902162
180000000 0.011643405048
200000000 0.0105771999609
#Header 
#Target 47 117 0
#Product 47 102 0
#Datapoints 9
1000000 0
110000000 0
120000000 5.76986973E-7
130000000 1.86176053E-5
140000000 9.880309929E-5
150000000 0.00022971904098
160000000 0.0003157109796
180000000 0.00047245103334
200000000 0.00046502795178
#Header 
#Target 47 117 0
#Product 47 103 0
#Datapoints 10
1000000 0
100000000 0
110000000 5.629470729E-7
120000000 4.05382047E-5
130000000 0.00027908903316
140000000 0.00061451396381
150000000 0.00097451894144
160000000 0.0012183695208
180000000 0.0014253100686
200000000 0.0013082205069
#Header 
#Target 47 117 0
#Product 47 104 0
#Datapoints 11
1000000 0
90000000 0
100000000 3.2557702035E-7
110000000 6.022440354E-5
120000000 0.000645700062
130000000 0.0016812703152
140000000 0.0023868203903
150000000 0.003220930394
160000000 0.0033256799502
180000000 0.0033403998078
200000000 0.0028227696624
#Header 
#Target 47 117 0
#Product 47 105 0
#Datapoints 12
1000000 0
80000000 0
90000000 1.29072001876E-8
100000000 4.2638204475E-6
110000000 4.981969917E-5
120000000 0.000172776009
130000000 0.00029398601372
140000000 0.00045636292949
150000000 0.0005329950032
160000000 0.00056261705622
180000000 0.00058592205738
200000000 0.00061275799674
#Header 
#Target 47 117 0
#Product 47 106 0
#Datapoints 13
1000000 0
75000000 0
80000000 2.8820993864E-9
90000000 6.4814299564E-6
100000000 0.0001688790564
110000000 0.0007357689861
120000000 0.00153455046
130000000 0.0021281905932
140000000 0.0026107803478
150000000 0.0027515394643
160000000 0.0028190704437
180000000 0.0029192299884
200000000 0.0029721899196
#Header 
#Target 47 117 0
#Product 47 107 0
#Datapoints 15
1000000 0
65000000 0
70000000 2.15536037E-10
75000000 8.6752805052E-8
80000000 2.723910462E-6
90000000 0.000101267000028
100000000 0.0005937310074
110000000 0.001317579858
120000000 0.00195256965
130000000 0.0024251297672
140000000 0.0025859296631
150000000 0.0026218103065
160000000 0.002667090477
180000000 0.0026708194854
200000000 0.0026105802228
#Header 
#Target 47 117 0
#Product 47 108 0
#Datapoints 17
1000000 0
55000000 0
60000000 3.02914374E-14
65000000 1.6146299482E-8
70000000 3.101049677E-6
75000000 4.9760306652E-5
80000000 0.000273437944
90000000 0.0023639898248
100000000 0.006272910207
110000000 0.009490160193
120000000 0.01069419933
130000000 0.01112189897
140000000 0.0110708999316
150000000 0.0104972995446
160000000 0.0105200000448
180000000 0.0100343002122
200000000 0.009357910587
#Header 
#Target 47 117 0
#Product 47 109 0
#Datapoints 18
1000000 0
50000000 0
55000000 6.944892773E-10
60000000 1.11934000115E-6
65000000 3.3949303115E-5
70000000 0.0002299989877
75000000 0.00089140502676
80000000 0.0023956495368
90000000 0.0068803204572
100000000 0.01026279942
110000000 0.011539500087
120000000 0.01192539981
130000000 0.0118302012668
140000000 0.0111999998379
150000000 0.010871999391
160000000 0.0105292997826
180000000 0.010217599524
200000000 0.009584609085
#Header 
#Target 47 117 0
#Product 47 110 0
#Datapoints 20
1000000 0
40000000 0
45000000 1.2920899918E-13
50000000 1.50860000016E-7
55000000 2.4249403374E-5
60000000 0.0002170150164
65000000 0.00086789698538
70000000 0.002603840634
75000000 0.0056215704852
80000000 0.0090393997356
90000000 0.014258303872
100000000 0.01747760055
110000000 0.01879930233
120000000 0.0189494046
130000000 0.018643599772
140000000 0.019153504138
150000000 0.018341300703
160000000 0.018597294351
180000000 0.017651597436
200000000 0.016640901738
#Header 
#Target 47 117 0
#Product 47 111 0
#Datapoints 21
1000000 0
35000000 0
40000000 1.5619899426E-8
45000000 1.14314006634E-5
50000000 0.000105065999181
55000000 0.00042172700969
60000000 0.001363319993
65000000 0.0030537495003
70000000 0.0049824900544
75000000 0.0066753003696
80000000 0.0080941994068
90000000 0.0099529000228
100000000 0.0107358992535
110000000 0.010784900361
120000000 0.0108931998
130000000 0.0109385003672
140000000 0.0106444996344
150000000 0.0104958998925
160000000 0.0102180990258
180000000 0.009603099396
200000000 0.0092610203004
#Header 
#Target 47 117 0
#Product 47 112 0
#Datapoints 23
1000000 0
28000000 0
30000000 7.01812386E-14
35000000 6.435020232E-6
40000000 0.00056204992944
45000000 0.0029138702936
50000000 0.0107805000897
55000000 0.029613094147
60000000 0.05310560192
65000000 0.070824898442
70000000 0.080558493869
75000000 0.08537550972
80000000 0.088213099312
90000000 0.087713702556
100000000 0.08479440687
110000000 0.08185140279
120000000 0.0779982975
130000000 0.07450650452
140000000 0.072771197144
150000000 0.070067905435
160000000 0.067018506213
180000000 0.062426003508
200000000 0.057496198824
#Header 
#Target 47 117 0
#Product 47 113 0
#Datapoints 27
1000000 0
20000000 0
22000000 3.572387424E-12
24000000 4.8197099574E-8
26000000 4.8515703178E-6
28000000 5.301989862E-5
30000000 0.0001766030574
35000000 0.0007145560152
40000000 0.0024327897699
45000000 0.0066240895472
50000000 0.0120779996832
55000000 0.016639301903
60000000 0.019906901595
65000000 0.022038604005
70000000 0.023465504164
75000000 0.02416570632
80000000 0.024646299132
90000000 0.024753702344
100000000 0.02427799431
110000000 0.02343880134
120000000 0.0226825038
130000000 0.022049997928
140000000 0.021158599926
150000000 0.020168296874
160000000 0.01940549904
180000000 0.017824702104
200000000 0.016812205236
#Header 
#Target 47 117 0
#Product 47 114 0
#Datapoints 33
1000000 0
14000000 0
15000000 1.281412704E-15
16000000 5.959241122E-11
17000000 1.521520209E-8
18000000 8.5465805177E-7
19000000 1.3210694428E-5
20000000 8.252450604E-5
22000000 0.00068825206512
24000000 0.0019455106554
26000000 0.003557310622
28000000 0.0054792003685
30000000 0.008595700806
35000000 0.032381005968
40000000 0.075724100013
45000000 0.107838993244
50000000 0.123752989404
55000000 0.1279639928
60000000 0.13047600083
65000000 0.129190997866
70000000 0.128813005839
75000000 0.125836997112
80000000 0.12396999966
90000000 0.114476991188
100000000 0.106613002575
110000000 0.09935070315
120000000 0.0924389034
130000000 0.087472701624
140000000 0.082476801099
150000000 0.07695210072
160000000 0.072837201429
180000000 0.065098900746
200000000 0.059251899033
#Header 
#Target 47 117 0
#Product 47 115 0
#Datapoints 40
1000000 0
7000000 0
8000000 2.5727898546E-13
9000000 4.9439385376E-11
10000000 2.7551606518832E-9
11000000 1.097010440322E-7
12000000 1.72067992987E-6
13000000 1.1434304512E-5
14000000 3.9868300925E-5
15000000 9.2480497494E-5
16000000 0.0001681719637
17000000 0.00027048506742
18000000 0.00041732402494
19000000 0.0006497180046
20000000 0.0010371799952
22000000 0.0021360999748
24000000 0.0039110204835
26000000 0.0063494600646
28000000 0.0090743709621
30000000 0.011823000684
35000000 0.01800139752
40000000 0.021597203172
45000000 0.023597006846
50000000 0.024477900381
55000000 0.024639199501
60000000 0.024727199105
65000000 0.02455140091
70000000 0.024463502959
75000000 0.024094400004
80000000 0.023455693924
90000000 0.022002600396
100000000 0.02055229656
110000000 0.01916740221
120000000 0.0177027996
130000000 0.01682870532
140000000 0.016115101192
150000000 0.014803899264
160000000 0.014162203461
180000000 0.012716997084
200000000 0.011396103138
#Header 
#Target 47 117 0
#Product 47 116 0
#Datapoints 40
1000000 0
7000000 0
8000000 3.1090369464E-11
9000000 3.21652984792E-8
10000000 1.4829898501072E-6
11000000 2.6230104875957E-5
12000000 0.00017754595691
13000000 0.00063599402628
14000000 0.0014591696476
15000000 0.002586540429
16000000 0.003951790244
17000000 0.0055072703004
18000000 0.0071673800717
19000000 0.0088768498196
20000000 0.0107314999084
22000000 0.0139047003076
24000000 0.01649280555
26000000 0.018215895616
28000000 0.019441602479
30000000 0.02056800438
35000000 0.020910597408
40000000 0.021616396335
45000000 0.021429502038
50000000 0.020943893223
55000000 0.021170400321
60000000 0.020375096385
65000000 0.019669401669
70000000 0.018691102838
75000000 0.017817803052
80000000 0.017266606448
90000000 0.0153150051
100000000 0.013928594805
110000000 0.01293670461
120000000 0.01208680041
130000000 0.0110114007416
140000000 0.0101780992403
150000000 0.0096572791018
160000000 0.0088147999833
180000000 0.0078425894844
200000000 0.0072812595033
#Header 
#Target 47 117 0
#Product 47 117 0
#Datapoints 46
1000000 0
1000000 0
2000000 4.272910644E-15
3000000 8.3991705908E-10
4000000 6.5148716864E-7
5000000 3.647081058183E-5
6000000 0.0004237759638
7000000 0.0019934601772
8000000 0.005879648817
9000000 0.0127968977896
10000000 0.021913205880961
11000000 0.03154850209917
12000000 0.0405545010067
13000000 0.048367900688
14000000 0.054718600833
15000000 0.059783793036
16000000 0.063971496066
17000000 0.0674532984
18000000 0.070203596104
19000000 0.072174001484
20000000 0.073331301288
22000000 0.074064195228
24000000 0.07299000072
26000000 0.071981403656
28000000 0.071026497914
30000000 0.06973529574
35000000 0.065427406416
40000000 0.062068897986
45000000 0.060951494144
50000000 0.057683396133
55000000 0.057325702826
60000000 0.05169330376
65000000 0.050422396578
70000000 0.045080503578
75000000 0.043426992876
80000000 0.038695503496
90000000 0.032701205036
100000000 0.027455602815
110000000 0.02298320169
120000000 0.0190844955
130000000 0.015760095988
140000000 0.013006504941
150000000 0.0106518003229
160000000 0.0088221504462
180000000 0.006175400121
200000000 0.0045897604803
#Header 
#Target 47 117 0
#Product 48 104 0
#Datapoints 10
1000000 0
100000000 0
110000000 4.062430422E-7
120000000 3.68225961E-5
130000000 0.000115627997296
140000000 0.000107532001677
150000000 0.00016964099163
160000000 0.00017700097011
180000000 0.00019570194864
200000000 0.00015215798889
#Header 
#Target 47 117 0
#Product 48 105 0
#Datapoints 11
1000000 0
90000000 0
100000000 7.7696305185E-7
110000000 0.0001487679612
120000000 0.000631223946
130000000 0.0007990729656
140000000 0.00072428300179
150000000 0.00071523999646
160000000 0.0007051020114
180000000 0.00058611798234
200000000 0.00048662701623
#Header 
#Target 47 117 0
#Product 48 106 0
#Datapoints 12
1000000 0
80000000 0
90000000 1.13856996368E-6
100000000 0.00037328192895
110000000 0.001846280343
120000000 0.00276711993
130000000 0.0022001098392
140000000 0.0018722198023
150000000 0.0018294902879
160000000 0.0016782795249
180000000 0.0012422195478
200000000 0.00102763995714
#Header 
#Target 47 117 0
#Product 48 107 0
#Datapoints 13
1000000 0
75000000 0
80000000 5.4035900048E-7
90000000 0.00076507095748
100000000 0.00501997023
110000000 0.007202200218
120000000 0.00553446003
130000000 0.0042410898236
140000000 0.0038041199343
150000000 0.0032762102208
160000000 0.0027107396931
180000000 0.0021122403588
200000000 0.0015407997381
#Header 
#Target 47 117 0
#Product 48 108 0
#Datapoints 15
1000000 0
65000000 0
70000000 6.3526603833E-7
75000000 0.000127548988464
80000000 0.001697649746
90000000 0.013636400764
100000000 0.017559897045
110000000 0.012423599724
120000000 0.00898902942
130000000 0.0073279900932
140000000 0.0060027403849
150000000 0.0050979398646
160000000 0.004301399946
180000000 0.003005450514
200000000 0.0024814600173
#Header 
#Target 47 117 0
#Product 48 109 0
#Datapoints 17
1000000 0
55000000 0
60000000 1.2042900933E-8
65000000 0.00014470405207
70000000 0.0034803104486
75000000 0.016868401248
80000000 0.033565800008
90000000 0.040231495012
100000000 0.023978405175
110000000 0.01636529781
120000000 0.0127284951
130000000 0.0099990307032
140000000 0.0083234995596
150000000 0.0067308404207
160000000 0.0055949602359
180000000 0.004337390376
200000000 0.0033529795812
#Header 
#Target 47 117 0
#Product 48 110 0
#Datapoints 19
1000000 0
45000000 0
50000000 4.8668992317E-9
55000000 0.0002249349347
60000000 0.0071919902355
65000000 0.036500797222
70000000 0.073649905061
75000000 0.08621909946
80000000 0.074177406836
90000000 0.040811998872
100000000 0.026315203005
110000000 0.01934819652
120000000 0.0148799004
130000000 0.0120148006356
140000000 0.0095719008394
150000000 0.0080165594366
160000000 0.007030950315
180000000 0.0052979203926
200000000 0.0040500802323
#Header 
#Target 47 117 0
#Product 48 111 0
#Datapoints 20
1000000 0
40000000 0
45000000 3.3810596384E-5
50000000 0.0044446993272
55000000 0.022960306068
60000000 0.03845670409
65000000 0.035584800162
70000000 0.024750101209
75000000 0.016810307532
80000000 0.0126541005604
90000000 0.0090864802872
100000000 0.0069771798255
110000000 0.00547338024
120000000 0.00438336945
130000000 0.0036446397848
140000000 0.0032019005385
150000000 0.0027485998441
160000000 0.0023676499992
180000000 0.00188036046
200000000 0.0015597304254
#Header 
#Target 47 117 0
#Product 48 112 0
#Datapoints 22
1000000 0
30000000 0
35000000 8.306930448E-5
40000000 0.027096607968
45000000 0.16445802388
50000000 0.29109898422
55000000 0.27638098264
60000000 0.1878970723
65000000 0.117111002099
70000000 0.079823004918
75000000 0.06027560304
80000000 0.048488900772
90000000 0.034441007108
100000000 0.025656006405
110000000 0.02041120371
120000000 0.0168029931
130000000 0.014225504972
140000000 0.012303195319
150000000 0.0108261008581
160000000 0.0095922502155
180000000 0.0077890701438
200000000 0.0065464204545
#Header 
#Target 47 117 0
#Product 48 113 0
#Datapoints 24
1000000 0
26000000 0
28000000 0.00037752895768
30000000 0.008694689586
35000000 0.085447899072
40000000 0.115457004741
45000000 0.072940503196
50000000 0.037359802854
55000000 0.02289699832
60000000 0.01740459798
65000000 0.0142271991993
70000000 0.0120896001628
75000000 0.0103789993788
80000000 0.0090886306004
90000000 0.0072509894988
100000000 0.0059564997045
110000000 0.005043089028
120000000 0.0043732896
130000000 0.0038902899588
140000000 0.0034688107291
150000000 0.0030793901369
160000000 0.002790590718
180000000 0.0023135701842
200000000 0.0019736296785
#Header 
#Target 47 117 0
#Product 48 114 0
#Datapoints 30
1000000 0
17000000 0
18000000 0.00038115002907
19000000 0.0085249394524
20000000 0.04079919486
22000000 0.19966903832
24000000 0.41583701133
26000000 0.5959830601
28000000 0.71139199515
30000000 0.751054029
35000000 0.51098598144
40000000 0.25295307231
45000000 0.15125599376
50000000 0.111008000664
55000000 0.088744604242
60000000 0.073819195835
65000000 0.063179290833
70000000 0.054879998319
75000000 0.048545401128
80000000 0.043222902268
90000000 0.035195204932
100000000 0.029234299755
110000000 0.02501829726
120000000 0.0216977043
130000000 0.019049603496
140000000 0.016907804925
150000000 0.01518020339
160000000 0.013661000913
180000000 0.011355104178
200000000 0.0096389803854
#Header 
#Target 47 117 0
#Product 48 115 0
#Datapoints 36
1000000 0
11000000 0
12000000 0.0152345042272
13000000 0.084024798972
14000000 0.17219602719
15000000 0.24507899691
16000000 0.2911760135
17000000 0.31606997268
18000000 0.32740903156
19000000 0.32315905332
20000000 0.299544971
22000000 0.2145580494
24000000 0.1307479914
26000000 0.076978098886
28000000 0.049015496523
30000000 0.03556839462
35000000 0.024283008
40000000 0.01989850788
45000000 0.01680040161
50000000 0.0142985998683
55000000 0.0124064002818
60000000 0.0108128989885
65000000 0.0094799299002
70000000 0.0084839493309
75000000 0.0075799100688
80000000 0.0067400196656
90000000 0.0054326004164
100000000 0.0044674704495
110000000 0.003763630209
120000000 0.00324996996
130000000 0.00282892022
140000000 0.0025049397615
150000000 0.0022466801577
160000000 0.002008999575
180000000 0.0016625598462
200000000 0.0014168201886
#Header 
#Target 47 117 0
#Product 48 116 0
#Datapoints 45
1000000 0
2000000 0
3000000 6.3337195602E-5
4000000 0.00363145978272
5000000 0.031101809070459
6000000 0.104849998016
7000000 0.21564998448
8000000 0.347508011466
9000000 0.486224038056
10000000 0.61827809205119
11000000 0.73687713831498
12000000 0.811061002843
13000000 0.75265394784
14000000 0.60999204442
15000000 0.46287598632
16000000 0.35195804562
17000000 0.27364301106
18000000 0.22413002425
19000000 0.19145100188
20000000 0.1707719568
22000000 0.14646197132
24000000 0.131783006511
26000000 0.121237999422
28000000 0.1122689969
30000000 0.10403899902
35000000 0.086789596896
40000000 0.072575201442
45000000 0.061567606266
50000000 0.052550501949
55000000 0.045449697363
60000000 0.03943450763
65000000 0.034536503621
70000000 0.030687497004
75000000 0.02700780612
80000000 0.0238506021
90000000 0.0190408049
100000000 0.01552980087
110000000 0.0129509967
120000000 0.01104009993
130000000 0.009612759366
140000000 0.0085235107244
150000000 0.0075366003735
160000000 0.0067613202402
180000000 0.0055785998268
200000000 0.0047434306419
#Header 
#Target 47 117 0
#Product 48 117 0
#Datapoints 46
1000000 0
1000000 1.90393002216E-12
2000000 7.204380706E-7
3000000 0.000123312993872
4000000 0.00113674990352
5000000 0.0029424507712752
6000000 0.0041696201196
7000000 0.0046680500536
8000000 0.00515528118
9000000 0.0056676116758
10000000 0.0061761707596983
11000000 0.0065917202885798
12000000 0.00693075028911
13000000 0.0070766695548
14000000 0.0070128697146
15000000 0.0069031494675
16000000 0.0067475596498
17000000 0.0065662500558
18000000 0.0062890402625
19000000 0.0060581906192
20000000 0.0058141290624
22000000 0.0053968395008
24000000 0.0049956903009
26000000 0.0045957393456
28000000 0.0042518800833
30000000 0.003929139588
35000000 0.0032512297536
40000000 0.0027419402073
45000000 0.0022352496864
50000000 0.0019660306149
55000000 0.0016231202617
60000000 0.0014433199144
65000000 0.00121839004917
70000000 0.00110402005024
75000000 0.00096154599144
80000000 0.00084616789972
90000000 0.00066636701352
100000000 0.00053755408245
110000000 0.0004507830774
120000000 0.000380321043
130000000 0.0003262680344
140000000 0.00028928102831
150000000 0.00025760298729
160000000 0.00022999701129
180000000 0.00019199901204
200000000 0.00013066395336
#Header 
#Target 47 117 0
#Product 48 118 0
#Datapoints 46
1000000 0
1000000 1.46534016696E-15
2000000 5.184680442E-10
3000000 1.4119198868E-7
4000000 4.14584996672E-6
5000000 3.5030608091994E-5
6000000 0.00012504902976
7000000 0.00026627603952
8000000 0.00043566809832
9000000 0.00060530424116
10000000 0.0007474831767356
11000000 0.0008170614611209
12000000 0.000811936991286
13000000 0.00074662103636
14000000 0.00066907103357
15000000 0.00060319505169
16000000 0.00055085799492
17000000 0.0005116200471
18000000 0.00047982695039
19000000 0.0004528430636
20000000 0.00043214896024
22000000 0.00039249097272
24000000 0.00036322394706
26000000 0.00034101200788
28000000 0.00032444499174
30000000 0.0003076559442
35000000 0.0002688950232
40000000 0.00024472394577
45000000 0.00022450706078
50000000 0.00020678396607
55000000 0.00018990206186
60000000 0.0001784440133
65000000 0.00016233000808
70000000 0.0001535529735
75000000 0.00014014493556
80000000 0.000133423001296
90000000 0.000115565006892
100000000 0.000102200998185
110000000 8.830549443E-5
120000000 7.65705012E-5
130000000 6.9663893684E-5
140000000 6.3351398017E-5
150000000 5.4290002657E-5
160000000 4.6558898397E-5
180000000 3.757030398E-5
200000000 3.1059500103E-5
