#Header 
#Target 80 206 0
#Product 0 1 0
#Datapoints 45
1000000 0
2000000 3.480460893E-13
3000000 5.736485768E-9
4000000 1.6380166E-6
5000000 6.902867181E-5
6000000 0.0009659609619018
7000000 0.008231793759
8000000 0.04142815049
9000000 0.1300435112049
10000000 0.2931411808
11000000 0.5311318656
12000000 0.8235398574
13000000 1.132543140003
14000000 1.4237156856
15000000 1.7196857106
16000000 2.078678543949
17000000 2.49328506
18000000 2.905562947
19000000 3.272147106
20000000 3.56938686
22000000 3.992114532
24000000 4.365983664
26000000 4.863820192
28000000 5.370323936
30000000 5.73189523
35000000 6.521444307
40000000 7.251143125
45000000 7.74397645713
50000000 8.19174167172
55000000 8.56803764556
60000000 8.8459589647
65000000 9.078465357
70000000 9.26072725093
75000000 9.44987019697
80000000 9.58291001616
90000000 9.90541228306
100000000 10.2113557538
110000000 10.54958130552
120000000 10.88298446536
130000000 11.21439172761
140000000 11.55067434672
150000000 11.87778642558
160000000 12.2029971735
180000000 12.84634229494
200000000 13.45953269388
#Header 
#Target 80 206 0
#Product 1 1 0
#Datapoints 44
1000000 0
3000000 0
4000000 1.135825361E-16
5000000 8.966225495E-13
6000000 3.162170302735E-10
7000000 1.7245729704E-8
8000000 3.333780281E-7
9000000 3.151290940443E-6
10000000 1.805050468E-5
11000000 7.072203E-5
12000000 0.0001995483789
13000000 0.0004321601543313
14000000 0.0007957590966
15000000 0.0013729251432
16000000 0.002334901500099
17000000 0.00394369524
18000000 0.006523550007
19000000 0.010364880358
20000000 0.01574828622
22000000 0.03072717658
24000000 0.05102753904
26000000 0.07619802432
28000000 0.10517803628
30000000 0.13764775386
35000000 0.2296858032
40000000 0.3292388125
45000000 0.430339984359
50000000 0.529524147798
55000000 0.622711069074
60000000 0.71328492422
65000000 0.793097533125
70000000 0.871331305514
75000000 0.939202725953
80000000 1.00497401004
90000000 1.117475435713
100000000 1.21091532694
110000000 1.288013611092
120000000 1.353354569462
130000000 1.408520774088
140000000 1.454759136348
150000000 1.498492948093
160000000 1.538708994725
180000000 1.616539715007
200000000 1.71919234665
#Header 
#Target 80 206 0
#Product 1 2 0
#Datapoints 41
1000000 0
6000000 0
7000000 1.5476226558E-19
8000000 4.875590089E-15
9000000 3.329954639775E-12
10000000 2.596628242E-10
11000000 1.4432346192E-8
12000000 4.1265762876E-7
13000000 5.840949327336E-6
14000000 4.7139351714E-5
15000000 0.00023527073466
16000000 0.0008101377945423
17000000 0.0019750828
18000000 0.003767058372
19000000 0.006101863196
20000000 0.00884542986
22000000 0.01502253046
24000000 0.02149520112
26000000 0.03123887712
28000000 0.03692916416
30000000 0.0425711949
35000000 0.05497439787
40000000 0.065424255
45000000 0.074480338086
50000000 0.0824743384084
55000000 0.0899293994874
60000000 0.0963074140138
65000000 0.103239027
70000000 0.1090530603074
75000000 0.1157979255979
80000000 0.1220176167912
90000000 0.1237804974252
100000000 0.126708578158
110000000 0.126051310171
120000000 0.1249976704438
130000000 0.1229302024875
140000000 0.1215888439732
150000000 0.1220586745551
160000000 0.1214979162425
180000000 0.1163387925399
200000000 0.1114149797148
#Header 
#Target 80 206 0
#Product 1 3 0
#Datapoints 41
1000000 0
6000000 0
7000000 6.297839868E-19
8000000 8.186284761E-15
9000000 2.957605334682E-12
10000000 1.5254107882E-10
11000000 2.4704939112E-9
12000000 2.0380231638E-8
13000000 1.668169728324E-7
14000000 1.4839167252E-6
15000000 9.986482896E-6
16000000 4.592730351132E-5
17000000 0.000147068686
18000000 0.0003502224163
19000000 0.000672297797
20000000 0.0011097985932
22000000 0.002266131656
24000000 0.003669363792
26000000 0.005210880224
28000000 0.006748428316
30000000 0.008263997209
35000000 0.011806155291
40000000 0.01468354275
45000000 0.01695353829195
50000000 0.01906539414064
55000000 0.0213335727786
60000000 0.0238560583514
65000000 0.026973932895
70000000 0.0304359553875
75000000 0.0344367209007
80000000 0.0386169350112
90000000 0.0483927813271
100000000 0.05782331002
110000000 0.0656959308472
120000000 0.0727126797607
130000000 0.0777761417304
140000000 0.0832126657096
150000000 0.0876718582126
160000000 0.091250205865
180000000 0.0995056520143
200000000 0.1101833145294
#Header 
#Target 80 206 0
#Product 2 3 0
#Datapoints 33
1000000 0
14000000 0
15000000 1.6124059302E-18
16000000 3.865664644128E-16
17000000 2.8619441E-14
18000000 9.275342042E-13
19000000 1.654882038E-11
20000000 1.891765674E-10
22000000 9.591021358E-9
24000000 2.06182656E-7
26000000 2.473294912E-6
28000000 1.841115048E-5
30000000 8.229451629E-5
35000000 0.0007317204804
40000000 0.002035877875
45000000 0.00364986568125
50000000 0.00534072476916
55000000 0.00697789983258
60000000 0.0085323555207
65000000 0.009922300452
70000000 0.01122083298727
75000000 0.01242989998497
80000000 0.01362578243208
90000000 0.01606678834957
100000000 0.0187394428278
110000000 0.0207307225912
120000000 0.0227198820198
130000000 0.0247352436198
140000000 0.0267934264156
150000000 0.0288517543188
160000000 0.0308809032525
180000000 0.0348997497996
200000000 0.0388530272517
#Header 
#Target 80 206 0
#Product 2 4 0
#Datapoints 45
1000000 0
2000000 0
3000000 9.108789106E-18
4000000 2.17842768E-14
5000000 4.567503271E-12
6000000 2.083639614824E-10
7000000 7.406782776E-9
8000000 5.007819771E-8
9000000 2.41231531383E-7
10000000 8.98524497E-7
11000000 2.7076398456E-6
12000000 7.280339508E-6
13000000 1.808660315403E-5
14000000 4.2240108612E-5
15000000 9.533558424E-5
16000000 0.0001828795023846
17000000 0.000333156456
18000000 0.0006423613013
19000000 0.0012078223074
20000000 0.001900632636
22000000 0.004683308446
24000000 0.01048265208
26000000 0.010759655104
28000000 0.009464511668
30000000 0.00960402738
35000000 0.011847516597
40000000 0.017148540875
45000000 0.0216776434779
50000000 0.0249537044502
55000000 0.0285956580006
60000000 0.0330195917128
65000000 0.0384488331525
70000000 0.0445517940185
75000000 0.0528559814248
80000000 0.0587269039968
90000000 0.0669300922451
100000000 0.074445253002
110000000 0.0780003421054
120000000 0.0762032228125
130000000 0.0759811938903
140000000 0.077382526508
150000000 0.07287179352
160000000 0.0724100289325
180000000 0.0817482603609
200000000 0.0880843151034
#Header 
#Target 80 206 0
#Product 76 182 0
#Datapoints 9
1000000 0
110000000 0
120000000 5.456108583772E-9
130000000 3.179298430035E-6
140000000 6.077324443448E-5
150000000 0.00011668411651785
160000000 0.00011379568872
180000000 7.970939707066E-5
200000000 7.022178861084E-5
#Header 
#Target 80 206 0
#Product 76 183 0
#Datapoints 10
1000000 0
100000000 0
110000000 1.542062559132E-11
120000000 7.883312093629E-8
130000000 9.510876354681E-6
140000000 5.9216685463E-5
150000000 8.417455620495E-5
160000000 7.46206180195E-5
180000000 5.036117510704E-5
200000000 3.74703751137E-5
#Header 
#Target 80 206 0
#Product 77 183 0
#Datapoints 10
1000000 0
100000000 0
110000000 2.3403517569E-13
120000000 2.531520106913E-7
130000000 5.780356280676E-5
140000000 0.0003143045682652
150000000 0.0007032680931495
160000000 0.00066359168428
180000000 0.0003056762454193
200000000 0.0003342359000142
#Header 
#Target 80 206 0
#Product 77 184 0
#Datapoints 10
1000000 0
100000000 0
110000000 1.1536576583952E-8
120000000 9.230517234897E-6
130000000 0.00017642147031297
140000000 0.0004058659193412
150000000 0.0005046989496812
160000000 0.0003531108490875
180000000 0.0002317900726792
200000000 0.0002375393025258
#Header 
#Target 80 206 0
#Product 77 185 0
#Datapoints 11
1000000 0
90000000 0
100000000 3.666238651E-12
110000000 1.2292688505948E-6
120000000 5.215769348587E-5
130000000 0.0002181585991545
140000000 0.0002819745722412
150000000 0.0002636800558764
160000000 0.0002194558031225
180000000 0.00015548341312007
200000000 0.0001814876561556
#Header 
#Target 80 206 0
#Product 77 186 0
#Datapoints 11
1000000 0
90000000 0
100000000 3.77220398924E-9
110000000 5.207152499604E-6
120000000 9.004196642518E-5
130000000 0.00015412554439011
140000000 0.00017362283634748
150000000 0.00016523184242178
160000000 0.000134639773646
180000000 0.00010412848945961
200000000 0.00011545771395762
#Header 
#Target 80 206 0
#Product 77 187 0
#Datapoints 12
1000000 0
80000000 0
90000000 3.83889587018E-11
100000000 2.77375761044E-7
110000000 2.74120569056E-5
120000000 0.00012243104505912
130000000 0.00013520119407696
140000000 0.00014718981950696
150000000 0.00011834584614465
160000000 8.91039075395E-5
180000000 6.965126904015E-5
200000000 9.470877558351E-5
#Header 
#Target 80 206 0
#Product 77 188 0
#Datapoints 12
1000000 0
80000000 0
90000000 2.200388895355E-9
100000000 2.98999636222E-6
110000000 7.105995773248E-5
120000000 0.00013004905717951
130000000 0.00010728806828409
140000000 9.874471985488E-5
150000000 7.332071325378E-5
160000000 5.80950125875E-5
180000000 5.512936864617E-5
200000000 7.345175439651E-5
#Header 
#Target 80 206 0
#Product 77 189 0
#Datapoints 14
1000000 0
70000000 0
75000000 2.0762338905E-14
80000000 2.56745661744E-11
90000000 2.220627820432E-7
100000000 2.20487103652E-5
110000000 0.00010421304687794
120000000 7.765217037158E-5
130000000 5.851656249156E-5
140000000 5.20625491742E-5
150000000 4.269313019217E-5
160000000 4.302583750675E-5
180000000 5.977008220365E-5
200000000 7.821033753378E-5
#Header 
#Target 80 206 0
#Product 77 190 0
#Datapoints 15
1000000 0
65000000 0
70000000 9.61528473288E-15
75000000 8.15149998002E-12
80000000 2.133238737864E-9
90000000 2.442183028628E-6
100000000 4.89887694836E-5
110000000 7.042782109998E-5
120000000 3.464388730635E-5
130000000 3.426943138371E-5
140000000 3.239262183304E-5
150000000 3.2079736078E-5
160000000 3.353561208725E-5
180000000 4.310561665844E-5
200000000 5.594689289466E-5
#Header 
#Target 80 206 0
#Product 77 193 0
#Datapoints 18
1000000 0
50000000 0
55000000 3.29121452538E-14
60000000 1.89701574216E-11
65000000 2.083514409E-9
70000000 6.275931259144E-8
75000000 5.49991261718E-7
80000000 1.6661492046264E-6
90000000 1.6599463430949E-6
100000000 4.40961273568E-7
110000000 4.881309624886E-7
120000000 7.804812460914E-7
130000000 1.0966674853314E-6
140000000 1.5392280523156E-6
150000000 2.01132819499E-6
160000000 2.76776065195E-6
180000000 6.626783636907E-6
200000000 1.2911429968986E-5
#Header 
#Target 80 206 0
#Product 77 194 0
#Datapoints 19
1000000 0
45000000 0
50000000 2.45445374934E-13
55000000 1.472695036506E-10
60000000 1.4348502011932E-8
65000000 3.31971863085E-7
70000000 2.25837306424E-6
75000000 5.312628131167E-6
80000000 5.347453616232E-6
90000000 1.321789431347E-6
100000000 9.38120200662E-7
110000000 1.7050444576774E-6
120000000 2.508873196641E-6
130000000 3.519790058358E-6
140000000 4.601656252912E-6
150000000 6.419157295329E-6
160000000 1.0708393098375E-5
180000000 2.818663185464E-5
200000000 6.001259322384E-5
#Header 
#Target 80 206 0
#Product 77 195 0
#Datapoints 20
1000000 0
40000000 0
45000000 5.26545928419E-13
50000000 1.564227415384E-10
55000000 8.336146199598E-9
60000000 1.1009124247902E-7
65000000 4.395146112675E-7
70000000 6.397028599855E-7
75000000 4.563270479825E-7
80000000 1.9046691185184E-7
90000000 9.758091690284E-8
100000000 2.23350784964E-7
110000000 4.142214541124E-7
120000000 6.807042984714E-7
130000000 8.966182121793E-7
140000000 1.4044582714528E-6
150000000 2.451712872607E-6
160000000 4.534641132875E-6
180000000 1.2974097817044E-5
200000000 2.500643565483E-5
#Header 
#Target 80 206 0
#Product 77 196 0
#Datapoints 22
1000000 0
30000000 0
35000000 1.3509083133E-15
40000000 4.8510645E-12
45000000 1.017077841984E-9
50000000 3.905527017028E-8
55000000 3.889958471208E-7
60000000 1.2661612795568E-6
65000000 1.6343396903475E-6
70000000 1.0741081772003E-6
75000000 5.683236379956E-7
80000000 4.110416232E-7
90000000 7.494935157479E-7
100000000 1.46259156435E-6
110000000 2.094358702122E-6
120000000 2.588392233672E-6
130000000 3.634784711469E-6
140000000 6.62426184346E-6
150000000 1.3395718872349E-5
160000000 2.6603607317E-5
180000000 6.327937903273E-5
200000000 0.00011000028888198
#Header 
#Target 80 206 0
#Product 77 197 0
#Datapoints 23
1000000 0
28000000 0
30000000 6.584405355E-15
35000000 3.13350681E-12
40000000 1.9094398875E-10
45000000 2.850067980594E-9
50000000 1.2575586079006E-8
55000000 1.9764842117202E-8
60000000 1.2860311123132E-8
65000000 6.054654674925E-9
70000000 4.72710414603E-9
75000000 6.642106903042E-9
80000000 1.182589706532E-8
90000000 3.669048777534E-8
100000000 7.97265538956E-8
110000000 1.218930174329E-7
120000000 1.95087584244E-7
130000000 4.848636004308E-7
140000000 1.2375235052156E-6
150000000 2.76747835882E-6
160000000 4.7763143729E-6
180000000 9.579170686778E-6
200000000 1.5330791667015E-5
#Header 
#Target 80 206 0
#Product 77 198 0
#Datapoints 26
1000000 0
22000000 0
24000000 8.916363936E-15
26000000 1.672962368E-13
28000000 1.6823594228E-12
30000000 1.2308394277E-11
35000000 5.172225639E-10
40000000 5.981719625E-9
45000000 2.222598123666E-8
50000000 3.04171793064E-8
55000000 2.304033605226E-8
60000000 1.8774570691844E-8
65000000 2.1398944338E-8
70000000 3.888040491614E-8
75000000 7.52030090924E-8
80000000 1.2736359208248E-7
90000000 2.686076530795E-7
100000000 4.06787490026E-7
110000000 6.263441149474E-7
120000000 1.7307343803232E-6
130000000 5.675190631317E-6
140000000 1.3077828349316E-5
150000000 2.383423647798E-5
160000000 3.754707110175E-5
180000000 6.776085742167E-5
200000000 0.00010338838274937
#Header 
#Target 80 206 0
#Product 78 184 0
#Datapoints 8
1000000 0
120000000 0
130000000 2.875310148429E-5
140000000 0.003166092051504
150000000 0.006506501651695
160000000 0.005903503511675
180000000 0.004497405307528
200000000 0.003946444071408
#Header 
#Target 80 206 0
#Product 78 185 0
#Datapoints 9
1000000 0
110000000 0
120000000 5.296309623395E-7
130000000 0.0005419145805237
140000000 0.004331346404404
150000000 0.005976152251919
160000000 0.00490386197
180000000 0.003767971485908
200000000 0.002732105559471
#Header 
#Target 80 206 0
#Product 78 186 0
#Datapoints 10
1000000 0
100000000 0
110000000 2.122986327448E-9
120000000 2.94213653209E-5
130000000 0.0015506343124776
140000000 0.005877353940596
150000000 0.005434064736655
160000000 0.004454366154525
180000000 0.003187719007991
200000000 0.003108048006228
#Header 
#Target 80 206 0
#Product 78 187 0
#Datapoints 11
1000000 0
90000000 0
100000000 6.2802988582E-15
110000000 2.879969711606E-7
120000000 0.00016413960595606
130000000 0.002863431631413
140000000 0.005207334243544
150000000 0.004004657829225
160000000 0.00274108675155
180000000 0.002082169064927
200000000 0.002989754248431
#Header 
#Target 80 206 0
#Product 78 188 0
#Datapoints 11
1000000 0
90000000 0
100000000 8.1424334988E-10
110000000 1.0338513916318E-5
120000000 0.0009241464830528
130000000 0.004307320942497
140000000 0.004857436984848
150000000 0.003242757954519
160000000 0.002392912204725
180000000 0.002230192118203
200000000 0.003019869617214
#Header 
#Target 80 206 0
#Product 78 189 0
#Datapoints 12
1000000 0
80000000 0
90000000 2.7237468146E-13
100000000 2.4207103641E-7
110000000 0.00012981111890466
120000000 0.001845279489606
130000000 0.003874750961661
140000000 0.003097802892044
150000000 0.001969014464981
160000000 0.00159026199731
180000000 0.001970678933944
200000000 0.001934280123672
#Header 
#Target 80 206 0
#Product 78 190 0
#Datapoints 12
1000000 0
80000000 0
90000000 2.898982028705E-9
100000000 1.170079147742E-5
110000000 0.0005961905910992
120000000 0.002717356046951
130000000 0.003315398018148
140000000 0.00199389942754
150000000 0.0014254072077611
160000000 0.0014400601469625
180000000 0.001745506254415
200000000 0.001838195843559
#Header 
#Target 80 206 0
#Product 78 191 0
#Datapoints 13
1000000 0
75000000 0
80000000 2.3541384828E-12
90000000 3.066628858573E-7
100000000 0.0001042041438008
110000000 0.0013709628132694
120000000 0.00274832136978
130000000 0.0017672141008422
140000000 0.0010692089085464
150000000 0.0011040819126003
160000000 0.001278740470595
180000000 0.0015511150154185
200000000 0.001773346780026
#Header 
#Target 80 206 0
#Product 78 192 0
#Datapoints 14
1000000 0
70000000 0
75000000 1.133154329548E-12
80000000 1.301664130728E-9
90000000 8.666425686205E-6
100000000 0.000472495243552
110000000 0.00203090804595
120000000 0.001979481500962
130000000 0.0010999569902031
140000000 0.0009301828131152
150000000 0.0009862770763389
160000000 0.001048023722515
180000000 0.0013675618710327
200000000 0.001686326738808
#Header 
#Target 80 206 0
#Product 78 193 0
#Datapoints 15
1000000 0
65000000 0
70000000 1.029698971479E-12
75000000 8.94905741611E-10
80000000 1.3090444750968E-7
90000000 2.338650381508E-5
100000000 0.000217606494362
110000000 0.0003315990035936
120000000 0.0002044013827779
130000000 0.00015435752186853
140000000 0.00016200357944952
150000000 0.0001803622522246
160000000 0.0002147916870575
180000000 0.0003058881734475
200000000 0.0004074014655051
#Header 
#Target 80 206 0
#Product 78 194 0
#Datapoints 16
1000000 0
60000000 0
65000000 1.830645699525E-11
70000000 1.5364686551064E-8
75000000 1.2806907707915E-6
80000000 1.979684907408E-5
90000000 0.0003545657497669
100000000 0.000921512713032
110000000 0.0006814578453058
120000000 0.0004394736345482
130000000 0.0004216972768875
140000000 0.0004636160904372
150000000 0.000567085418807
160000000 0.00072643980689
180000000 0.0011885673903803
200000000 0.001784381214522
#Header 
#Target 80 206 0
#Product 78 195 0
#Datapoints 18
1000000 0
50000000 0
55000000 3.41197751988E-15
60000000 3.50215627894E-11
65000000 9.520132538475E-9
70000000 3.361311668713E-7
75000000 3.083545876353E-6
80000000 1.2813855495792E-5
90000000 4.850106762837E-5
100000000 3.98739282598E-5
110000000 3.287412794932E-5
120000000 3.802915302753E-5
130000000 5.154533075556E-5
140000000 7.614892965168E-5
150000000 0.00012417485248383
160000000 0.0001884477408625
180000000 0.0003273667219235
200000000 0.0004490028905115
#Header 
#Target 80 206 0
#Product 78 196 0
#Datapoints 19
1000000 0
45000000 0
50000000 5.0491324245E-13
55000000 1.035455545044E-9
60000000 9.144985957712E-8
65000000 1.930686181965E-6
70000000 1.3837918330877E-5
75000000 5.751425533416E-5
80000000 0.0001447418659128
90000000 0.0002139893310562
100000000 0.0001534364669454
110000000 0.00014156376585438
120000000 0.00016771413985627
130000000 0.0002791572376743
140000000 0.000485639855576
150000000 0.0007650787136372
160000000 0.00104818366877
180000000 0.0016566982053972
200000000 0.00239498450301
#Header 
#Target 80 206 0
#Product 78 197 0
#Datapoints 20
1000000 0
40000000 0
45000000 1.128348826137E-12
50000000 8.11812815226E-10
55000000 3.740088028194E-8
60000000 3.809053903842E-7
65000000 2.0696951394E-6
70000000 7.600155622701E-6
75000000 1.4413359476259E-5
80000000 1.565033559024E-5
90000000 1.4150631107312E-5
100000000 1.549453394114E-5
110000000 2.442979022556E-5
120000000 6.492422910575E-5
130000000 0.00014642464263255
140000000 0.0002573931420336
150000000 0.0003863331831402
160000000 0.00052844299704
180000000 0.0008326910759762
200000000 0.0010472575554072
#Header 
#Target 80 206 0
#Product 78 198 0
#Datapoints 22
1000000 0
30000000 0
35000000 1.4327094726E-13
40000000 3.505240875E-10
45000000 5.626207492827E-5
50000000 6.585004326226E-8
55000000 6.027172012116E-7
60000000 4.018192782428E-6
65000000 1.4428422436275E-5
70000000 2.577136452883E-5
75000000 0.002130675359623
80000000 0.002241924317568
90000000 2.773219742566E-5
100000000 0.001596168907334
110000000 0.0014230368761424
120000000 0.0014193551318478
130000000 0.0015612627346515
140000000 0.001816306715908
150000000 0.0012947194036294
160000000 0.002315496135575
180000000 0.002807335411244
200000000 0.003209011742736
#Header 
#Target 80 206 0
#Product 78 199 0
#Datapoints 23
1000000 0
28000000 0
30000000 1.972054022E-14
35000000 1.7108084385E-11
40000000 7.066197125E-10
45000000 9.527384612847E-9
50000000 1.1962487144764E-7
55000000 6.634531403982E-7
60000000 1.448800056209E-6
65000000 1.8142675537275E-6
70000000 1.9522404208614E-6
75000000 2.089286500865E-6
80000000 2.162397559608E-6
90000000 4.81745012896E-6
100000000 3.3341649792E-5
110000000 0.00010931246276842
120000000 0.0002249337624786
130000000 0.0003587411367027
140000000 0.00049388949899
150000000 0.0006140373542287
160000000 0.0007459322592225
180000000 0.0009374604010954
200000000 0.0010968842215095
#Header 
#Target 80 206 0
#Product 78 200 0
#Datapoints 28
1000000 0
19000000 0
20000000 1.2741891264E-13
22000000 4.45413753E-10
24000000 5.0780907792E-8
26000000 8.1507705312E-7
28000000 4.097479808E-6
30000000 9.3349297767E-6
35000000 0.000109867000257
40000000 0.00065651100375
45000000 0.0014599292147085
50000000 0.0017860182315476
55000000 0.0016498952152272
60000000 0.00175218796984
65000000 0.0014860517908275
70000000 0.001430770850493
75000000 0.0013595285373961
80000000 0.001252376737248
90000000 0.0012155766934199
100000000 0.001049770676682
110000000 0.0011446088207726
120000000 0.0013637821955534
130000000 0.0015849793557459
140000000 0.001790630489828
150000000 0.001963585937588
160000000 0.0020650830991
180000000 0.002332895570264
200000000 0.002517486478089
#Header 
#Target 80 206 0
#Product 78 201 0
#Datapoints 26
1000000 0
22000000 0
24000000 6.50371608E-14
26000000 1.919616864E-12
28000000 2.762603316E-11
30000000 2.42139586E-10
35000000 8.8279009623E-9
40000000 7.8224288375E-8
45000000 2.503218861831E-7
50000000 4.144666430976E-7
55000000 4.954446051588E-7
60000000 5.19281484579E-7
65000000 5.199786060975E-7
70000000 9.082544242364E-7
75000000 4.430335585341E-6
80000000 1.8855001716408E-5
90000000 0.0001041038617248
100000000 0.000259372380936
110000000 0.0004381777063546
120000000 0.0006105274786198
130000000 0.0007728954470361
140000000 0.0009080971689828
150000000 0.0010310742742629
160000000 0.00112031006199
180000000 0.0012802141864211
200000000 0.0013864681574661
#Header 
#Target 80 206 0
#Product 78 202 0
#Datapoints 33
1000000 0
14000000 0
15000000 1.2610780572E-15
16000000 3.080005695144E-15
17000000 1.022329864E-14
18000000 4.486696371E-14
19000000 2.018374126E-13
20000000 7.825435002E-13
22000000 8.409733722E-12
24000000 5.656116384E-11
26000000 2.62205856E-10
28000000 9.140405924E-10
30000000 2.518070063E-9
35000000 1.41817000857E-8
40000000 3.3741203625E-8
45000000 4.835127327027E-8
50000000 5.373904637264E-8
55000000 5.443094910312E-8
60000000 1.203201722679E-7
65000000 1.3133737725525E-6
70000000 8.369929017722E-6
75000000 2.768315848678E-5
80000000 6.209176553112E-5
90000000 0.00016518168183916
100000000 0.000286516869164
110000000 0.0004036506367482
120000000 0.0005134339845194
130000000 0.0005948501163327
140000000 0.0006724897002132
150000000 0.0007259303082817
160000000 0.00078257643198
180000000 0.0008569338735006
200000000 0.0009097772394129
#Header 
#Target 80 206 0
#Product 78 203 0
#Datapoints 21
1000000 0
35000000 0
40000000 4.595291875E-13
45000000 3.53439446679E-11
50000000 2.618386409398E-9
55000000 1.6261052110398E-7
60000000 2.246934057698E-6
65000000 1.053186892065E-5
70000000 2.813381899419E-5
75000000 5.319407099733E-5
80000000 8.223719848344E-5
90000000 0.00013872348312837
100000000 0.000192460838952
110000000 0.0002372427909154
120000000 0.0002714376672826
130000000 0.0002989514584278
140000000 0.0003237452044928
150000000 0.0003438144573344
160000000 0.00035774391268
180000000 0.0003841671753885
200000000 0.0003989384961597
#Header 
#Target 80 206 0
#Product 78 204 0
#Datapoints 21
1000000 0
35000000 0
40000000 2.13877175E-13
45000000 5.72001932568E-10
50000000 5.945954951956E-8
55000000 8.702784689094E-7
60000000 4.255930665998E-6
65000000 1.08091666764E-5
70000000 1.9928494873456E-5
75000000 2.935159567365E-5
80000000 3.803328361248E-5
90000000 5.221951172319E-5
100000000 6.32164306694E-5
110000000 7.1747274528E-5
120000000 7.851617053322E-5
130000000 8.393552445789E-5
140000000 8.650325900748E-5
150000000 9.142472047686E-5
160000000 9.2101147698E-5
180000000 9.576262204208E-5
200000000 0.00010112245693866
#Header 
#Target 80 206 0
#Product 79 185 0
#Datapoints 7
1000000 0
130000000 0
140000000 0.003392119300684
150000000 0.006633950065911
160000000 0.002259657197875
180000000 0.007757244478053
200000000 0.005202913299642
#Header 
#Target 80 206 0
#Product 79 186 0
#Datapoints 8
1000000 0
120000000 0
130000000 0.001901814801966
140000000 0.01073988171736
150000000 0.003884838839056
160000000 0.0027393068724
180000000 0.005571171148963
200000000 0.004374373234206
#Header 
#Target 80 206 0
#Product 79 187 0
#Datapoints 9
1000000 0
110000000 0
120000000 6.284341588224E-5
130000000 0.0004487145885774
140000000 0.000216064375584
150000000 0.00010488013208932
160000000 0.0001844574114075
180000000 0.000188826852606
200000000 0.0002332013569863
#Header 
#Target 80 206 0
#Product 79 188 0
#Datapoints 10
1000000 0
100000000 0
110000000 6.525221291812E-5
120000000 0.006847918164248
130000000 0.009899812991952
140000000 0.00427866568764
150000000 0.003980381272193
160000000 0.004856920693275
180000000 0.004359759243819
200000000 0.006721649542803
#Header 
#Target 80 206 0
#Product 79 189 0
#Datapoints 11
1000000 0
90000000 0
100000000 8.88098976682E-7
110000000 0.000727090552524
120000000 0.003340114910594
130000000 0.00254323667934
140000000 0.0015828214476804
150000000 0.0014639606338776
160000000 0.001341978570625
180000000 0.0014728950335624
200000000 0.001750697063223
#Header 
#Target 80 206 0
#Product 79 190 0
#Datapoints 12
1000000 0
80000000 0
90000000 4.40923735483E-9
100000000 0.000345463321994
110000000 0.0085144838965
120000000 0.013584129050149
130000000 0.006893391727395
140000000 0.00383181222538
150000000 0.003497674089062
160000000 0.00335668206895
180000000 0.004287448584181
200000000 0.00625096027242
#Header 
#Target 80 206 0
#Product 79 191 0
#Datapoints 13
1000000 0
75000000 0
80000000 1.125361511352E-12
90000000 2.28633302212E-6
100000000 0.000282627238264
110000000 0.0010679475819808
120000000 0.0005913998967373
130000000 0.0002179787254992
140000000 0.0001858149718132
150000000 0.0002757890242057
160000000 0.0004340027134275
180000000 0.0007131893511631
200000000 0.0007289112745455
#Header 
#Target 80 206 0
#Product 79 192 0
#Datapoints 14
1000000 0
70000000 0
75000000 3.88504406229E-11
80000000 1.3131143215008E-7
90000000 0.0003883564697054
100000000 0.0077234184928
110000000 0.009325710668506
120000000 0.00301336649194
130000000 0.0017439773833818
140000000 0.002479626411584
150000000 0.003441982979231
160000000 0.003836071527225
180000000 0.004339126026242
200000000 0.005052944086146
#Header 
#Target 80 206 0
#Product 79 193 0
#Datapoints 16
1000000 0
60000000 0
65000000 3.21097298175E-15
70000000 9.713324257E-11
75000000 1.2218327856717E-7
80000000 1.1661405213432E-5
90000000 0.0008773468276328
100000000 0.00191923898706
110000000 0.0006056085405326
120000000 0.0002705068191329
130000000 0.0003920803669035
140000000 0.0005841008922516
150000000 0.0007316484273397
160000000 0.0009077489486275
180000000 0.0013092767307634
200000000 0.0015527899944504
#Header 
#Target 80 206 0
#Product 79 194 0
#Datapoints 17
1000000 0
55000000 0
60000000 2.88105854894E-15
65000000 3.457331469E-10
70000000 2.540208500659E-7
75000000 1.8163043874519E-5
80000000 0.0002360839430976
90000000 0.0015529635131955
100000000 0.000625633911226
110000000 0.00018249207026658
120000000 0.0002475346528795
130000000 0.0003820368498354
140000000 0.0005304521604268
150000000 0.0007015695064017
160000000 0.000932064422415
180000000 0.0012071925643771
200000000 0.0012532307087529
#Header 
#Target 80 206 0
#Product 79 195 0
#Datapoints 18
1000000 0
50000000 0
55000000 1.054965138012E-12
60000000 1.3183208632836E-8
65000000 3.495445971525E-6
70000000 9.67983211883E-5
75000000 0.0008209318949392
80000000 0.002039292869328
90000000 0.0013994839308814
100000000 0.000351916685652
110000000 0.0003689306138494
120000000 0.000560093000124
130000000 0.0008238294599445
140000000 0.0011798521053672
150000000 0.0015842001462462
160000000 0.00188671700315
180000000 0.002179994430432
200000000 0.002368426199352
#Header 
#Target 80 206 0
#Product 79 196 0
#Datapoints 19
1000000 0
45000000 0
50000000 1.339337808994E-11
55000000 1.0508369798844E-7
60000000 1.6533786519866E-5
65000000 0.00031493417967
70000000 0.0015954575142164
75000000 0.00268813866654
80000000 0.001989704665416
90000000 0.0004495491924315
100000000 0.000370976828072
110000000 0.0006096450711592
120000000 0.0010157274933106
130000000 0.0015239780110026
140000000 0.001983001256512
150000000 0.002383843116937
160000000 0.0026809282241
180000000 0.003125654371161
200000000 0.003632382840435
#Header 
#Target 80 206 0
#Product 79 197 0
#Datapoints 21
1000000 0
35000000 0
40000000 8.355755875E-15
45000000 2.659498333956E-9
50000000 2.917656723292E-6
55000000 0.000234656256123
60000000 0.002844381200694
65000000 0.009382564304775
70000000 0.012589644389128
75000000 0.008849979415015
80000000 0.004588204127832
90000000 0.002554204343873
100000000 0.00363786621866
110000000 0.005017994826128
120000000 0.006578912766328
130000000 0.008003087694315
140000000 0.009059915050684
150000000 0.00987096884016
160000000 0.010717393111075
180000000 0.012507015926706
200000000 0.01367966899251
#Header 
#Target 80 206 0
#Product 79 198 0
#Datapoints 22
1000000 0
30000000 0
35000000 3.373387248E-13
40000000 8.70546945E-8
45000000 3.68594792727E-5
50000000 0.001256098921019
55000000 0.007105719054708
60000000 0.012396514029702
65000000 0.0100414754325
70000000 0.005639914951108
75000000 0.003541471794205
80000000 0.003132946586328
90000000 0.004584315407308
100000000 0.00723683612832
110000000 0.009891905420024
120000000 0.012587558657443
130000000 0.014969217296943
140000000 0.017123318697136
150000000 0.01858393959153
160000000 0.0198938792675
180000000 0.02197970893755
200000000 0.02372244394905
#Header 
#Target 80 206 0
#Product 79 199 0
#Datapoints 24
1000000 0
26000000 0
28000000 3.816446828E-12
30000000 1.17235999321E-7
35000000 0.00051156404964
40000000 0.0036255597875
45000000 0.007031596927713
50000000 0.011009988684972
55000000 0.010685967833034
60000000 0.00717216167393
65000000 0.00531797366115
70000000 0.004727923827343
75000000 0.004675956351527
80000000 0.005521545674736
90000000 0.008142862098658
100000000 0.0116522975755
110000000 0.015227552869416
120000000 0.018237222052063
130000000 0.02079380950695
140000000 0.02271577855056
150000000 0.02463110498501
160000000 0.02608791075275
180000000 0.0284233585237
200000000 0.02986855031115
#Header 
#Target 80 206 0
#Product 79 200 0
#Datapoints 28
1000000 0
19000000 0
20000000 5.87004921E-15
22000000 6.263731272E-10
24000000 6.9162399216E-9
26000000 3.4802504352E-7
28000000 4.1110307512E-6
30000000 2.997470117E-5
35000000 0.00067631108874
40000000 0.0026466098375
45000000 0.003565818932331
50000000 0.003035736705334
55000000 0.002541713522148
60000000 0.002257745230972
65000000 0.00240591131865
70000000 0.002979910127252
75000000 0.003895701863194
80000000 0.00520975962
90000000 0.008584371794775
100000000 0.012098654119
110000000 0.014926586787164
120000000 0.017572808787961
130000000 0.01932160588146
140000000 0.02120810042776
150000000 0.02242497813003
160000000 0.02363247552225
180000000 0.02484657129206
200000000 0.0261095275827
#Header 
#Target 80 206 0
#Product 79 201 0
#Datapoints 35
1000000 0
12000000 0
13000000 1.011679871274E-13
14000000 8.64701838E-12
15000000 1.1432277324E-10
16000000 1.4406402710511E-9
17000000 1.099830278E-5
18000000 0.000115459009115
19000000 0.00039402597788
20000000 0.0006858849213
22000000 0.001756319497
24000000 0.0028841698224
26000000 0.003513970416
28000000 0.0037252201272
30000000 0.0040355095943
35000000 0.0057021404097
40000000 0.0057579494875
45000000 0.005122406624274
50000000 0.004257554701334
55000000 0.00396910765881
60000000 0.004504349394138
65000000 0.0052617355596
70000000 0.006550556722343
75000000 0.008382723926694
80000000 0.010490554040304
90000000 0.014594399274217
100000000 0.01834266433762
110000000 0.02120845926806
120000000 0.02313468423644
130000000 0.02486274282963
140000000 0.02594129221724
150000000 0.02647468062642
160000000 0.02713141261075
180000000 0.02782160878777
200000000 0.02820943470207
#Header 
#Target 80 206 0
#Product 79 202 0
#Datapoints 41
1000000 0
6000000 0
7000000 5.4738201849E-15
8000000 8.217970891E-13
9000000 4.861804108281E-11
10000000 1.15403996942E-9
11000000 1.27716994224E-8
12000000 8.8521895332E-8
13000000 4.132710575073E-7
14000000 1.41936979002E-6
15000000 3.98808993804E-6
16000000 9.853178705811E-6
17000000 2.265679868E-5
18000000 5.0176701029E-5
19000000 0.000110375007662
20000000 0.0002367839952
22000000 0.000944571063
24000000 0.0033118497216
26000000 0.0042178497856
28000000 0.0040535693744
30000000 0.0042924699464
35000000 0.0039932997552
40000000 0.0030337404375
45000000 0.002543469229374
50000000 0.003098847055144
55000000 0.004188547777626
60000000 0.005605830581538
65000000 0.0075990655089
70000000 0.010083093171277
75000000 0.012593615870783
80000000 0.015111859189752
90000000 0.01945546466507
100000000 0.0226545607958
110000000 0.024901051584
120000000 0.02639166269145
130000000 0.02729650374765
140000000 0.02774271774644
150000000 0.02818880001807
160000000 0.02812443251625
180000000 0.02817353517874
200000000 0.02778183362622
#Header 
#Target 80 206 0
#Product 79 203 0
#Datapoints 44
1000000 0
3000000 0
4000000 2.177660628E-14
5000000 4.567489458E-12
6000000 2.083629951523E-10
7000000 7.3935085482E-9
8000000 4.9995201351E-8
9000000 2.4076399397985E-7
10000000 8.9560293316E-7
11000000 2.68844001816E-6
12000000 7.1704882314E-6
13000000 1.7608300053093E-5
14000000 4.06482014094E-5
15000000 9.0913861506E-5
16000000 0.00017209001738943
17000000 0.0002977390254
18000000 0.00047377102313
19000000 0.00069843598326
20000000 0.00097050009132
22000000 0.001963880062
24000000 0.0042413197536
26000000 0.0029895603584
28000000 0.00165139994724
30000000 0.0012109401052
35000000 0.0007897720005
40000000 0.0013516601
45000000 0.002458968943881
50000000 0.003574757342174
55000000 0.005280714032526
60000000 0.007630146921716
65000000 0.01018867417245
70000000 0.012688741241723
75000000 0.015061340189317
80000000 0.01724116760184
90000000 0.02045369323123
100000000 0.0225628644116
110000000 0.02386147373426
120000000 0.02454291062671
130000000 0.02466446685453
140000000 0.02452650371012
150000000 0.0245040181216
160000000 0.0240748951905
180000000 0.02334965525403
200000000 0.02264524745529
#Header 
#Target 80 206 0
#Product 79 204 0
#Datapoints 31
1000000 0
16000000 0
17000000 2.85162182E-14
18000000 9.242186364E-13
19000000 1.648644048E-11
20000000 1.884249486E-10
22000000 9.5505607972E-9
24000000 2.0525800464E-7
26000000 2.4607909568E-6
28000000 1.8284103924E-5
30000000 8.1193491673E-5
35000000 0.00064176493773
40000000 0.001434370055
45000000 0.002843567958633
50000000 0.005165724711208
55000000 0.0079521158007
60000000 0.010695926044716
65000000 0.013286836417725
70000000 0.015752178304541
75000000 0.017865254610992
80000000 0.019348578201888
90000000 0.02214968061593
100000000 0.0235844583738
110000000 0.02416913533308
120000000 0.02416074401587
130000000 0.02368210772403
140000000 0.02355914655816
150000000 0.02294699782046
160000000 0.02235980988675
180000000 0.02119999748741
200000000 0.02014212817248
#Header 
#Target 80 206 0
#Product 79 205 0
#Datapoints 30
1000000 0
17000000 0
18000000 1.346599886E-15
19000000 2.39412796E-14
20000000 1.2468901176E-12
22000000 3.383387536E-10
24000000 2.4433005744E-8
26000000 5.9137504096E-7
28000000 6.219860522E-6
30000000 3.6149207192E-5
35000000 0.00055442295279
40000000 0.00220577935
45000000 0.004637578033467
50000000 0.0072441426615
55000000 0.009580272046362
60000000 0.011745118948794
65000000 0.013578431927175
70000000 0.015047993512273
75000000 0.016207305451211
80000000 0.017470858135848
90000000 0.018532629053729
100000000 0.0191549961574
110000000 0.01921588995898
120000000 0.01908911587072
130000000 0.01897196180526
140000000 0.01824414997828
150000000 0.01763339444094
160000000 0.017218073833975
180000000 0.01611899749831
200000000 0.014947371850887
#Header 
#Target 80 206 0
#Product 80 186 0
#Datapoints 6
1000000 0
140000000 0
150000000 1.0735770286496E-5
160000000 0.00500575224485
180000000 0.016691250798726
200000000 0.01005387299973
#Header 
#Target 80 206 0
#Product 80 187 0
#Datapoints 7
1000000 0
130000000 0
140000000 2.355135834E-7
150000000 0.0003475868714238
160000000 0.0015634772447875
180000000 0.0014247271604692
200000000 0.0010517054770308
#Header 
#Target 80 206 0
#Product 80 188 0
#Datapoints 8
1000000 0
120000000 0
130000000 1.2398375333754E-7
140000000 0.0012688387213072
150000000 0.015272897677505
160000000 0.0252857681405
180000000 0.015682908806446
200000000 0.011415633029577
#Header 
#Target 80 206 0
#Product 80 189 0
#Datapoints 8
1000000 0
120000000 0
130000000 0.0001835914651443
140000000 0.004418193927548
150000000 0.011702506243811
160000000 0.01173050344585
180000000 0.006295767704835
200000000 0.008083998790026
#Header 
#Target 80 206 0
#Product 80 190 0
#Datapoints 9
1000000 0
110000000 0
120000000 0.00011141847157028
130000000 0.005837517133443
140000000 0.02255540882548
150000000 0.02961415264219
160000000 0.02315756351825
180000000 0.01850208225201
200000000 0.0214336190085
#Header 
#Target 80 206 0
#Product 80 191 0
#Datapoints 10
1000000 0
100000000 0
110000000 4.65753605611E-6
120000000 0.0008703875730718
130000000 0.005747150918331
140000000 0.010252954494216
150000000 0.009134133562835
160000000 0.006821431946525
180000000 0.006870420928588
200000000 0.006698410608624
#Header 
#Target 80 206 0
#Product 80 192 0
#Datapoints 11
1000000 0
90000000 0
100000000 1.01530398206E-6
110000000 0.0010876151953778
120000000 0.013535335152556
130000000 0.03339615110175
140000000 0.03511840928244
150000000 0.02597007153791
160000000 0.023587874457
180000000 0.02630380610298
200000000 0.02134316074998
#Header 
#Target 80 206 0
#Product 80 193 0
#Datapoints 12
1000000 0
80000000 0
90000000 9.79570958688E-9
100000000 0.0001266630057588
110000000 0.00380167437307
120000000 0.015867831234458
130000000 0.02146531376475
140000000 0.015796419698512
150000000 0.014439940783713
160000000 0.01599380321665
180000000 0.014552194536117
200000000 0.015898824000087
#Header 
#Target 80 206 0
#Product 80 194 0
#Datapoints 13
1000000 0
75000000 0
80000000 6.35307674352E-11
90000000 3.921310651272E-5
100000000 0.0036793911193
110000000 0.0274791426973
120000000 0.05095725323073
130000000 0.04069644157386
140000000 0.03746904644248
150000000 0.03916513146803
160000000 0.03699017363125
180000000 0.03754274403957
200000000 0.03769588467306
#Header 
#Target 80 206 0
#Product 80 195 0
#Datapoints 14
1000000 0
70000000 0
75000000 4.22503110687E-10
80000000 6.618439040928E-7
90000000 0.0002291622189962
100000000 0.001817408069694
110000000 0.00343767563791
120000000 0.003412334939384
130000000 0.0041491818702
140000000 0.004369601136252
150000000 0.004442824059178
160000000 0.004904210659775
180000000 0.005043286665109
200000000 0.004807299027309
#Header 
#Target 80 206 0
#Product 80 196 0
#Datapoints 16
1000000 0
60000000 0
65000000 1.6783275852E-13
70000000 5.595056028342E-8
75000000 2.637819705113E-5
80000000 0.0006958954470936
90000000 0.014187827965969
100000000 0.0479475656952
110000000 0.05354345631112
120000000 0.05195482102622
130000000 0.04939803261576
140000000 0.0485495826884
150000000 0.05071366094601
160000000 0.04906590771075
180000000 0.04508772201689
200000000 0.04495536078885
#Header 
#Target 80 206 0
#Product 80 197 0
#Datapoints 17
1000000 0
55000000 0
60000000 1.989435084384E-11
65000000 3.624395409E-7
70000000 4.510657930423E-5
75000000 0.0004296308146424
80000000 0.0014457586605072
90000000 0.005548439900409
100000000 0.00804570817372
110000000 0.009624116480766
120000000 0.010857684537021
130000000 0.011910843757782
140000000 0.012302144936296
150000000 0.011927267988073
160000000 0.012382079731525
180000000 0.01266487679471
200000000 0.011867120843937
#Header 
#Target 80 206 0
#Product 80 198 0
#Datapoints 18
1000000 0
50000000 0
55000000 2.125004758848E-8
60000000 2.760139984646E-5
65000000 0.0007806733690725
70000000 0.004366541038342
75000000 0.013369190593839
80000000 0.02994563892528
90000000 0.05865417439665
100000000 0.0643778040814
110000000 0.06595604457474
120000000 0.06804894168422
130000000 0.06686549652843
140000000 0.06535765991952
150000000 0.06601494738219
160000000 0.06423037398225
180000000 0.0607357494429
200000000 0.06018810300189
#Header 
#Target 80 206 0
#Product 80 199 0
#Datapoints 20
1000000 0
40000000 0
45000000 2.83303828428E-12
50000000 5.910404513388E-7
55000000 7.709118235632E-5
60000000 0.0005354123090008
65000000 0.0017118289738575
70000000 0.004606755998067
75000000 0.008429102138274
80000000 0.011517811770504
90000000 0.0163294810987
100000000 0.0194922623438
110000000 0.02128836507058
120000000 0.02213590635669
130000000 0.02281433009652
140000000 0.02311361780424
150000000 0.02324504907228
160000000 0.023230441416
180000000 0.02312180711071
200000000 0.02293821570855
#Header 
#Target 80 206 0
#Product 80 200 0
#Datapoints 21
1000000 0
35000000 0
40000000 2.4207810375E-8
45000000 4.330618058427E-5
50000000 0.0008536351175336
55000000 0.00394566842781
60000000 0.014087003576514
65000000 0.03599005339575
70000000 0.05984307981985
75000000 0.07745103411029
80000000 0.08917481718288
90000000 0.09857464404956
100000000 0.10266628455
110000000 0.10147536808992
120000000 0.09917196049383
130000000 0.09778788872883
140000000 0.09628679020996
150000000 0.09433932895251
160000000 0.09247816634875
180000000 0.09132885297249
200000000 0.08924904050793
#Header 
#Target 80 206 0
#Product 80 201 0
#Datapoints 23
1000000 0
28000000 0
30000000 3.03466894E-13
35000000 1.56524994234E-6
40000000 0.00030098607375
45000000 0.002165699351619
50000000 0.008803111388466
55000000 0.02899730451024
60000000 0.05994859726592
65000000 0.08718091813125
70000000 0.10554685838635
75000000 0.11573447013787
80000000 0.12181682582784
90000000 0.12494842174318
100000000 0.124335237602
110000000 0.1216570508582
120000000 0.11855054318723
130000000 0.11522497077234
140000000 0.11198511747856
150000000 0.10882845995195
160000000 0.10575918740275
180000000 0.10032245937371
200000000 0.09557316751758
#Header 
#Target 80 206 0
#Product 80 202 0
#Datapoints 27
1000000 0
20000000 0
22000000 1.0888595708E-13
24000000 1.1290697856E-9
26000000 2.8777692416E-7
28000000 1.1278600668E-5
30000000 0.000119131999646
35000000 0.00186266989818
40000000 0.0068742901375
45000000 0.02418068373462
50000000 0.0606760499688
55000000 0.09881539539696
60000000 0.12613513358248
65000000 0.14179026791475
70000000 0.15081292310379
75000000 0.15369030262267
80000000 0.15640036790976
90000000 0.15758219927492
100000000 0.152206582773
110000000 0.14699114635936
120000000 0.14152956658477
130000000 0.13633903476828
140000000 0.13109023897124
150000000 0.12685239946741
160000000 0.1218051795905
180000000 0.11384401185031
200000000 0.10712763656529
#Header 
#Target 80 206 0
#Product 80 203 0
#Datapoints 33
1000000 0
14000000 0
15000000 2.7314996046E-15
16000000 4.473936962208E-12
17000000 6.76853756E-10
18000000 2.7680197538E-8
19000000 4.6452900106E-7
20000000 4.6067598936E-6
22000000 0.000114063011082
24000000 0.00063118701504
26000000 0.0016848591584
28000000 0.0030950202592
30000000 0.0048962892901
35000000 0.0164762005611
40000000 0.0526461035
45000000 0.10198494320829
50000000 0.1401238518396
55000000 0.15987253357602
60000000 0.17134882866574
65000000 0.17617482468225
70000000 0.17876135717203
75000000 0.17844654056546
80000000 0.17682848350752
90000000 0.1700923423948
100000000 0.1616526988202
110000000 0.1530734484069
120000000 0.14433318513831
130000000 0.13731791189121
140000000 0.1307192850734
150000000 0.12446979720688
160000000 0.11914967275925
180000000 0.10938216146655
200000000 0.1014063191052
#Header 
#Target 80 206 0
#Product 80 204 0
#Datapoints 40
1000000 0
7000000 0
8000000 8.186364642E-15
9000000 2.957575720278E-12
10000000 1.52540921E-10
11000000 2.47049000352E-9
12000000 2.0382501204E-8
13000000 1.6684503696819E-7
14000000 1.48426976958E-6
15000000 9.9803326038E-6
16000000 4.5880203559113E-5
17000000 0.000146908009
18000000 0.00035125597583
19000000 0.0006853490583
20000000 0.00117955991826
22000000 0.0029029499084
24000000 0.0062589400992
26000000 0.0127276003008
28000000 0.024317893208
30000000 0.041621796888
35000000 0.100370001648
40000000 0.151215001375
45000000 0.18071590232418
50000000 0.19532479735566
55000000 0.20201239834542
60000000 0.2042965563166
65000000 0.20472955956
70000000 0.2018738124707
75000000 0.19812194756005
80000000 0.19391776163136
90000000 0.18173652494991
100000000 0.1702818972774
110000000 0.1595956988898
120000000 0.15068235057365
130000000 0.14164629988158
140000000 0.13348488489828
150000000 0.1270403532335
160000000 0.12041442782075
180000000 0.10990902202847
200000000 0.10114344780768
#Header 
#Target 80 206 0
#Product 80 205 0
#Datapoints 40
1000000 0
7000000 0
8000000 1.019148425E-14
9000000 2.279368850673E-11
10000000 4.1172602406E-9
11000000 1.64018001648E-7
12000000 2.44883987478E-6
13000000 1.9541204223102E-5
14000000 0.000104915027802
15000000 0.00041900401023
16000000 0.0013113196949727
17000000 0.003182909662
18000000 0.0063620000821
19000000 0.0110739999388
20000000 0.01757109555
22000000 0.035213007336
24000000 0.057435603696
26000000 0.084801599168
28000000 0.107137993548
30000000 0.126898006293
35000000 0.160930995057
40000000 0.17711699875
45000000 0.18304091944161
50000000 0.1842468049601
55000000 0.18470346382116
60000000 0.18157875628376
65000000 0.17521282834425
70000000 0.16972154108381
75000000 0.16263904046454
80000000 0.15683634513456
90000000 0.1437231437313
100000000 0.1321344896322
110000000 0.12133108295572
120000000 0.11242935029263
130000000 0.10483341532065
140000000 0.09811451431144
150000000 0.09194003568147
160000000 0.08675254146125
180000000 0.0777667008006
200000000 0.0708060177261
#Header 
#Target 80 206 0
#Product 80 206 0
#Datapoints 43
1000000 0
4000000 0
5000000 8.9661771495E-13
6000000 3.1621596731039E-10
7000000 1.7245598406E-8
8000000 3.3338202215E-7
9000000 3.1512605856789E-6
10000000 1.8046606526E-5
11000000 7.0571388936E-5
12000000 0.000197513006418
13000000 0.00041845108764843
14000000 0.00073786422216
15000000 0.00118843973274
16000000 0.0018307605429666
17000000 0.00272750019
18000000 0.0039101705912
19000000 0.005349479689
20000000 0.0069011097156
22000000 0.009701419673
24000000 0.011728200312
26000000 0.0132336001952
28000000 0.0140105997424
30000000 0.0145326007611
35000000 0.0149811009831
40000000 0.0145345006875
45000000 0.013968093657615
50000000 0.013100285872358
55000000 0.012277562954724
60000000 0.012078216715972
65000000 0.0109468646685
70000000 0.010813080806253
75000000 0.009728502982148
80000000 0.009389281111704
90000000 0.008150931669111
100000000 0.00700152772402
110000000 0.005811174680428
120000000 0.004863506486657
130000000 0.004067143606872
140000000 0.003400727237696
150000000 0.002831077953757
160000000 0.00235058889905
180000000 0.0016787126970649
200000000 0.0012781689994095
#Header 
#Target 80 206 0
#Product 81 187 0
#Datapoints 5
1000000 0
150000000 0
160000000 1.7326854635125E-5
180000000 0.0003404724124186
200000000 0.00013164810179796
#Header 
#Target 80 206 0
#Product 81 188 0
#Datapoints 6
1000000 0
140000000 0
150000000 1.5145021018645E-5
160000000 0.000309108107735
180000000 0.0001726150387955
200000000 0.0003031653964734
#Header 
#Target 80 206 0
#Product 81 189 0
#Datapoints 7
1000000 0
130000000 0
140000000 2.011577615884E-5
150000000 0.0012126433339351
160000000 0.001456187135795
180000000 0.0007825517279433
200000000 0.0010631701071678
#Header 
#Target 80 206 0
#Product 81 190 0
#Datapoints 8
1000000 0
120000000 0
130000000 7.192119110517E-6
140000000 0.0012675888723244
150000000 0.001782315596106
160000000 0.0011391266459825
180000000 0.0012617687940662
200000000 0.0008147669418807
#Header 
#Target 80 206 0
#Product 81 191 0
#Datapoints 9
1000000 0
110000000 0
120000000 3.481025555749E-6
130000000 0.0005168910338937
140000000 0.0009130304184036
150000000 0.0006651406300457
160000000 0.0006069833738675
180000000 0.0005251323109613
200000000 0.0004497715513611
#Header 
#Target 80 206 0
#Product 81 192 0
#Datapoints 10
1000000 0
100000000 0
110000000 2.294776338522E-8
120000000 0.0005153787366021
130000000 0.0015500144068812
140000000 0.0011913203455144
150000000 0.0009792870355862
160000000 0.00093376415496
180000000 0.000923735765099
200000000 0.0007164491596518
#Header 
#Target 80 206 0
#Product 81 193 0
#Datapoints 11
1000000 0
90000000 0
100000000 2.4413092407E-9
110000000 0.0015048375023868
120000000 0.011899948444769
130000000 0.010736207447607
140000000 0.006220842811564
150000000 0.004634400353732
160000000 0.003967817279825
180000000 0.003401264560708
200000000 0.002244635311263
#Header 
#Target 80 206 0
#Product 81 194 0
#Datapoints 11
1000000 0
90000000 0
100000000 0.000784949769254
110000000 0.017464396568068
120000000 0.02061110851604
130000000 0.011111454202266
140000000 0.00732259651448
150000000 0.006082593862266
160000000 0.00569941243725
180000000 0.004064196183495
200000000 0.002586783128463
#Header 
#Target 80 206 0
#Product 81 195 0
#Datapoints 12
1000000 0
80000000 0
90000000 0.00016485668711666
100000000 0.01079667768254
110000000 0.018516075985518
120000000 0.010117980196954
130000000 0.006514653944421
140000000 0.005322398943396
150000000 0.004813580369923
160000000 0.0041462926666
180000000 0.002437640062725
200000000 0.002038402534011
#Header 
#Target 80 206 0
#Product 81 196 0
#Datapoints 13
1000000 0
75000000 0
80000000 6.707763907104E-5
90000000 0.012668230254239
100000000 0.0349848809508
110000000 0.01924259364964
120000000 0.01074299971801
130000000 0.008306704321227
140000000 0.007117236493536
150000000 0.005623882420007
160000000 0.00425260314815
180000000 0.003049033714545
200000000 0.002547133151232
#Header 
#Target 80 206 0
#Product 81 197 0
#Datapoints 15
1000000 0
65000000 0
70000000 1.346172488739E-5
75000000 0.001306010038625
80000000 0.012225280305264
90000000 0.05006507805173
100000000 0.0269644430148
110000000 0.012889123181096
120000000 0.009043080683406
130000000 0.007282126299978
140000000 0.005631180455856
150000000 0.004302707325944
160000000 0.003506623876525
180000000 0.002743661754232
200000000 0.002078372228625
#Header 
#Target 80 206 0
#Product 81 198 0
#Datapoints 17
1000000 0
55000000 0
60000000 2.565701776594E-7
65000000 0.000970010946675
70000000 0.019698798821588
75000000 0.07571049298552
80000000 0.11567508820296
90000000 0.0661776567025
100000000 0.028026645104
110000000 0.01926879349708
120000000 0.014784371291501
130000000 0.010910381796216
140000000 0.008384827677432
150000000 0.006978450065696
160000000 0.005994426538975
180000000 0.004471541923926
200000000 0.003313643022627
#Header 
#Target 80 206 0
#Product 81 199 0
#Datapoints 18
1000000 0
50000000 0
55000000 0.0007174689501474
60000000 0.03858303899252
65000000 0.19988655030225
70000000 0.3291753552771
75000000 0.275826523883
80000000 0.15996621830904
90000000 0.06542751067496
100000000 0.0454142081966
110000000 0.0333829722798
120000000 0.02527539663082
130000000 0.0205162411833
140000000 0.017278396701384
150000000 0.014536924154771
160000000 0.01228969775845
180000000 0.009223231950555
200000000 0.007610711606667
#Header 
#Target 80 206 0
#Product 81 200 0
#Datapoints 20
1000000 0
40000000 0
45000000 4.062307025328E-5
50000000 0.03729506071282
55000000 0.2899622426742
60000000 0.5072385014136
65000000 0.4225916829375
70000000 0.2372481967221
75000000 0.13164397434152
80000000 0.0897842947404
90000000 0.0591098461016
100000000 0.0421353159186
110000000 0.03215831602058
120000000 0.02583044027935
130000000 0.02121074834085
140000000 0.017706233041904
150000000 0.015290694401645
160000000 0.013336001278075
180000000 0.010685378865371
200000000 0.008899105703637
#Header 
#Target 80 206 0
#Product 81 201 0
#Datapoints 21
1000000 0
35000000 0
40000000 0.0167978990375
45000000 0.3068269242663
50000000 0.6470813053952
55000000 0.5168633744466
60000000 0.2547292847154
65000000 0.13784030057025
70000000 0.09652504709159
75000000 0.07748233241242
80000000 0.0646448544924
90000000 0.04650331051716
100000000 0.0355889244624
110000000 0.02884289700696
120000000 0.02411795103613
130000000 0.02055584225385
140000000 0.01781041023952
150000000 0.015776013175064
160000000 0.0141976414685
180000000 0.011802096701157
200000000 0.010008294022653
#Header 
#Target 80 206 0
#Product 81 202 0
#Datapoints 23
1000000 0
28000000 0
30000000 0.0019745897388
35000000 0.37261106379
40000000 0.914214925
45000000 0.7428236736465
50000000 0.3526976546058
55000000 0.18641746268352
60000000 0.13190010162076
65000000 0.1056237025455
70000000 0.08815191185114
75000000 0.07463392726452
80000000 0.06439427148648
90000000 0.05053373014291
100000000 0.0415924603904
110000000 0.03498368218974
120000000 0.02993209421706
130000000 0.02620185438339
140000000 0.02335297215276
150000000 0.02103930833952
160000000 0.019294583896
180000000 0.016213672858131
200000000 0.01386697985721
#Header 
#Target 80 206 0
#Product 81 203 0
#Datapoints 27
1000000 0
20000000 0
22000000 0.0062504497424
24000000 0.115462004832
26000000 0.41889010944
28000000 0.7680370218
30000000 1.00905003744
35000000 0.84575299557
40000000 0.3067579825
45000000 0.16252892516286
50000000 0.12208886430758
55000000 0.09940249717866
60000000 0.08464122334998
65000000 0.07297699597425
70000000 0.0641308992288
75000000 0.05721914849691
80000000 0.05115372430896
90000000 0.04168355147047
100000000 0.0350034827064
110000000 0.02967089802602
120000000 0.02586412095792
130000000 0.02282472199476
140000000 0.02034704000676
150000000 0.01844914783473
160000000 0.016681873964
180000000 0.014082214368411
200000000 0.012185371879149
#Header 
#Target 80 206 0
#Product 81 204 0
#Datapoints 34
1000000 0
13000000 0
14000000 0.00114594022062
15000000 0.0407916010866
16000000 0.17614706049549
17000000 0.3938430228
18000000 0.62982594073
19000000 0.83750396804
20000000 0.9943729488
22000000 1.17967994908
24000000 1.16919990576
26000000 0.928742936
28000000 0.62481292856
30000000 0.40918491616
35000000 0.22460305497
40000000 0.175537990875
45000000 0.14569992881685
50000000 0.12458386942496
55000000 0.10836168463476
60000000 0.0948603581222
65000000 0.083567166966
70000000 0.07410920007143
75000000 0.06586828548878
80000000 0.0588691952472
90000000 0.04791161451377
100000000 0.0397418329708
110000000 0.03377352541874
120000000 0.02926218423688
130000000 0.02587340905794
140000000 0.02307412549252
150000000 0.02076905788754
160000000 0.01890705250875
180000000 0.01589055405154
200000000 0.013760128968681
#Header 
#Target 80 206 0
#Product 81 205 0
#Datapoints 41
1000000 0
6000000 0
7000000 0.0016725198783
8000000 0.0148287014469
9000000 0.056089407242763
10000000 0.135509996648
11000000 0.252377010384
12000000 0.395963001018
13000000 0.54764108506764
14000000 0.688862029206
15000000 0.775181012346
16000000 0.74995508839608
17000000 0.6292119976
18000000 0.47994594506
19000000 0.3498529434
20000000 0.26075301174
22000000 0.17416402976
24000000 0.146356002144
26000000 0.13386900208
28000000 0.125127999604
30000000 0.117242997472
35000000 0.100415998599
40000000 0.087356998
45000000 0.07631005714224
50000000 0.0666407340511
55000000 0.05896562502402
60000000 0.05147075579844
65000000 0.0450977346675
70000000 0.03971208942478
75000000 0.03500764028046
80000000 0.03117997099464
90000000 0.02514537525325
100000000 0.0208524348862
110000000 0.017665775238758
120000000 0.015293107215554
130000000 0.013390036656498
140000000 0.011995991502932
150000000 0.010800159676883
160000000 0.009786665506275
180000000 0.008259076782068
200000000 0.007122570119346
#Header 
#Target 80 206 0
#Product 81 206 0
#Datapoints 45
1000000 0
2000000 3.4804702971E-13
3000000 5.7365202062E-9
4000000 1.6380600335E-6
5000000 6.90284991475E-5
6000000 0.0009659570965814
7000000 0.00488633975721
8000000 0.0117699008576
9000000 0.017861505767343
10000000 0.022114906268
11000000 0.0263595010656
12000000 0.0316047000204
13000000 0.037233110793465
14000000 0.0424752978234
15000000 0.046711901769
16000000 0.04974869988333
17000000 0.05195360414
18000000 0.053326995646
19000000 0.05395130434
20000000 0.054064608984
22000000 0.053163194048
24000000 0.051136500672
26000000 0.048569097632
28000000 0.046172796488
30000000 0.043762803726
35000000 0.0381050019
40000000 0.03320899325
45000000 0.02881608840477
50000000 0.02590408400968
55000000 0.02198163694284
60000000 0.01980666406268
65000000 0.01667329344315
70000000 0.015010294213752
75000000 0.012790008222636
80000000 0.011835798082368
90000000 0.009495579385985
100000000 0.00781236075204
110000000 0.006606463211908
120000000 0.005663491357482
130000000 0.004982507468406
140000000 0.004420903800716
150000000 0.003945477578606
160000000 0.003578979607
180000000 0.002969504575359
200000000 0.0025684521072
#Header 
#Target 80 206 0
#Product 81 207 0
#Datapoints 46
1000000 0
1000000 0
2000000 2.0020099401E-17
3000000 2.91157015739E-12
4000000 8.92133924E-10
5000000 3.3097702251E-8
6000000 3.3170102063085E-7
7000000 4.09614046944E-6
8000000 1.78964992995E-5
9000000 4.8367606875384E-5
10000000 9.2140303112E-5
11000000 0.000145554995184
12000000 0.000200041988094
13000000 0.00024076901726757
14000000 0.000259647039756
15000000 0.000259969996728
16000000 0.00024828700123206
17000000 0.0002344630162
18000000 0.00022381997737
19000000 0.00021675301378
20000000 0.00021120394662
22000000 0.00019823401562
24000000 0.00018908798544
26000000 0.00018217706848
28000000 0.00017643907176
30000000 0.000171634995375
35000000 0.000160808992449
40000000 0.000148248996625
45000000 0.00014385293122122
50000000 0.00013310787658526
55000000 0.00012854861023284
60000000 0.00011872118161684
65000000 0.0001136216048265
70000000 0.00010487486068682
75000000 9.997844146298E-5
80000000 9.223338641088E-5
90000000 8.102853793118E-5
100000000 7.08548859288E-5
110000000 6.28410991801E-5
120000000 5.458118057028E-5
130000000 4.909426804863E-5
140000000 4.459087407284E-5
150000000 3.947997903642E-5
160000000 3.47266912545E-5
180000000 2.836627742718E-5
200000000 2.330714613375E-5
