#Header 
#Target 8 18 0
#Product 0 1 0
#Datapoints 45
1000000 0
2000000 0
3000000 0.07057739654
4000000 0.18305210861
5000000 0.25620545475
6000000 0.28119365901
7000000 0.30519399813
8000000 0.31064382111
9000000 0.2859263198
10000000 0.25718644896
11000000 0.29740611444
12000000 0.35221881772
13000000 0.39956383012
14000000 0.43805786207
15000000 0.46995496632
16000000 0.49137039666
17000000 0.5122099251353
18000000 0.53214470096
19000000 0.55002890307
20000000 0.57602874592
22000000 0.62180145168
24000000 0.6597612947827
26000000 0.6849083656387
28000000 0.700817810836
30000000 0.7089330192
35000000 0.72229368
40000000 0.721560424805
45000000 0.7137774644
50000000 0.70358288
55000000 0.6894550876
60000000 0.6755339006
65000000 0.6677283315
70000000 0.659552894
75000000 0.6518051299
80000000 0.6474180897
90000000 0.640855137
100000000 0.6371967084
110000000 0.6376722011
120000000 0.639708624
130000000 0.6413788395
140000000 0.645772876
150000000 0.6513774576
160000000 0.6576281472
180000000 0.6704814474
200000000 0.6811930334
#Header 
#Target 8 18 0
#Product 1 1 0
#Datapoints 45
1000000 0
2000000 2.78448247E-10
3000000 0.01493987192
4000000 0.05916487997
5000000 0.08566963128
6000000 0.1098806956
7000000 0.13412541499
8000000 0.15149715252
9000000 0.14885167522
10000000 0.14261451568
11000000 0.16933304849
12000000 0.19532448824
13000000 0.21628968676
14000000 0.23697543193
15000000 0.250290873
16000000 0.260871273
17000000 0.2702356346851
18000000 0.28113902862
19000000 0.29030571274
20000000 0.31088693972
22000000 0.35916366744
24000000 0.396687416557
26000000 0.4150089451557
28000000 0.421780014513
30000000 0.42352207064
35000000 0.426227184
40000000 0.43122859199
45000000 0.43568173264
50000000 0.439347909
55000000 0.44331323836
60000000 0.44579067702
65000000 0.44950123455
70000000 0.451888255
75000000 0.4530242903
80000000 0.4538338974
90000000 0.4569373458
100000000 0.4599975688
110000000 0.464600752
120000000 0.4707379008
130000000 0.4757843664
140000000 0.4832696624
150000000 0.4912832232
160000000 0.4988004352
180000000 0.514667817
200000000 0.5288808414
#Header 
#Target 8 18 0
#Product 1 2 0
#Datapoints 41
1000000 0
6000000 0
7000000 0.0012342893493
8000000 0.016016467068
9000000 0.02781577177
10000000 0.049037198056
11000000 0.055531360822
12000000 0.062217389556
13000000 0.072600446436
14000000 0.08192261857
15000000 0.093530367
16000000 0.10405529082
17000000 0.110993018472
18000000 0.11652605566
19000000 0.12097033338
20000000 0.12391567716
22000000 0.12756530904
24000000 0.1302918287619
26000000 0.1364206458545
28000000 0.143220495561
30000000 0.14573607128
35000000 0.142410684
40000000 0.1332350061404
45000000 0.12573514184
50000000 0.120920982
55000000 0.11823785776
60000000 0.11663089152
65000000 0.11586657261
70000000 0.11576409936
75000000 0.11683427145
80000000 0.11773991079
90000000 0.11799263814
100000000 0.11864998124
110000000 0.11894065095
120000000 0.11980795872
130000000 0.12153205911
140000000 0.12381207688
150000000 0.126689322
160000000 0.12974841728
180000000 0.13646780226
200000000 0.14295096956
#Header 
#Target 8 18 0
#Product 1 3 0
#Datapoints 43
1000000 0
4000000 0
5000000 0.0033795010827
6000000 0.023226728619
7000000 0.024238671569
8000000 0.019112487303
9000000 0.012884742814
10000000 0.0067447503536
11000000 0.0043322901166
12000000 0.0042988203076
13000000 0.0063878202416
14000000 0.0075397534919
15000000 0.009611373618
16000000 0.017917427151
17000000 0.02730940577078
18000000 0.034134054372
19000000 0.036557054546
20000000 0.036624347298
22000000 0.032507094576
24000000 0.0268822119988
26000000 0.02149465090255
28000000 0.01756652156974
30000000 0.014384773832
35000000 0.0143298132
40000000 0.01573223780533
45000000 0.01630611598
50000000 0.016845562825
55000000 0.017506370208
60000000 0.0179069969
65000000 0.018571877199
70000000 0.019297832554
75000000 0.020036306946
80000000 0.020853938547
90000000 0.022276094568
100000000 0.023615472972
110000000 0.02461149977
120000000 0.025743837024
130000000 0.026916973692
140000000 0.028270895504
150000000 0.029698745541
160000000 0.03113237888
180000000 0.03413964618
200000000 0.03715598364
#Header 
#Target 8 18 0
#Product 2 3 0
#Datapoints 32
1000000 0
15000000 0
16000000 8.590833108E-8
17000000 3.70030414747E-5
18000000 0.00030158677154
19000000 0.00053425752947
20000000 0.0008721342764
22000000 0.0019806064968
24000000 0.003995399541101
26000000 0.00601854368752
28000000 0.00793650774917
30000000 0.009474976728
35000000 0.0130742844
40000000 0.01538767456221
45000000 0.01659169974
50000000 0.0169955786
55000000 0.016715450364
60000000 0.016377606544
65000000 0.016100764506
70000000 0.01597212799
75000000 0.015832742501
80000000 0.015769426257
90000000 0.015988288758
100000000 0.01645574336
110000000 0.01671663345
120000000 0.017230671648
130000000 0.017893238286
140000000 0.018723976856
150000000 0.019678371873
160000000 0.020696871808
180000000 0.022905732006
200000000 0.02522061874
#Header 
#Target 8 18 0
#Product 2 4 0
#Datapoints 45
1000000 0
2000000 0.21070697977
3000000 0.24692979111
4000000 0.2448403476
5000000 0.25746455772
6000000 0.25227831799
7000000 0.24366833792
8000000 0.24644796981
9000000 0.32280958538
10000000 0.43181757248
11000000 0.47101859609
12000000 0.48603715608
13000000 0.48066655056
14000000 0.47318468281
15000000 0.4574510199
16000000 0.43389959418
17000000 0.407388554118
18000000 0.38103442521
19000000 0.36983496297
20000000 0.3468650173
22000000 0.31002618192
24000000 0.2848298729001
26000000 0.2673263190304
28000000 0.2539295816057
30000000 0.25534217
35000000 0.238771716
40000000 0.2277451135564
45000000 0.2178485848
50000000 0.21088492425
55000000 0.2035872424
60000000 0.19516889002
65000000 0.18807312519
70000000 0.18048730518
75000000 0.17341653639
80000000 0.16752407445
90000000 0.1582708959
100000000 0.15195586
110000000 0.14713600451
120000000 0.14308352256
130000000 0.13921249146
140000000 0.13563599888
150000000 0.13234206143
160000000 0.12917698944
180000000 0.1233911187
200000000 0.11818916916
#Header 
#Target 8 18 0
#Product 3 6 0
#Datapoints 23
1000000 0
28000000 0
30000000 4.32926021344E-9
35000000 3.242649708E-5
40000000 0.00016533201640559
45000000 0.000212679022556
50000000 0.000209308005725
55000000 0.000197124002692
60000000 0.000193782984148
65000000 0.000224640975594
70000000 0.000310808018066
75000000 0.00046855610469
80000000 0.00069811690158
90000000 0.00128499001566
100000000 0.00191683980796
110000000 0.00255059015343
120000000 0.00328743995328
130000000 0.0041335514325
140000000 0.0050967992608
150000000 0.0060870888508
160000000 0.0070388904832
180000000 0.008723750517
200000000 0.0099933595463
#Header 
#Target 8 18 0
#Product 3 7 0
#Datapoints 29
1000000 0
18000000 0
19000000 5.020903738E-15
20000000 8.515580092E-11
22000000 1.09724033424E-6
24000000 4.5831503617077E-5
26000000 0.00023923303715633
28000000 0.00050210110784262
30000000 0.00120045018832
35000000 0.000878182326
40000000 0.00051436111854184
45000000 0.000302448969592
50000000 0.00021143998785
55000000 0.000224273984364
60000000 0.00032672902314
65000000 0.00053129812626
70000000 0.00083375609044
75000000 0.00118077983612
80000000 0.0015149198313
90000000 0.00203777013414
100000000 0.00248299012864
110000000 0.00300962008864
120000000 0.0036743099712
130000000 0.0043667901039
140000000 0.0050600988112
150000000 0.0056969584647
160000000 0.0062658702976
180000000 0.0072445204944
200000000 0.0078948689122
#Header 
#Target 8 18 0
#Product 3 8 0
#Datapoints 20
1000000 0
40000000 0
45000000 3.91018968648E-8
50000000 2.1450602355E-6
55000000 8.5945377348E-6
60000000 2.00439017038E-5
65000000 4.06872019704E-5
70000000 7.0047306966E-5
75000000 0.000102267989365
80000000 0.000132166994742
90000000 0.000179829015834
100000000 0.000236222991284
110000000 0.000325383980251
120000000 0.00045045491424
130000000 0.00059394893985
140000000 0.00075196911368
150000000 0.00092117896125
160000000 0.00109991001472
180000000 0.00145554009624
200000000 0.00172580007892
#Header 
#Target 8 18 0
#Product 3 9 0
#Datapoints 20
1000000 0
40000000 0
45000000 1.7079783336E-14
50000000 4.12287041075E-9
55000000 2.07613992564E-7
60000000 1.08332975296E-6
65000000 2.5588397259E-6
70000000 3.98636014868E-6
75000000 4.9992713088E-6
80000000 5.8901914953E-6
90000000 8.5656285E-6
100000000 1.39001996896E-5
110000000 2.14523994091E-5
120000000 3.00471008352E-5
130000000 3.8812909653E-5
140000000 4.8213010936E-5
150000000 5.792598819E-5
160000000 6.7742800256E-5
180000000 8.48100051E-5
200000000 9.5146000425E-5
#Header 
#Target 8 18 0
#Product 3 10 0
#Datapoints 15
1000000 0
65000000 0
70000000 5.291204646E-12
75000000 1.75175001794E-9
80000000 2.33773009533E-8
90000000 2.27859023184E-7
100000000 6.9938587544E-7
110000000 1.37960000222E-6
120000000 2.15664979968E-6
130000000 2.98235998788E-6
140000000 3.9285894904E-6
150000000 4.9311786548E-6
160000000 5.951990592E-6
180000000 7.5866586804E-6
200000000 8.564959538E-6
#Header 
#Target 8 18 0
#Product 3 11 0
#Datapoints 13
1000000 0
75000000 0
80000000 1.6492971033E-13
90000000 1.2176882094E-10
100000000 1.27114013852E-9
110000000 4.1098516987E-9
120000000 8.2418399328E-9
130000000 1.38792995817E-8
140000000 2.15418018496E-8
150000000 3.01797004982E-8
160000000 3.9432308608E-8
180000000 5.406840081E-8
200000000 6.3464289645E-8
#Header 
#Target 8 18 0
#Product 4 7 0
#Datapoints 20
1000000 0
40000000 0
45000000 4.2083303108E-9
50000000 1.75769983025E-6
55000000 1.09813985908E-5
60000000 2.7100096348E-5
65000000 5.6612110893E-5
70000000 0.000106620977736
75000000 0.000172458995572
80000000 0.000242477983926
90000000 0.000371604997296
100000000 0.000522149887
110000000 0.00073734384262
120000000 0.00103342987488
130000000 0.0013708799181
140000000 0.00173332011728
150000000 0.00210463995959
160000000 0.00247063984384
180000000 0.003164570595
200000000 0.003680370635
#Header 
#Target 8 18 0
#Product 4 8 0
#Datapoints 27
1000000 0
20000000 0
22000000 1.01510856E-15
24000000 1.4385804729898E-9
26000000 5.9502404815693E-7
28000000 9.41990859238E-6
30000000 8.6862527712E-5
35000000 0.001364959914
40000000 0.0026663104547443
45000000 0.0037477300168
50000000 0.0064850401525
55000000 0.0102890983244
60000000 0.01351320113
65000000 0.0157027008699
70000000 0.0168871024686
75000000 0.0175691996035
80000000 0.0182950977618
90000000 0.020345300001
100000000 0.0231186995312
110000000 0.025956499426
120000000 0.02845260192
130000000 0.0303062997909
140000000 0.031850899768
150000000 0.033123115746
160000000 0.034129303168
180000000 0.03532740723
200000000 0.035323394561
#Header 
#Target 8 18 0
#Product 4 9 0
#Datapoints 24
1000000 0
26000000 0
28000000 5.118187609392E-11
30000000 5.8537796128E-7
35000000 0.0002770940196
40000000 0.0014982101711022
45000000 0.00302198008728
50000000 0.0041880500935
55000000 0.00475864973856
60000000 0.00479916086
65000000 0.0047423700006
70000000 0.0047481579964
75000000 0.0049233098993
80000000 0.0052947383391
90000000 0.0064509507504
100000000 0.0077067998952
110000000 0.0087067812326
120000000 0.0095772591168
130000000 0.0103598013603
140000000 0.0111882987096
150000000 0.0119643000028
160000000 0.0125634017536
180000000 0.0131844999024
200000000 0.0131208015029
#Header 
#Target 8 18 0
#Product 4 10 0
#Datapoints 27
1000000 0
20000000 0
22000000 7.476807096E-15
24000000 3.3436304465477E-9
26000000 8.784613937463E-7
28000000 1.2986503783539E-5
30000000 7.9028968312E-5
35000000 0.0002505970224
40000000 0.00031863905537994
45000000 0.00030508698066
50000000 0.000272099994075
55000000 0.000243211016108
60000000 0.000234050995308
65000000 0.00026509697643
70000000 0.000333018989212
75000000 0.00043381892887
80000000 0.00055650704265
90000000 0.00080366091312
100000000 0.00101159989448
110000000 0.00119588017439
120000000 0.001393489992
130000000 0.00159170005575
140000000 0.00178213008328
150000000 0.00193518978293
160000000 0.00203717991552
180000000 0.00212115995676
200000000 0.00209388003557
#Header 
#Target 8 18 0
#Product 4 11 0
#Datapoints 20
1000000 0
40000000 0
45000000 8.879063732E-12
50000000 1.94729004925E-7
55000000 3.09029967352E-6
60000000 1.05601009774E-5
65000000 2.24192005914E-5
70000000 3.94443991942E-5
75000000 6.0456487098E-5
80000000 8.2548391401E-5
90000000 0.000118723994766
100000000 0.00014541902172
110000000 0.000171638988213
120000000 0.00020076501408
130000000 0.000227892019341
140000000 0.000251532999576
150000000 0.000268292018407
160000000 0.000278144976512
180000000 0.000284727988332
200000000 0.0002800009486
#Header 
#Target 8 18 0
#Product 4 12 0
#Datapoints 19
1000000 0
45000000 0
50000000 9.601271225E-14
55000000 1.54672988264E-9
60000000 5.72128908E-8
65000000 3.46241995191E-7
70000000 9.00837756E-7
75000000 1.52706999518E-6
80000000 2.11537984869E-6
90000000 3.11927004168E-6
100000000 4.1828504676E-6
110000000 5.4842409776E-6
120000000 6.8326315392E-6
130000000 7.9712003532E-6
140000000 8.875818884E-6
150000000 9.4769602028E-6
160000000 9.8125016064E-6
180000000 1.01163992742E-5
200000000 1.00708992923E-5
#Header 
#Target 8 18 0
#Product 4 13 0
#Datapoints 14
1000000 0
70000000 0
75000000 4.448509864E-13
80000000 6.375768345E-11
90000000 2.66701985394E-9
100000000 1.16344995088E-8
110000000 2.65844982546E-8
120000000 4.4221494048E-8
130000000 6.0052210617E-8
140000000 7.2551993384E-8
150000000 8.1692397751E-8
160000000 8.8004301312E-8
180000000 9.6089997816E-8
200000000 1.01003018548E-7
#Header 
#Target 8 18 0
#Product 4 14 0
#Datapoints 12
1000000 0
80000000 0
90000000 2.1830681886E-12
100000000 6.130880812E-11
110000000 2.831457134E-10
120000000 6.1458095904E-10
130000000 9.4682396298E-10
140000000 1.24199010216E-9
150000000 1.47705998802E-9
160000000 1.65628001536E-9
180000000 1.94524015932E-9
200000000 2.14552006741E-9
#Header 
#Target 8 18 0
#Product 5 8 0
#Datapoints 18
1000000 0
50000000 0
55000000 9.308069712E-11
60000000 3.4675900961E-8
65000000 4.52122003803E-7
70000000 1.76174003824E-6
75000000 3.87669021671E-6
80000000 6.260149944E-6
90000000 1.1633700117E-5
100000000 2.33109008916E-5
110000000 4.7777815118E-5
120000000 8.7004393344E-5
130000000 0.000136879975302
140000000 0.000196026001816
150000000 0.0002649750255
160000000 0.0003429029312
180000000 0.00050725114776
200000000 0.00063449512263
#Header 
#Target 8 18 0
#Product 5 9 0
#Datapoints 22
1000000 0
30000000 0
35000000 3.142030038E-7
40000000 3.8681402860337E-5
45000000 0.000152665028824
50000000 0.000249354002625
55000000 0.000305664982856
60000000 0.000323007995362
65000000 0.000342447015093
70000000 0.00039980300724
75000000 0.00051936885428
80000000 0.00069953587326
90000000 0.00121347019014
100000000 0.00182181978384
110000000 0.0023960298791
120000000 0.00295915000416
130000000 0.0035280091644
140000000 0.0041483496736
150000000 0.0047465990963
160000000 0.0052508313344
180000000 0.0058648705254
200000000 0.0060005386029
#Header 
#Target 8 18 0
#Product 5 10 0
#Datapoints 27
1000000 0
20000000 0
22000000 6.8861168016E-12
24000000 3.8742802729353E-7
26000000 3.1881106816769E-5
28000000 0.00024514605136879
30000000 0.0011204601676
35000000 0.001940000262
40000000 0.0015649104346266
45000000 0.00101761984016
50000000 0.000734504862
55000000 0.00064523722212
60000000 0.00072008311934
65000000 0.0009550369878
70000000 0.0013460502146
75000000 0.00185852008973
80000000 0.00241082021493
90000000 0.00330979999818
100000000 0.0039508487116
110000000 0.0045344796354
120000000 0.005209469952
130000000 0.0058773692229
140000000 0.0064845495264
150000000 0.0069322007441
160000000 0.0071895404544
180000000 0.0072884196846
200000000 0.0070571989003
#Header 
#Target 8 18 0
#Product 5 11 0
#Datapoints 39
1000000 0
8000000 0
9000000 6.7578640442E-12
10000000 4.27203994728E-7
11000000 8.3475028944E-5
12000000 0.00146847011024
13000000 0.00679737972088
14000000 0.016192700562
15000000 0.0267840984852
16000000 0.0340432046721
17000000 0.037363408318187
18000000 0.0374257983164
19000000 0.0384826987847
20000000 0.0346008018736
22000000 0.02522030334
24000000 0.017731199348145
26000000 0.012535803605857
28000000 0.008891169590589
30000000 0.0066278384368
35000000 0.003247570224
40000000 0.0024371100393982
45000000 0.00286700017604
50000000 0.00393425971575
55000000 0.0057447000168
60000000 0.0079557385778
65000000 0.0100250001828
70000000 0.0115472022302
75000000 0.0123743990178
80000000 0.0128801023902
90000000 0.013395200949
100000000 0.0141354995992
110000000 0.01505629928
120000000 0.0158966998368
130000000 0.0163374993915
140000000 0.0165945002728
150000000 0.0164942010779
160000000 0.0161935014912
180000000 0.0153318000528
200000000 0.0143726007271
#Header 
#Target 8 18 0
#Product 5 12 0
#Datapoints 24
1000000 0
26000000 0
28000000 8.99006522557E-12
30000000 3.14456978656E-7
35000000 6.4559679E-5
40000000 0.00019381006354184
45000000 0.000333813013072
50000000 0.0005509037625
55000000 0.00081488013608
60000000 0.00101732022548
65000000 0.00114576012915
70000000 0.0012004700435
75000000 0.00122197996849
80000000 0.00124686986886
90000000 0.00133476987228
100000000 0.00145825015672
110000000 0.00155907992988
120000000 0.00162486024
130000000 0.00164207998416
140000000 0.00163650016344
150000000 0.00161268998265
160000000 0.0015740600192
180000000 0.00149327008848
200000000 0.00141148986819
#Header 
#Target 8 18 0
#Product 5 13 0
#Datapoints 22
1000000 0
30000000 0
35000000 5.10209985E-7
40000000 1.8609900392678E-5
45000000 7.1630581792E-5
50000000 0.000133558986925
55000000 0.00017461400438
60000000 0.000192632013886
65000000 0.00020362098171
70000000 0.000211526995134
75000000 0.000221014002094
80000000 0.000232016010354
90000000 0.000262395983382
100000000 0.000291691987944
110000000 0.000308863010368
120000000 0.000316918993056
130000000 0.000316623001212
140000000 0.00031333001
150000000 0.00030763290307
160000000 0.00030011801728
180000000 0.00028458396783
200000000 0.000268848978657
#Header 
#Target 8 18 0
#Product 5 14 0
#Datapoints 18
1000000 0
50000000 0
55000000 3.5642566336E-10
60000000 6.1286583826E-8
65000000 4.10410028538E-7
70000000 1.02039986594E-6
75000000 1.86187017182E-6
80000000 2.96750013345E-6
90000000 5.4757380834E-6
100000000 7.4371977288E-6
110000000 8.668108658E-6
120000000 9.388088832E-6
130000000 9.7251989142E-6
140000000 9.9229805664E-6
150000000 1.00356002211E-5
160000000 1.00476996352E-5
180000000 9.9757408734E-6
200000000 9.796269673E-6
#Header 
#Target 8 18 0
#Product 5 15 0
#Datapoints 17
1000000 0
55000000 0
60000000 6.336787054E-13
65000000 2.8961373234E-10
70000000 4.32543007624E-9
75000000 1.72332019723E-8
80000000 3.81522005298E-8
90000000 8.4521199828E-8
100000000 1.1865800772E-7
110000000 1.40740005472E-7
120000000 1.58287001184E-7
130000000 1.64872984605E-7
140000000 1.73172016096E-7
150000000 1.74465985982E-7
160000000 1.77483011712E-7
180000000 1.81437996384E-7
200000000 1.76551000373E-7
#Header 
#Target 8 18 0
#Product 6 9 0
#Datapoints 14
1000000 0
70000000 0
75000000 1.3589291087E-11
80000000 1.23450004863E-9
90000000 6.4545308178E-8
100000000 3.3362501928E-7
110000000 8.7363416646E-7
120000000 1.683349848E-6
130000000 2.71713991101E-6
140000000 4.047971088E-6
150000000 5.7145287397E-6
160000000 7.6215798656E-6
180000000 1.1159598564E-5
200000000 1.33706001393E-5
#Header 
#Target 8 18 0
#Product 6 10 0
#Datapoints 19
1000000 0
45000000 0
50000000 1.233289785E-10
55000000 7.591071574E-8
60000000 6.7351397802E-7
65000000 2.16327006162E-6
70000000 5.1591317778E-6
75000000 1.05731009348E-5
80000000 1.86647006502E-5
90000000 3.9233308764E-5
100000000 6.15339144E-5
110000000 8.7607708518E-5
120000000 0.000123203991168
130000000 0.000165736020114
140000000 0.000210142995776
150000000 0.000248763986974
160000000 0.000277312976384
180000000 0.00030375095166
200000000 0.00030302405441
#Header 
#Target 8 18 0
#Product 6 11 0
#Datapoints 22
1000000 0
30000000 0
35000000 5.208880362E-8
40000000 4.6950903210614E-5
45000000 0.000165986022664
50000000 0.000292750003
55000000 0.00055506797504
60000000 0.00100582004406
65000000 0.00153406004352
70000000 0.0019945498846
75000000 0.00231286022699
80000000 0.00252611002917
90000000 0.00285600972774
100000000 0.00331043010116
110000000 0.0038869214219
120000000 0.0044480312448
130000000 0.0048411700029
140000000 0.0050806898536
150000000 0.0051619206732
160000000 0.0051447503488
180000000 0.0049434514668
200000000 0.0046496811079
#Header 
#Target 8 18 0
#Product 6 12 0
#Datapoints 35
1000000 0
12000000 0
13000000 3.562608406E-11
14000000 2.4891197691E-6
15000000 0.00120724978626
16000000 0.00613584981009
17000000 0.012108500805786
18000000 0.0170054989784
19000000 0.0206147969137
20000000 0.021958901927
22000000 0.0210161960976
24000000 0.021478503840687
26000000 0.026702501893277
28000000 0.035823904697438
30000000 0.0479799057832
35000000 0.0800617146
40000000 0.10262803374287
45000000 0.11205799528
50000000 0.113085993475
55000000 0.107683988392
60000000 0.099934086746
65000000 0.094030585458
70000000 0.089357508604
75000000 0.086171020397
80000000 0.084101209056
90000000 0.081203004168
100000000 0.078271387208
110000000 0.074578599524
120000000 0.070504008384
130000000 0.066356198139
140000000 0.062373000976
150000000 0.058789712352
160000000 0.05553198976
180000000 0.04988968704
200000000 0.045261792762
#Header 
#Target 8 18 0
#Product 6 13 0
#Datapoints 34
1000000 0
13000000 0
14000000 2.7382596154E-13
15000000 1.4147498295E-7
16000000 3.75466988871E-5
17000000 0.00056871704451807
18000000 0.00249267022866
19000000 0.0095648808385
20000000 0.0205104023908
22000000 0.0553835984736
24000000 0.08546601623744
26000000 0.10195303342539
28000000 0.10667505219085
30000000 0.110905001096
35000000 0.0898997184
40000000 0.06990629861249
45000000 0.057521917068
50000000 0.0504044998275
55000000 0.0461758966024
60000000 0.0443249992406
65000000 0.0446434005102
70000000 0.04559740003
75000000 0.046534682499
80000000 0.046943686422
90000000 0.045764989842
100000000 0.043083517792
110000000 0.040243704589
120000000 0.037539690816
130000000 0.035014084224
140000000 0.032801113136
150000000 0.030870606491
160000000 0.0291232016128
180000000 0.0262008002394
200000000 0.0238294997973
#Header 
#Target 8 18 0
#Product 6 14 0
#Datapoints 40
1000000 0
7000000 0
8000000 1.55366006628E-6
9000000 0.00190501977782
10000000 0.01619650116
11000000 0.0321227004348
12000000 0.043054103386
13000000 0.0488045967416
14000000 0.0528105016856
15000000 0.0535410994608
16000000 0.0516807013554
17000000 0.047380206116243
18000000 0.0435232012354
19000000 0.0415189055838
20000000 0.039659902625
22000000 0.0373328018424
24000000 0.034545906898778
26000000 0.031240207049163
28000000 0.027767901704829
30000000 0.0243847977944
35000000 0.01863509784
40000000 0.015825704664767
45000000 0.0145406018912
50000000 0.01393619864
55000000 0.0145908990484
60000000 0.0150510986782
65000000 0.0150779987994
70000000 0.0150970021384
75000000 0.0150638980271
80000000 0.0141026985252
90000000 0.0128780023398
100000000 0.0117620001436
110000000 0.0106756001231
120000000 0.0097862704704
130000000 0.0091082914629
140000000 0.0085201000744
150000000 0.0079737513676
160000000 0.0072592301952
180000000 0.006288360678
200000000 0.0058463999929
#Header 
#Target 8 18 0
#Product 6 15 0
#Datapoints 24
1000000 0
26000000 0
28000000 4.460805467404E-15
30000000 8.8958222496E-8
35000000 4.293160098E-5
40000000 0.00012789002128531
45000000 0.000231078996764
50000000 0.000352950962
55000000 0.000488661003568
60000000 0.00060302710624
65000000 0.00069072479577
70000000 0.0007393510306
75000000 0.00075975912569
80000000 0.0007657501923
90000000 0.0007602451935
100000000 0.00074264604876
110000000 0.00071656195259
120000000 0.00068808705984
130000000 0.00065822306361
140000000 0.00063110305288
150000000 0.00060511782644
160000000 0.00057908992384
180000000 0.00053445896604
200000000 0.00049479296327
#Header 
#Target 8 18 0
#Product 6 16 0
#Datapoints 22
1000000 0
30000000 0
35000000 2.169440178E-8
40000000 3.3664306765306E-6
45000000 1.96123985596E-5
50000000 4.1168901865E-5
55000000 5.6548999952E-5
60000000 6.3548916158E-5
65000000 6.7263688416E-5
70000000 6.8561481716E-5
75000000 6.9011902469E-5
80000000 6.8725392138E-5
90000000 6.8783400426E-5
100000000 6.8527094552E-5
110000000 6.6685511013E-5
120000000 6.4560398784E-5
130000000 6.2053091247E-5
140000000 5.9578412696E-5
150000000 5.7035404425E-5
160000000 5.4384302592E-5
180000000 4.9488411384E-5
200000000 4.5145787546E-5
#Header 
#Target 8 18 0
#Product 7 10 0
#Datapoints 12
1000000 0
80000000 0
90000000 3.4608869178E-12
100000000 2.1919295328E-10
110000000 1.18821014862E-9
120000000 3.387639696E-9
130000000 7.4996196807E-9
140000000 1.54304990968E-8
150000000 2.67419982741E-8
160000000 4.1299798016E-8
180000000 6.833800026E-8
200000000 8.4482984719E-8
#Header 
#Target 8 18 0
#Product 7 11 0
#Datapoints 17
1000000 0
55000000 0
60000000 6.67864574E-12
65000000 3.14077013406E-9
70000000 4.2434598934E-8
75000000 1.67266981436E-7
80000000 3.63272975073E-7
90000000 7.571938686E-7
100000000 1.10228999748E-6
110000000 1.67380996222E-6
120000000 2.60236992864E-6
130000000 3.6855101514E-6
140000000 4.7252597768E-6
150000000 5.5191595045E-6
160000000 6.013920128E-6
180000000 6.3286285698E-6
200000000 6.1251307508E-6
#Header 
#Target 8 18 0
#Product 7 12 0
#Datapoints 20
1000000 0
40000000 0
45000000 1.17830977264E-8
50000000 9.8758885225E-7
55000000 6.2859616496E-6
60000000 1.5345698888E-5
65000000 2.2776496503E-5
70000000 2.5698701938E-5
75000000 2.58381983891E-5
80000000 2.4744299526E-5
90000000 2.57026997448E-5
100000000 3.2372399136E-5
110000000 4.2507204036E-5
120000000 5.2078215552E-5
130000000 5.8472993817E-5
140000000 6.1871390504E-5
150000000 6.2543792587E-5
160000000 6.2125598976E-5
180000000 5.8693208706E-5
200000000 5.4655309593E-5
#Header 
#Target 8 18 0
#Product 7 13 0
#Datapoints 29
1000000 0
18000000 0
19000000 6.9070071042E-14
20000000 2.8390801416E-8
22000000 0.000101764959192
24000000 0.0012438698403247
26000000 0.0034401206246694
28000000 0.0054985905686426
30000000 0.0085063815008
35000000 0.00747013062
40000000 0.0049645507832753
45000000 0.00328494980352
50000000 0.00259082999175
55000000 0.00241370020992
60000000 0.00257256016342
65000000 0.00294868000779
70000000 0.00344749003872
75000000 0.00395174000473
80000000 0.0043805315043
90000000 0.0048275689956
100000000 0.0048518101464
110000000 0.0046750311234
120000000 0.0044542696896
130000000 0.0042033605817
140000000 0.0039840199112
150000000 0.0037899908214
160000000 0.0036183013632
180000000 0.0033175204254
200000000 0.0030548114008
#Header 
#Target 8 18 0
#Product 7 14 0
#Datapoints 40
1000000 0
7000000 0
8000000 0.000114531035283
9000000 0.022235603056
10000000 0.0622566973952
11000000 0.126308001024
12000000 0.188160983472
13000000 0.22416098992
14000000 0.238784016193
15000000 0.235962005076
16000000 0.221978957733
17000000 0.20731903662162
18000000 0.192948016509
19000000 0.184011002298
20000000 0.166563029934
22000000 0.127504011264
24000000 0.0947515177896
26000000 0.07007330086302
28000000 0.052777806845335
30000000 0.0403902002088
35000000 0.02542620096
40000000 0.021023101985934
45000000 0.02063659675
50000000 0.0225298002475
55000000 0.02534189795
60000000 0.0282143004962
65000000 0.0301034991726
70000000 0.0303290027404
75000000 0.0295434999621
80000000 0.0292813020837
90000000 0.0268256988246
100000000 0.0242804996756
110000000 0.022863599792
120000000 0.0211548008448
130000000 0.0195121976301
140000000 0.018110702112
150000000 0.0169068000261
160000000 0.0162292008192
180000000 0.0147385982484
200000000 0.0133025992764
#Header 
#Target 8 18 0
#Product 7 15 0
#Datapoints 46
1000000 0
1000000 0.0849375005798
2000000 0.210707991466
3000000 0.246932018659
4000000 0.244842003638
5000000 0.257464015263
6000000 0.252277984695
7000000 0.243670038248
8000000 0.24633196665
9000000 0.298667987314
10000000 0.353529987496
11000000 0.312695025362
12000000 0.252304032484
13000000 0.194643963808
14000000 0.149808006334
15000000 0.113881993974
16000000 0.086728799547
17000000 0.066048607525852
18000000 0.0509920024011
19000000 0.0385052989232
20000000 0.031056302658
22000000 0.0225525024024
24000000 0.018697403565182
26000000 0.01739060242626
28000000 0.017798001081003
30000000 0.01933110236
35000000 0.0296115009
40000000 0.040150208591754
45000000 0.0490425989284
50000000 0.05570760195
55000000 0.057861220332
60000000 0.056628003484
65000000 0.054752491254
70000000 0.052159900884
75000000 0.049181682865
80000000 0.046225618092
90000000 0.042051986964
100000000 0.038779609764
110000000 0.035060903328
120000000 0.03254880096
130000000 0.0301863019668
140000000 0.0282766011152
150000000 0.0265835999532
160000000 0.024805500608
180000000 0.0221207987916
200000000 0.0197654015078
#Header 
#Target 8 18 0
#Product 7 16 0
#Datapoints 32
1000000 0
15000000 0
16000000 8.5908874077E-8
17000000 3.7003102830708E-5
18000000 0.000301586998973
19000000 0.000534228970091
20000000 0.00086788930946
22000000 0.00158303970024
24000000 0.002249520596886
26000000 0.0029774105496863
28000000 0.0039250506081215
30000000 0.00496500029072
35000000 0.00838210086
40000000 0.010515700672079
45000000 0.0113437011996
50000000 0.0113690975125
55000000 0.0108578998928
60000000 0.0102805014182
65000000 0.0099314602701
70000000 0.0095532400964
75000000 0.0092164212817
80000000 0.008860971366
90000000 0.0083545698756
100000000 0.0079363791136
110000000 0.0075076490621
120000000 0.0070584317472
130000000 0.0067890012456
140000000 0.006383160376
150000000 0.0060086612546
160000000 0.0057520087424
180000000 0.005128249617
200000000 0.0045884905703
#Header 
#Target 8 18 0
#Product 7 17 0
#Datapoints 30
1000000 0
17000000 0
18000000 3.59283946066E-8
19000000 3.42350046276E-6
20000000 2.79727014506E-5
22000000 0.0002746299768
24000000 0.0009924573280969
26000000 0.0021013606616492
28000000 0.0032061303356082
30000000 0.00384979052976
35000000 0.004490059842
40000000 0.0043182411756818
45000000 0.00409568019784
50000000 0.0037790402195
55000000 0.00348414018552
60000000 0.0031885998937
65000000 0.00298958963226
70000000 0.002912699972
75000000 0.00273266022721
80000000 0.00267680997108
90000000 0.00241546032312
100000000 0.00219179016392
110000000 0.00208375981979
120000000 0.00200135004864
130000000 0.00179209004688
140000000 0.00170861996776
150000000 0.00163166985206
160000000 0.00145488003456
180000000 0.00130361006502
200000000 0.00119509005222
#Header 
#Target 8 18 0
#Product 8 12 0
#Datapoints 13
1000000 0
75000000 0
80000000 4.138558416E-14
90000000 2.4804483522E-10
100000000 3.23328030508E-9
110000000 1.07978994387E-8
120000000 2.26297005312E-8
130000000 3.569288856E-8
140000000 4.7094893168E-8
150000000 5.4931188291E-8
160000000 5.8929211776E-8
180000000 6.060960639E-8
200000000 5.8015503618E-8
#Header 
#Target 8 18 0
#Product 8 13 0
#Datapoints 17
1000000 0
55000000 0
60000000 3.4732480692E-15
65000000 4.6487890236E-10
70000000 7.1662218082E-9
75000000 2.66919006157E-8
80000000 5.8197905559E-8
90000000 1.73566012854E-7
100000000 3.34090992928E-7
110000000 4.8446585033E-7
120000000 5.7160805856E-7
130000000 6.0500410467E-7
140000000 6.0550908704E-7
150000000 5.7878410941E-7
160000000 5.6446184832E-7
180000000 5.0737600944E-7
200000000 4.5945509573E-7
#Header 
#Target 8 18 0
#Product 8 14 0
#Datapoints 22
1000000 0
30000000 0
35000000 1.2403878E-15
40000000 1.9191007001584E-7
45000000 8.8620775628E-7
50000000 2.46075004175E-6
55000000 6.0080708936E-6
60000000 1.29153983062E-5
65000000 2.14027998513E-5
70000000 2.78385008356E-5
75000000 3.14028991154E-5
80000000 3.1808996604E-5
90000000 2.83800979488E-5
100000000 2.29256991712E-5
110000000 1.8429500133E-5
120000000 1.50757982304E-5
130000000 1.25832997815E-5
140000000 1.09693011576E-5
150000000 9.7804492711E-6
160000000 8.9270509056E-6
180000000 7.6184898174E-6
200000000 6.7442394087E-6
#Header 
#Target 8 18 0
#Product 8 15 0
#Datapoints 27
1000000 0
20000000 0
22000000 7.589077668E-6
24000000 0.00030453906042526
26000000 0.0007841999724167
28000000 0.0010623503700953
30000000 0.00112657983816
35000000 0.00185273001
40000000 0.0031058605521221
45000000 0.00444468064348
50000000 0.0054856326525
55000000 0.0059432496484
60000000 0.0058954699128
65000000 0.0056595822054
70000000 0.0053095915964
75000000 0.0049414789044
80000000 0.004602298959
90000000 0.0040393081404
100000000 0.00359398010076
110000000 0.00321905993244
120000000 0.00291546983424
130000000 0.00265485987207
140000000 0.0024425900436
150000000 0.00226060013746
160000000 0.00210193974912
180000000 0.00184470989688
200000000 0.00164207015955
#Header 
#Target 8 18 0
#Product 8 16 0
#Datapoints 43
1000000 0
4000000 0
5000000 0.00337949987724
6000000 0.0232267019554
7000000 0.0242387990936
8000000 0.0191125021752
9000000 0.012884704145
10000000 0.0067447901416
11000000 0.00433231990197
12000000 0.004615460213
13000000 0.010431901648
14000000 0.0218600981205
15000000 0.0367307998596
16000000 0.0540954012573
17000000 0.071164410116884
18000000 0.087527817483
19000000 0.099695769836
20000000 0.11753303174
22000000 0.149295008352
24000000 0.17759505352145
26000000 0.19812204416522
28000000 0.21151506862629
30000000 0.211818986248
35000000 0.2076709896
40000000 0.18757301424169
45000000 0.166862015012
50000000 0.146674980725
55000000 0.127804983244
60000000 0.112143978414
65000000 0.101334008094
70000000 0.09203388012
75000000 0.084422914328
80000000 0.078223184262
90000000 0.06690169239
100000000 0.058274214936
110000000 0.051841886492
120000000 0.046251903456
130000000 0.041968495485
140000000 0.038018012688
150000000 0.034639812441
160000000 0.031661993472
180000000 0.0269463991608
200000000 0.0234051011347
#Header 
#Target 8 18 0
#Product 8 17 0
#Datapoints 41
1000000 0
6000000 0
7000000 0.00123429005777
8000000 0.0160164968124
9000000 0.028590002488
10000000 0.062282503892
11000000 0.089700815282
12000000 0.122968043772
13000000 0.158243014524
14000000 0.185516013114
15000000 0.206199959364
16000000 0.223600036491
17000000 0.23654305662204
18000000 0.245441978861
19000000 0.244511985337
20000000 0.2409150305
22000000 0.224469992208
24000000 0.20044104164488
26000000 0.1766110265143
28000000 0.15647901791522
30000000 0.137567027256
35000000 0.1046759748
40000000 0.08544789596311
45000000 0.070145105184
50000000 0.0571455976
55000000 0.050798798924
60000000 0.047896015752
65000000 0.0413583979539
70000000 0.0362765013338
75000000 0.0325293985731
80000000 0.0286956983565
90000000 0.0233174981052
100000000 0.0190649987752
110000000 0.015680101085
120000000 0.013005599472
130000000 0.0111953008944
140000000 0.0094161697656
150000000 0.0079929900548
160000000 0.0069015300864
180000000 0.0052272196812
200000000 0.0041796496683
#Header 
#Target 8 18 0
#Product 8 18 0
#Datapoints 46
1000000 0
1000000 4.5987958301E-13
2000000 2.7844909008E-10
3000000 0.0149400015833
4000000 0.059165074798
5000000 0.085669390188
6000000 0.10988002901
7000000 0.134125981766
8000000 0.151495962744
9000000 0.146171990858
10000000 0.113174021688
11000000 0.103058024208
12000000 0.09128623798
13000000 0.0780068909732
14000000 0.0666377988839
15000000 0.0563571995112
16000000 0.0481216973328
17000000 0.041823008403659
18000000 0.0370744977235
19000000 0.0328955022894
20000000 0.030409402903
22000000 0.0272053006704
24000000 0.025390004385932
26000000 0.024272005231327
28000000 0.023500205778192
30000000 0.0228407997872
35000000 0.02142929832
40000000 0.019963500074928
45000000 0.01845529917
50000000 0.01694970004
55000000 0.01548479842
60000000 0.0140881007072
65000000 0.0127762991574
70000000 0.0115575010278
75000000 0.0104348989493
80000000 0.0094076024148
90000000 0.0076258012038
100000000 0.0061692510348
110000000 0.0049909512686
120000000 0.0040440701664
130000000 0.0032876413647
140000000 0.00268651998672
150000000 0.00221087992605
160000000 0.00183677009152
180000000 0.00131792992416
200000000 0.00101476005464
#Header 
#Target 8 18 0
#Product 9 14 0
#Datapoints 14
1000000 0
70000000 0
75000000 5.583385584E-12
80000000 1.6790497353E-10
90000000 2.65036004298E-9
100000000 6.4448694128E-9
110000000 8.0241304638E-9
120000000 7.6433814336E-9
130000000 6.4698117582E-9
140000000 5.3535486264E-9
150000000 4.4722889073E-9
160000000 3.77788064E-9
180000000 2.82904979166E-9
200000000 2.22676993252E-9
#Header 
#Target 8 18 0
#Product 9 15 0
#Datapoints 19
1000000 0
45000000 0
50000000 2.3450401065E-8
55000000 5.0253381636E-7
60000000 1.72096975362E-6
65000000 2.89364015769E-6
70000000 3.42808022648E-6
75000000 3.44490002618E-6
80000000 3.1287099474E-6
90000000 2.37003999648E-6
100000000 1.74061989892E-6
110000000 1.3303797914E-6
120000000 1.05010984128E-6
130000000 8.5473102918E-7
140000000 7.2700596624E-7
150000000 6.3176414158E-7
160000000 5.5939892608E-7
180000000 4.4619894108E-7
200000000 3.7315795215E-7
#Header 
#Target 8 18 0
#Product 9 16 0
#Datapoints 22
1000000 0
30000000 0
35000000 3.98161023E-6
40000000 1.9258503397365E-5
45000000 2.70244990092E-5
50000000 2.87276964975E-5
55000000 2.68208976288E-5
60000000 2.32144993886E-5
65000000 1.94800005054E-5
70000000 1.60287011976E-5
75000000 1.360540091E-5
80000000 1.15545981132E-5
90000000 8.8060198356E-6
100000000 7.0659693804E-6
110000000 5.864538724E-6
120000000 4.9768114752E-6
130000000 4.294531227E-6
140000000 3.8254491128E-6
150000000 3.4197713765E-6
160000000 3.0799513216E-6
180000000 2.55048997032E-6
200000000 2.15920990051E-6
#Header 
#Target 8 18 0
#Product 9 17 0
#Datapoints 35
1000000 0
12000000 0
13000000 0.000497481991692
14000000 0.00385721027007
15000000 0.0093025467864
16000000 0.0146774028375
17000000 0.018897197963441
18000000 0.0221021966974
19000000 0.0236775017193
20000000 0.0250106010256
22000000 0.0251040984072
24000000 0.022273201979488
26000000 0.018502705713499
28000000 0.015154103983018
30000000 0.012048602408
35000000 0.00807019008
40000000 0.005859661628998
45000000 0.00451306031176
50000000 0.003551080078
55000000 0.00282865982144
60000000 0.00232763014978
65000000 0.00195593002314
70000000 0.00166317993114
75000000 0.00144086003214
80000000 0.00125920004616
90000000 0.00099757982064
100000000 0.00080961206592
110000000 0.00067358812598
120000000 0.0005704039248
130000000 0.00049693713405
140000000 0.0004274940176
150000000 0.0003716739581
160000000 0.00032500196992
180000000 0.000254242980522
200000000 0.000205367005965
#Header 
#Target 8 18 0
#Product 9 18 0
#Datapoints 45
1000000 0
2000000 0
3000000 0.070577994986
4000000 0.183052985336
5000000 0.256204972566
6000000 0.28119299242
7000000 0.305195981846
8000000 0.310529007726
9000000 0.262915016604
10000000 0.182169039696
11000000 0.137537005013
12000000 0.1034030277
13000000 0.08153360194
14000000 0.0603056975811
15000000 0.0472006982538
16000000 0.0371048001714
17000000 0.030445104263133
18000000 0.0242767973269
19000000 0.0191215986419
20000000 0.0157896982182
22000000 0.0113501019792
24000000 0.008255042706043
26000000 0.007163159485867
28000000 0.0058942310407552
30000000 0.00499450992824
35000000 0.003730959936
40000000 0.0026240204454682
45000000 0.00188112975204
50000000 0.00177360976975
55000000 0.00147857016144
60000000 0.00129747011004
65000000 0.00076292724192
70000000 0.0008875322183
75000000 0.00070931296971
80000000 0.00046671212799
90000000 0.00048600395532
100000000 0.00040091209564
110000000 0.00036468684043
120000000 0.00026865299664
130000000 0.000259615022226
140000000 0.0002133099866
150000000 0.000137141985547
160000000 0.000151649999744
180000000 7.654149855E-5
200000000 0.000109739993454
#Header 
#Target 8 18 0
#Product 9 19 0
#Datapoints 46
1000000 0
1000000 1.92261011752E-6
2000000 7.4963996821E-6
3000000 1.22151007362E-5
4000000 1.23159010283E-5
5000000 1.12384975527E-5
6000000 1.11139017543E-5
7000000 1.16033995917E-5
8000000 1.15126964337E-5
9000000 1.01070016018E-5
10000000 5.99711950992E-5
11000000 7.51777023229E-5
12000000 9.5110229424E-5
13000000 0.000119183987328
14000000 0.000155047017379
15000000 0.000185841974052
16000000 0.000219554010702
17000000 0.00025384506740299
18000000 0.000275532956792
19000000 0.000283090983949
20000000 0.000279137003386
22000000 0.000239334992712
24000000 0.0001867750444437
26000000 0.00014424402063337
28000000 0.00011571402296168
30000000 9.5915421944E-5
35000000 6.75339894E-5
40000000 5.1685611310793E-5
45000000 4.29015005804E-5
50000000 3.66461957225E-5
55000000 3.11190011152E-5
60000000 2.77157990278E-5
65000000 2.47859004576E-5
70000000 2.20744989192E-5
75000000 2.03108969763E-5
80000000 1.84042016442E-5
90000000 1.57220986338E-5
100000000 1.33052988824E-5
110000000 1.14801005264E-5
120000000 1.01344004832E-5
130000000 8.8544906121E-6
140000000 7.7823595248E-6
150000000 6.9615293527E-6
160000000 6.1933890304E-6
180000000 4.9373601642E-6
200000000 4.0448987621E-6
