#Header 
#Target 49 127 1
#Product 0 1 0
#Datapoints 45
1000000 0
2000000 1.1972536405E-6
3000000 0.000349052652
4000000 0.007545814486
5000000 0.04990978159
6000000 0.17091525346
7000000 0.3971125041
8000000 0.7141078712
9000000 1.0957272165
10000000 1.5368166504
11000000 1.992840916
12000000 2.3941454832
13000000 2.7228836
14000000 2.980204956
15000000 3.196496325
16000000 3.391344964
17000000 3.575682165
18000000 3.770524
19000000 3.970424812
20000000 4.18179972
22000000 4.535889183
24000000 4.789761012
26000000 4.991694075
28000000 5.206689525
30000000 5.4201058
35000000 5.782284276
40000000 6.04717284
45000000 6.234046784
50000000 6.36012797
55000000 6.452791119
60000000 6.51132475
65000000 6.547442975
70000000 6.584877546
75000000 6.629624016
80000000 6.663038655
90000000 6.793565359
100000000 6.920643642
110000000 7.076516748
120000000 7.241065798
130000000 7.414539192
140000000 7.58899444
150000000 7.769762248
160000000 7.944635634
180000000 8.328690844
200000000 8.824300483
#Header 
#Target 49 127 1
#Product 1 1 0
#Datapoints 45
1000000 0
2000000 3.5455787425E-17
3000000 5.438340882E-13
4000000 1.5848221284E-10
5000000 4.75636494E-9
6000000 3.422274940452E-8
7000000 3.229644093E-7
8000000 7.559684385E-6
9000000 7.33942944E-5
10000000 0.00036645892896
11000000 0.0011984391512
12000000 0.0029365372332
13000000 0.005853431496
14000000 0.010077058872
15000000 0.015681699
16000000 0.0226263688
17000000 0.03079673322
18000000 0.040038536
19000000 0.05020686824
20000000 0.0624936801
22000000 0.08849589154
24000000 0.11788339968
26000000 0.14971109424
28000000 0.1831499535
30000000 0.2172889054
35000000 0.30325482
40000000 0.38731738
45000000 0.4649894984
50000000 0.5355970382
55000000 0.598834542
60000000 0.6547590945
65000000 0.7065048131
70000000 0.7503013752
75000000 0.7898433174
80000000 0.8249648323
90000000 0.8868758098
100000000 0.9391587183
110000000 0.9840071892
120000000 1.022976778
130000000 1.0565450536
140000000 1.085872412
150000000 1.1123168102
160000000 1.1377590988
180000000 1.1880610476
200000000 1.245062478
#Header 
#Target 49 127 1
#Product 1 2 0
#Datapoints 42
1000000 0
5000000 0
6000000 2.618657064754E-20
7000000 8.279890905E-14
8000000 1.5235128541E-9
9000000 3.558192624E-7
10000000 1.1522545168E-5
11000000 0.00013642660592
12000000 0.00072939993579
13000000 0.002178471872
14000000 0.004524257772
15000000 0.007570736745
16000000 0.011079151209
17000000 0.01484201103
18000000 0.0186910688
19000000 0.0225210218
20000000 0.02626953159
22000000 0.03338669994
24000000 0.03991078602
26000000 0.04581897351
28000000 0.0511886773
30000000 0.05606119016
35000000 0.06615436992
40000000 0.0748757372
45000000 0.08192844232
50000000 0.08765029644
55000000 0.09124783473
60000000 0.09638915825
65000000 0.09933557723
70000000 0.10322099905
75000000 0.1058328411
80000000 0.10921619387
90000000 0.10532179136
100000000 0.10301005759
110000000 0.09901311672
120000000 0.09572310538
130000000 0.09307525784
140000000 0.09077098304
150000000 0.0886464975
160000000 0.08751291304
180000000 0.0874682342
200000000 0.09792344631
#Header 
#Target 49 127 1
#Product 1 3 0
#Datapoints 42
1000000 0
5000000 0
6000000 9.91607088702E-17
7000000 3.942881631E-13
8000000 7.511903002E-11
9000000 1.2242383335E-8
10000000 3.3702847416E-7
11000000 7.0688867756E-6
12000000 5.749635537E-5
13000000 0.0002371326896
14000000 0.0006164496144
15000000 0.001204360575
16000000 0.001968873326
17000000 0.002864987334
18000000 0.003847216
19000000 0.00487745004
20000000 0.005925911418
22000000 0.007992718692
24000000 0.009938229822
26000000 0.011732969829
28000000 0.01334637997
30000000 0.01479330922
35000000 0.01743981228
40000000 0.0189602068
45000000 0.0199699136
50000000 0.02088137254
55000000 0.02187241038
60000000 0.0230255452
65000000 0.02438772897
70000000 0.02590009266
75000000 0.02761223252
80000000 0.02946196316
90000000 0.03377419162
100000000 0.03886892075
110000000 0.04182690316
120000000 0.04472704508
130000000 0.04753712092
140000000 0.0500731712
150000000 0.0524202189
160000000 0.05486214992
180000000 0.05997004332
200000000 0.06956247229
#Header 
#Target 49 127 1
#Product 2 3 0
#Datapoints 32
1000000 0
15000000 0
16000000 1.244339467E-17
17000000 2.581251123E-15
18000000 2.77301008E-13
19000000 1.2633315064E-11
20000000 3.612160137E-10
22000000 5.742973132E-8
24000000 2.047241628E-6
26000000 2.537898906E-5
28000000 0.00013083368
30000000 0.0003705819152
35000000 0.0015008324484
40000000 0.0030208939
45000000 0.004606973224
50000000 0.006131012888
55000000 0.007520970543
60000000 0.008673605535
65000000 0.009703571975
70000000 0.010630288734
75000000 0.011535860002
80000000 0.01242639349
90000000 0.01428247428
100000000 0.01633362907
110000000 0.01770096482
120000000 0.01904979388
130000000 0.02040796082
140000000 0.0217753006
150000000 0.02315448378
160000000 0.02453552628
180000000 0.02718017692
200000000 0.02947199309
#Header 
#Target 49 127 1
#Product 2 4 0
#Datapoints 45
1000000 0
2000000 3.999110553E-17
3000000 1.0115520714E-13
4000000 3.1679308584E-11
5000000 9.20101506E-10
6000000 1.328624565874E-8
7000000 1.2438011703E-7
8000000 8.50057369E-7
9000000 4.479865866E-6
10000000 1.8691604192E-5
11000000 6.1903960116E-5
12000000 0.00016418151108
13000000 0.0003618357056
14000000 0.0007048611936
15000000 0.00132213147
16000000 0.002767556071
17000000 0.007450158342
18000000 0.0100162408
19000000 0.012345762988
20000000 0.007615410477
22000000 0.007255472952
24000000 0.007817230296
26000000 0.008522609163
28000000 0.009197179305
30000000 0.00979452082
35000000 0.010903937358
40000000 0.01159455882
45000000 0.012105404696
50000000 0.0123542916
55000000 0.012678518496
60000000 0.01295662921
65000000 0.013364834085
70000000 0.013814297081
75000000 0.01447374766
80000000 0.01528694153
90000000 0.01825287393
100000000 0.0227805853
110000000 0.0280308749
120000000 0.03252839206
130000000 0.03564355054
140000000 0.03758601028
150000000 0.03876943466
160000000 0.03936052952
180000000 0.04347626308
200000000 0.05770629986
#Header 
#Target 49 127 1
#Product 44 102 0
#Datapoints 9
1000000 0
110000000 0
120000000 3.306912384E-12
130000000 4.2495798598E-9
140000000 7.024089462E-7
150000000 6.5792104396E-6
160000000 1.730879396E-5
180000000 6.4902090756E-5
200000000 0.00013451696677
#Header 
#Target 49 127 1
#Product 45 103 0
#Datapoints 8
1000000 0
120000000 0
130000000 5.295539268E-12
140000000 1.9980705268E-9
150000000 1.08837998886E-7
160000000 1.01542995344E-6
180000000 5.5326295752E-6
200000000 1.917530071E-5
#Header 
#Target 49 127 1
#Product 45 104 0
#Datapoints 9
1000000 0
110000000 0
120000000 2.112706052E-13
130000000 3.074578346E-10
140000000 4.8436995544E-8
150000000 9.6308995778E-7
160000000 3.585929935E-6
180000000 1.2231505472E-5
200000000 3.2149903717E-5
#Header 
#Target 49 127 1
#Product 45 105 0
#Datapoints 10
1000000 0
100000000 0
110000000 1.7551401E-14
120000000 1.38231988E-10
130000000 4.302889944E-8
140000000 2.195610498E-6
150000000 1.4630706132E-5
160000000 3.4868296772E-5
180000000 0.000108927002892
200000000 0.00016822695147
#Header 
#Target 49 127 1
#Product 46 104 0
#Datapoints 9
1000000 0
110000000 0
120000000 2.37831883E-11
130000000 6.9730699826E-8
140000000 1.7353199804E-5
150000000 0.00018276699774
160000000 0.00050744092102
180000000 0.002046709536
200000000 0.0040471706382
#Header 
#Target 49 127 1
#Product 46 105 0
#Datapoints 10
1000000 0
100000000 0
110000000 1.589405776E-13
120000000 4.451589722E-9
130000000 3.4682398028E-6
140000000 7.9784605608E-5
150000000 0.00036406000096
160000000 0.00083562795574
180000000 0.0023547296284
200000000 0.0034832103356
#Header 
#Target 49 127 1
#Product 46 106 0
#Datapoints 10
1000000 0
100000000 0
110000000 1.397894708E-10
120000000 7.0280206106E-7
130000000 3.0185593822E-5
140000000 0.0002060369578
150000000 0.00059372104246
160000000 0.00094309200112
180000000 0.00176848031
200000000 0.0028507295314
#Header 
#Target 49 127 1
#Product 46 107 0
#Datapoints 11
1000000 0
90000000 0
100000000 2.074782039E-13
110000000 1.26216000442E-8
120000000 1.6843396678E-6
130000000 1.9551998434E-5
140000000 7.7253999696E-5
150000000 0.000114722995918
160000000 0.00014806597978
180000000 0.00024649896628
200000000 0.00032242506314
#Header 
#Target 49 127 1
#Product 46 108 0
#Datapoints 12
1000000 0
80000000 0
90000000 1.18345883E-15
100000000 1.8837100678E-9
110000000 1.14825001102E-6
120000000 3.3496394658E-5
130000000 0.0002034049511
140000000 0.00041235901808
150000000 0.00049397002228
160000000 0.00059668596418
180000000 0.00086728104992
200000000 0.00105317997573
#Header 
#Target 49 127 1
#Product 46 109 0
#Datapoints 12
1000000 0
80000000 0
90000000 3.291249752E-12
100000000 1.5365703727E-8
110000000 1.10196994852E-6
120000000 1.10881001534E-5
130000000 2.5486802534E-5
140000000 2.8873596112E-5
150000000 3.6114803572E-5
160000000 4.731439844E-5
180000000 6.8575505876E-5
200000000 8.1308697547E-5
#Header 
#Target 49 127 1
#Product 46 110 0
#Datapoints 13
1000000 0
75000000 0
80000000 3.425148202E-14
90000000 1.9264598391E-9
100000000 5.5356206994E-7
110000000 1.26865995998E-5
120000000 4.558129944E-5
130000000 6.4751602288E-5
140000000 7.8817299024E-5
150000000 0.000105774000788
160000000 0.00012725601696
180000000 0.000159030972
200000000 0.00017902901672
#Header 
#Target 49 127 1
#Product 46 111 0
#Datapoints 14
1000000 0
70000000 0
75000000 9.51772671E-15
80000000 5.762963416E-12
90000000 1.7190192844E-8
100000000 9.1137600268E-7
110000000 4.2362797932E-6
120000000 5.8817593372E-6
130000000 7.2858392202E-6
140000000 1.04714006792E-5
150000000 1.4273797228E-5
160000000 1.8134100132E-5
180000000 2.472369602E-5
200000000 3.2274296848E-5
#Header 
#Target 49 127 1
#Product 46 112 0
#Datapoints 15
1000000 0
65000000 0
70000000 7.168624151E-14
75000000 6.960654234E-11
80000000 6.2501698938E-9
90000000 1.36040989227E-6
100000000 1.1603099222E-5
110000000 2.144839907E-5
120000000 2.6539705984E-5
130000000 3.8371599884E-5
140000000 5.3068499196E-5
150000000 6.5369893038E-5
160000000 7.5136900964E-5
180000000 8.8023900916E-5
200000000 0.00011822202041
#Header 
#Target 49 127 1
#Product 46 113 0
#Datapoints 16
1000000 0
60000000 0
65000000 1.2006890524E-14
70000000 3.529744621E-11
75000000 5.9926196538E-9
80000000 1.3046299707E-7
90000000 2.6852496706E-6
100000000 6.0962998393E-6
110000000 7.1614198992E-6
120000000 1.00139999996E-5
130000000 1.4521298918E-5
140000000 1.9129494128E-5
150000000 2.262039989E-5
160000000 2.5278701576E-5
180000000 3.3826404772E-5
200000000 5.3129299557E-5
#Header 
#Target 49 127 1
#Product 46 114 0
#Datapoints 17
1000000 0
55000000 0
60000000 8.56728775E-13
65000000 7.076025971E-10
70000000 4.7320602758E-8
75000000 5.7835699666E-7
80000000 2.4602394796E-6
90000000 7.8551204793E-6
100000000 9.8479003139E-6
110000000 1.339790298E-5
120000000 1.967729607E-5
130000000 2.7025994586E-5
140000000 3.277909676E-5
150000000 3.7395399974E-5
160000000 4.3127992234E-5
180000000 6.8357202668E-5
200000000 0.00012097299742
#Header 
#Target 49 127 1
#Product 46 115 0
#Datapoints 18
1000000 0
50000000 0
55000000 1.4328991812E-12
60000000 9.57777961E-10
65000000 3.7423807241E-8
70000000 2.7242597434E-7
75000000 7.2444300026E-7
80000000 1.07430004003E-6
90000000 1.18890999403E-6
100000000 1.6777495669E-6
110000000 2.699159981E-6
120000000 4.434490271E-6
130000000 6.2079101634E-6
140000000 7.9198796896E-6
150000000 1.02019997856E-5
160000000 1.3989004604E-5
180000000 3.1082103844E-5
200000000 5.6660099073E-5
#Header 
#Target 49 127 1
#Product 46 116 0
#Datapoints 20
1000000 0
40000000 0
45000000 1.4511798648E-14
50000000 5.584462478E-11
55000000 9.2384193138E-9
60000000 1.54555002875E-7
65000000 6.8784492462E-7
70000000 1.41931005879E-6
75000000 1.8669906806E-6
80000000 1.9665499434E-6
90000000 2.5048997663E-6
100000000 4.2391700835E-6
110000000 6.6638700352E-6
120000000 8.8856791124E-6
130000000 1.10288995996E-5
140000000 1.3916404104E-5
150000000 2.0415395514E-5
160000000 3.3143793616E-5
180000000 7.8355508788E-5
200000000 0.00014306694723
#Header 
#Target 49 127 1
#Product 46 117 0
#Datapoints 21
1000000 0
35000000 0
40000000 2.3905847E-14
45000000 7.311286144E-11
50000000 8.540059815E-9
55000000 9.9800406231E-8
60000000 3.0468208785E-7
65000000 4.4924599385E-7
70000000 4.8892304331E-7
75000000 5.003469941E-7
80000000 5.7527198358E-7
90000000 1.14270997669E-6
100000000 2.075629765E-6
110000000 3.1229806188E-6
120000000 3.9891001722E-6
130000000 5.1482000518E-6
140000000 8.6644004904E-6
150000000 1.6701304468E-5
160000000 2.8871394004E-5
180000000 6.5476399256E-5
200000000 0.000108248995257
#Header 
#Target 49 127 1
#Product 46 118 0
#Datapoints 22
1000000 0
30000000 0
35000000 1.78720431E-13
40000000 1.56698987E-10
45000000 7.1298110064E-9
50000000 4.814659444E-8
55000000 1.07160003042E-7
60000000 1.330270081E-7
65000000 1.33740996869E-7
70000000 1.42678012672E-7
75000000 2.0352603218E-7
80000000 3.1824408777E-7
90000000 7.11452884E-7
100000000 1.25807009471E-6
110000000 1.733779558E-6
120000000 2.375909629E-6
130000000 4.9637502102E-6
140000000 1.20181005392E-5
150000000 2.363260656E-5
160000000 3.9704000402E-5
180000000 7.6368299412E-5
200000000 0.000111888987834
#Header 
#Target 49 127 1
#Product 47 105 0
#Datapoints 8
1000000 0
120000000 0
130000000 3.230140306E-14
140000000 1.05586001928E-8
150000000 8.0407705376E-7
160000000 1.08044001194E-5
180000000 6.021170274E-5
200000000 0.00016080401496
#Header 
#Target 49 127 1
#Product 47 106 0
#Datapoints 8
1000000 0
120000000 0
130000000 4.3182705882E-9
140000000 8.931490594E-7
150000000 1.9305700988E-5
160000000 8.0826898134E-5
180000000 0.00025415997176
200000000 0.00046113901668
#Header 
#Target 49 127 1
#Product 47 107 0
#Datapoints 9
1000000 0
110000000 0
120000000 2.73277824E-10
130000000 1.3175700778E-7
140000000 5.0799199412E-6
150000000 3.1102501728E-5
160000000 6.646770375E-5
180000000 0.000147037971
200000000 0.00023025301696
#Header 
#Target 49 127 1
#Product 47 108 0
#Datapoints 10
1000000 0
100000000 0
110000000 1.1599988428E-11
120000000 4.4059702932E-8
130000000 5.6998299378E-6
140000000 6.2023200056E-5
150000000 0.00020634705924
160000000 0.00033082593974
180000000 0.00062840194284
200000000 0.00086957703407
#Header 
#Target 49 127 1
#Product 47 109 0
#Datapoints 11
1000000 0
90000000 0
100000000 5.919739023E-14
110000000 2.6613500872E-9
120000000 1.10747000338E-6
130000000 2.2102599506E-5
140000000 0.000111685001904
150000000 0.00023104696404
160000000 0.00034531802968
180000000 0.00049912800852
200000000 0.00055461603011
#Header 
#Target 49 127 1
#Product 47 110 0
#Datapoints 11
1000000 0
90000000 0
100000000 7.523103368E-11
110000000 1.6305404962E-7
120000000 5.3495505138E-6
130000000 3.7624697452E-5
140000000 0.000105253999964
150000000 0.000167342973
160000000 0.00022389099966
180000000 0.00029543604848
200000000 0.00036069400837
#Header 
#Target 49 127 1
#Product 47 111 0
#Datapoints 12
1000000 0
80000000 0
90000000 5.189464861E-13
100000000 7.7159596657E-9
110000000 6.3983402196E-7
120000000 6.9200897116E-6
130000000 2.4160899512E-5
140000000 4.2540100708E-5
150000000 5.6502199898E-5
160000000 6.9192700272E-5
180000000 9.3016000328E-5
200000000 0.000113566003309
#Header 
#Target 49 127 1
#Product 47 112 0
#Datapoints 13
1000000 0
75000000 0
80000000 1.0767298822E-15
90000000 2.0935905406E-9
100000000 1.6807302809E-6
110000000 4.0511195172E-5
120000000 0.00021024698858
130000000 0.0004510739431
140000000 0.00061779804212
150000000 0.00073081495482
160000000 0.00081526898928
180000000 0.00091588092456
200000000 0.00103102004112
#Header 
#Target 49 127 1
#Product 47 113 0
#Datapoints 14
1000000 0
70000000 0
75000000 3.283965374E-15
80000000 9.629240831E-12
90000000 5.0281101808E-8
100000000 1.9409999378E-6
110000000 1.25623989218E-5
120000000 3.263860158E-5
130000000 5.031750264E-5
140000000 6.4057599092E-5
150000000 7.288850729E-5
160000000 8.2210505428E-5
180000000 0.000113649000368
200000000 0.00015836505179
#Header 
#Target 49 127 1
#Product 47 114 0
#Datapoints 15
1000000 0
65000000 0
70000000 4.126426733E-14
75000000 1.706719352E-10
80000000 2.9472401E-8
90000000 5.5655106965E-6
100000000 6.0139200143E-5
110000000 0.00019972600424
120000000 0.0003348149548
130000000 0.00040818202532
140000000 0.00044134002548
150000000 0.00050680095452
160000000 0.00056067296066
180000000 0.00078309096264
200000000 0.00116749004014
#Header 
#Target 49 127 1
#Product 47 115 0
#Datapoints 16
1000000 0
60000000 0
65000000 1.690007974E-13
70000000 2.220650328E-10
75000000 1.47026995424E-8
80000000 1.5971794307E-7
90000000 2.1299096115E-6
100000000 8.8275499543E-6
110000000 1.6819605642E-5
120000000 2.2800795786E-5
130000000 2.806900293E-5
140000000 3.5160698184E-5
150000000 4.698230207E-5
160000000 6.3805292476E-5
180000000 0.00010666099448
200000000 0.00015249699996
#Header 
#Target 49 127 1
#Product 47 116 0
#Datapoints 17
1000000 0
55000000 0
60000000 1.169939078E-12
65000000 1.6010798465E-9
70000000 1.05041997671E-7
75000000 1.10941002424E-6
80000000 4.7971399329E-6
90000000 3.0923094652E-5
100000000 7.0127189913E-5
110000000 8.7622090696E-5
120000000 9.3589793804E-5
130000000 0.000107161008898
140000000 0.00013363794328
150000000 0.00018071600132
160000000 0.00023487603498
180000000 0.00038232403616
200000000 0.00051687802686
#Header 
#Target 49 127 1
#Product 47 117 0
#Datapoints 19
1000000 0
45000000 0
50000000 2.715963376E-15
55000000 4.407390093E-11
60000000 9.771709948E-9
65000000 1.7261098206E-7
70000000 9.5545491886E-7
75000000 3.3674694082E-6
80000000 8.826599929E-6
90000000 2.5675194842E-5
100000000 3.6151794844E-5
110000000 4.1021299858E-5
120000000 4.9565700038E-5
130000000 7.7756799982E-5
140000000 0.000125504002296
150000000 0.00018566505034
160000000 0.0002541820635
180000000 0.00039941005892
200000000 0.00052785495183
#Header 
#Target 49 127 1
#Product 47 118 0
#Datapoints 20
1000000 0
40000000 0
45000000 7.991725128E-14
50000000 5.376337232E-10
55000000 5.7406594257E-8
60000000 5.686709931E-7
65000000 2.5146404443E-6
70000000 8.6892896779E-6
75000000 2.1132493964E-5
80000000 3.527830453E-5
90000000 5.2599297906E-5
100000000 5.927559979E-5
110000000 7.2287996676E-5
120000000 0.00013106497412
130000000 0.00025298500804
140000000 0.0004315540278
150000000 0.00060636899864
160000000 0.0007978809828
180000000 0.00115371997844
200000000 0.0014162199794
#Header 
#Target 49 127 1
#Product 47 119 0
#Datapoints 21
1000000 0
35000000 0
40000000 4.33294592E-12
45000000 2.9255794336E-9
50000000 7.3121496168E-8
55000000 4.9214498655E-7
60000000 2.4718706705E-6
65000000 8.3698208289E-6
70000000 1.7041099023E-5
75000000 2.4022394694E-5
80000000 2.8597492553E-5
90000000 3.1866600492E-5
100000000 4.4553292751E-5
110000000 0.000114302995352
120000000 0.0002798760314
130000000 0.00051580604248
140000000 0.00077662407108
150000000 0.00104500994228
160000000 0.0012618603484
180000000 0.0016481400368
200000000 0.0019637594932
#Header 
#Target 49 127 1
#Product 47 120 0
#Datapoints 22
1000000 0
30000000 0
35000000 1.632900648E-12
40000000 6.40939788E-10
45000000 1.1320299548E-8
50000000 1.09863996424E-7
55000000 7.7434690656E-7
60000000 2.357160029E-6
65000000 3.9451094102E-6
70000000 4.7774499656E-6
75000000 5.252660045E-6
80000000 5.3311499752E-6
90000000 7.5447194281E-6
100000000 3.1053803121E-5
110000000 9.6613598046E-5
120000000 0.0001873320267
130000000 0.0003016729543
140000000 0.00039933303616
150000000 0.00048559597942
160000000 0.00056698298586
180000000 0.00069329706392
200000000 0.00078513805296
#Header 
#Target 49 127 1
#Product 47 121 0
#Datapoints 25
1000000 0
24000000 0
26000000 3.257558769E-15
28000000 1.033138911E-13
30000000 1.337619389E-12
35000000 1.1303988666E-10
40000000 6.7018607E-9
45000000 1.52028002576E-7
50000000 8.4251204954E-7
55000000 1.9191801135E-6
60000000 2.607330103E-6
65000000 2.8119294997E-6
70000000 2.8529193238E-6
75000000 3.0303597652E-6
80000000 4.7541693752E-6
90000000 4.1594395917E-5
100000000 0.00016015895896
110000000 0.00035004097884
120000000 0.0005536350427
130000000 0.00072722602244
140000000 0.00091625004872
150000000 0.0010288900371
160000000 0.00115280996808
180000000 0.0013309394056
200000000 0.0014522300057
#Header 
#Target 49 127 1
#Product 47 122 0
#Datapoints 24
1000000 0
26000000 0
28000000 1.80562361E-14
30000000 1.1688295016E-12
35000000 7.880707674E-10
40000000 2.00334031E-8
45000000 7.8718007624E-8
50000000 1.22187010932E-7
55000000 1.29050986209E-7
60000000 1.2726200102E-7
65000000 1.35131004871E-7
70000000 2.9280606797E-7
75000000 2.2064495608E-6
80000000 9.9153898655E-6
90000000 5.7368402239E-5
100000000 0.000133965004921
110000000 0.00021636201062
120000000 0.00029005395892
130000000 0.00036022703986
140000000 0.00039980505596
150000000 0.00045081599428
160000000 0.00048865001912
180000000 0.00053129996096
200000000 0.00056786801672
#Header 
#Target 49 127 1
#Product 47 123 0
#Datapoints 27
1000000 0
20000000 0
22000000 3.831690389E-15
24000000 1.4953198482E-13
26000000 2.427043953E-12
28000000 2.11034976E-11
30000000 1.1583187412E-10
35000000 2.1471505308E-9
40000000 7.541500354E-9
45000000 1.02265998544E-8
50000000 1.0608900477E-8
55000000 1.12533997215E-8
60000000 3.883779228E-8
65000000 8.2571592212E-7
70000000 6.1824094059E-6
75000000 2.1268894154E-5
80000000 4.6883196521E-5
90000000 0.000120249004002
100000000 0.00019800595969
110000000 0.00026710897472
120000000 0.000320697951
130000000 0.0003637599878
140000000 0.00040990300264
150000000 0.00043165692258
160000000 0.00046144002802
180000000 0.00049588596956
200000000 0.00050720795442
#Header 
#Target 49 127 1
#Product 47 124 0
#Datapoints 21
1000000 0
35000000 0
40000000 5.05265976E-15
45000000 3.63600556E-12
50000000 1.658548472E-10
55000000 3.4285002483E-8
60000000 8.8138498105E-7
65000000 5.533060065E-6
70000000 1.5877502953E-5
75000000 3.0553303586E-5
80000000 4.5243092923E-5
90000000 7.3987304546E-5
100000000 9.7797198994E-5
110000000 0.0001154509944
120000000 0.00013011500462
130000000 0.00014144003502
140000000 0.00015015598944
150000000 0.0001547340219
160000000 0.00016323995954
180000000 0.00017190699856
200000000 0.00017747601732
#Header 
#Target 49 127 1
#Product 48 106 0
#Datapoints 7
1000000 0
130000000 0
140000000 3.3083395132E-6
150000000 0.000101241001814
160000000 0.00041853504478
180000000 0.0022711403008
200000000 0.0046225097839
#Header 
#Target 49 127 1
#Product 48 107 0
#Datapoints 8
1000000 0
120000000 0
130000000 1.6199804778E-6
140000000 8.5209304188E-5
150000000 0.00049697900334
160000000 0.0012365994022
180000000 0.0043557703924
200000000 0.006452759639
#Header 
#Target 49 127 1
#Product 48 108 0
#Datapoints 9
1000000 0
110000000 0
120000000 5.0474301794E-7
130000000 5.6078907692E-5
140000000 0.0005171150214
150000000 0.0017169303318
160000000 0.003068559369
180000000 0.0063344194228
200000000 0.0097892598416
#Header 
#Target 49 127 1
#Product 48 109 0
#Datapoints 10
1000000 0
100000000 0
110000000 9.2236101188E-8
120000000 2.6907693482E-5
130000000 0.00043661193456
140000000 0.00212182038
150000000 0.003783890264
160000000 0.005334350122
180000000 0.0085501406028
200000000 0.0108021995762
#Header 
#Target 49 127 1
#Product 48 110 0
#Datapoints 11
1000000 0
90000000 0
100000000 6.7292202747E-9
110000000 8.3309195802E-6
120000000 0.0002929320727
130000000 0.0020241404448
140000000 0.0044020201032
150000000 0.0055331898434
160000000 0.00692711035
180000000 0.0101238010744
200000000 0.012365598652
#Header 
#Target 49 127 1
#Product 48 111 0
#Datapoints 12
1000000 0
80000000 0
90000000 2.827214125E-11
100000000 3.67038012E-7
110000000 3.479300076E-5
120000000 0.00037484503728
130000000 0.00085182397656
140000000 0.00096919693192
150000000 0.00117214998182
160000000 0.0014508496496
180000000 0.0020381899768
200000000 0.0021882103253
#Header 
#Target 49 127 1
#Product 48 112 0
#Datapoints 13
1000000 0
75000000 0
80000000 2.427769099E-13
90000000 1.4989906862E-7
100000000 6.2392100353E-5
110000000 0.0016760994236
120000000 0.0057908795746
130000000 0.0074988002118
140000000 0.0080336106232
150000000 0.009395199581
160000000 0.0105535993024
180000000 0.0118849002456
200000000 0.0106748995791
#Header 
#Target 49 127 1
#Product 48 113 0
#Datapoints 14
1000000 0
70000000 0
75000000 8.654846286E-13
80000000 8.474772236E-10
90000000 3.519240235E-6
100000000 0.00017972406485
110000000 0.00074548998706
120000000 0.00093899803782
130000000 0.000921160018
140000000 0.00103714005432
150000000 0.00119772004772
160000000 0.0014584005892
180000000 0.0016072996548
200000000 0.0017697099794
#Header 
#Target 49 127 1
#Product 48 114 0
#Datapoints 16
1000000 0
60000000 0
65000000 2.529523041E-15
70000000 2.18824411E-11
75000000 1.7217196884E-8
80000000 3.542689878E-6
90000000 0.00066421700633
100000000 0.0044929806152
110000000 0.007179290174
120000000 0.0066757993418
130000000 0.0067455407544
140000000 0.0077630708048
150000000 0.0089315397356
160000000 0.0092324693508
180000000 0.01004889925
200000000 0.0108612005921
#Header 
#Target 49 127 1
#Product 48 115 0
#Datapoints 17
1000000 0
55000000 0
60000000 1.613527825E-15
65000000 2.796741963E-11
70000000 4.7829509286E-8
75000000 3.829639824E-6
80000000 4.5567593771E-5
90000000 0.00040040492966
100000000 0.00058562498148
110000000 0.00051446805368
120000000 0.00058016694
130000000 0.00077924894034
140000000 0.0009899389566
150000000 0.00121305003792
160000000 0.0014589303076
180000000 0.001752909502
200000000 0.0019167005478
#Header 
#Target 49 127 1
#Product 48 116 0
#Datapoints 18
1000000 0
50000000 0
55000000 1.800993231E-12
60000000 1.4406300195E-8
65000000 4.6108589923E-6
70000000 0.000120679002119
75000000 0.0007658410106
80000000 0.0021570898132
90000000 0.0042962802696
100000000 0.0040730800506
110000000 0.0046924200918
120000000 0.006166660087
130000000 0.0077908299904
140000000 0.0093635002564
150000000 0.0105633992426
160000000 0.011036100419
180000000 0.012277894004
200000000 0.01340339816
#Header 
#Target 49 127 1
#Product 48 117 0
#Datapoints 19
1000000 0
45000000 0
50000000 5.47413006E-12
55000000 3.0658205046E-8
60000000 4.164779444E-6
65000000 4.8001306762E-5
70000000 0.00015107398111
75000000 0.00025211294416
80000000 0.0002724870617
90000000 0.00024568698087
100000000 0.00030887703517
110000000 0.00045197999616
120000000 0.00076522204324
130000000 0.00105455990872
140000000 0.0013012394808
150000000 0.001488739434
160000000 0.0017646195152
180000000 0.0019474102468
200000000 0.0021403395312
#Header 
#Target 49 127 1
#Product 48 118 0
#Datapoints 21
1000000 0
35000000 0
40000000 3.22758536E-14
45000000 1.0963500316E-8
50000000 8.8090891308E-6
55000000 0.00025486495146
60000000 0.0013109800004
65000000 0.0027424001303
70000000 0.003562720421
75000000 0.0035797894576
80000000 0.0034581303267
90000000 0.004094790043
100000000 0.0060430202602
110000000 0.0084698791786
120000000 0.0107538989246
130000000 0.013026302352
140000000 0.015145394936
150000000 0.016426703736
160000000 0.017353206924
180000000 0.018616604396
200000000 0.019880595741
#Header 
#Target 49 127 1
#Product 48 119 0
#Datapoints 22
1000000 0
30000000 0
35000000 2.26578588E-13
40000000 5.106839426E-8
45000000 2.2069997864E-5
50000000 0.00034323701202
55000000 0.00109854002337
60000000 0.0016951694025
65000000 0.0018261103195
70000000 0.0017621997718
75000000 0.0017547195442
80000000 0.0019075196091
90000000 0.002753710072
100000000 0.0039694400779
110000000 0.0051805998692
120000000 0.0061691502476
130000000 0.007099769689
140000000 0.0075638797096
150000000 0.008293579355
160000000 0.0084197501218
180000000 0.0093298302196
200000000 0.0093088798929
#Header 
#Target 49 127 1
#Product 48 120 0
#Datapoints 25
1000000 0
24000000 0
26000000 7.504805157E-15
28000000 2.163555665E-11
30000000 4.7272398323E-9
35000000 1.3314700323E-5
40000000 0.0004884189108
45000000 0.0020905607968
50000000 0.0036310403556
55000000 0.0041092503903
60000000 0.0038353400575
65000000 0.0036297602833
70000000 0.0038227705776
75000000 0.0044399197708
80000000 0.0054006703387
90000000 0.0086312299405
100000000 0.0124216005518
110000000 0.016013695474
120000000 0.018914996146
130000000 0.02054359701
140000000 0.0224745075
150000000 0.02352310663
160000000 0.024391705282
180000000 0.0254780045
200000000 0.026245301021
#Header 
#Target 49 127 1
#Product 48 121 0
#Datapoints 28
1000000 0
19000000 0
20000000 2.392408011E-15
22000000 1.4053090477E-11
24000000 4.3963297128E-9
26000000 3.0697603242E-7
28000000 6.1600508485E-6
30000000 5.8939801698E-5
35000000 0.00103503997734
40000000 0.002730520216
45000000 0.0034070405608
50000000 0.0031758292776
55000000 0.0027246105246
60000000 0.002654090082
65000000 0.0029856004532
70000000 0.0035341304024
75000000 0.004366110393
80000000 0.0055263694766
90000000 0.0081489890928
100000000 0.010558099178
110000000 0.0121557000726
120000000 0.013348396862
130000000 0.014370401254
140000000 0.01493000518
150000000 0.015410894686
160000000 0.015836299428
180000000 0.016170596004
200000000 0.016126202017
#Header 
#Target 49 127 1
#Product 48 122 0
#Datapoints 35
1000000 0
12000000 0
13000000 1.914144376E-13
14000000 1.41283242E-11
15000000 4.41334509E-10
16000000 7.7351595804E-9
17000000 1.27805993568E-7
18000000 1.0385898896E-6
19000000 6.2505395308E-6
20000000 1.8471995157E-5
22000000 0.00016136005537
24000000 0.00068397309792
26000000 0.0017152898106
28000000 0.003017220411
30000000 0.0042993207371
35000000 0.005873430003
40000000 0.005169529726
45000000 0.0040717598536
50000000 0.0036328198592
55000000 0.0041657201694
60000000 0.0049145097645
65000000 0.0061350299214
70000000 0.0079730298206
75000000 0.0102574991462
80000000 0.0126017999415
90000000 0.016724203294
100000000 0.01957139547
110000000 0.021424703678
120000000 0.022727697102
130000000 0.023485896434
140000000 0.023804002628
150000000 0.024090195774
160000000 0.024637104688
180000000 0.024296002632
200000000 0.023690605225
#Header 
#Target 49 127 1
#Product 48 123 0
#Datapoints 41
1000000 0
6000000 0
7000000 4.531990398E-15
8000000 1.3417288918E-12
9000000 8.511370245E-11
10000000 2.73729003552E-9
11000000 3.83575980044E-8
12000000 3.55058034831E-7
13000000 2.1302199616E-6
14000000 1.18494018E-5
15000000 4.8622299165E-5
16000000 0.00018962598711
17000000 0.0007896179907
18000000 0.001449559808
19000000 0.0021767800004
20000000 0.0015729306234
22000000 0.0016859106952
24000000 0.001722840003
26000000 0.0016110198903
28000000 0.00142881995365
30000000 0.0012306000177
35000000 0.00080241999228
40000000 0.0005884309442
45000000 0.00067443703744
50000000 0.00078910393898
55000000 0.00106276007694
60000000 0.0016742097435
65000000 0.0024337505352
70000000 0.0032383494676
75000000 0.0040196406462
80000000 0.0045863506535
90000000 0.0055383104015
100000000 0.006156760478
110000000 0.0065438600794
120000000 0.0066316306568
130000000 0.0067390799356
140000000 0.0066844696404
150000000 0.0067157095866
160000000 0.0065771295722
180000000 0.0064230998528
200000000 0.0061407505122
#Header 
#Target 49 127 1
#Product 48 124 0
#Datapoints 45
1000000 0
2000000 0
3000000 1.0114485498E-13
4000000 3.15948007606E-11
5000000 9.1720302342E-10
6000000 1.3236499307476E-8
7000000 1.23848003058E-7
8000000 8.4615479816E-7
9000000 4.45829993595E-6
10000000 1.8597099848E-5
11000000 6.15277939892E-5
12000000 0.000162764029197
13000000 0.00035604799248
14000000 0.000679161978
15000000 0.001219360461
16000000 0.0023618501088
17000000 0.0056929309371
18000000 0.006624539424
19000000 0.0069939196
20000000 0.0035213695935
22000000 0.0022627699446
24000000 0.0017082006084
26000000 0.00133483996818
28000000 0.00106350004845
30000000 0.00089051704734
35000000 0.00125459001822
40000000 0.00234190037
45000000 0.0032970495168
50000000 0.004954360061
55000000 0.0074577001938
60000000 0.0102241008835
65000000 0.0127171003581
70000000 0.0149223993763
75000000 0.016714203682
80000000 0.01819170542
90000000 0.020155798134
100000000 0.021115200227
110000000 0.021431694886
120000000 0.021544302794
130000000 0.021159296896
140000000 0.02095150316
150000000 0.020281101272
160000000 0.01999159694
180000000 0.018946098528
200000000 0.018043602475
#Header 
#Target 49 127 1
#Product 48 125 0
#Datapoints 31
1000000 0
16000000 0
17000000 2.5763859E-15
18000000 2.76581232E-13
19000000 1.2593000708E-11
20000000 3.599236962E-10
22000000 5.7200303115E-8
24000000 2.0364404562E-6
26000000 2.5071702873E-5
28000000 0.00012530698893
30000000 0.00032258800291
35000000 0.00083550797898
40000000 0.001855070046
45000000 0.0040131006528
50000000 0.0066446696372
55000000 0.0090510105987
60000000 0.011082899576
65000000 0.012751599745
70000000 0.0141755005041
75000000 0.015303305466
80000000 0.01621040043
90000000 0.017207201814
100000000 0.017547695759
110000000 0.017270098272
120000000 0.01706230099
130000000 0.016729996842
140000000 0.016086195308
150000000 0.01571469954
160000000 0.015103399688
180000000 0.01416559656
200000000 0.013051805223
#Header 
#Target 49 127 1
#Product 48 126 0
#Datapoints 30
1000000 0
17000000 0
18000000 2.5522168E-15
19000000 5.202490508E-14
20000000 4.397036946E-13
22000000 4.531087366E-11
24000000 9.5513994882E-9
26000000 4.5544896258E-7
28000000 7.010880969E-6
30000000 4.8377501192E-5
35000000 0.00071677992828
40000000 0.002256179292
45000000 0.0039403402016
50000000 0.0054162099334
55000000 0.006659990328
60000000 0.007679629601
65000000 0.0084510294003
70000000 0.008979819966
75000000 0.0093334103344
80000000 0.0095512890123
90000000 0.0098512397819
100000000 0.0098150700736
110000000 0.0098284897018
120000000 0.0094356703202
130000000 0.0089844502462
140000000 0.0087791094944
150000000 0.0083222505732
160000000 0.0080667197846
180000000 0.0073858304356
200000000 0.0069325904999
#Header 
#Target 49 127 1
#Product 49 107 0
#Datapoints 6
1000000 0
140000000 0
150000000 8.1083201314E-8
160000000 2.105109505E-5
180000000 0.00024553004936
200000000 0.00044098301688
#Header 
#Target 49 127 1
#Product 49 108 0
#Datapoints 7
1000000 0
130000000 0
140000000 3.7854198192E-8
150000000 4.0803003014E-5
160000000 0.00032866500748
180000000 0.00093723296484
200000000 0.0013793003055
#Header 
#Target 49 127 1
#Product 49 109 0
#Datapoints 8
1000000 0
120000000 0
130000000 4.101639667E-8
140000000 3.7173304904E-5
150000000 0.0003948140159
160000000 0.00102115005382
180000000 0.0018952096528
200000000 0.0026616300559
#Header 
#Target 49 127 1
#Product 49 110 0
#Datapoints 9
1000000 0
110000000 0
120000000 4.964181512E-10
130000000 2.35092051E-5
140000000 0.00041971105732
150000000 0.0016282496738
160000000 0.002503060453
180000000 0.0044272401612
200000000 0.0057090202139
#Header 
#Target 49 127 1
#Product 49 111 0
#Datapoints 10
1000000 0
100000000 0
110000000 1.891481998E-10
120000000 1.8496500304E-5
130000000 0.00048778297774
140000000 0.0025438703616
150000000 0.0052221305414
160000000 0.0084199487662
180000000 0.012349294196
200000000 0.0107478999773
#Header 
#Target 49 127 1
#Product 49 112 0
#Datapoints 10
1000000 0
100000000 0
110000000 7.4524796318E-7
120000000 3.6490293724E-5
130000000 0.0002952640322
140000000 0.0008764330044
150000000 0.0015071103298
160000000 0.0018241404894
180000000 0.001834860176
200000000 0.0015615397184
#Header 
#Target 49 127 1
#Product 49 113 0
#Datapoints 11
1000000 0
90000000 0
100000000 1.8710201565E-6
110000000 0.0001985970042
120000000 0.0025830996092
130000000 0.0098278203144
140000000 0.016463395216
150000000 0.019481497132
160000000 0.020253304806
180000000 0.019980693548
200000000 0.020227793619
#Header 
#Target 49 127 1
#Product 49 114 0
#Datapoints 12
1000000 0
80000000 0
90000000 1.6747102147E-8
100000000 8.9680400293E-6
110000000 0.00019258896818
120000000 0.0008916400669
130000000 0.0018044597916
140000000 0.0024778001936
150000000 0.0027326400058
160000000 0.0028340093806
180000000 0.0028373994848
200000000 0.0026558705255
#Header 
#Target 49 127 1
#Product 49 115 0
#Datapoints 13
1000000 0
75000000 0
80000000 8.0297998683E-9
90000000 3.3448898583E-5
100000000 0.0012175300599
110000000 0.0076384097412
120000000 0.01842529503
130000000 0.024873806402
140000000 0.026250502048
150000000 0.025838902824
160000000 0.026069600576
180000000 0.025814696232
200000000 0.022611294208
#Header 
#Target 49 127 1
#Product 49 116 0
#Datapoints 15
1000000 0
65000000 0
70000000 6.771445629E-13
75000000 4.0985803218E-9
80000000 5.3752802929E-7
90000000 5.130270834E-5
100000000 0.00041944306602
110000000 0.00129990011956
120000000 0.0020501895712
130000000 0.0024904700956
140000000 0.002727429976
150000000 0.0028995295758
160000000 0.0028984805242
180000000 0.0027287397168
200000000 0.0026283701818
#Header 
#Target 49 127 1
#Product 49 117 0
#Datapoints 16
1000000 0
60000000 0
65000000 1.2724795519E-9
70000000 1.29049998883E-6
75000000 5.1450107454E-5
80000000 0.00044639800268
90000000 0.0053248604793
100000000 0.019471705627
110000000 0.032701602234
120000000 0.036893798982
130000000 0.037770905192
140000000 0.038493901608
150000000 0.03786120013
160000000 0.035685105378
180000000 0.032911002008
200000000 0.031768205215
#Header 
#Target 49 127 1
#Product 49 118 0
#Datapoints 18
1000000 0
50000000 0
55000000 6.523285794E-16
60000000 1.8382805525E-9
65000000 1.34952996146E-6
70000000 2.8093103272E-5
75000000 0.00014199900882
80000000 0.00043815805285
90000000 0.0020471602696
100000000 0.0041397003758
110000000 0.0054270693036
120000000 0.0062559807244
130000000 0.0070333598526
140000000 0.0067854503676
150000000 0.0068091901054
160000000 0.00660694953
180000000 0.0063551401136
200000000 0.0064927605674
#Header 
#Target 49 127 1
#Product 49 119 0
#Datapoints 19
1000000 0
45000000 0
50000000 4.01163049E-10
55000000 2.7824807454E-6
60000000 0.00013702100307
65000000 0.00098266106909
70000000 0.0033848099844
75000000 0.008823950098
80000000 0.018030803217
90000000 0.039787199883
100000000 0.052037004206
110000000 0.055150104282
120000000 0.055883095148
130000000 0.052734504948
140000000 0.052979300688
150000000 0.049923794404
160000000 0.050478901828
180000000 0.047775905388
200000000 0.0442322037
#Header 
#Target 49 127 1
#Product 49 120 0
#Datapoints 20
1000000 0
40000000 0
45000000 1.06600999488E-8
50000000 1.3968400404E-5
55000000 0.00022559997324
60000000 0.00089660003755
65000000 0.0025235401182
70000000 0.0058204010735
75000000 0.0108956000156
80000000 0.015967300237
90000000 0.021941205818
100000000 0.025137701116
110000000 0.026250304948
120000000 0.0257999964
130000000 0.025751193796
140000000 0.024508301544
150000000 0.0252147967
160000000 0.023695493446
180000000 0.02292189682
200000000 0.022592900945
#Header 
#Target 49 127 1
#Product 49 121 0
#Datapoints 22
1000000 0
30000000 0
35000000 1.0112492256E-10
40000000 1.3252700224E-5
45000000 0.00045115997824
50000000 0.002216480357
55000000 0.0071393399403
60000000 0.0185663072
65000000 0.036459708937
70000000 0.054007405504
75000000 0.066128801742
80000000 0.074221900067
90000000 0.079866405827
100000000 0.080033702276
110000000 0.078018999408
120000000 0.075760400604
130000000 0.07373220449
140000000 0.07219640522
150000000 0.069301393928
160000000 0.068642994812
180000000 0.0647655043
200000000 0.060830397348
#Header 
#Target 49 127 1
#Product 49 122 0
#Datapoints 24
1000000 0
26000000 0
28000000 3.849540255E-13
30000000 5.7603892921E-9
35000000 3.8039907366E-5
40000000 0.0003687200146
45000000 0.0011149499988
50000000 0.0034916400498
55000000 0.0082073397801
60000000 0.0136034001285
65000000 0.017610193518
70000000 0.020595800329
75000000 0.022645497044
80000000 0.023872296882
90000000 0.025211707438
100000000 0.025251692917
110000000 0.0248814958
120000000 0.024238899442
130000000 0.023412600354
140000000 0.022820903232
150000000 0.022179704596
160000000 0.021494905878
180000000 0.020513303952
200000000 0.019256697674
#Header 
#Target 49 127 1
#Product 49 123 0
#Datapoints 28
1000000 0
19000000 0
20000000 9.232064742E-12
22000000 1.9332695522E-7
24000000 2.4169300938E-5
26000000 0.0002667390744
28000000 0.0009774120186
30000000 0.0021317298286
35000000 0.0068010302316
40000000 0.01951830456
45000000 0.048090701696
50000000 0.080791092788
55000000 0.104808993816
60000000 0.11743598636
65000000 0.123665001672
70000000 0.12698201152
75000000 0.127905000468
80000000 0.127456000336
90000000 0.120924007085
100000000 0.114588996621
110000000 0.108282991558
120000000 0.102353996954
130000000 0.097395895174
140000000 0.09207650536
150000000 0.088171095138
160000000 0.083987698398
180000000 0.077336700504
200000000 0.071704008974
#Header 
#Target 49 127 1
#Product 49 124 0
#Datapoints 34
1000000 0
13000000 0
14000000 1.771978212E-12
15000000 1.453969737E-9
16000000 1.8737701766E-7
17000000 4.571589462E-6
18000000 3.581379616E-5
19000000 0.0001499269466
20000000 0.00039045298569
22000000 0.0011501599317
24000000 0.002061399375
26000000 0.0029404602237
28000000 0.0039921392725
30000000 0.0058878203827
35000000 0.017945994714
40000000 0.03536140042
45000000 0.048539395448
50000000 0.057140499556
55000000 0.061939992597
60000000 0.06520869628
65000000 0.066757891716
70000000 0.067317907306
75000000 0.066855503046
80000000 0.065471003472
90000000 0.063136200194
100000000 0.059884896016
110000000 0.056415993242
120000000 0.05289430176
130000000 0.049938502962
140000000 0.048091595528
150000000 0.045047302286
160000000 0.04404130278
180000000 0.040258000192
200000000 0.036622200282
#Header 
#Target 49 127 1
#Product 49 125 0
#Datapoints 41
1000000 0
6000000 0
7000000 3.032752983E-13
8000000 5.159952672E-11
9000000 9.5951502045E-9
10000000 2.71794004408E-7
11000000 5.73574014912E-6
12000000 4.6713796038E-5
13000000 0.00019282398488
14000000 0.00050200803324
15000000 0.00098954695455
16000000 0.0016904197562
17000000 0.0027193605549
18000000 0.004163079472
19000000 0.0061069000128
20000000 0.0086157396654
22000000 0.016549498558
24000000 0.029906995284
26000000 0.048805906302
28000000 0.070247101265
30000000 0.093144692402
35000000 0.137164009116
40000000 0.160856984
45000000 0.17205397264
50000000 0.17410605716
55000000 0.17530804815
60000000 0.1704880184
65000000 0.16662196046
70000000 0.1593300722
75000000 0.15459100864
80000000 0.14819906178
90000000 0.134507005045
100000000 0.122445994649
110000000 0.112883006292
120000000 0.103804009506
130000000 0.096820200596
140000000 0.091056299788
150000000 0.085747500828
160000000 0.081164703972
180000000 0.073100696976
200000000 0.065824598332
#Header 
#Target 49 127 1
#Product 49 126 0
#Datapoints 41
1000000 0
6000000 0
7000000 7.410786318E-14
8000000 1.3422201703E-9
9000000 3.1365201672E-7
10000000 1.02483989064E-5
11000000 0.000123485020476
12000000 0.000678935052738
13000000 0.0021052999824
14000000 0.0046169298972
15000000 0.0082761496125
16000000 0.013033199683
17000000 0.018633893949
18000000 0.02468949872
19000000 0.030827294508
20000000 0.038370303675
22000000 0.050841594875
24000000 0.061233609474
26000000 0.069341498739
28000000 0.0759345045
30000000 0.080046298733
35000000 0.086618895108
40000000 0.08973810698
45000000 0.0890795948
50000000 0.088007203522
55000000 0.082924705674
60000000 0.08059291233
65000000 0.077042496367
70000000 0.075385301875
75000000 0.070614901562
80000000 0.067484201862
90000000 0.06092809852
100000000 0.055397595165
110000000 0.05074189414
120000000 0.047839301858
130000000 0.044015103322
140000000 0.040839594236
150000000 0.038807396292
160000000 0.036260303536
180000000 0.03287869678
200000000 0.030155701665
#Header 
#Target 49 127 1
#Product 49 127 0
#Datapoints 46
1000000 0
1000000 0
2000000 3.5211772795E-17
3000000 3.9545306658E-13
4000000 7.6147192786E-11
5000000 2.18455018644E-9
6000000 1.715449874617E-8
7000000 2.0868893097E-7
8000000 5.2362900727E-6
9000000 5.0994297144E-5
10000000 0.000253943020896
11000000 0.000822758082696
12000000 0.00196312043718
13000000 0.0037083694728
14000000 0.0058850197992
15000000 0.0082017195315
16000000 0.0103725007512
17000000 0.0122100011253
18000000 0.01379930112
19000000 0.014998401196
20000000 0.015813705045
22000000 0.017162100154
24000000 0.017884996398
26000000 0.018030104838
28000000 0.01808919468
30000000 0.017905799432
35000000 0.016854793266
40000000 0.015164400778
45000000 0.0137127003608
50000000 0.0121270997876
55000000 0.0106302000144
60000000 0.00927875018
65000000 0.0082806197801
70000000 0.0072620400957
75000000 0.0062194094716
80000000 0.0056179296292
90000000 0.0044560999254
100000000 0.0035837397882
110000000 0.002982090433
120000000 0.0025335902022
130000000 0.0021978803452
140000000 0.0019259403556
150000000 0.0017415196808
160000000 0.0015641995776
180000000 0.001301619982
200000000 0.00109353003442
#Header 
#Target 49 127 1
#Product 50 110 0
#Datapoints 8
1000000 0
120000000 0
130000000 3.898646686E-12
140000000 2.6697704572E-6
150000000 3.6200801078E-5
160000000 6.5248701544E-5
180000000 5.7490302176E-5
200000000 8.037090036E-5
#Header 
#Target 49 127 1
#Product 50 111 0
#Datapoints 8
1000000 0
120000000 0
130000000 5.1956105704E-6
140000000 0.000117387001088
150000000 0.000254682055
160000000 0.00024195905666
180000000 0.00024229904672
200000000 0.00019076700566
#Header 
#Target 49 127 1
#Product 50 112 0
#Datapoints 9
1000000 0
110000000 0
120000000 7.0658196032E-6
130000000 0.0002825089766
140000000 0.00084524390224
150000000 0.00091511793286
160000000 0.000753506031
180000000 0.00060616495764
200000000 0.00046940102062
#Header 
#Target 49 127 1
#Product 50 113 0
#Datapoints 10
1000000 0
100000000 0
110000000 4.7858301022E-7
120000000 2.1734597028E-5
130000000 6.918400333E-5
140000000 7.7565595784E-5
150000000 7.333470553E-5
160000000 6.6728798516E-5
180000000 5.6744702792E-5
200000000 5.2815094079E-5
#Header 
#Target 49 127 1
#Product 50 114 0
#Datapoints 11
1000000 0
90000000 0
100000000 4.963080232E-6
110000000 0.00072578198518
120000000 0.004348340116
130000000 0.0060258898562
140000000 0.005202540476
150000000 0.0038511206124
160000000 0.0030840597632
180000000 0.002596210308
200000000 0.0018649401854
#Header 
#Target 49 127 1
#Product 50 115 0
#Datapoints 12
1000000 0
80000000 0
90000000 2.3276199108E-6
100000000 0.00101590007156
110000000 0.0081208004248
120000000 0.0134641038
130000000 0.0114724997772
140000000 0.0077964701444
150000000 0.0059788800236
160000000 0.0053511502882
180000000 0.003923789634
200000000 0.0027931695764
#Header 
#Target 49 127 1
#Product 50 116 0
#Datapoints 13
1000000 0
75000000 0
80000000 8.2661705539E-7
90000000 0.00127302005353
100000000 0.014551996151
110000000 0.02693769813
120000000 0.022597104044
130000000 0.014136699522
140000000 0.0102351991984
150000000 0.0087976802636
160000000 0.0073641194466
180000000 0.0051845704336
200000000 0.004172289602
#Header 
#Target 49 127 1
#Product 50 117 0
#Datapoints 15
1000000 0
65000000 0
70000000 1.8536701443E-8
75000000 1.41114994104E-5
80000000 0.0003229960594
90000000 0.0044854101761
100000000 0.0073031403478
110000000 0.0054713900934
120000000 0.0038160908128
130000000 0.0031414597376
140000000 0.0026570895728
150000000 0.0022406604848
160000000 0.0019444294832
180000000 0.0014671299936
200000000 0.00111635995041
#Header 
#Target 49 127 1
#Product 50 118 0
#Datapoints 17
1000000 0
55000000 0
60000000 4.290019531E-9
65000000 2.4384405124E-5
70000000 0.00135195009235
75000000 0.0121132005188
80000000 0.038580503675
90000000 0.081261394393
100000000 0.057730605482
110000000 0.033380203038
120000000 0.022977405236
130000000 0.017563393774
140000000 0.014228504352
150000000 0.011738199955
160000000 0.0096956909248
180000000 0.0071571398912
200000000 0.0056513494987
#Header 
#Target 49 127 1
#Product 50 119 0
#Datapoints 18
1000000 0
50000000 0
55000000 8.8157300919E-7
60000000 0.00041373495485
65000000 0.0071015601219
70000000 0.029821904554
75000000 0.05656120164
80000000 0.065683094582
90000000 0.04349699681
100000000 0.022369492882
110000000 0.015174697146
120000000 0.0111864007774
130000000 0.0088101196204
140000000 0.0071448698128
150000000 0.0058788804392
160000000 0.0049222500522
180000000 0.0037478898868
200000000 0.0028929303459
#Header 
#Target 49 127 1
#Product 50 120 0
#Datapoints 20
1000000 0
40000000 0
45000000 6.0170401744E-7
50000000 0.00100215013542
55000000 0.023267307024
60000000 0.10143699706
65000000 0.17894992231
70000000 0.18614494353
75000000 0.144404014612
80000000 0.098775208021
90000000 0.051213404219
100000000 0.034836001035
110000000 0.025642696926
120000000 0.019770895814
130000000 0.016010695766
140000000 0.013066201284
150000000 0.010941900067
160000000 0.0094527304306
180000000 0.007450469682
200000000 0.0058360798378
#Header 
#Target 49 127 1
#Product 50 121 0
#Datapoints 21
1000000 0
35000000 0
40000000 5.66824931E-5
45000000 0.0054804003816
50000000 0.02614959774
55000000 0.039158003997
60000000 0.031710004235
65000000 0.020019097542
70000000 0.013319899905
75000000 0.0099813797686
80000000 0.0081976200397
90000000 0.0061741900421
100000000 0.0046847198288
110000000 0.0037810200666
120000000 0.0031088394994
130000000 0.002579240362
140000000 0.0022527898044
150000000 0.0020169899528
160000000 0.001775090037
180000000 0.0014323295976
200000000 0.0012058404059
#Header 
#Target 49 127 1
#Product 50 122 0
#Datapoints 24
1000000 0
26000000 0
28000000 1.0062295125E-9
30000000 7.1516300317E-5
35000000 0.034042102782
40000000 0.2542710458
45000000 0.44969192496
50000000 0.39096301104
55000000 0.24224002467
60000000 0.144231990945
65000000 0.097754097402
70000000 0.07434049363
75000000 0.060324505726
80000000 0.05029719653
90000000 0.036815493855
100000000 0.028502393975
110000000 0.02287879489
120000000 0.019165396354
130000000 0.016596705614
140000000 0.014385499776
150000000 0.012784399428
160000000 0.0115684011962
180000000 0.0096011497496
200000000 0.008103369411
#Header 
#Target 49 127 1
#Product 50 123 0
#Datapoints 27
1000000 0
20000000 0
22000000 1.35188005684E-7
24000000 0.002524020399
26000000 0.03734540313
28000000 0.14134099413
30000000 0.28609605564
35000000 0.54503306838
40000000 0.443162029
45000000 0.23136006568
50000000 0.12648900082
55000000 0.087567587364
60000000 0.069171200595
65000000 0.056601697299
70000000 0.047946303574
75000000 0.041232296268
80000000 0.036089397183
90000000 0.028408803404
100000000 0.023386394911
110000000 0.01991100041
120000000 0.01720789769
130000000 0.015187101544
140000000 0.013630696632
150000000 0.0122078000008
160000000 0.0111553998694
180000000 0.0094018697984
200000000 0.0080107208603
#Header 
#Target 49 127 1
#Product 50 124 0
#Datapoints 34
1000000 0
13000000 0
14000000 0.00021459701556
15000000 0.00610403046
16000000 0.032313399916
17000000 0.089585790129
18000000 0.181937992
19000000 0.30199097728
20000000 0.43662294939
22000000 0.68565899307
24000000 0.85459900392
26000000 0.90563005239
28000000 0.81949992575
30000000 0.65366095812
35000000 0.30610502838
40000000 0.1796780232
45000000 0.133321005288
50000000 0.108374995988
55000000 0.090594305772
60000000 0.07711839688
65000000 0.067003505639
70000000 0.058829201925
75000000 0.052172608428
80000000 0.046794300917
90000000 0.038445093751
100000000 0.032111505382
110000000 0.027286097776
120000000 0.023669792628
130000000 0.020714997074
140000000 0.018340004776
150000000 0.016634498952
160000000 0.01497349606
180000000 0.012583804
200000000 0.0106829014144
#Header 
#Target 49 127 1
#Product 50 125 0
#Datapoints 40
1000000 0
7000000 0
8000000 0.000308030018296
9000000 0.0150101016975
10000000 0.074248912936
11000000 0.1756689726
12000000 0.284627003994
13000000 0.384897978
14000000 0.47270995488
15000000 0.54788301975
16000000 0.60588505222
17000000 0.63740300646
18000000 0.6362769376
19000000 0.59995202068
20000000 0.53818792809
22000000 0.39046098245
24000000 0.2700150849
26000000 0.1957670553
28000000 0.1563540651
30000000 0.134195990856
35000000 0.106288992624
40000000 0.0888499971
45000000 0.075500295592
50000000 0.064713405554
55000000 0.056068896756
60000000 0.04921110243
65000000 0.043731399659
70000000 0.038767204853
75000000 0.034572002474
80000000 0.030844498559
90000000 0.024791895133
100000000 0.020379401405
110000000 0.017081202236
120000000 0.014569502674
130000000 0.0127675005568
140000000 0.0112974012984
150000000 0.0101553005188
160000000 0.009155489741
180000000 0.0076580796556
200000000 0.0065472899348
#Header 
#Target 49 127 1
#Product 50 126 0
#Datapoints 46
1000000 0
1000000 5.364830642E-13
2000000 5.1836501758E-7
3000000 0.000164215001574
4000000 0.00358211001904
5000000 0.0240837977857
6000000 0.083163410028186
7000000 0.194100986196
8000000 0.348077986277
9000000 0.47984999643
10000000 0.509006962496
11000000 0.450254988088
12000000 0.366677009406
13000000 0.28610200584
14000000 0.22989795696
15000000 0.19072195725
16000000 0.16759199674
17000000 0.15273899058
18000000 0.1434889392
19000000 0.135923994636
20000000 0.132033997296
22000000 0.122046999311
24000000 0.11420201151
26000000 0.107922995184
28000000 0.100656988645
30000000 0.094372800945
35000000 0.079536097458
40000000 0.06803680128
45000000 0.05801610052
50000000 0.050276791236
55000000 0.043732108089
60000000 0.03798309466
65000000 0.033973106201
70000000 0.029718300586
75000000 0.026011597292
80000000 0.022929701942
90000000 0.018180494437
100000000 0.014784902033
110000000 0.0123831998514
120000000 0.0106316003082
130000000 0.0091813501702
140000000 0.0081862501048
150000000 0.0072768895852
160000000 0.0066523900496
180000000 0.0055335796584
200000000 0.0046504696646
#Header 
#Target 49 127 1
#Product 50 127 0
#Datapoints 46
1000000 0
1000000 1.5777197556E-13
2000000 6.4136699433E-8
3000000 9.989510895E-6
4000000 0.00025107196198
5000000 0.00125397987003
6000000 0.0034440205250379
7000000 0.0067653492192
8000000 0.010916899699
9000000 0.0148781001285
10000000 0.0179775969816
11000000 0.0199779988256
12000000 0.0213736024953
13000000 0.021960497072
14000000 0.021939303096
15000000 0.02197830063
16000000 0.021841993761
17000000 0.021548303733
18000000 0.02108789632
19000000 0.020763995748
20000000 0.020071395237
22000000 0.018691007391
24000000 0.01752210036
26000000 0.016361006892
28000000 0.0152914005495
30000000 0.0143001999686
35000000 0.0120534004896
40000000 0.01021619944
45000000 0.0088670902192
50000000 0.0075796901558
55000000 0.0065995397658
60000000 0.0056812599235
65000000 0.0050198109769
70000000 0.004387220344
75000000 0.0038510305572
80000000 0.0033910903999
90000000 0.0026955899998
100000000 0.0021890404635
110000000 0.0018170896744
120000000 0.0015509495862
130000000 0.0013660403142
140000000 0.00118583007252
150000000 0.00107922994366
160000000 0.00095201505852
180000000 0.00079098996876
200000000 0.00038758198956
#Header 
#Target 49 127 1
#Product 50 128 0
#Datapoints 46
1000000 0
1000000 1.269750018E-18
2000000 4.22534008775E-11
3000000 7.3037187756E-9
4000000 1.7751699819E-6
5000000 1.40864004699E-5
6000000 5.1647401402549E-5
7000000 0.00011908498563
8000000 0.00019491601856
9000000 0.00024204797946
10000000 0.000252108952112
11000000 0.000244575013508
12000000 0.000231848985204
13000000 0.00021852695424
14000000 0.0002121630336
15000000 0.00020200795395
16000000 0.00019300405866
17000000 0.00018980903733
18000000 0.0001820510048
19000000 0.00017799696032
20000000 0.00017236902873
22000000 0.00015625707305
24000000 0.00014631100389
26000000 0.000139134010095
28000000 0.000135383980955
30000000 0.000131419002342
35000000 0.000121531005498
40000000 0.00011102899802
45000000 0.00010251999532
50000000 9.5328295384E-5
55000000 9.026390235E-5
60000000 8.30605951E-5
65000000 7.6310503144E-5
70000000 7.2191400788E-5
75000000 6.5863989358E-5
80000000 6.2350901144E-5
90000000 5.1412296712E-5
100000000 4.4913603647E-5
110000000 3.9019399468E-5
120000000 3.4450098746E-5
130000000 3.1019798036E-5
140000000 2.8677402248E-5
150000000 2.4818696386E-5
160000000 2.1704402148E-5
180000000 1.7451204992E-5
200000000 8.692389798E-6
