#Header 
#Target 84 203 0
#Product 0 1 0
#Datapoints 42
1000000 0
5000000 0
6000000 3.0991821164E-5
7000000 0.0008509410385
8000000 0.004199727945
9000000 0.036536821548
10000000 0.0971744172
11000000 0.18928076739
12000000 0.30730077975
13000000 0.44251830648
14000000 0.58296737016
15000000 0.71626628159
16000000 0.8389424812365
17000000 1.08018619803
18000000 1.4527657184
19000000 1.78358167323
20000000 2.03083934848
22000000 2.35311841366
24000000 2.5237500255
26000000 2.70591753536
28000000 3.029456144
30000000 3.4618613776
35000000 4.0774531428
40000000 4.53483684584
45000000 5.0324412759
50000000 5.29154948332
55000000 5.61546447316
60000000 5.80150554946
65000000 6.00802133811
70000000 6.17136862364
75000000 6.32760730875
80000000 6.45284481632
90000000 6.71355245665
100000000 6.88071115879
110000000 6.95341590354
120000000 7.1238483187
130000000 7.35296802695
140000000 7.59860701814
150000000 7.83782640564
160000000 8.05311463416
180000000 8.4647029278
200000000 8.9417179632
#Header 
#Target 84 203 0
#Product 1 1 0
#Datapoints 45
1000000 0
2000000 0
3000000 5.841756744E-15
4000000 1.1088189784E-10
5000000 6.558259695E-8
6000000 4.10066278E-6
7000000 5.690083238E-5
8000000 0.0004382638485
9000000 0.0005797947378
10000000 0.001130552168
11000000 0.002185003821
12000000 0.004063888055
13000000 0.008102945013
14000000 0.016773534036
15000000 0.032700045196
16000000 0.05845111781265
17000000 0.0808598747502
18000000 0.0870432418536
19000000 0.0915913619838
20000000 0.0995951962724
22000000 0.1231728926876
24000000 0.15498202896
26000000 0.20166149536
28000000 0.262467132928
30000000 0.312979938951
35000000 0.434392807572
40000000 0.60708159276
45000000 0.718688308281
50000000 0.83606996722
55000000 0.96093610057
60000000 1.085517975665
65000000 1.200390001133
70000000 1.275353723461
75000000 1.35296384184
80000000 1.429167986162
90000000 1.566032415533
100000000 1.636159992103
110000000 1.656681471878
120000000 1.708562740676
130000000 1.77513007035
140000000 1.84863126588
150000000 1.91980972205
160000000 1.98407472032
180000000 2.0979374185
200000000 2.21372652672
#Header 
#Target 84 203 0
#Product 1 2 0
#Datapoints 40
1000000 0
7000000 0
8000000 6.052405125E-17
9000000 1.2208409022E-13
10000000 2.362986056E-11
11000000 6.304224069E-10
12000000 1.2653128375E-8
13000000 2.0289029823E-7
14000000 2.1499719084E-6
15000000 1.5348325908E-5
16000000 7.72559606043E-5
17000000 0.000287414496972
18000000 0.000820513620016
19000000 0.00183468584313
20000000 0.00338928091248
22000000 0.00768009826892
24000000 0.0129361112694
26000000 0.0185291887872
28000000 0.023081531616
30000000 0.0288916195145
35000000 0.0413276679636
40000000 0.052186719652
45000000 0.0617058243009
50000000 0.0730131283936
55000000 0.0762994464518
60000000 0.0864200828869
65000000 0.0897134325569
70000000 0.0976864101662
75000000 0.101053844112
80000000 0.1080548288904
90000000 0.1081955860939
100000000 0.1072179718799
110000000 0.1024311264812
120000000 0.0999276394868
130000000 0.0983423385945
140000000 0.0970113870702
150000000 0.0959365743831
160000000 0.0949705761934
180000000 0.092670906202
200000000 0.0913938709248
#Header 
#Target 84 203 0
#Product 1 3 0
#Datapoints 36
1000000 0
11000000 0
12000000 4.217047815E-17
13000000 2.6556367899E-14
14000000 1.8011641608E-12
15000000 5.405397459E-11
16000000 1.805947970535E-9
17000000 1.742997237624E-8
18000000 2.65145762048E-7
19000000 2.32309404747E-6
20000000 1.27713212424E-5
22000000 0.0001245062667996
24000000 0.00045044968914
26000000 0.001000809755712
28000000 0.00172411562752
30000000 0.00259471337277
35000000 0.00488481101232
40000000 0.00720646527136
45000000 0.00937388420883
50000000 0.01129354275676
55000000 0.013051639582
60000000 0.01473218064758
65000000 0.01647224324949
70000000 0.01827990508778
75000000 0.020199822513
80000000 0.0222520713947
90000000 0.0268594958654
100000000 0.0319372331075
110000000 0.034906059466
120000000 0.038573481848
130000000 0.0425329963695
140000000 0.0464990366704
150000000 0.0504921760552
160000000 0.0543988514474
180000000 0.061525000698
200000000 0.0676598674272
#Header 
#Target 84 203 0
#Product 2 3 0
#Datapoints 38
1000000 0
9000000 0
10000000 1.263268504E-19
11000000 1.4380029807E-17
12000000 4.373345045E-16
13000000 7.019088045E-15
14000000 1.2675914676E-13
15000000 2.4918183239E-12
16000000 3.613940986815E-11
17000000 3.657049071183E-10
18000000 2.72450170688E-9
19000000 1.87003193265E-8
20000000 8.76215745776E-8
22000000 1.224318864188E-6
24000000 1.07757735822E-5
26000000 6.95104091968E-5
28000000 0.00025321781056
30000000 0.000642184803624
35000000 0.00254490005424
40000000 0.0052507551286
45000000 0.00816498131823
50000000 0.01110641527012
55000000 0.01362753552378
60000000 0.01603279124998
65000000 0.01800233710665
70000000 0.0199397302806
75000000 0.021660106767
80000000 0.0234553228581
90000000 0.0270614980624
100000000 0.0307332723061
110000000 0.0327640607188
120000000 0.0353077567662
130000000 0.038165390081
140000000 0.0411801180416
150000000 0.0442178229977
160000000 0.0471954900628
180000000 0.053027140173
200000000 0.0582769942848
#Header 
#Target 84 203 0
#Product 2 4 0
#Datapoints 45
1000000 0
2000000 7.3245725128E-15
3000000 1.928515096E-10
4000000 6.56919683E-8
5000000 3.420153984E-6
6000000 5.419851805E-5
7000000 0.0003510484615
8000000 0.001861159245
9000000 0.00455060289
10000000 0.009601417564
11000000 0.016270996599
12000000 0.023822969785
13000000 0.031802315991
14000000 0.040121142624
15000000 0.049206486017
16000000 0.0595135924227
17000000 0.06107548338882
18000000 0.0522641117152
19000000 0.0473033116836
20000000 0.0491399917236
22000000 0.0671538297262
24000000 0.109934111826
26000000 0.1528758127936
28000000 0.172565554304
30000000 0.188961066632
35000000 0.220697302404
40000000 0.29398209578
45000000 0.331331310531
50000000 0.371216755528
55000000 0.419359234688
60000000 0.432802673045
65000000 0.399627500037
70000000 0.363110965328
75000000 0.350854447125
80000000 0.349981868726
90000000 0.351268605486
100000000 0.311852618546
110000000 0.26539977081
120000000 0.25550023061
130000000 0.252605961335
140000000 0.250055645166
150000000 0.249725111658
160000000 0.247987756686
180000000 0.24481032268
200000000 0.246756613632
#Header 
#Target 84 203 0
#Product 78 177 0
#Datapoints 8
1000000 0
120000000 0
130000000 1.57821776658E-11
140000000 1.0777720363736E-7
150000000 7.024620021078E-6
160000000 5.430876584832E-5
180000000 0.000251329681806
200000000 0.000824399770464
#Header 
#Target 84 203 0
#Product 78 178 0
#Datapoints 9
1000000 0
110000000 0
120000000 4.66918942448E-11
130000000 4.668442545585E-7
140000000 1.4695020931184E-5
150000000 8.319485761554E-5
160000000 0.00016231220131592
180000000 0.000500596660228
200000000 0.0010127882720352
#Header 
#Target 84 203 0
#Product 78 179 0
#Datapoints 10
1000000 0
100000000 0
110000000 7.2650689757E-13
120000000 8.955015689906E-8
130000000 8.825655864935E-6
140000000 9.38590572669E-5
150000000 0.0002537117326227
160000000 0.0003733647959688
180000000 0.00081561966647
200000000 0.0011406539277312
#Header 
#Target 84 203 0
#Product 78 180 0
#Datapoints 11
1000000 0
90000000 0
100000000 3.79383340987E-13
110000000 9.897727672612E-9
120000000 1.728206005566E-6
130000000 2.976101861915E-5
140000000 0.00010976577536894
150000000 0.0001763648231983
160000000 0.0002592522751644
180000000 0.00041678511084
200000000 0.0005856545864928
#Header 
#Target 84 203 0
#Product 79 178 0
#Datapoints 9
1000000 0
110000000 0
120000000 8.3473972339E-16
130000000 5.6131558028E-8
140000000 7.206193370356E-6
150000000 5.289936781195E-5
160000000 0.00010837986576394
180000000 0.000827521249177
200000000 0.001626724848576
#Header 
#Target 84 203 0
#Product 79 179 0
#Datapoints 9
1000000 0
110000000 0
120000000 1.089979880962E-10
130000000 8.48521462425E-8
140000000 2.78041207737E-6
150000000 1.736489784766E-5
160000000 5.062739277202E-5
180000000 0.000369444629386
200000000 0.0010116337372416
#Header 
#Target 84 203 0
#Product 79 180 0
#Datapoints 10
1000000 0
100000000 0
110000000 8.436014208004E-9
120000000 4.326764517348E-6
130000000 6.985470185785E-5
140000000 0.000279100672625
150000000 0.0004969553831583
160000000 0.0010833995316162
180000000 0.00205669970072
200000000 0.00366461180736
#Header 
#Target 84 203 0
#Product 79 181 0
#Datapoints 11
1000000 0
90000000 0
100000000 3.16163480325E-10
110000000 6.481766016674E-7
120000000 3.697599612962E-5
130000000 0.0002018943997525
140000000 0.0003776813498844
150000000 0.0007711805250127
160000000 0.0013941413881346
180000000 0.0020017019071
200000000 0.003314850176544
#Header 
#Target 84 203 0
#Product 79 182 0
#Datapoints 12
1000000 0
80000000 0
90000000 6.7515930573E-13
100000000 2.886478601881E-8
110000000 1.80095656501E-6
120000000 2.109643590736E-5
130000000 6.05855535376E-5
140000000 0.00010558465117392
150000000 0.0002331855988858
160000000 0.0003586710145914
180000000 0.000573980079897
200000000 0.000815841150336
#Header 
#Target 84 203 0
#Product 79 183 0
#Datapoints 13
1000000 0
75000000 0
80000000 1.909725918716E-14
90000000 4.653902186489E-8
100000000 1.2876221415169E-6
110000000 6.382791873378E-6
120000000 1.801877291178E-5
130000000 3.381440495615E-5
140000000 6.585203547078E-5
150000000 0.00012120320578949
160000000 0.00016529729539218
180000000 0.000268276680154
200000000 0.0003302764572768
#Header 
#Target 84 203 0
#Product 79 184 0
#Datapoints 14
1000000 0
70000000 0
75000000 8.77356402585E-15
80000000 1.403644586876E-12
90000000 1.483825072838E-9
100000000 1.7544448318124E-7
110000000 3.270811666868E-6
120000000 1.3186662368866E-5
130000000 1.907515852515E-5
140000000 3.298358818014E-5
150000000 5.600838300156E-5
160000000 7.519273616582E-5
180000000 0.0001023288084819
200000000 0.00010964568069888
#Header 
#Target 84 203 0
#Product 80 179 0
#Datapoints 7
1000000 0
130000000 0
140000000 1.8926125551E-11
150000000 1.3038125744809E-7
160000000 3.62996318733E-5
180000000 0.000277118706074
200000000 0.001072425582144
#Header 
#Target 84 203 0
#Product 80 180 0
#Datapoints 8
1000000 0
120000000 0
130000000 1.13899373497E-11
140000000 1.465876799969E-7
150000000 7.057849396697E-5
160000000 0.0004506850033384
180000000 0.001087941148385
200000000 0.003892388507616
#Header 
#Target 84 203 0
#Product 80 181 0
#Datapoints 9
1000000 0
110000000 0
120000000 4.76582980966E-14
130000000 1.0099003722535E-8
140000000 2.433847278728E-5
150000000 0.0003398402249121
160000000 0.0007826869616242
180000000 0.00195192300156
200000000 0.00410492031696
#Header 
#Target 84 203 0
#Product 80 182 0
#Datapoints 10
1000000 0
100000000 0
110000000 1.01245880133E-15
120000000 1.984398616052E-9
130000000 1.82767472342E-5
140000000 0.0004446459415808
150000000 0.001893049752759
160000000 0.002715237401198
180000000 0.00623379667757
200000000 0.00861512927616
#Header 
#Target 84 203 0
#Product 80 183 0
#Datapoints 10
1000000 0
100000000 0
110000000 2.35549448032E-11
120000000 1.799116383364E-6
130000000 0.00010587298464925
140000000 0.0008248032001748
150000000 0.0016614361325485
160000000 0.001986261280106
180000000 0.00392101503311
200000000 0.004614473498208
#Header 
#Target 84 203 0
#Product 80 184 0
#Datapoints 11
1000000 0
90000000 0
100000000 1.035466798961E-10
110000000 1.3458717853194E-6
120000000 0.00013929422353704
130000000 0.0013018006698515
140000000 0.002580394216564
150000000 0.002971746241211
160000000 0.004154395522822
180000000 0.00571302456774
200000000 0.007118196458208
#Header 
#Target 84 203 0
#Product 80 185 0
#Datapoints 12
1000000 0
80000000 0
90000000 4.9150721485E-13
100000000 9.601149153834E-8
110000000 4.368938095608E-5
120000000 0.0008883962358054
130000000 0.00232185577351
140000000 0.002444809703636
150000000 0.002752683838531
160000000 0.003340724660376
180000000 0.00334673133557
200000000 0.00353144277456
#Header 
#Target 84 203 0
#Product 80 186 0
#Datapoints 13
1000000 0
75000000 0
80000000 5.37336240735E-13
90000000 1.4439538036793E-7
100000000 4.893049988274E-5
110000000 0.0008808218176702
120000000 0.002245270818884
130000000 0.002240735308175
140000000 0.002353667043486
150000000 0.002816082011413
160000000 0.003151694325528
180000000 0.00367969050911
200000000 0.003786732205056
#Header 
#Target 84 203 0
#Product 80 187 0
#Datapoints 14
1000000 0
70000000 0
75000000 3.035077773E-14
80000000 1.93060869995E-11
90000000 4.145853445937E-8
100000000 1.2322791843131E-6
110000000 8.528330692472E-6
120000000 2.084869480944E-5
130000000 2.531049364935E-5
140000000 2.763243010228E-5
150000000 3.400354456103E-5
160000000 4.183126287512E-5
180000000 5.60340993317E-5
200000000 6.576294047424E-5
#Header 
#Target 84 203 0
#Product 80 188 0
#Datapoints 16
1000000 0
60000000 0
65000000 8.03785375208E-11
70000000 2.045503459266E-8
75000000 1.193543266773E-6
80000000 1.5068413889914E-5
90000000 0.00015396873645151
100000000 0.0003026004933378
110000000 0.0003445892955
120000000 0.0003912096142806
130000000 0.000402093678987
140000000 0.0004476274579766
150000000 0.0005046095078915
160000000 0.0005425128771636
180000000 0.000562779090405
200000000 0.0005666391936288
#Header 
#Target 84 203 0
#Product 80 189 0
#Datapoints 17
1000000 0
55000000 0
60000000 8.96131372273E-15
65000000 5.94372622272E-12
70000000 3.92797782486E-10
75000000 8.515636758525E-9
80000000 8.88803415073E-8
90000000 2.351534005471E-6
100000000 1.783156528146E-5
110000000 4.273026968272E-5
120000000 4.231588119468E-5
130000000 4.31107731964E-5
140000000 5.41972806253E-5
150000000 6.354180910583E-5
160000000 6.837327623856E-5
180000000 7.47905084129E-5
200000000 8.005996461024E-5
#Header 
#Target 84 203 0
#Product 80 190 0
#Datapoints 20
1000000 0
40000000 0
45000000 7.36335110181E-13
50000000 5.42724737192E-10
55000000 4.317959241562E-8
60000000 1.0918793917083E-6
65000000 1.0273908763429E-5
70000000 4.450607023615E-5
75000000 0.00010172558651385
80000000 0.00014036257319602
90000000 0.00014449800503549
100000000 0.00014634620284557
110000000 0.0001393634414189
120000000 0.00013809959267686
130000000 0.00015142541869455
140000000 0.00016457278815956
150000000 0.000176517349833
160000000 0.0001850769284984
180000000 0.000204162182294
200000000 0.0002245759666272
#Header 
#Target 84 203 0
#Product 81 181 0
#Datapoints 8
1000000 0
120000000 0
130000000 1.056709618055E-12
140000000 3.038810165006E-7
150000000 9.840614970087E-6
160000000 4.199117892568E-5
180000000 0.0002746619701
200000000 0.0005250622330752
#Header 
#Target 84 203 0
#Product 81 182 0
#Datapoints 9
1000000 0
110000000 0
120000000 1.520343921698E-15
130000000 9.868798054115E-8
140000000 7.971710737408E-6
150000000 4.581352617809E-5
160000000 7.680331924646E-5
180000000 0.000501512254628
200000000 0.0008076787715808
#Header 
#Target 84 203 0
#Product 81 183 0
#Datapoints 9
1000000 0
110000000 0
120000000 5.451942097678E-8
130000000 1.3245133113485E-5
140000000 0.00014994997954536
150000000 0.0004057981998994
160000000 0.0011029656721462
180000000 0.00268846474169
200000000 0.005130153341952
#Header 
#Target 84 203 0
#Product 81 184 0
#Datapoints 10
1000000 0
100000000 0
110000000 4.356957126284E-8
120000000 1.788522282326E-5
130000000 0.000239071536613
140000000 0.0007444279424152
150000000 0.0010624377519327
160000000 0.002170802277322
180000000 0.0035520648247
200000000 0.006056456652768
#Header 
#Target 84 203 0
#Product 81 185 0
#Datapoints 11
1000000 0
90000000 0
100000000 6.77073009137E-10
110000000 9.973477465586E-7
120000000 4.738654760696E-5
130000000 0.000217422173241
140000000 0.000365617452643
150000000 0.0008723239334381
160000000 0.001426972658033
180000000 0.00195795284468
200000000 0.003332559279168
#Header 
#Target 84 203 0
#Product 81 186 0
#Datapoints 12
1000000 0
80000000 0
90000000 5.68354891776E-11
100000000 2.562692725803E-6
110000000 0.0001033593611454
120000000 0.0006026524388506
130000000 0.0008587777581565
140000000 0.001269639609249
150000000 0.002456904389434
160000000 0.002864180806636
180000000 0.00393574138804
200000000 0.004412911301472
#Header 
#Target 84 203 0
#Product 81 187 0
#Datapoints 13
1000000 0
75000000 0
80000000 2.70200563269E-12
90000000 9.982234960502E-6
100000000 0.0002848942382622
110000000 0.000917262377718
120000000 0.0010749846896326
130000000 0.0010990684069365
140000000 0.002009934795078
150000000 0.002428026459738
160000000 0.002478066225382
180000000 0.00283831157519
200000000 0.002763984356928
#Header 
#Target 84 203 0
#Product 81 188 0
#Datapoints 14
1000000 0
70000000 0
75000000 3.224377114725E-8
80000000 3.423914183368E-6
90000000 8.969324205646E-5
100000000 0.0001842621116616
110000000 0.0002560001845916
120000000 0.0002072789002212
130000000 0.000270319324275
140000000 0.0004324352713374
150000000 0.0005031329630052
160000000 0.0006067261777522
180000000 0.000782544636265
200000000 0.0008462351375424
#Header 
#Target 84 203 0
#Product 81 189 0
#Datapoints 16
1000000 0
60000000 0
65000000 2.786485750045E-8
70000000 9.485276454584E-6
75000000 0.00017059149730155
80000000 0.0007395098069744
90000000 0.001965949568818
100000000 0.0017314716607972
110000000 0.0011526435359076
120000000 0.0015721272193046
130000000 0.00221940679961
140000000 0.00229495615564
150000000 0.002258326765849
160000000 0.002247575927758
180000000 0.00208268459679
200000000 0.001896165756672
#Header 
#Target 84 203 0
#Product 81 190 0
#Datapoints 18
1000000 0
50000000 0
55000000 1.3586829895624E-7
60000000 1.9234436652819E-5
65000000 0.00012943285693872
70000000 0.0002802628783722
75000000 0.0003440881140645
80000000 0.00035472253327
90000000 0.0004093787851628
100000000 0.0003546959102197
110000000 0.0003284053049656
120000000 0.0005136352938924
130000000 0.0006734533145795
140000000 0.0007350042721638
150000000 0.0007976754562546
160000000 0.0008477589476504
180000000 0.000897678997075
200000000 0.0009297793330176
#Header 
#Target 84 203 0
#Product 81 191 0
#Datapoints 20
1000000 0
40000000 0
45000000 4.43274089265E-12
50000000 3.841688782564E-7
55000000 2.413441157832E-5
60000000 0.000168348476242
65000000 0.0003591447999419
70000000 0.0004510152778099
75000000 0.000450624234801
80000000 0.0003531196730299
90000000 0.0002032961437834
100000000 0.0002734795310114
110000000 0.0003598934611052
120000000 0.0003720975184298
130000000 0.000384089743401
140000000 0.000410039904392
150000000 0.0004255588541919
160000000 0.000434574191758
180000000 0.000457623237064
200000000 0.0004732291201632
#Header 
#Target 84 203 0
#Product 81 192 0
#Datapoints 22
1000000 0
30000000 0
35000000 1.522821007932E-13
40000000 7.67512552256E-11
45000000 2.326141310979E-8
50000000 8.76747890408E-7
55000000 5.096691925022E-6
60000000 1.8822932861176E-5
65000000 4.365807584443E-5
70000000 6.312786856673E-5
75000000 6.85658965134E-5
80000000 5.011882887928E-5
90000000 2.60854687554E-5
100000000 5.67863899526E-5
110000000 9.759045224138E-5
120000000 0.0001322002922294
130000000 0.0001634991374471
140000000 0.0001925336186362
150000000 0.0002172791302473
160000000 0.000241943587437
180000000 0.000287150841215
200000000 0.0003427695913536
#Header 
#Target 84 203 0
#Product 81 193 0
#Datapoints 25
1000000 0
24000000 0
26000000 1.61516795648E-13
28000000 1.312664944448E-10
30000000 2.069691025127E-9
35000000 5.131968827172E-7
40000000 6.172132475524E-6
45000000 1.8945418416567E-5
50000000 4.967096912544E-5
55000000 8.926628099562E-5
60000000 0.00012685856343502
65000000 0.00016209381122851
70000000 0.00015353995233728
75000000 0.0001162626541557
80000000 0.0001055044129328
90000000 0.0001899039644836
100000000 0.0003121784544193
110000000 0.000346070633391
120000000 0.0003559623115782
130000000 0.000375108530797
140000000 0.0003837196249276
150000000 0.0003990329488255
160000000 0.0004247218887344
180000000 0.000503222454168
200000000 0.000567999186912
#Header 
#Target 84 203 0
#Product 81 194 0
#Datapoints 31
1000000 0
16000000 0
17000000 6.015755358216E-13
18000000 5.40815639176E-12
19000000 1.60976981592E-11
20000000 3.06454810452E-11
22000000 2.37761369832E-10
24000000 2.59468125048E-9
26000000 3.593834686208E-8
28000000 2.124570658496E-7
30000000 5.820783034417E-7
35000000 3.773562072252E-6
40000000 1.5252504340628E-5
45000000 3.112872584652E-5
50000000 5.016472864044E-5
55000000 6.828798778324E-5
60000000 6.490886455651E-5
65000000 5.149603810982E-5
70000000 4.543133349381E-5
75000000 5.51655953394E-5
80000000 8.244179179551E-5
90000000 0.00016517502543525
100000000 0.0001961352261624
110000000 0.0002071581066492
120000000 0.0002117543955142
130000000 0.000227816099693
140000000 0.0002442171163692
150000000 0.0002724611236072
160000000 0.000312806719393
180000000 0.000392443543219
200000000 0.0004833954449088
#Header 
#Target 84 203 0
#Product 81 195 0
#Datapoints 40
1000000 0
7000000 0
8000000 1.186129812E-12
9000000 2.6805483642E-11
10000000 8.223216108E-11
11000000 2.8873295022E-10
12000000 1.14705999245E-9
13000000 4.06154987397E-9
14000000 1.21744964124E-8
15000000 3.20936975946E-8
16000000 7.9067966052105E-8
17000000 1.4198863345506E-7
18000000 1.812552695552E-7
19000000 2.331865968642E-7
20000000 3.237458133368E-7
22000000 6.371013151118E-7
24000000 1.136120604993E-6
26000000 1.897931781824E-6
28000000 2.89507394176E-6
30000000 3.908691004958E-6
35000000 6.275509177464E-6
40000000 1.0957206639012E-5
45000000 1.4741184216432E-5
50000000 1.3743205062516E-5
55000000 1.114936360678E-5
60000000 1.1125044604182E-5
65000000 1.4781624149691E-5
70000000 2.34857969236E-5
75000000 3.52414102131E-5
80000000 4.7933813494E-5
90000000 5.926534906299E-5
100000000 6.653951761247E-5
110000000 7.000727177644E-5
120000000 7.544575878326E-5
130000000 8.951738534375E-5
140000000 0.0001091992821926
150000000 0.00013281249182256
160000000 0.00015690105523716
180000000 0.000213362761521
200000000 0.0002471257615776
#Header 
#Target 84 203 0
#Product 81 196 0
#Datapoints 44
1000000 0
3000000 0
4000000 5.766532765E-18
5000000 4.890588222E-15
6000000 5.0811408448E-13
7000000 1.76095000191E-11
8000000 4.200569409E-10
9000000 1.61344000488E-9
10000000 7.335030072E-9
11000000 2.5406105868E-8
12000000 6.315541423E-8
13000000 1.22699997051E-7
14000000 2.0111101416E-7
15000000 2.90977977411E-7
16000000 3.853713540087E-7
17000000 4.8043368908136E-7
18000000 5.729008948648E-7
19000000 6.671149874676E-7
20000000 7.677665402128E-7
22000000 1.0734001775938E-6
24000000 2.44669092525E-6
26000000 3.743528032192E-6
28000000 2.679742967616E-6
30000000 2.753542920106E-6
35000000 3.118544576196E-6
40000000 2.986704018228E-6
45000000 2.620963133667E-6
50000000 2.874040011096E-6
55000000 4.41965022119E-6
60000000 8.173075348455E-6
65000000 1.3662601811423E-5
70000000 1.979614685409E-5
75000000 2.443715052675E-5
80000000 2.86885239781E-5
90000000 3.460665769455E-5
100000000 3.862629336321E-5
110000000 4.549261717952E-5
120000000 6.034981068086E-5
130000000 8.47004972632E-5
140000000 0.00011212654318904
150000000 0.00014182740193028
160000000 0.0001697462721522
180000000 0.000217332190243
200000000 0.0002508702989952
#Header 
#Target 84 203 0
#Product 81 197 0
#Datapoints 32
1000000 0
15000000 0
16000000 7.72742538405E-20
17000000 1.370371400307E-18
18000000 1.82265285592E-17
19000000 1.87958368269E-16
20000000 3.2223268432E-15
22000000 1.6221807588E-13
24000000 3.9479466609E-12
26000000 5.52631758016E-11
28000000 5.33502093696E-10
30000000 3.459898273765E-9
35000000 8.242228155096E-8
40000000 4.511784288492E-7
45000000 1.3615713853848E-6
50000000 2.402267287952E-6
55000000 3.724432622732E-6
60000000 5.098051815305E-6
65000000 6.138209598694E-6
70000000 7.30863307459E-6
75000000 8.07337286457E-6
80000000 8.687294712474E-6
90000000 9.855874090859E-6
100000000 1.3237978080579E-5
110000000 2.048298624488E-5
120000000 3.14267264339E-5
130000000 4.35337707532E-5
140000000 5.600729540824E-5
150000000 6.696205564697E-5
160000000 7.672988603512E-5
180000000 9.14478355826E-5
200000000 9.990409380576E-5
#Header 
#Target 84 203 0
#Product 81 198 0
#Datapoints 35
1000000 0
12000000 0
13000000 3.5873583408E-20
14000000 5.2595176932E-19
15000000 5.4469269032E-18
16000000 6.020209115685E-17
17000000 1.639324250352E-15
18000000 1.59232904664E-14
19000000 1.21713290244E-13
20000000 7.30256557132E-13
22000000 1.34672151474E-11
24000000 1.11302085906E-10
26000000 5.63371821376E-10
28000000 1.540773940992E-9
30000000 4.335770617976E-9
35000000 4.164295760424E-8
40000000 1.8219812714292E-7
45000000 4.819525823745E-7
50000000 8.929204060408E-7
55000000 1.3441001972878E-6
60000000 1.7486233475217E-6
65000000 2.099730473759E-6
70000000 2.376482718686E-6
75000000 2.640868953645E-6
80000000 3.135249270412E-6
90000000 6.357131851205E-6
100000000 1.3732546328088E-5
110000000 2.367699014602E-5
120000000 3.48748471099E-5
130000000 4.495779788045E-5
140000000 5.34307712752E-5
150000000 6.082763866113E-5
160000000 6.68067065975E-5
180000000 7.45696539637E-5
200000000 7.8072210168E-5
#Header 
#Target 84 203 0
#Product 82 183 0
#Datapoints 7
1000000 0
130000000 0
140000000 1.79127170188E-11
150000000 4.050911527223E-8
160000000 8.813763497118E-6
180000000 2.8473514349E-5
200000000 9.17788233696E-5
#Header 
#Target 84 203 0
#Product 82 184 0
#Datapoints 8
1000000 0
120000000 0
130000000 3.91492200645E-11
140000000 3.860271664464E-7
150000000 9.453491990701E-5
160000000 0.000353540319294
180000000 0.00050930755995
200000000 0.001840851622176
#Header 
#Target 84 203 0
#Product 82 185 0
#Datapoints 9
1000000 0
110000000 0
120000000 1.354580945564E-13
130000000 2.21130206843E-8
140000000 2.153272971422E-5
150000000 0.0002240579429649
160000000 0.0003562518526596
180000000 0.000587829262692
200000000 0.001540434702
#Header 
#Target 84 203 0
#Product 82 186 0
#Datapoints 10
1000000 0
100000000 0
110000000 3.01212412586E-14
120000000 4.539182185226E-8
130000000 5.683179047E-5
140000000 0.0010512353089074
150000000 0.003289400119313
160000000 0.003610493341764
180000000 0.00666747777507
200000000 0.007386314949024
#Header 
#Target 84 203 0
#Product 82 187 0
#Datapoints 10
1000000 0
100000000 0
110000000 2.363641398632E-9
120000000 1.6761443781386E-5
130000000 0.0007151008129265
140000000 0.00430544261476
150000000 0.006247869343914
160000000 0.006068604926244
180000000 0.01016642994962
200000000 0.010547155118976
#Header 
#Target 84 203 0
#Product 82 188 0
#Datapoints 11
1000000 0
90000000 0
100000000 1.989720335883E-9
110000000 1.2168087912784E-5
120000000 0.001222817782719
130000000 0.009428668960165
140000000 0.014619034692298
150000000 0.013728256027101
160000000 0.01849764828894
180000000 0.0224438510779
200000000 0.02336337186432
#Header 
#Target 84 203 0
#Product 82 189 0
#Datapoints 12
1000000 0
80000000 0
90000000 8.21182351838E-11
100000000 2.150080360078E-6
110000000 0.0004097222174646
120000000 0.004699152938666
130000000 0.00867573364931
140000000 0.008023072852878
150000000 0.009031353182137
160000000 0.010806529668068
180000000 0.01126375348812
200000000 0.011935986775104
#Header 
#Target 84 203 0
#Product 82 190 0
#Datapoints 13
1000000 0
75000000 0
80000000 2.46333703014E-11
90000000 4.993528291518E-6
100000000 0.0010424875810391
110000000 0.011029918711606
120000000 0.02256767425034
130000000 0.02010531341
140000000 0.01971913839376
150000000 0.02265902869274
160000000 0.02347784119864
180000000 0.0247253815235
200000000 0.02497147965792
#Header 
#Target 84 203 0
#Product 82 191 0
#Datapoints 15
1000000 0
65000000 0
70000000 3.98252818265E-15
75000000 1.56468176865E-10
80000000 8.737929781252E-8
90000000 0.00016795166834463
100000000 0.003029347639045
110000000 0.008215154914102
120000000 0.008058421641922
130000000 0.00667627060828
140000000 0.007185484880706
150000000 0.007546902359843
160000000 0.007509552805992
180000000 0.00725614611463
200000000 0.00700095771552
#Header 
#Target 84 203 0
#Product 82 192 0
#Datapoints 17
1000000 0
55000000 0
60000000 2.0965036943E-13
65000000 3.527328037542E-8
70000000 9.311853649858E-6
75000000 0.000561830198631
80000000 0.006155691343312
90000000 0.03291703202826
100000000 0.03951299967503
110000000 0.03106621688934
120000000 0.0260347750911
130000000 0.02718819178075
140000000 0.02794419620308
150000000 0.02789146243037
160000000 0.02771628064168
180000000 0.0267153932521
200000000 0.02592234606336
#Header 
#Target 84 203 0
#Product 82 193 0
#Datapoints 18
1000000 0
50000000 0
55000000 7.92912291288E-11
60000000 1.1705185282073E-7
65000000 8.581925827849E-6
70000000 0.00018652208834808
75000000 0.001031313527127
80000000 0.00264284352444
90000000 0.006138924169541
100000000 0.006434325180514
110000000 0.005187330190916
120000000 0.005231367437032
130000000 0.0055476918952
140000000 0.005549126177776
150000000 0.005619089593733
160000000 0.005811389455594
180000000 0.00602154391076
200000000 0.006198656827968
#Header 
#Target 84 203 0
#Product 82 194 0
#Datapoints 20
1000000 0
40000000 0
45000000 3.932044885686E-9
50000000 3.378274106056E-6
55000000 0.0002084712492598
60000000 0.003184984786465
65000000 0.009043171940156
70000000 0.012948025200806
75000000 0.015641431869375
80000000 0.01689898764169
90000000 0.015814319680671
100000000 0.01383518921225
110000000 0.012785743320764
120000000 0.012782636320826
130000000 0.01270154620735
140000000 0.012984192643722
150000000 0.013310682971916
160000000 0.013501003882718
180000000 0.01423128159299
200000000 0.014775292472352
#Header 
#Target 84 203 0
#Product 82 195 0
#Datapoints 22
1000000 0
30000000 0
35000000 1.349731206828E-12
40000000 4.701994859184E-8
45000000 3.323224402509E-6
50000000 7.611666979248E-5
55000000 0.0003789392531316
60000000 0.0008350419846391
65000000 0.0013431973835227
70000000 0.001828043318375
75000000 0.002126862093915
80000000 0.002106948337984
90000000 0.0018068924725389
100000000 0.001846673436706
110000000 0.001897233845978
120000000 0.00198322053686
130000000 0.002174049906665
140000000 0.002392538270372
150000000 0.002589791754924
160000000 0.00277307082837
180000000 0.00311893144885
200000000 0.003315269479584
#Header 
#Target 84 203 0
#Product 82 196 0
#Datapoints 26
1000000 0
22000000 0
24000000 4.745897145E-11
26000000 2.65231883488E-8
28000000 1.59667533168E-6
30000000 1.992380426825E-5
35000000 0.0014646819467448
40000000 0.017369527493276
45000000 0.02852888651649
50000000 0.03474657928596
55000000 0.03601612486608
60000000 0.03675809231402
65000000 0.03726284716157
70000000 0.03680201063469
75000000 0.03575823516525
80000000 0.03480242282335
90000000 0.03281153779678
100000000 0.03110129998269
110000000 0.02932869468072
120000000 0.02861166831318
130000000 0.02823506990395
140000000 0.02811462159
150000000 0.02786350200447
160000000 0.0277009896655
180000000 0.0270834131512
200000000 0.02642204239776
#Header 
#Target 84 203 0
#Product 82 197 0
#Datapoints 33
1000000 0
14000000 0
15000000 4.8778642685E-15
16000000 8.58408382908E-13
17000000 4.504952946924E-11
18000000 1.000315269536E-9
19000000 1.174762585143E-8
20000000 8.306809816048E-8
22000000 1.325923064452E-6
24000000 7.56644742612E-6
26000000 3.892211468288E-5
28000000 0.000186080770304
30000000 0.0005359672888945
35000000 0.002715176065944
40000000 0.007049265341948
45000000 0.010839895185486
50000000 0.012472037158496
55000000 0.01266923661692
60000000 0.01197699590944
65000000 0.011105246376637
70000000 0.01024148250087
75000000 0.009450012952575
80000000 0.008812828048311
90000000 0.007812153676196
100000000 0.007007297570434
110000000 0.006470376526294
120000000 0.006195191226508
130000000 0.006055920125255
140000000 0.005958894467762
150000000 0.005889594157238
160000000 0.005798153878818
180000000 0.00570890112296
200000000 0.00550354592448
#Header 
#Target 84 203 0
#Product 82 198 0
#Datapoints 38
1000000 0
9000000 0
10000000 1.528938864E-13
11000000 5.437497351E-11
12000000 1.62071999655E-9
13000000 9.6053399064E-8
14000000 4.35971996964E-6
15000000 5.45074028942E-5
16000000 0.00028860953999535
17000000 0.0006985570267377
18000000 0.0010001963059216
19000000 0.001215592855785
20000000 0.001426235557048
22000000 0.001963954872502
24000000 0.00278420020263
26000000 0.00400358920832
28000000 0.005101410837952
30000000 0.00602830945446
35000000 0.00752435423454
40000000 0.007815782275092
45000000 0.007586936081883
50000000 0.006721559577664
55000000 0.006020962143606
60000000 0.005412209328279
65000000 0.00488654685066
70000000 0.004488254398543
75000000 0.00418872174201
80000000 0.004110292761589
90000000 0.004265518037143
100000000 0.004740952296353
110000000 0.005076316986614
120000000 0.00548373473482
130000000 0.00588046902716
140000000 0.006106399647726
150000000 0.006358969342803
160000000 0.00649614128434
180000000 0.00666805492654
200000000 0.006734834139552
#Header 
#Target 84 203 0
#Product 82 199 0
#Datapoints 43
1000000 0
4000000 0
5000000 5.040184929E-17
6000000 9.076575253E-14
7000000 1.54386988788E-11
8000000 1.04473999155E-9
9000000 1.046930037E-8
10000000 1.06844008004E-7
11000000 7.241259168E-7
12000000 3.3052286E-6
13000000 1.11215021943E-5
14000000 3.10612990176E-5
15000000 7.7309798989E-5
16000000 0.00015440569963425
17000000 0.00028689321550374
18000000 0.0004698142242448
19000000 0.0006919197748722
20000000 0.0010540097599968
22000000 0.001923386691912
24000000 0.00291638217222
26000000 0.003881893503488
28000000 0.004924833312256
30000000 0.005080505926352
35000000 0.006330250996404
40000000 0.0059159365857
45000000 0.005989952868576
50000000 0.004955175936552
55000000 0.00467861869266
60000000 0.004139791791671
65000000 0.0042599695982
70000000 0.003478534903903
75000000 0.0036333595701
80000000 0.003473504535893
90000000 0.003075538197584
100000000 0.003143505713327
110000000 0.002977760255426
120000000 0.002870276277
130000000 0.002778311715725
140000000 0.002686657870012
150000000 0.0027784626815
160000000 0.00257708567276
180000000 0.00246855041174
200000000 0.002398527890784
#Header 
#Target 84 203 0
#Product 82 200 0
#Datapoints 27
1000000 0
20000000 0
22000000 1.38766538988E-13
24000000 8.3571570819E-12
26000000 2.22749226752E-10
28000000 3.17404438208E-9
30000000 2.843058755325E-8
35000000 1.06020407733E-6
40000000 4.315868782432E-6
45000000 1.0418790133509E-5
50000000 2.596302494772E-5
55000000 7.307509687182E-5
60000000 0.00018162665562303
65000000 0.0003456024813615
70000000 0.0005315675164339
75000000 0.0007073483785095
80000000 0.0008676518550903
90000000 0.0011093197959356
100000000 0.0012598472462394
110000000 0.001321605129394
120000000 0.0013779661619928
130000000 0.0014109120594205
140000000 0.0014280485049202
150000000 0.0014644119031641
160000000 0.0014605927165072
180000000 0.001467894839495
200000000 0.001452079487952
#Header 
#Target 84 203 0
#Product 82 201 0
#Datapoints 29
1000000 0
18000000 0
19000000 1.51589041758E-14
20000000 2.69642645132E-13
22000000 1.8799072201E-11
24000000 3.0095134938E-10
26000000 1.85554526976E-9
28000000 6.327542359424E-9
30000000 1.6745935179466E-8
35000000 1.888949469312E-7
40000000 1.1621150197064E-6
45000000 5.335516372092E-6
50000000 1.852363631324E-5
55000000 4.286597378386E-5
60000000 7.493460874248E-5
65000000 0.00010654763349303
70000000 0.00013365575036997
75000000 0.000155222937129
80000000 0.00017123161046726
90000000 0.000190907179133
100000000 0.0001978716728254
110000000 0.0001956540172238
120000000 0.0001948530927202
130000000 0.000194317224647
140000000 0.0001934539022292
150000000 0.0001916380802754
160000000 0.0001902396667752
180000000 0.000187100898145
200000000 0.000182999167344
#Header 
#Target 84 203 0
#Product 83 187 0
#Datapoints 9
1000000 0
110000000 0
120000000 2.963094794158E-7
130000000 1.94100826283E-5
140000000 0.00010240797729684
150000000 0.00016412225863275
160000000 0.00015868724380646
180000000 0.000421464125222
200000000 0.0004340583139776
#Header 
#Target 84 203 0
#Product 83 188 0
#Datapoints 10
1000000 0
100000000 0
110000000 8.026138663706E-9
120000000 2.859547833598E-6
130000000 3.01092124333E-5
140000000 6.562494220872E-5
150000000 5.292732823785E-5
160000000 0.0001137627874567
180000000 0.000179368049441
200000000 0.0002204430900864
#Header 
#Target 84 203 0
#Product 83 189 0
#Datapoints 11
1000000 0
90000000 0
100000000 1.3216288083138E-8
110000000 1.939906587292E-5
120000000 0.0005042220277872
130000000 0.001281559086717
140000000 0.0011430458705688
150000000 0.002914623258525
160000000 0.003995254812748
180000000 0.00379626366112
200000000 0.004975556311104
#Header 
#Target 84 203 0
#Product 83 190 0
#Datapoints 12
1000000 0
80000000 0
90000000 4.32241280547E-10
100000000 2.879468638214E-5
110000000 0.000478321628526
120000000 0.0011657803208096
130000000 0.0009712058949775
140000000 0.001739693644522
150000000 0.002824716257902
160000000 0.002947490892818
180000000 0.00378440998362
200000000 0.004345347067392
#Header 
#Target 84 203 0
#Product 83 191 0
#Datapoints 14
1000000 0
70000000 0
75000000 9.8073886053E-15
80000000 8.92809122695E-10
90000000 0.0009085960651768
100000000 0.009442947310972
110000000 0.009792486669076
120000000 0.00638171009788
130000000 0.006501166564165
140000000 0.01073760072281
150000000 0.011475358941563
160000000 0.012152695078854
180000000 0.01396401304767
200000000 0.014592711801696
#Header 
#Target 84 203 0
#Product 83 192 0
#Datapoints 15
1000000 0
65000000 0
70000000 7.38906013491E-14
75000000 8.655982419045E-6
80000000 0.0008493262237124
90000000 0.018508489057545
100000000 0.018003719207383
110000000 0.007928676664496
120000000 0.00517031227727
130000000 0.00695581578419
140000000 0.007787905388662
150000000 0.008413220159399
160000000 0.009407236001282
180000000 0.0102418716582
200000000 0.010219564942752
#Header 
#Target 84 203 0
#Product 83 193 0
#Datapoints 17
1000000 0
55000000 0
60000000 2.90843712352E-15
65000000 2.900882642221E-5
70000000 0.002881230979079
75000000 0.02259572509545
80000000 0.04969241918655
90000000 0.04729809703657
100000000 0.02273316731539
110000000 0.013112834697504
120000000 0.0198812920016
130000000 0.02247359956205
140000000 0.0225610348626
150000000 0.02384269230343
160000000 0.02448878889742
180000000 0.0244849725939
200000000 0.0237963345072
#Header 
#Target 84 203 0
#Product 83 194 0
#Datapoints 18
1000000 0
50000000 0
55000000 2.082027888664E-5
60000000 0.002561558902742
65000000 0.014594089841744
70000000 0.02626434453109
75000000 0.0263790918027
80000000 0.02034643583833
90000000 0.009093153440278
100000000 0.005744029872658
110000000 0.008495755341702
120000000 0.010321563439894
130000000 0.01157158268084
140000000 0.013270926355974
150000000 0.014386330601951
160000000 0.014751432176192
180000000 0.01528433777724
200000000 0.015948568499136
#Header 
#Target 84 203 0
#Product 83 195 0
#Datapoints 20
1000000 0
40000000 0
45000000 0.0001949128054035
50000000 0.02582204063884
55000000 0.11694350057938
60000000 0.17051277604182
65000000 0.13682252461168
70000000 0.09033779827077
75000000 0.06241568152365
80000000 0.04075744014342
90000000 0.02334010786849
100000000 0.03332941592575
110000000 0.03720363829972
120000000 0.03639143461242
130000000 0.03784404191295
140000000 0.03901329302966
150000000 0.03927028423439
160000000 0.03912052643336
180000000 0.0388369475137
200000000 0.03781547361696
#Header 
#Target 84 203 0
#Product 83 196 0
#Datapoints 22
1000000 0
30000000 0
35000000 1.5919452844716E-5
40000000 0.008591062927796
45000000 0.03765172072818
50000000 0.05511431158364
55000000 0.04307679124658
60000000 0.02913654183971
65000000 0.0199051143431
70000000 0.012520801428809
75000000 0.008716718909535
80000000 0.007825923275919
90000000 0.010802480928324
100000000 0.013935364031778
110000000 0.016619570767806
120000000 0.01947151334464
130000000 0.02114758115925
140000000 0.02240142344054
150000000 0.02354438637034
160000000 0.02453688657168
180000000 0.0256720080337
200000000 0.02579876455584
#Header 
#Target 84 203 0
#Product 83 197 0
#Datapoints 26
1000000 0
22000000 0
24000000 8.2876675365E-12
26000000 1.910069460416E-5
28000000 0.005554719373632
30000000 0.0246827588854
35000000 0.09019799794632
40000000 0.1317115123012
45000000 0.10007177509587
50000000 0.07623409120948
55000000 0.05704579890872
60000000 0.04029451259444
65000000 0.03156697299983
70000000 0.02842867740725
75000000 0.0306761004927
80000000 0.03519066093144
90000000 0.04115058494185
100000000 0.04425960504959
110000000 0.04588630274808
120000000 0.04672182847924
130000000 0.04819604968815
140000000 0.04888507643958
150000000 0.04887864182476
160000000 0.04964178061032
180000000 0.0507368788808
200000000 0.0500699436288
#Header 
#Target 84 203 0
#Product 83 198 0
#Datapoints 32
1000000 0
15000000 0
16000000 6.97186295568E-12
17000000 0.00031684415097987
18000000 0.00162724390636
19000000 0.004044745080495
20000000 0.00767272550266
22000000 0.01849648097962
24000000 0.0335855473371
26000000 0.0522935560992
28000000 0.06698085350528
30000000 0.0636734003625
35000000 0.03883463240172
40000000 0.03062000079588
45000000 0.02365355995377
50000000 0.01876776477394
55000000 0.015976486924416
60000000 0.014196277323623
65000000 0.01371656680558
70000000 0.014087384432437
75000000 0.01483786213182
80000000 0.016306706637137
90000000 0.01897115904287
100000000 0.0209462775186
110000000 0.0218826085032
120000000 0.02275990439452
130000000 0.02335702206565
140000000 0.0240031217834
150000000 0.02456758727335
160000000 0.02472330033992
180000000 0.0249727064608
200000000 0.02506629052608
#Header 
#Target 84 203 0
#Product 83 199 0
#Datapoints 42
1000000 0
5000000 0
6000000 3.1370070267E-14
7000000 3.168849487E-11
8000000 0.000113253003855
9000000 0.0027405800928
10000000 0.006996870274
11000000 0.0128806002468
12000000 0.019840201337
13000000 0.0272208010794
14000000 0.0347693984892
15000000 0.0428068990569
16000000 0.05165951226462
17000000 0.052027351483536
18000000 0.0417745430708
19000000 0.03321779118651
20000000 0.02860352045708
22000000 0.02521079834588
24000000 0.0258144226857
26000000 0.028615155712
28000000 0.02633090080192
30000000 0.02511744616315
35000000 0.01968857457576
40000000 0.016079208909748
45000000 0.013416448493844
50000000 0.013066332988992
55000000 0.015177970349566
60000000 0.018798285658129
65000000 0.0232096116878
70000000 0.02797991318741
75000000 0.03243339072675
80000000 0.03628203348119
90000000 0.04183743016907
100000000 0.04482032879779
110000000 0.04590450480844
120000000 0.046786450601
130000000 0.04742283383565
140000000 0.04799829758014
150000000 0.04813276816403
160000000 0.04812654614662
180000000 0.0477662165001
200000000 0.04698563110176
#Header 
#Target 84 203 0
#Product 83 200 0
#Datapoints 46
1000000 0
1000000 0
2000000 2.423683898228E-15
3000000 6.4377497896E-11
4000000 2.21214980574E-8
5000000 1.16056004337E-6
6000000 1.83693996071E-5
7000000 0.000119169992966
8000000 0.0006094440567
9000000 0.0005898979029
10000000 0.0007977360284
11000000 0.00098393705982
12000000 0.0010770499106
13000000 0.00113902015515
14000000 0.0012155400594
15000000 0.00131259986877
16000000 0.001431107480358
17000000 0.0015734660435181
18000000 0.00174724337988
19000000 0.001974268288944
20000000 0.00229723799082
22000000 0.003797034157728
24000000 0.01276471944792
26000000 0.015483395928
28000000 0.00617189949376
30000000 0.004339418081898
35000000 0.00258972099636
40000000 0.003039100840012
45000000 0.005134164423204
50000000 0.008287629159616
55000000 0.011851258145118
60000000 0.015613500388175
65000000 0.018914270920059
70000000 0.02159979018274
75000000 0.0237781400025
80000000 0.02549265422942
90000000 0.0277216865511
100000000 0.02858103193106
110000000 0.02830636909522
120000000 0.02810745386368
130000000 0.02803939270405
140000000 0.0277815987096
150000000 0.02734995102026
160000000 0.02696305479224
180000000 0.025981789589
200000000 0.02490287522976
#Header 
#Target 84 203 0
#Product 83 201 0
#Datapoints 35
1000000 0
12000000 0
13000000 6.689949141E-15
14000000 1.1715062544E-13
15000000 2.2817646687E-12
16000000 3.30826273569E-11
17000000 3.349704939561E-10
18000000 2.500640804192E-9
19000000 1.498490774361E-8
20000000 7.796104756912E-8
22000000 1.712602923094E-6
24000000 1.93710141702E-5
26000000 0.000112208648864
28000000 0.000367878445792
30000000 0.000836764936298
35000000 0.003083733462948
40000000 0.00659258848352
45000000 0.011651434759896
50000000 0.0177919485814
55000000 0.02328470183868
60000000 0.02823998180325
65000000 0.03221077040104
70000000 0.03546618209902
75000000 0.0380653639548
80000000 0.0401221064398
90000000 0.04241964958547
100000000 0.0426480101852
110000000 0.0415307996742
120000000 0.04061176553072
130000000 0.0396354018606
140000000 0.0385902493747
150000000 0.0377090711602
160000000 0.03660593287172
180000000 0.0344849965313
200000000 0.0322884305952
#Header 
#Target 84 203 0
#Product 83 202 0
#Datapoints 38
1000000 0
9000000 0
10000000 9.093553936E-14
11000000 1.7011482774E-11
12000000 8.3460895965E-10
13000000 1.45688988738E-8
14000000 1.14524980416E-7
15000000 5.12962969589E-7
16000000 1.5652271028015E-6
17000000 3.7103700795561E-6
18000000 7.531692149368E-6
19000000 1.359511657686E-5
20000000 2.2301287607E-5
22000000 4.8797940478E-5
24000000 9.9967801527E-5
26000000 0.0002286978461248
28000000 0.00053698820032
30000000 0.0011547790893173
35000000 0.004524656861208
40000000 0.00970838417296
45000000 0.014953133942505
50000000 0.019418674431732
55000000 0.02306021442804
60000000 0.02591972330498
65000000 0.02805709340101
70000000 0.02974574875643
75000000 0.0309041097885
80000000 0.03170734991536
90000000 0.03252958426293
100000000 0.03209239479348
110000000 0.03075366603664
120000000 0.02966670367846
130000000 0.02869508655195
140000000 0.02785699279534
150000000 0.02691003473851
160000000 0.02594538304856
180000000 0.0241289862212
200000000 0.02242913243712
#Header 
#Target 84 203 0
#Product 84 190 0
#Datapoints 9
1000000 0
110000000 0
120000000 6.099601467508E-9
130000000 6.255816412755E-6
140000000 0.0004093795945876
150000000 0.0009864314361022
160000000 0.0008168075878854
180000000 0.000884282216013
200000000 0.0010108215795072
#Header 
#Target 84 203 0
#Product 84 191 0
#Datapoints 10
1000000 0
100000000 0
110000000 1.040830426748E-9
120000000 4.695010715776E-6
130000000 0.0004939821745495
140000000 0.002067135776754
150000000 0.001809612158464
160000000 0.001697246887982
180000000 0.00188215961325
200000000 0.002229527800512
#Header 
#Target 84 203 0
#Product 84 192 0
#Datapoints 11
1000000 0
90000000 0
100000000 5.32471192568E-9
110000000 1.4224693647798E-5
120000000 0.0010698553948348
130000000 0.00491039871322
140000000 0.005154755556632
150000000 0.004935294775609
160000000 0.005216864347858
180000000 0.0061722016993
200000000 0.005678563013376
#Header 
#Target 84 203 0
#Product 84 193 0
#Datapoints 12
1000000 0
80000000 0
90000000 3.04917596694E-10
100000000 4.010309815981E-6
110000000 0.0004059849859226
120000000 0.002631446555892
130000000 0.003293445299235
140000000 0.003086691904578
150000000 0.0033979451715
160000000 0.003806322433122
180000000 0.00398804308315
200000000 0.003890312957568
#Header 
#Target 84 203 0
#Product 84 194 0
#Datapoints 14
1000000 0
70000000 0
75000000 1.6284381984E-14
80000000 7.78944670973E-10
90000000 4.2386479692E-5
100000000 0.003801646503039
110000000 0.02099510843056
120000000 0.02455673351302
130000000 0.0202362752501
140000000 0.01985553606286
150000000 0.02010619157976
160000000 0.01986231395462
180000000 0.0191120194062
200000000 0.0187863082608
#Header 
#Target 84 203 0
#Product 84 195 0
#Datapoints 15
1000000 0
65000000 0
70000000 3.2393797982E-12
75000000 1.5645620191305E-8
80000000 3.040545645879E-6
90000000 0.001074309983389
100000000 0.004447217765956
110000000 0.004047446404942
120000000 0.003852709928566
130000000 0.00427358528233
140000000 0.004571739451768
150000000 0.004689529329056
160000000 0.004709788349498
180000000 0.00454240115756
200000000 0.004358556725856
#Header 
#Target 84 203 0
#Product 84 196 0
#Datapoints 17
1000000 0
55000000 0
60000000 5.74228272768E-11
65000000 4.414437284513E-7
70000000 6.781286218503E-5
75000000 0.002741575000125
80000000 0.02280167295056
90000000 0.09381978824568
100000000 0.0795074369803
110000000 0.05956610169978
120000000 0.05622181430274
130000000 0.054674271561
140000000 0.0528265557503
150000000 0.05088569812128
160000000 0.0493568139272
180000000 0.0473363449293
200000000 0.04551774792096
#Header 
#Target 84 203 0
#Product 84 197 0
#Datapoints 19
1000000 0
45000000 0
50000000 2.79064034424E-13
55000000 4.643922310396E-8
60000000 7.661894293163E-6
65000000 0.0003428842562811
70000000 0.003280410899158
75000000 0.008727556532175
80000000 0.011403680104418
90000000 0.010595051102199
100000000 0.011511526529258
110000000 0.012247692881018
120000000 0.012524630088426
130000000 0.01262692619916
140000000 0.012672517643406
150000000 0.012679028488126
160000000 0.01259963155168
180000000 0.01246778791895
200000000 0.012321206928768
#Header 
#Target 84 203 0
#Product 84 198 0
#Datapoints 21
1000000 0
35000000 0
40000000 2.57585213832E-12
45000000 4.756610126949E-7
50000000 9.926975601412E-5
55000000 0.00579114898447
60000000 0.05671096816884
65000000 0.13232468079869
70000000 0.16089570330786
75000000 0.15522093806895
80000000 0.13896907948014
90000000 0.12697225666635
100000000 0.12138609310968
110000000 0.11398836099386
120000000 0.10924822658422
130000000 0.10652878057185
140000000 0.10413068744928
150000000 0.10223997614655
160000000 0.10044623989804
180000000 0.0973824078353
200000000 0.0943377008064
#Header 
#Target 84 203 0
#Product 84 199 0
#Datapoints 22
1000000 0
30000000 0
35000000 6.97866970248E-8
40000000 2.278048455112E-5
45000000 0.0010816223261223
50000000 0.007822435966248
55000000 0.0158318541344
60000000 0.018524379119691
65000000 0.01933303148137
70000000 0.0211664776598
75000000 0.02322769978815
80000000 0.02488063905432
90000000 0.02649485358175
100000000 0.02683928608025
110000000 0.02625314500024
120000000 0.02590554807096
130000000 0.0256491604915
140000000 0.02538921564746
150000000 0.02508947615702
160000000 0.02458646187556
180000000 0.023746104263
200000000 0.02276610693792
#Header 
#Target 84 203 0
#Product 84 200 0
#Datapoints 27
1000000 0
20000000 0
22000000 3.12299168552E-11
24000000 1.83435742413E-8
26000000 1.3588604872128E-6
28000000 2.269045860224E-5
30000000 0.00016081707524209
35000000 0.014182662214068
40000000 0.08097037102984
45000000 0.11747121149583
50000000 0.14798299872348
55000000 0.16535947321876
60000000 0.17687998003935
65000000 0.18343087442098
70000000 0.18655999390326
75000000 0.18639074816895
80000000 0.18526118775955
90000000 0.17871262743818
100000000 0.17006201194206
110000000 0.15909105976238
120000000 0.15133160937228
130000000 0.1451606690443
140000000 0.1398766110089
150000000 0.13476486623226
160000000 0.12999235729184
180000000 0.1212517412946
200000000 0.11306148453312
#Header 
#Target 84 203 0
#Product 84 201 0
#Datapoints 35
1000000 0
12000000 0
13000000 2.6121473487E-14
14000000 1.6282875924E-12
15000000 2.5596340018E-11
16000000 2.249731526085E-10
17000000 3.0387511136241E-9
18000000 4.669762906248E-8
19000000 4.664661733242E-7
20000000 2.922871147352E-6
22000000 9.971591847084E-5
24000000 0.00216079760952
26000000 0.009381048259648
28000000 0.01892652828352
30000000 0.02153749261719
35000000 0.02460929317152
40000000 0.03074399891
45000000 0.03777418177653
50000000 0.04369416986984
55000000 0.0475708261338
60000000 0.050203095154
65000000 0.05203429075932
70000000 0.05306677973739
75000000 0.05348228973555
80000000 0.05347596587718
90000000 0.05246057467962
100000000 0.0500868596753
110000000 0.04700085327964
120000000 0.04488788297684
130000000 0.04318962590215
140000000 0.04150263062542
150000000 0.03972786413849
160000000 0.03836406308082
180000000 0.0355076500765
200000000 0.03291219224832
#Header 
#Target 84 203 0
#Product 84 202 0
#Datapoints 39
1000000 0
8000000 0
9000000 1.47447936E-13
10000000 4.1890100708E-9
11000000 2.5277203809E-6
12000000 0.000122881989945
13000000 0.00129159987324
14000000 0.00568169071092
15000000 0.0160352964368
16000000 0.03519104363334
17000000 0.050354263515555
18000000 0.04903391853648
19000000 0.04583362266567
20000000 0.0459436513872
22000000 0.05470958302278
24000000 0.0736363052766
26000000 0.10118985975488
28000000 0.131303599856
30000000 0.16256962556793
35000000 0.2313936958896
40000000 0.2704092044132
45000000 0.2841583063179
50000000 0.2880240254956
55000000 0.2830625448494
60000000 0.2802035560827
65000000 0.2697647494648
70000000 0.2626692633361
75000000 0.2511640396005
80000000 0.2433521251553
90000000 0.2238933827547
100000000 0.2043929743639
110000000 0.1851533295784
120000000 0.17138241387984
130000000 0.16032204539715
140000000 0.15120768920882
150000000 0.14347477329889
160000000 0.13561872261514
180000000 0.1225133486283
200000000 0.11155857342144
#Header 
#Target 84 203 0
#Product 84 203 0
#Datapoints 45
1000000 0
2000000 0
3000000 5.8391992064E-15
4000000 1.10434003267E-10
5000000 6.4723101885E-8
6000000 3.9861405298E-6
7000000 5.4458011562E-5
8000000 0.0004078899648
9000000 0.00051840010962
10000000 0.00097477004828
11000000 0.00180642998679
12000000 0.0031037300318
13000000 0.0050507981289
14000000 0.0076585994136
15000000 0.0105713030432
16000000 0.01338807749067
17000000 0.015957658464255
18000000 0.01840543317608
19000000 0.02087027390322
20000000 0.02338817633288
22000000 0.02795131931788
24000000 0.0308769144354
26000000 0.03267760421952
28000000 0.03354322619648
30000000 0.0335675458872
35000000 0.03203079886512
40000000 0.0298726429058
45000000 0.02809012108815
50000000 0.02717528562204
55000000 0.02595113185348
60000000 0.02428317430792
65000000 0.02291844357265
70000000 0.02140592028442
75000000 0.0200658660813
80000000 0.018637957286214
90000000 0.016019555800694
100000000 0.013480728556631
110000000 0.011105573445464
120000000 0.009253607094938
130000000 0.007741020310205
140000000 0.006498651339094
150000000 0.005453401467536
160000000 0.004600629706514
180000000 0.00334073092227
200000000 0.002528095755552
#Header 
#Target 84 203 0
#Product 85 195 0
#Datapoints 13
1000000 0
75000000 0
80000000 7.71323821842E-9
90000000 0.0008380417950164
100000000 0.004754963055542
110000000 0.002152949909434
120000000 0.0009714852656014
130000000 0.0008107886989475
140000000 0.0006962740823234
150000000 0.0006044764475321
160000000 0.0005359351009934
180000000 0.000408404479098
200000000 0.0003279565825728
#Header 
#Target 84 203 0
#Product 85 196 0
#Datapoints 14
1000000 0
70000000 0
75000000 1.714668332949E-5
80000000 0.0010062622294172
90000000 0.012895984501257
100000000 0.008117561763563
110000000 0.003128391986852
120000000 0.002393324715702
130000000 0.002050716449145
140000000 0.001746645961088
150000000 0.0014828478694942
160000000 0.0012815064969502
180000000 0.001041826091936
200000000 0.00080029629648
#Header 
#Target 84 203 0
#Product 85 197 0
#Datapoints 16
1000000 0
60000000 0
65000000 0.000250398674978
70000000 0.008881150312192
75000000 0.03975227951175
80000000 0.06038779321526
90000000 0.02698502040819
100000000 0.010194551838072
110000000 0.00725886372785
120000000 0.005777636213478
130000000 0.004721378485005
140000000 0.003932379384596
150000000 0.003439294790569
160000000 0.002991852986578
180000000 0.00224814721978
200000000 0.00188697656928
#Header 
#Target 84 203 0
#Product 85 198 0
#Datapoints 18
1000000 0
50000000 0
55000000 0.00015440883746758
60000000 0.013510865018131
65000000 0.05650401160938
70000000 0.07153928338134
75000000 0.0474741438678
80000000 0.02336695487007
90000000 0.009773051302218
100000000 0.007381882304328
110000000 0.00580550666368
120000000 0.004698510506592
130000000 0.00395440450041
140000000 0.003434174456244
150000000 0.002973825693245
160000000 0.002593857599076
180000000 0.00213024645589
200000000 0.0017722810608
#Header 
#Target 84 203 0
#Product 85 199 0
#Datapoints 20
1000000 0
40000000 0
45000000 0.002544094828116
50000000 0.09749507131752
55000000 0.2584603919028
60000000 0.2581016701092
65000000 0.14406555533797
70000000 0.06537837888155
75000000 0.0370956063387
80000000 0.02793944510896
90000000 0.02023954405293
100000000 0.014970348586312
110000000 0.01170260454598
120000000 0.00974246517883
130000000 0.008317677717895
140000000 0.007235359021604
150000000 0.006423961427389
160000000 0.005798358090552
180000000 0.00484811485774
200000000 0.004103530166112
#Header 
#Target 84 203 0
#Product 85 200 0
#Datapoints 22
1000000 0
30000000 0
35000000 0.0008133873663672
40000000 0.1434106993514
45000000 0.2716160842686
50000000 0.19549775689464
55000000 0.07735082743178
60000000 0.03228700631895
65000000 0.02128138799154
70000000 0.017328755348035
75000000 0.014943441614985
80000000 0.013143148057431
90000000 0.010438236985455
100000000 0.008527443855707
110000000 0.007040731222294
120000000 0.006035997247506
130000000 0.005320053405485
140000000 0.004786159624276
150000000 0.004331682757292
160000000 0.003972512598664
180000000 0.0033463013332
200000000 0.002878787916576
#Header 
#Target 84 203 0
#Product 85 201 0
#Datapoints 26
1000000 0
22000000 0
24000000 0.000657103843341
26000000 0.05840086889728
28000000 0.2391854122944
30000000 0.5648007801396
35000000 0.9415322370828
40000000 0.579206150436
45000000 0.17846216579097
50000000 0.08324632136364
55000000 0.06167969395674
60000000 0.05159078187328
65000000 0.04457719882394
70000000 0.03911303683585
75000000 0.03464202214005
80000000 0.03075382988776
90000000 0.02491563061154
100000000 0.0204508309628
110000000 0.017030215586802
120000000 0.014636039075612
130000000 0.012906653408285
140000000 0.011603504075046
150000000 0.010546769757546
160000000 0.009542475637188
180000000 0.00811344331119
200000000 0.00696277694832
#Header 
#Target 84 203 0
#Product 85 202 0
#Datapoints 32
1000000 0
15000000 0
16000000 0.003409464024747
17000000 0.11580566275827
18000000 0.3315337594696
19000000 0.5085079473348
20000000 0.6206758916732
22000000 0.7278346911094
24000000 0.749907175446
26000000 0.6962123351872
28000000 0.5631556243456
30000000 0.3467596020318
35000000 0.09269188672176
40000000 0.05897142855352
45000000 0.04902987439896
50000000 0.04209039966088
55000000 0.0370314345673
60000000 0.03252449022937
65000000 0.0285765908485
70000000 0.02525929966374
75000000 0.02234178624405
80000000 0.01968736033257
90000000 0.015998732583564
100000000 0.013160283552591
110000000 0.010939617832468
120000000 0.009435324087966
130000000 0.00834363021037
140000000 0.007475872734594
150000000 0.006784275883451
160000000 0.006120262193656
180000000 0.00520280795335
200000000 0.004473574775136
#Header 
#Target 84 203 0
#Product 85 203 0
#Datapoints 42
1000000 0
5000000 0
6000000 3.09915013606E-5
7000000 0.00085095292334
8000000 0.004079660202
9000000 0.033606203472
10000000 0.089684090432
11000000 0.175486996971
12000000 0.285890012155
13000000 0.411910032276
14000000 0.53965100862
15000000 0.653606056787
16000000 0.738996694947
17000000 0.68624605393461
18000000 0.501368094884
19000000 0.3358769078196
20000000 0.2286167246288
22000000 0.1241655459968
24000000 0.0855895684446
26000000 0.07184928858432
28000000 0.0657444815456
30000000 0.06131991930774
35000000 0.05264748825936
40000000 0.04601149621448
45000000 0.04020189691572
50000000 0.03508724878616
55000000 0.03138712887454
60000000 0.02687175288232
65000000 0.02398138923452
70000000 0.02061389368408
75000000 0.01847277825159
80000000 0.016172640489915
90000000 0.013065553074477
100000000 0.010734869129131
110000000 0.008955727040132
120000000 0.007703416778038
130000000 0.006789796388375
140000000 0.006081051781576
150000000 0.005545744541194
160000000 0.005040378922458
180000000 0.0042592797492
200000000 0.00367648937232
#Header 
#Target 84 203 0
#Product 85 204 0
#Datapoints 46
1000000 0
1000000 0
2000000 3.461171728616E-14
3000000 8.5261601288E-10
4000000 3.16224000687E-7
5000000 1.59666003549E-5
6000000 0.000236829004651
7000000 0.00144056010585
8000000 0.0070952096145
9000000 0.0064167498648
10000000 0.0075817696632
11000000 0.0076232996268
12000000 0.0062710693865
13000000 0.0046751286279
14000000 0.00341646995736
15000000 0.00253654994956
16000000 0.001974766928229
17000000 0.0016327756640592
18000000 0.001419354456248
19000000 0.001264432522626
20000000 0.0011327689504852
22000000 0.0008800464500366
24000000 0.000674481831309
26000000 0.0005446261116608
28000000 0.0004647181629376
30000000 0.0004142511118791
35000000 0.0003464793161628
40000000 0.0003117855068896
45000000 0.0002824483118217
50000000 0.0002697220061396
55000000 0.0002502386688908
60000000 0.0002400118438767
65000000 0.0002219114321013
70000000 0.0002127628250334
75000000 0.0001965539888715
80000000 0.00018782589882168
90000000 0.0001671347299268
100000000 0.00014459215334417
110000000 0.00012638583007426
120000000 0.00010608045086448
130000000 9.789754808925E-5
140000000 9.044030915928E-5
150000000 7.910402965036E-5
160000000 6.673367184808E-5
180000000 5.60266764771E-5
200000000 4.921114649472E-5
