#Header 
#Target 56 145 0
#Product 0 1 0
#Datapoints 45
1000000 0
2000000 1.8521486048E-9
3000000 2.838528E-5
4000000 0.0011927588637
5000000 0.012733951104
6000000 0.06611235846
7000000 0.2171824692
8000000 0.5270987744
9000000 0.9704035593
10000000 1.4298306356
11000000 1.834586495352
12000000 2.1774452175
13000000 2.4688165584
14000000 2.732808914
15000000 3.007578576
16000000 3.287892
17000000 3.600025384
18000000 3.89899055
19000000 4.194358142
20000000 4.39921062
22000000 4.78714644
24000000 5.166803915
26000000 5.514292692
28000000 5.780002872
30000000 6.022850324
35000000 6.65396991
40000000 7.067826308
45000000 7.32686394
50000000 7.4967256
55000000 7.609524875
60000000 7.71537052
65000000 7.76383635
70000000 7.844349726
75000000 7.901188717
80000000 7.96460588
90000000 8.12002158
100000000 8.234632053
110000000 8.367938865
120000000 8.4819238
130000000 8.572461191
140000000 8.646118635
150000000 8.70106173
160000000 8.737447596
180000000 8.891043249
200000000 9.097719098
#Header 
#Target 56 145 0
#Product 1 1 0
#Datapoints 45
1000000 0
2000000 8.327297264E-18
3000000 6.647202E-12
4000000 1.4069723022E-8
5000000 2.1069321879E-6
6000000 7.243880166E-5
7000000 0.0009148914532
8000000 0.005029839936
9000000 0.013759566345
10000000 0.02347143235
11000000 0.03162024618894
12000000 0.039007834734
13000000 0.0469891356
14000000 0.05638583038
15000000 0.06722098888
16000000 0.07875084
17000000 0.09022432196
18000000 0.10143484715
19000000 0.11261198554
20000000 0.1292594016
22000000 0.157439551
24000000 0.188700638
26000000 0.22184236
28000000 0.2567091464
30000000 0.2932325506
35000000 0.3888733275
40000000 0.482448644
45000000 0.571136981
50000000 0.651840462
55000000 0.7232034835
60000000 0.7863492005
65000000 0.8429352831
70000000 0.8912698078
75000000 0.9334299209
80000000 0.9712431575
90000000 1.034915904
100000000 1.0867257233
110000000 1.1313969406
120000000 1.169990717
130000000 1.2065279151
140000000 1.2394271358
150000000 1.2682959275
160000000 1.29349386
180000000 1.32867396
200000000 1.354278016
#Header 
#Target 56 145 0
#Product 1 2 0
#Datapoints 44
1000000 0
3000000 0
4000000 5.7002978307E-17
5000000 2.5664001105E-12
6000000 8.49482476E-10
7000000 7.346553268E-8
8000000 2.2328502592E-6
9000000 2.8809555579E-5
10000000 0.00019557286341
11000000 0.000827251313904
12000000 0.0023887598397
13000000 0.0050659121184
14000000 0.008622134576
15000000 0.01272311002
16000000 0.0170874
17000000 0.0215425604
18000000 0.02595944715
19000000 0.030259299
20000000 0.0343996023
22000000 0.04211048915
24000000 0.0504159453
26000000 0.05653058804
28000000 0.06198798704
30000000 0.06690233124
35000000 0.0729187312
40000000 0.08186030326
45000000 0.09052717636
50000000 0.09358007568
55000000 0.10079034897
60000000 0.10271390745
65000000 0.10821248142
70000000 0.10972101496
75000000 0.11442390452
80000000 0.1160768917
90000000 0.1117711386
100000000 0.10887683031
110000000 0.10366986663
120000000 0.0995012746
130000000 0.09595309677
140000000 0.09265781006
150000000 0.08963987235
160000000 0.08677102068
180000000 0.0820087974
200000000 0.07971082886
#Header 
#Target 56 145 0
#Product 1 3 0
#Datapoints 44
1000000 0
3000000 0
4000000 4.9995579225E-18
5000000 5.616341802E-14
6000000 1.1356924096E-10
7000000 5.911858528E-8
8000000 1.893531376E-6
9000000 2.1897017037E-5
10000000 0.00012314722599
11000000 0.0004120113193866
12000000 0.0009072542367
13000000 0.0016065780144
14000000 0.002678880204
15000000 0.003938139698
16000000 0.005312556
17000000 0.006740871732
18000000 0.008176664405
19000000 0.009586973598
20000000 0.01095113124
22000000 0.01349045497
24000000 0.01576710205
26000000 0.01775640164
28000000 0.0194954452
30000000 0.0209370806
35000000 0.02323419546
40000000 0.02436418842
45000000 0.02509910516
50000000 0.02581049744
55000000 0.02668081982
60000000 0.02780771275
65000000 0.02917614879
70000000 0.03084283444
75000000 0.03288037893
80000000 0.03540117735
90000000 0.04192023825
100000000 0.05029650892
110000000 0.05646698559
120000000 0.06385534995
130000000 0.07232076131
140000000 0.08165033819
150000000 0.09224115515
160000000 0.10300906164
180000000 0.1233483999
200000000 0.1414892544
#Header 
#Target 56 145 0
#Product 2 3 0
#Datapoints 35
1000000 0
12000000 0
13000000 5.7754952688E-19
14000000 2.951949935E-16
15000000 5.085022656E-14
16000000 3.386208E-12
17000000 1.019453878E-10
18000000 1.68178192E-9
19000000 1.764080938E-8
20000000 1.304497236E-7
22000000 3.21476169E-6
24000000 3.3538722E-5
26000000 0.0001647736896
28000000 0.0004650294572
30000000 0.0009670261706
35000000 0.002623934544
40000000 0.004568368974
45000000 0.006471297836
50000000 0.008284223948
55000000 0.00969783434
60000000 0.011022189785
65000000 0.012072637626
70000000 0.013131955288
75000000 0.014084317436
80000000 0.015097010775
90000000 0.01715923935
100000000 0.01945953514
110000000 0.02094516072
120000000 0.0224556542
130000000 0.02403934351
140000000 0.02571232851
150000000 0.0273366659
160000000 0.02884618656
180000000 0.03167662713
200000000 0.03431661922
#Header 
#Target 56 145 0
#Product 2 4 0
#Datapoints 45
1000000 0
2000000 2.958099664E-8
3000000 7.16193E-7
4000000 3.5690640174E-6
5000000 1.4885167347E-5
6000000 5.258787442E-5
7000000 0.0001572634852
8000000 0.0003940413664
9000000 0.0008297172513
10000000 0.0015041244843
11000000 0.002426691709224
12000000 0.003604081788
13000000 0.0051437380944
14000000 0.007428167428
15000000 0.01264598053
16000000 0.02988336
17000000 0.0360860344
18000000 0.0355357184
19000000 0.02045326474
20000000 0.0184599807
22000000 0.01778738995
24000000 0.0180793809
26000000 0.01848296304
28000000 0.01882787928
30000000 0.01908681932
35000000 0.01915694067
40000000 0.01905121372
45000000 0.01852516966
50000000 0.01818477752
55000000 0.01787012096
60000000 0.0179887862
65000000 0.01854425607
70000000 0.02023220468
75000000 0.02366974582
80000000 0.0301667135
90000000 0.0548467128
100000000 0.09193149259
110000000 0.13328811695
120000000 0.172567325
130000000 0.2050350501
140000000 0.2339103339
150000000 0.258840192
160000000 0.2773805508
180000000 0.3025385856
200000000 0.3262286352
#Header 
#Target 56 145 0
#Product 52 121 0
#Datapoints 9
1000000 0
110000000 0
120000000 5.95724451E-12
130000000 6.0852005529E-9
140000000 3.8033595856E-7
150000000 5.524200082E-6
160000000 3.8307403164E-5
180000000 9.4970389314E-5
200000000 0.0001408029298
#Header 
#Target 56 145 0
#Product 52 122 0
#Datapoints 10
1000000 0
100000000 0
110000000 2.568073193E-13
120000000 4.0690000995E-9
130000000 1.2716899742E-6
140000000 2.7596900236E-5
150000000 0.0002950810391
160000000 0.000933175941
180000000 0.00109346000187
200000000 0.00125011002948
#Header 
#Target 56 145 0
#Product 52 123 0
#Datapoints 10
1000000 0
100000000 0
110000000 2.454721055E-11
120000000 4.1028693895E-8
130000000 1.28292002222E-6
140000000 1.24287988241E-5
150000000 6.546699073E-5
160000000 0.000105714004788
180000000 0.000130080004842
200000000 0.0001635359726
#Header 
#Target 56 145 0
#Product 52 124 0
#Datapoints 11
1000000 0
90000000 0
100000000 3.493200236E-12
110000000 5.3565299434E-8
120000000 4.642480472E-6
130000000 5.4573902843E-5
140000000 0.00039754904819
150000000 0.00109291988085
160000000 0.00133662999696
180000000 0.001760149875
200000000 0.002212540551
#Header 
#Target 56 145 0
#Product 52 125 0
#Datapoints 12
1000000 0
80000000 0
90000000 5.708754315E-16
100000000 6.297874634E-10
110000000 2.9671799635E-7
120000000 3.920789747E-6
130000000 1.9610603861E-5
140000000 5.9679700524E-5
150000000 8.691851355E-5
160000000 0.000109630992852
180000000 0.00019442796978
200000000 0.0003027930503
#Header 
#Target 56 145 0
#Product 52 126 0
#Datapoints 12
1000000 0
80000000 0
90000000 8.76374433E-11
100000000 3.3939706327E-7
110000000 1.8024699429E-5
120000000 0.000135739997715
130000000 0.00048913004316
140000000 0.0008563290353
150000000 0.00112870007275
160000000 0.0015006105468
180000000 0.0022661703642
200000000 0.0028974795278
#Header 
#Target 56 145 0
#Product 52 127 0
#Datapoints 13
1000000 0
75000000 0
80000000 1.239908593E-13
90000000 4.5198804915E-9
100000000 5.0332799851E-7
110000000 5.6806895894E-6
120000000 2.382660175E-5
130000000 5.2378899291E-5
140000000 8.5063801557E-5
150000000 0.000122714001495
160000000 0.00015591098628
180000000 0.00020259005034
200000000 0.00023501194418
#Header 
#Target 56 145 0
#Product 52 128 0
#Datapoints 15
1000000 0
65000000 0
70000000 1.4438395582E-15
75000000 4.144039923E-12
80000000 1.112239513E-9
90000000 9.5270000265E-7
100000000 2.1558502703E-5
110000000 0.000116319003827
120000000 0.00028203999915
130000000 0.00045239598501
140000000 0.00061689303382
150000000 0.000755258937
160000000 0.00086543694036
180000000 0.00101713000554
200000000 0.00109080993814
#Header 
#Target 56 145 0
#Product 52 129 0
#Datapoints 16
1000000 0
60000000 0
65000000 5.569349925E-16
70000000 1.5395089042E-12
75000000 3.91088631E-10
80000000 1.5747201239E-8
90000000 7.316990109E-7
100000000 4.5842294327E-6
110000000 1.17819991857E-5
120000000 1.979300694E-5
130000000 2.7982204119E-5
140000000 3.4421004222E-5
150000000 4.038000327E-5
160000000 4.5020607324E-5
180000000 5.2590599274E-5
200000000 5.5562997308E-5
#Header 
#Target 56 145 0
#Product 53 128 0
#Datapoints 15
1000000 0
65000000 0
70000000 2.212558934E-15
75000000 2.266378723E-12
80000000 2.180397835E-10
90000000 1.3005400023E-7
100000000 3.9842104017E-6
110000000 1.37378992396E-5
120000000 1.5821897105E-5
130000000 2.6120595693E-5
140000000 4.6521197819E-5
150000000 6.461270457E-5
160000000 8.5217493924E-5
180000000 0.00013342800456
200000000 0.00019738695496
#Header 
#Target 56 145 0
#Product 53 129 0
#Datapoints 16
1000000 0
60000000 0
65000000 3.567106947E-14
70000000 1.735496902E-11
75000000 1.18923883E-9
80000000 2.593810142E-8
90000000 1.4476000374E-6
100000000 6.3119693318E-6
110000000 9.5729197238E-6
120000000 1.7768593955E-5
130000000 3.6099603598E-5
140000000 5.4567205764E-5
150000000 7.348490189E-5
160000000 9.6567493212E-5
180000000 0.00014833797516
200000000 0.0002084130386
#Header 
#Target 56 145 0
#Product 53 130 0
#Datapoints 17
1000000 0
55000000 0
60000000 9.85714929E-14
65000000 5.493155574E-11
70000000 4.0256402118E-9
75000000 7.5779698483E-8
80000000 5.22713961E-7
90000000 3.4346299185E-6
100000000 6.5616096668E-6
110000000 1.25884007311E-5
120000000 2.7248903115E-5
130000000 4.4698397296E-5
140000000 6.1913199879E-5
150000000 7.6775407285E-5
160000000 9.1086898344E-5
180000000 0.000129143004645
200000000 0.00017838004496
#Header 
#Target 56 145 0
#Product 53 131 0
#Datapoints 18
1000000 0
50000000 0
55000000 5.919189537E-13
60000000 2.49943919E-10
65000000 1.49608012512E-8
70000000 2.0295805362E-7
75000000 9.6382592336E-7
80000000 2.3377695495E-6
90000000 4.8514306995E-6
100000000 9.0633602096E-6
110000000 1.9855603839E-5
120000000 3.468229611E-5
130000000 4.9749303931E-5
140000000 6.4198601821E-5
150000000 7.617299418E-5
160000000 9.07355925E-5
180000000 0.00015373304073
200000000 0.0002266590235
#Header 
#Target 56 145 0
#Product 53 132 0
#Datapoints 19
1000000 0
45000000 0
50000000 1.3188095284E-12
55000000 4.5153095E-10
60000000 1.9164302805E-8
65000000 1.7440502424E-7
70000000 5.6163792946E-7
75000000 9.2725991338E-7
80000000 1.186470054E-6
90000000 1.7745403005E-6
100000000 4.0902899743E-6
110000000 7.9294393774E-6
120000000 1.25393001195E-5
130000000 1.6720804529E-5
140000000 2.0835796111E-5
150000000 2.749470229E-5
160000000 3.8742799248E-5
180000000 7.9250004141E-5
200000000 0.000122570995742
#Header 
#Target 56 145 0
#Product 53 133 0
#Datapoints 21
1000000 0
35000000 0
40000000 4.181764918E-14
45000000 4.14617983E-11
50000000 4.2993704208E-9
55000000 7.280830675E-8
60000000 3.553660515E-7
65000000 7.9441398765E-7
70000000 1.08976995936E-6
75000000 1.2486398917E-6
80000000 1.36038997325E-6
90000000 2.7405694305E-6
100000000 6.1453794541E-6
110000000 1.01854990487E-5
120000000 1.3502099821E-5
130000000 1.7469600928E-5
140000000 2.3696706557E-5
150000000 3.673209439E-5
160000000 6.0018708048E-5
180000000 0.000119246006874
200000000 0.00018456202622
#Header 
#Target 56 145 0
#Product 53 134 0
#Datapoints 22
1000000 0
30000000 0
35000000 4.252919867E-13
40000000 1.6257994268E-10
45000000 8.3931898142E-9
50000000 7.5756499364E-8
55000000 2.3340405712E-7
60000000 3.6837600785E-7
65000000 3.9536798202E-7
70000000 4.1099391674E-7
75000000 4.5151792048E-7
80000000 6.2744096415E-7
90000000 1.4231800044E-6
100000000 2.6418795917E-6
110000000 3.7948697359E-6
120000000 4.8938704815E-6
130000000 7.6128008805E-6
140000000 1.4560204642E-5
150000000 2.727329852E-5
160000000 4.7304007716E-5
180000000 8.7797212752E-5
200000000 0.000124961001152
#Header 
#Target 56 145 0
#Product 53 135 0
#Datapoints 27
1000000 0
20000000 0
22000000 6.79707848E-14
24000000 2.61739702E-12
26000000 4.667338724E-11
28000000 4.755486288E-10
30000000 2.5917104204E-9
35000000 2.2631299754E-8
40000000 8.52846969E-8
45000000 2.4243693838E-7
50000000 4.288770304E-7
55000000 5.152349357E-7
60000000 5.149439828E-7
65000000 5.2048597161E-7
70000000 5.8425999766E-7
75000000 7.6119103368E-7
80000000 1.05435986425E-6
90000000 1.886259573E-6
100000000 2.7847599926E-6
110000000 3.7561009085E-6
120000000 7.095959815E-6
130000000 1.6700095622E-5
140000000 3.6184695916E-5
150000000 6.5247101555E-5
160000000 9.6875406336E-5
180000000 0.00016037693841
200000000 0.00021310806972
#Header 
#Target 56 145 0
#Product 54 123 0
#Datapoints 8
1000000 0
120000000 0
130000000 1.9188201206E-8
140000000 4.9285401472E-6
150000000 0.0001737829929
160000000 0.00054995097816
180000000 0.00053913994434
200000000 0.00085261897474
#Header 
#Target 56 145 0
#Product 54 124 0
#Datapoints 9
1000000 0
110000000 0
120000000 4.1886305545E-9
130000000 2.547659508E-6
140000000 9.7747293889E-5
150000000 0.000596392931
160000000 0.000909437967
180000000 0.00098422896075
200000000 0.00112911995456
#Header 
#Target 56 145 0
#Product 54 125 0
#Datapoints 10
1000000 0
100000000 0
110000000 4.827109125E-11
120000000 8.65504941E-8
130000000 4.739809083E-6
140000000 4.182219413E-5
150000000 9.646269983E-5
160000000 0.000100002000048
180000000 0.000111214998918
200000000 0.00016748798274
#Header 
#Target 56 145 0
#Product 54 126 0
#Datapoints 11
1000000 0
90000000 0
100000000 2.934556156E-12
110000000 2.2951893904E-7
120000000 2.594490682E-5
130000000 0.00028001197828
140000000 0.00109134992682
150000000 0.0015234301375
160000000 0.001443899496
180000000 0.002335750227
200000000 0.0047284495492
#Header 
#Target 56 145 0
#Product 54 127 0
#Datapoints 11
1000000 0
90000000 0
100000000 4.3651500391E-9
110000000 1.6728104678E-6
120000000 2.20513986E-5
130000000 0.000105861008312
140000000 0.00024474595023
150000000 0.000361235001
160000000 0.00053261302608
180000000 0.00092080708209
200000000 0.0014635100142
#Header 
#Target 56 145 0
#Product 54 128 0
#Datapoints 12
1000000 0
80000000 0
90000000 2.1453798465E-9
100000000 4.0727695442E-6
110000000 0.000134948993153
120000000 0.00100912003535
130000000 0.0034332106118
140000000 0.0063526192806
150000000 0.0099648111435
160000000 0.014541493416
180000000 0.023872396422
200000000 0.030035705206
#Header 
#Target 56 145 0
#Product 54 129 0
#Datapoints 13
1000000 0
75000000 0
80000000 5.55572017E-12
90000000 1.7408703015E-7
100000000 1.7106501154E-5
110000000 0.00017635798442
120000000 0.0006503599389
130000000 0.00129035006313
140000000 0.0020158405776
150000000 0.002733289988
160000000 0.0034567301076
180000000 0.0045990304482
200000000 0.0053511704116
#Header 
#Target 56 145 0
#Product 54 130 0
#Datapoints 15
1000000 0
65000000 0
70000000 6.46861705E-14
75000000 5.421073833E-10
80000000 1.6530793895E-7
90000000 0.00010517199066
100000000 0.0017456206965
110000000 0.0078188297241
120000000 0.01647290036
130000000 0.025430003554
140000000 0.033914998969
150000000 0.04040999498
160000000 0.04585599804
180000000 0.054634603422
200000000 0.062713098448
#Header 
#Target 56 145 0
#Product 54 131 0
#Datapoints 16
1000000 0
60000000 0
65000000 8.557729668E-14
70000000 4.582192526E-10
75000000 1.54995997592E-7
80000000 4.944550226E-6
90000000 0.00015479805825
100000000 0.00083835400082
110000000 0.0019681294609
120000000 0.0033513605195
130000000 0.0048249405457
140000000 0.0059283699421
150000000 0.007217730154
160000000 0.0082213491384
180000000 0.0096027007119
200000000 0.0103677997462
#Header 
#Target 56 145 0
#Product 54 132 0
#Datapoints 17
1000000 0
55000000 0
60000000 2.393356025E-11
65000000 5.0756808333E-8
70000000 6.5029607678E-6
75000000 0.000134819006003
80000000 0.0008639780842
90000000 0.0071117798895
100000000 0.02125210078
110000000 0.035234002781
120000000 0.047474595245
130000000 0.056585703566
140000000 0.062070595754
150000000 0.06721679824
160000000 0.068471906376
180000000 0.069803195631
200000000 0.071330805494
#Header 
#Target 56 145 0
#Product 54 133 0
#Datapoints 19
1000000 0
45000000 0
50000000 4.252313156E-16
55000000 5.869427946E-11
60000000 5.7262199705E-8
65000000 3.5474700273E-6
70000000 4.0764296902E-5
75000000 0.00017690500347
80000000 0.00049504206675
90000000 0.002035339317
100000000 0.0038395894716
110000000 0.0053587698097
120000000 0.006365210558
130000000 0.0069346903217
140000000 0.0075314196009
150000000 0.0076287598535
160000000 0.00783871968
180000000 0.0079822701153
200000000 0.0082941108354
#Header 
#Target 56 145 0
#Product 54 134 0
#Datapoints 20
1000000 0
40000000 0
45000000 5.69786938E-13
50000000 2.9813495712E-9
55000000 5.8337409051E-7
60000000 1.33181999885E-5
65000000 8.8943100033E-5
70000000 0.00031906905886
75000000 0.000843778007
80000000 0.001773719409
90000000 0.0039575506905
100000000 0.0058520300048
110000000 0.0067592896815
120000000 0.0072402106385
130000000 0.0077160698591
140000000 0.007939269327
150000000 0.0079827193405
160000000 0.0083981003544
180000000 0.0085547797299
200000000 0.0087913108426
#Header 
#Target 56 145 0
#Product 54 135 0
#Datapoints 21
1000000 0
35000000 0
40000000 6.056756842E-12
45000000 6.2934000042E-9
50000000 3.3505299464E-7
55000000 3.6320302468E-6
60000000 1.66274993805E-5
65000000 5.2253993499E-5
70000000 0.000128336988246
75000000 0.00024114392654
80000000 0.00034881803495
90000000 0.00052184309265
100000000 0.00062420505991
110000000 0.00068260604904
120000000 0.0007825200271
130000000 0.00087723998536
140000000 0.00100267994016
150000000 0.0011451099591
160000000 0.00124266009708
180000000 0.0014579900433
200000000 0.001573979732
#Header 
#Target 56 145 0
#Product 54 136 0
#Datapoints 24
1000000 0
26000000 0
28000000 4.639744704E-13
30000000 3.192144534E-11
35000000 4.9162594887E-9
40000000 6.4807104324E-8
45000000 7.3317602106E-7
50000000 4.525870076E-6
55000000 1.7134693102E-5
60000000 4.822109922E-5
65000000 9.8468796663E-5
70000000 0.000152627001
75000000 0.00019507698293
80000000 0.0002226019642
90000000 0.0002627100828
100000000 0.00033760195562
110000000 0.00061327393184
120000000 0.00101064000205
130000000 0.0014959099357
140000000 0.0019122305053
150000000 0.002331510234
160000000 0.0027514798188
180000000 0.0033094196082
200000000 0.0036890894352
#Header 
#Target 56 145 0
#Product 54 137 0
#Datapoints 27
1000000 0
20000000 0
22000000 1.580028595E-15
24000000 3.90353971E-13
26000000 1.2579695148E-11
28000000 1.128149246E-10
30000000 5.060586242E-10
35000000 1.03959006417E-8
40000000 9.7486797338E-8
45000000 4.4280997648E-7
50000000 1.8358902744E-6
55000000 4.7887305511E-6
60000000 7.7556600325E-6
65000000 9.6434999949E-6
70000000 1.03940996038E-5
75000000 1.09900006687E-5
80000000 1.2087199586E-5
90000000 4.259489652E-5
100000000 0.00018939499706
110000000 0.00045152592465
120000000 0.0007503009703
130000000 0.00103032998285
140000000 0.00126762998594
150000000 0.001469869419
160000000 0.0016573296888
180000000 0.0018898605486
200000000 0.0020800902824
#Header 
#Target 56 145 0
#Product 54 138 0
#Datapoints 32
1000000 0
15000000 0
16000000 1.13781E-15
17000000 3.110228508E-14
18000000 3.30661422E-13
19000000 1.903501802E-12
20000000 7.46063157E-12
22000000 5.341125605E-11
24000000 2.33277576E-10
26000000 7.934920148E-10
28000000 2.421089692E-9
30000000 6.277820142E-9
35000000 3.8238998525E-8
40000000 1.9793691854E-7
45000000 9.3866494822E-7
50000000 2.2226405656E-6
55000000 3.2716001135E-6
60000000 3.733719074E-6
65000000 3.8864003898E-6
70000000 3.9464605338E-6
75000000 5.6949592364E-6
80000000 1.6779502355E-5
90000000 0.000123521004585
100000000 0.00035167198097
110000000 0.00063930401278
120000000 0.0008851860619
130000000 0.00111983998051
140000000 0.00132377997846
150000000 0.001488609462
160000000 0.0015848598036
180000000 0.0017476496766
200000000 0.0018710999008
#Header 
#Target 56 145 0
#Product 54 139 0
#Datapoints 35
1000000 0
12000000 0
13000000 2.6901955296E-15
14000000 3.92779046E-14
15000000 1.656779617E-13
16000000 7.150908E-13
17000000 3.001003792E-12
18000000 1.0451297675E-11
19000000 2.929804896E-11
20000000 7.42739823E-11
22000000 3.082569005E-10
24000000 8.595688045E-10
26000000 1.9015005216E-9
28000000 3.563819728E-9
30000000 6.5527999374E-9
35000000 5.3133198909E-8
40000000 2.8372005534E-7
45000000 6.0677106502E-7
50000000 7.6070602244E-7
55000000 7.9477003778E-7
60000000 7.8395894045E-7
65000000 8.7753101709E-7
70000000 2.9603393586E-6
75000000 1.49721003237E-5
80000000 4.782529829E-5
90000000 0.00018591004575
100000000 0.0003725300702
110000000 0.00054757995364
120000000 0.0006991689355
130000000 0.000813509976
140000000 0.00089940707555
150000000 0.0009842869872
160000000 0.00103410996816
180000000 0.00111991998687
200000000 0.00115704000256
#Header 
#Target 56 145 0
#Product 54 140 0
#Datapoints 34
1000000 0
13000000 0
14000000 2.437846818E-15
15000000 1.150520506E-14
16000000 4.85334E-14
17000000 2.1543193E-13
18000000 9.453148705E-13
19000000 3.581687578E-12
20000000 1.076789763E-11
22000000 7.123782625E-11
24000000 3.485534885E-10
26000000 1.3291598824E-9
28000000 4.1846899612E-9
30000000 1.11906008194E-8
35000000 5.5358312499E-8
40000000 1.0199899102E-7
45000000 1.21263992296E-7
50000000 1.17814002488E-7
55000000 1.14596996354E-7
60000000 3.123490687E-7
65000000 3.6373800216E-6
70000000 1.9646398654E-5
75000000 5.3700004871E-5
80000000 0.00010754399425
90000000 0.0002389299363
100000000 0.00036087600106
110000000 0.00047430505809
120000000 0.0005481250719
130000000 0.00061218298715
140000000 0.00066726497188
150000000 0.00069119907325
160000000 0.00072310302408
180000000 0.00076048398744
200000000 0.0007751439553
#Header 
#Target 56 145 0
#Product 54 141 0
#Datapoints 36
1000000 0
11000000 0
12000000 2.1952536609E-15
13000000 1.2176547936E-14
14000000 4.200415098E-14
15000000 1.207901703E-13
16000000 3.811512E-13
17000000 1.303700036E-12
18000000 4.224999415E-12
19000000 1.2091686902E-11
20000000 2.15785962E-11
22000000 9.885620625E-11
24000000 3.285113825E-10
26000000 8.101799996E-10
28000000 1.5186995432E-9
30000000 2.2812508458E-9
35000000 3.4619792501E-9
40000000 3.7168706238E-9
45000000 3.5659605852E-9
50000000 4.2657189848E-9
55000000 1.47828996554E-7
60000000 2.768189902E-6
65000000 1.45992007176E-5
70000000 3.8063991802E-5
75000000 6.7395204259E-5
80000000 9.997950655E-5
90000000 0.0001602220554
100000000 0.00020765604925
110000000 0.00024436707557
120000000 0.0002698930059
130000000 0.00028973194911
140000000 0.00030211304527
150000000 0.00031498104355
160000000 0.00032192196504
180000000 0.0003355759554
200000000 0.00033712303274
#Header 
#Target 56 145 0
#Product 54 142 0
#Datapoints 22
1000000 0
30000000 0
35000000 6.141137114E-15
40000000 1.0497487454E-12
45000000 8.34825316E-10
50000000 1.33460004132E-7
55000000 2.3210503731E-6
60000000 1.1174401304E-5
65000000 2.7605294232E-5
70000000 4.7752810092E-5
75000000 6.6752505823E-5
80000000 8.3173295975E-5
90000000 0.00010909699614
100000000 0.000126664993875
110000000 0.000137705007639
120000000 0.0001475040504
130000000 0.00015164501347
140000000 0.0001562999846
150000000 0.0001583289388
160000000 0.0001619370492
180000000 0.00016423296984
200000000 0.00016588699114
#Header 
#Target 56 145 0
#Product 55 124 0
#Datapoints 8
1000000 0
120000000 0
130000000 3.4120405696E-7
140000000 0.00014370305654
150000000 0.0005486220589
160000000 0.00048864501564
180000000 0.00047985400548
200000000 0.00055687599604
#Header 
#Target 56 145 0
#Product 55 125 0
#Datapoints 9
1000000 0
110000000 0
120000000 3.17584001E-7
130000000 0.00022407993386
140000000 0.00096527202577
150000000 0.00127418006085
160000000 0.00111663995688
180000000 0.00097122806817
200000000 0.00066458705222
#Header 
#Target 56 145 0
#Product 55 126 0
#Datapoints 10
1000000 0
100000000 0
110000000 3.4309900864E-9
120000000 0.00013094400032
130000000 0.00096959004161
140000000 0.0016010903396
150000000 0.0017408195485
160000000 0.0013725400332
180000000 0.00062269397847
200000000 0.00060448707306
#Header 
#Target 56 145 0
#Product 55 127 0
#Datapoints 11
1000000 0
90000000 0
100000000 2.905352947E-10
110000000 4.1911098282E-5
120000000 0.0008734400318
130000000 0.0022317706488
140000000 0.0023871495541
150000000 0.001817939724
160000000 0.00106038992004
180000000 0.00072239203467
200000000 0.00074693108412
#Header 
#Target 56 145 0
#Product 55 128 0
#Datapoints 11
1000000 0
90000000 0
100000000 1.7002203979E-6
110000000 0.00035874797408
120000000 0.002602100536
130000000 0.0029874404929
140000000 0.0020036501806
150000000 0.0012730599428
160000000 0.00072625209576
180000000 0.00069194404824
200000000 0.00046078302712
#Header 
#Target 56 145 0
#Product 55 129 0
#Datapoints 12
1000000 0
80000000 0
90000000 7.949290041E-8
100000000 9.9227689316E-5
110000000 0.0023807192622
120000000 0.004455589558
130000000 0.0026121495469
140000000 0.0015466500468
150000000 0.0010887599297
160000000 0.00087960398964
180000000 0.00071933600538
200000000 0.00039852196878
#Header 
#Target 56 145 0
#Product 55 130 0
#Datapoints 14
1000000 0
70000000 0
75000000 4.214724575E-11
80000000 8.5169909055E-9
90000000 1.05103996965E-5
100000000 0.0005699350903
110000000 0.0019605098244
120000000 0.001509210409
130000000 0.00073779199793
140000000 0.0005769959815
150000000 0.000481693061
160000000 0.00034902799572
180000000 0.00021814099923
200000000 0.0001440509707
#Header 
#Target 56 145 0
#Product 55 131 0
#Datapoints 16
1000000 0
60000000 0
65000000 4.750487568E-13
70000000 4.352190929E-9
75000000 5.3082907993E-7
80000000 9.9738201255E-6
90000000 0.0009326930382
100000000 0.003249989691
110000000 0.0028484392887
120000000 0.001687100051
130000000 0.00127191997944
140000000 0.00122420007078
150000000 0.00104024990795
160000000 0.00087404500488
180000000 0.00088199298948
200000000 0.0009079030051
#Header 
#Target 56 145 0
#Product 55 132 0
#Datapoints 17
1000000 0
55000000 0
60000000 1.0851593195E-11
65000000 4.357270587E-8
70000000 3.2520292264E-6
75000000 5.7491102164E-5
80000000 0.0004660840107
90000000 0.0029063997765
100000000 0.0028282298589
110000000 0.0019602906594
120000000 0.0017792099185
130000000 0.0019167098647
140000000 0.0021592098857
150000000 0.002151319822
160000000 0.00216208944
180000000 0.0023484694956
200000000 0.002821170352
#Header 
#Target 56 145 0
#Product 55 133 0
#Datapoints 19
1000000 0
45000000 0
50000000 2.912089544E-15
55000000 5.248466996E-10
60000000 3.4634705795E-7
65000000 2.3727105735E-5
70000000 0.00032267401902
75000000 0.00134203014574
80000000 0.002736200313
90000000 0.0033590005515
100000000 0.002877779615
110000000 0.0030286908124
120000000 0.0039017006945
130000000 0.0046238406097
140000000 0.0051225196665
150000000 0.005324530068
160000000 0.005551020444
180000000 0.0065417199075
200000000 0.0073511099168
#Header 
#Target 56 145 0
#Product 55 134 0
#Datapoints 20
1000000 0
40000000 0
45000000 4.378507612E-14
50000000 1.572028458E-9
55000000 1.35324994782E-6
60000000 6.122590119E-5
65000000 0.00041964108951
70000000 0.001061249989
75000000 0.00143780993193
80000000 0.00142447991455
90000000 0.0012742300791
100000000 0.0016057697734
110000000 0.0025331003034
120000000 0.0035535198125
130000000 0.0045534696911
140000000 0.0052302794551
150000000 0.0063129697745
160000000 0.0068728502892
180000000 0.0081966804546
200000000 0.0080838606784
#Header 
#Target 56 145 0
#Product 55 135 0
#Datapoints 21
1000000 0
35000000 0
40000000 7.874441046E-11
45000000 2.4646402206E-7
50000000 2.8649706904E-5
55000000 0.00036288602115
60000000 0.00125307010935
65000000 0.0020612395527
70000000 0.0022855297804
75000000 0.0021521602077
80000000 0.002110839654
90000000 0.002623359717
100000000 0.004185449371
110000000 0.0063158998922
120000000 0.0081975405785
130000000 0.0098773402465
140000000 0.0119421999636
150000000 0.0129925001935
160000000 0.0138513066
180000000 0.01488819555
200000000 0.015492201504
#Header 
#Target 56 145 0
#Product 55 136 0
#Datapoints 23
1000000 0
28000000 0
30000000 3.12215153E-15
35000000 2.7593901783E-9
40000000 2.8926706516E-6
45000000 0.000142280997374
50000000 0.00093589604836
55000000 0.002117129508
60000000 0.002810770436
65000000 0.0028971099015
70000000 0.0027549307842
75000000 0.0028437707567
80000000 0.0031977395065
90000000 0.0047512002285
100000000 0.0068349490115
110000000 0.0089103298681
120000000 0.010673100809
130000000 0.0122833004994
140000000 0.013865102947
150000000 0.01428429554
160000000 0.014899294692
180000000 0.016520901996
200000000 0.017043204282
#Header 
#Target 56 145 0
#Product 55 137 0
#Datapoints 27
1000000 0
20000000 0
22000000 9.935268655E-12
24000000 1.12846997935E-8
26000000 7.9186401128E-7
28000000 6.536830692E-6
30000000 1.6135499705E-5
35000000 0.000139417995276
40000000 0.00127141003054
45000000 0.0036172003064
50000000 0.0052705590756
55000000 0.00546360921
60000000 0.005063529032
65000000 0.0048841404141
70000000 0.0053236291444
75000000 0.006073929583
80000000 0.007434990717
90000000 0.0111257004375
100000000 0.015422494294
110000000 0.019430102297
120000000 0.02208750103
130000000 0.024518305522
140000000 0.025415303468
150000000 0.02690059899
160000000 0.028684797984
180000000 0.029686506333
200000000 0.03057329587
#Header 
#Target 56 145 0
#Product 55 138 0
#Datapoints 31
1000000 0
16000000 0
17000000 2.207407092E-14
18000000 5.29731748E-12
19000000 1.0219898976E-10
20000000 7.03068051E-10
22000000 1.2199499738E-8
24000000 1.4965199627E-7
26000000 1.56738015388E-6
28000000 1.26725999932E-5
30000000 6.4899492444E-5
35000000 0.00058643692121
40000000 0.00098768808782
45000000 0.00103086996146
50000000 0.00087355398312
55000000 0.00073326898094
60000000 0.0006893789124
65000000 0.00076386693465
70000000 0.0009864830047
75000000 0.00136939000849
80000000 0.0020296905475
90000000 0.0034323696
100000000 0.0042234494299
110000000 0.005277449367
120000000 0.005715670296
130000000 0.0062570999459
140000000 0.0062035795699
150000000 0.006770599878
160000000 0.0068377399188
180000000 0.0068907792378
200000000 0.0068774097158
#Header 
#Target 56 145 0
#Product 55 139 0
#Datapoints 37
1000000 0
10000000 0
11000000 1.376169058746E-13
12000000 5.647462974E-11
13000000 3.38609971968E-9
14000000 2.4885998412E-8
15000000 6.5866698324E-8
16000000 1.13929008E-7
17000000 2.5208996132E-7
18000000 9.169630379E-7
19000000 2.768899998E-6
20000000 1.0851300369E-5
22000000 9.798380254E-5
24000000 0.00050770707785
26000000 0.00146034002928
28000000 0.0029505395836
30000000 0.0046160599832
35000000 0.0068971601202
40000000 0.0063999202736
45000000 0.0049817291818
50000000 0.0041079798032
55000000 0.0042422002001
60000000 0.0047754510685
65000000 0.0057789495771
70000000 0.007419960312
75000000 0.0094303707376
80000000 0.011496000824
90000000 0.015225100308
100000000 0.018307496208
110000000 0.019734507871
120000000 0.02104090275
130000000 0.021928398719
140000000 0.022576103275
150000000 0.02255319283
160000000 0.023091894132
180000000 0.022933403478
200000000 0.022418306534
#Header 
#Target 56 145 0
#Product 55 140 0
#Datapoints 41
1000000 0
6000000 0
7000000 1.325405264E-13
8000000 2.2191096576E-12
9000000 5.67199458E-11
10000000 1.13984994032E-9
11000000 1.3410403857612E-8
12000000 1.21656036114E-7
13000000 8.33175027408E-7
14000000 4.7355493768E-6
15000000 2.5730296821E-5
16000000 0.00016098996
17000000 0.00052078795
18000000 0.00123865990885
19000000 0.0015866102518
20000000 0.002403659706
22000000 0.004649710994
24000000 0.0067637298505
26000000 0.008126569494
28000000 0.0085301805904
30000000 0.0082986207406
35000000 0.0063686299187
40000000 0.004549289278
45000000 0.0038703892624
50000000 0.00427747047
55000000 0.0048900191937
60000000 0.006089920052
65000000 0.0077383804725
70000000 0.0095275496622
75000000 0.0114416999469
80000000 0.0127976997995
90000000 0.015410507805
100000000 0.017009007594
110000000 0.017932299465
120000000 0.018497800055
130000000 0.018658303437
140000000 0.018870803741
150000000 0.01883329293
160000000 0.01867989216
180000000 0.01828510335
200000000 0.017845295884
#Header 
#Target 56 145 0
#Product 55 141 0
#Datapoints 46
1000000 0
1000000 0
2000000 2.03106019376E-13
3000000 5.8396194E-11
4000000 1.88585019327E-9
5000000 3.13843974255E-8
6000000 3.0260699258E-7
7000000 2.078629708E-6
8000000 1.16251987456E-5
9000000 5.0175385155E-5
10000000 0.000175470006064
11000000 0.00049726510215606
12000000 0.00117874036794
13000000 0.0023212196184
14000000 0.0041050906688
15000000 0.0078637601683
16000000 0.019997496
17000000 0.025650297892
18000000 0.02621260642
19000000 0.015275694494
20000000 0.013454500815
22000000 0.0113235993755
24000000 0.0095318298635
26000000 0.0078840197388
28000000 0.0065071989724
30000000 0.0052942507682
35000000 0.0034437393907
40000000 0.0036512498528
45000000 0.0043596809614
50000000 0.005328979474
55000000 0.0071664501763
60000000 0.0095175509555
65000000 0.0119029999884
70000000 0.0140583998018
75000000 0.0158261013308
80000000 0.017483292365
90000000 0.01960289991
100000000 0.020677995298
110000000 0.021412902663
120000000 0.021682601255
130000000 0.021505096288
140000000 0.021416396631
150000000 0.021051506
160000000 0.020739402288
180000000 0.019947199515
200000000 0.019162805584
#Header 
#Target 56 145 0
#Product 55 142 0
#Datapoints 46
1000000 0
1000000 7.73466021414E-15
2000000 2.95312997616E-8
3000000 7.1458092E-7
4000000 3.55843027923E-6
5000000 1.48142007642E-5
6000000 5.2125099208E-5
7000000 0.00015466196752
8000000 0.00038093106304
9000000 0.00077600811015
10000000 0.00132145989461
11000000 0.0019164901337577
12000000 0.00240362997339
13000000 0.0027908103792
14000000 0.0032722999287
15000000 0.0046764900892
16000000 0.0095256
17000000 0.009667380548
18000000 0.0078453102455
19000000 0.0034485193464
20000000 0.002459469768
22000000 0.0015871800995
24000000 0.0011403700182
26000000 0.00087184806456
28000000 0.00070608699392
30000000 0.0007673899482
35000000 0.00165964996295
40000000 0.0023222306362
45000000 0.0033619200736
50000000 0.00508915953
55000000 0.0071588800439
60000000 0.0090487299715
65000000 0.0106249994169
70000000 0.0119121003868
75000000 0.0129765998624
80000000 0.013783300993
90000000 0.014870099871
100000000 0.015481797892
110000000 0.015522507235
120000000 0.015564398885
130000000 0.015186798921
140000000 0.014935201179
150000000 0.01448329422
160000000 0.014278603608
180000000 0.013376202063
200000000 0.012483200067
#Header 
#Target 56 145 0
#Product 55 143 0
#Datapoints 33
1000000 0
14000000 0
15000000 5.051757055E-14
16000000 3.359628E-12
17000000 1.0108998608E-10
18000000 1.6672898515E-9
19000000 1.7487402724E-8
20000000 1.292949987E-7
22000000 3.183059693E-6
24000000 3.300850658E-5
26000000 0.000157718991868
28000000 0.0004050010314
30000000 0.00070422907014
35000000 0.0013562100405
40000000 0.0030098494968
45000000 0.0055585896572
50000000 0.008244790008
55000000 0.0103327004101
60000000 0.012230199066
65000000 0.013661298921
70000000 0.0148804991926
75000000 0.0158662002917
80000000 0.016530793895
90000000 0.01736130231
100000000 0.017582305614
110000000 0.017465594903
120000000 0.016991905
130000000 0.016610103963
140000000 0.016155098773
150000000 0.0156298017
160000000 0.015117403752
180000000 0.013998902508
200000000 0.013093503514
#Header 
#Target 56 145 0
#Product 55 144 0
#Datapoints 28
1000000 0
19000000 0
20000000 1.50346392E-11
22000000 4.043180025E-9
24000000 2.24073941E-7
26000000 4.259800236E-6
28000000 3.4305504996E-5
30000000 0.000145759000724
35000000 0.00100571012745
40000000 0.0023383402824
45000000 0.0036254295494
50000000 0.004695179398
55000000 0.0055094993255
60000000 0.0061500104165
65000000 0.006646599753
70000000 0.0070288705954
75000000 0.0072670999664
80000000 0.007477029329
90000000 0.0076279304475
100000000 0.0075787202033
110000000 0.0074126497685
120000000 0.007230890142
130000000 0.0069770894539
140000000 0.0066965600548
150000000 0.0064832593745
160000000 0.0062127001296
180000000 0.0057483598176
200000000 0.0052946997792
#Header 
#Target 56 145 0
#Product 56 125 0
#Datapoints 6
1000000 0
140000000 0
150000000 1.950129755E-6
160000000 0.000128007998436
180000000 0.0013774197189
200000000 0.00053908098738
#Header 
#Target 56 145 0
#Product 56 126 0
#Datapoints 7
1000000 0
130000000 0
140000000 2.3747903457E-6
150000000 0.0004214910481
160000000 0.0024047895048
180000000 0.00116609008728
200000000 0.00080975910626
#Header 
#Target 56 145 0
#Product 56 127 0
#Datapoints 8
1000000 0
120000000 0
130000000 1.8148805277E-7
140000000 9.7667205333E-5
150000000 0.00078888199085
160000000 0.00058355405796
180000000 0.00030789194865
200000000 0.00024493796236
#Header 
#Target 56 145 0
#Product 56 128 0
#Datapoints 9
1000000 0
110000000 0
120000000 1.3063900493E-7
130000000 0.00028913500397
140000000 0.0029844997626
150000000 0.002986380177
160000000 0.0015095693916
180000000 0.00095636692647
200000000 0.00062375501994
#Header 
#Target 56 145 0
#Product 56 129 0
#Datapoints 10
1000000 0
100000000 0
110000000 1.1045886778E-9
120000000 6.0371494085E-6
130000000 8.5353004422E-5
140000000 9.9399099601E-5
150000000 6.4084902325E-5
160000000 4.7456299992E-5
180000000 3.7528005369E-5
200000000 3.283810218E-5
#Header 
#Target 56 145 0
#Product 56 130 0
#Datapoints 11
1000000 0
90000000 0
100000000 2.7957594194E-9
110000000 5.1616002091E-5
120000000 0.00109712006635
130000000 0.0026185801335
140000000 0.0020303293003
150000000 0.0011457600069
160000000 0.00083793997092
180000000 0.00072541098039
200000000 0.00059222002632
#Header 
#Target 56 145 0
#Product 56 131 0
#Datapoints 12
1000000 0
80000000 0
90000000 3.88701126E-11
100000000 1.3849199446E-6
110000000 5.9250702532E-5
120000000 0.00018587698255
130000000 0.00019277096263
140000000 0.000134710999068
150000000 0.00010952000968
160000000 0.000104419001616
180000000 9.7698196017E-5
200000000 7.7014494336E-5
#Header 
#Target 56 145 0
#Product 56 132 0
#Datapoints 13
1000000 0
75000000 0
80000000 2.967564215E-11
90000000 3.091130559E-6
100000000 0.00034349702634
110000000 0.002201760812
120000000 0.0030412604005
130000000 0.0021488492609
140000000 0.0013964895391
150000000 0.0011619500723
160000000 0.00109607005572
180000000 0.00090753301161
200000000 0.00078417308086
#Header 
#Target 56 145 0
#Product 56 133 0
#Datapoints 15
1000000 0
65000000 0
70000000 2.757921366E-14
75000000 8.033698408E-10
80000000 2.2115495325E-7
90000000 4.3555600935E-5
100000000 0.00047878504149
110000000 0.00092995406083
120000000 0.00084751399215
130000000 0.00068091195514
140000000 0.00064628904847
150000000 0.0006631349924
160000000 0.0006456499836
180000000 0.00055451101812
200000000 0.00057500197144
#Header 
#Target 56 145 0
#Product 56 134 0
#Datapoints 16
1000000 0
60000000 0
65000000 3.013728351E-10
70000000 2.7422399194E-7
75000000 1.35020998771E-5
80000000 0.00012175099937
90000000 0.001748860443
100000000 0.0048976801999
110000000 0.0055740702002
120000000 0.0055637008245
130000000 0.0057176603336
140000000 0.0058659996646
150000000 0.005980890045
160000000 0.0058078703088
180000000 0.0054203193492
200000000 0.0056701102536
#Header 
#Target 56 145 0
#Product 56 135 0
#Datapoints 18
1000000 0
50000000 0
55000000 1.870185283E-13
60000000 5.160230556E-9
65000000 1.18650001806E-6
70000000 1.8085897134E-5
75000000 8.9556412719E-5
80000000 0.00030827394675
90000000 0.0012661800921
100000000 0.0020339698626
110000000 0.0026855193332
120000000 0.003028790604
130000000 0.0032585303486
140000000 0.0032693606979
150000000 0.0033132202265
160000000 0.0032611798716
180000000 0.0034904296602
200000000 0.0034410797486
#Header 
#Target 56 145 0
#Product 56 136 0
#Datapoints 19
1000000 0
45000000 0
50000000 1.1902788352E-9
55000000 1.67445991643E-6
60000000 5.191709091E-5
65000000 0.00032644600803
70000000 0.00116251004798
75000000 0.0031882991575
80000000 0.006557789854
90000000 0.013506899175
100000000 0.018824705525
110000000 0.020611094816
120000000 0.02128030681
130000000 0.021908997299
140000000 0.021733997292
150000000 0.021317897335
160000000 0.021472092408
180000000 0.020994104328
200000000 0.020070700156
#Header 
#Target 56 145 0
#Product 56 137 0
#Datapoints 21
1000000 0
35000000 0
40000000 5.967947034E-13
45000000 1.18538986394E-7
50000000 1.69734010992E-5
55000000 0.00019711706459
60000000 0.000907375047
65000000 0.0030365998587
70000000 0.0071820992904
75000000 0.0126098006695
80000000 0.017131697275
90000000 0.022222797795
100000000 0.024290191508
110000000 0.025537894794
120000000 0.025175804815
130000000 0.024009496253
140000000 0.023268202341
150000000 0.023212505585
160000000 0.022770505008
180000000 0.022026294486
200000000 0.020600804822
#Header 
#Target 56 145 0
#Product 56 138 0
#Datapoints 22
1000000 0
30000000 0
35000000 3.4826496208E-8
40000000 3.3591005868E-5
45000000 0.00061464000992
50000000 0.0030029090728
55000000 0.0105481001577
60000000 0.02690509379
65000000 0.0494858958
70000000 0.070169294088
75000000 0.085846397707
80000000 0.095935500045
90000000 0.10232800974
100000000 0.102755999196
110000000 0.099973897292
120000000 0.097618694635
130000000 0.095645795148
140000000 0.093693301955
150000000 0.09075000226
160000000 0.088245402888
180000000 0.083336098872
200000000 0.080428498644
#Header 
#Target 56 145 0
#Product 56 139 0
#Datapoints 25
1000000 0
24000000 0
26000000 2.021833004E-13
28000000 1.8819106572E-9
30000000 4.3425596078E-7
35000000 0.00019862399543
40000000 0.0017866402346
45000000 0.0063925000396
50000000 0.020175395968
55000000 0.043501897992
60000000 0.06705409923
65000000 0.082022996061
70000000 0.092121595556
75000000 0.097825395533
80000000 0.099208298805
90000000 0.10004900103
100000000 0.096723002004
110000000 0.092201210567
120000000 0.09025590322
130000000 0.08611488975
140000000 0.083951694193
150000000 0.08012319439
160000000 0.078659600664
180000000 0.073684604892
200000000 0.069551693848
#Header 
#Target 56 145 0
#Product 56 140 0
#Datapoints 29
1000000 0
18000000 0
19000000 1.61451218E-15
20000000 2.61341808E-12
22000000 1.962670309E-8
24000000 2.952480013E-6
26000000 6.1803510552E-5
28000000 0.00038668707448
30000000 0.00119616005524
35000000 0.005164370085
40000000 0.0156699999028
45000000 0.042248194048
50000000 0.074486196148
55000000 0.098784890775
60000000 0.11156699021
65000000 0.118783989663
70000000 0.121873005866
75000000 0.12188600569
80000000 0.121312002735
90000000 0.11745099828
100000000 0.111886001936
110000000 0.106961987928
120000000 0.10114100059
130000000 0.09723949527
140000000 0.092065600297
150000000 0.08888249298
160000000 0.084952111056
180000000 0.079123695654
200000000 0.072741702046
#Header 
#Target 56 145 0
#Product 56 141 0
#Datapoints 33
1000000 0
14000000 0
15000000 6.060469324E-12
16000000 2.1898296E-9
17000000 1.4626104212E-7
18000000 2.7257399715E-6
19000000 2.245750795E-5
20000000 0.00010947299979
22000000 0.00077934795495
24000000 0.0022970997665
26000000 0.0044127702676
28000000 0.0068219695516
30000000 0.0097874695774
35000000 0.028366000425
40000000 0.065339105272
45000000 0.099020202284
50000000 0.117711987484
55000000 0.125889997201
60000000 0.13033599558
65000000 0.131893989366
70000000 0.130352988386
75000000 0.129157008372
80000000 0.12750299023
90000000 0.118770008445
100000000 0.112501990771
110000000 0.105839001079
120000000 0.098430297875
130000000 0.092846999723
140000000 0.088995695803
150000000 0.08472860021
160000000 0.081390902868
180000000 0.072936400977
200000000 0.06723250053
#Header 
#Target 56 145 0
#Product 56 142 0
#Datapoints 40
1000000 0
7000000 0
8000000 2.796179936E-14
9000000 1.1943166599E-10
10000000 2.8206397614E-8
11000000 1.1241504811782E-6
12000000 1.5400297893E-5
13000000 0.000100513962336
14000000 0.00038489696652
15000000 0.00098892894776
16000000 0.0019283496
17000000 0.0031223706324
18000000 0.0044981002885
19000000 0.0059451594066
20000000 0.007393340388
22000000 0.010469900169
24000000 0.0149010000475
26000000 0.023300294396
28000000 0.037212292516
30000000 0.055893095806
35000000 0.106529004981
40000000 0.141674995798
45000000 0.159204998838
50000000 0.163817003896
55000000 0.164729012163
60000000 0.16341499904
65000000 0.163039985745
70000000 0.158942007198
75000000 0.154687993867
80000000 0.14921099578
90000000 0.137586998835
100000000 0.126261995572
110000000 0.116342995089
120000000 0.10854199874
130000000 0.101455002066
140000000 0.09476919789
150000000 0.08960510489
160000000 0.084711995688
180000000 0.077104198335
200000000 0.069452001632
#Header 
#Target 56 145 0
#Product 56 143 0
#Datapoints 43
1000000 0
4000000 0
5000000 5.614406835E-14
6000000 1.13373011672E-10
7000000 5.9006400792E-8
8000000 1.88918001888E-6
9000000 2.18351999439E-5
10000000 0.000122722010904
11000000 0.00040935804745014
12000000 0.00088878235785
13000000 0.00150830029248
14000000 0.0023524904018
15000000 0.0032832497021
16000000 0.0045015804
17000000 0.006385540312
18000000 0.0090748599305
19000000 0.0132391992828
20000000 0.01853549439
22000000 0.03416130433
24000000 0.054242091505
26000000 0.074237387436
28000000 0.092018501344
30000000 0.106621996656
35000000 0.131891008774
40000000 0.143423001364
45000000 0.14812198851
50000000 0.146878013828
55000000 0.148099999839
60000000 0.14493099072
65000000 0.141897002265
70000000 0.136557998416
75000000 0.131282995072
80000000 0.125660012555
90000000 0.11413399239
100000000 0.104293990011
110000000 0.095990500362
120000000 0.088513696145
130000000 0.081822002218
140000000 0.076802808143
150000000 0.07157520227
160000000 0.067840892676
180000000 0.060583692249
200000000 0.054360190742
#Header 
#Target 56 145 0
#Product 56 144 0
#Datapoints 43
1000000 0
4000000 0
5000000 2.566366749E-12
6000000 8.4978613158E-10
7000000 7.4501603124E-8
8000000 2.3701800496E-6
9000000 3.26765002851E-5
10000000 0.000236317021626
11000000 0.0010616998252986
12000000 0.00330664990635
13000000 0.00769830037296
14000000 0.014446901051
15000000 0.023269697685
16000000 0.0332313
17000000 0.043564201432
18000000 0.053899793675
19000000 0.063504701172
20000000 0.07787390436
22000000 0.097070400025
24000000 0.11345199481
26000000 0.125508002992
28000000 0.13439400912
30000000 0.141037990686
35000000 0.146188996086
40000000 0.14920699748
45000000 0.150697010654
50000000 0.148268004612
55000000 0.148205995247
60000000 0.140324999935
65000000 0.136862002977
70000000 0.129179002082
75000000 0.124584999476
80000000 0.11701600449
90000000 0.10573499871
100000000 0.095753509296
110000000 0.086949695725
120000000 0.07990000277
130000000 0.074257501032
140000000 0.068562597903
150000000 0.064689403115
160000000 0.060209406924
180000000 0.053611994286
200000000 0.048590198852
#Header 
#Target 56 145 0
#Product 56 145 0
#Datapoints 45
1000000 0
2000000 0
3000000 6.647121E-12
4000000 1.40695996683E-8
5000000 2.10690016086E-6
6000000 7.2436987258E-5
7000000 0.0009148049356
8000000 0.0050293300992
9000000 0.0137535027147
10000000 0.0234239969358
11000000 0.031367302267923
12000000 0.0380479980222
13000000 0.044264897664
14000000 0.050346104688
15000000 0.056104305382
16000000 0.061140204
17000000 0.06496529982
18000000 0.06749440425
19000000 0.069008096666
20000000 0.06983699373
22000000 0.06940679271
24000000 0.06856840214
26000000 0.066924701112
28000000 0.065328304664
30000000 0.063957003276
35000000 0.06065609781
40000000 0.05790318839
45000000 0.05536440353
50000000 0.057179999968
55000000 0.053543505802
60000000 0.05349590428
65000000 0.04955999427
70000000 0.048417795796
75000000 0.044187295806
80000000 0.042507505425
90000000 0.036317395125
100000000 0.030431403561
110000000 0.025195296066
120000000 0.020615704305
130000000 0.016760605558
140000000 0.0136021003206
150000000 0.011006900261
160000000 0.00896938977
180000000 0.0060750607905
200000000 0.0044015501582
#Header 
#Target 56 145 0
#Product 57 126 0
#Datapoints 6
1000000 0
140000000 0
150000000 4.170880795E-6
160000000 0.00054193693572
180000000 0.00030541302417
200000000 0.00015980893162
#Header 
#Target 56 145 0
#Product 57 127 0
#Datapoints 7
1000000 0
130000000 0
140000000 4.5622207929E-5
150000000 0.0015856404215
160000000 0.00112220001972
180000000 0.00052023801321
200000000 0.00050815797734
#Header 
#Target 56 145 0
#Product 57 128 0
#Datapoints 8
1000000 0
120000000 0
130000000 4.9328996067E-5
140000000 0.0040258502434
150000000 0.003829949554
160000000 0.0017776097268
180000000 0.00130123000668
200000000 0.00068150099654
#Header 
#Target 56 145 0
#Product 57 129 0
#Datapoints 9
1000000 0
110000000 0
120000000 4.785040694E-5
130000000 0.0013955300816
140000000 0.00135201008749
150000000 0.0008497759417
160000000 0.00062328898728
180000000 0.00041725495977
200000000 0.000377978029
#Header 
#Target 56 145 0
#Product 57 130 0
#Datapoints 10
1000000 0
100000000 0
110000000 1.42081995687E-5
120000000 0.0063407705585
130000000 0.0115319003736
140000000 0.0075931409231
150000000 0.004287269916
160000000 0.0027453401532
180000000 0.0027087805881
200000000 0.0020051394844
#Header 
#Target 56 145 0
#Product 57 131 0
#Datapoints 11
1000000 0
90000000 0
100000000 2.9380207661E-5
110000000 0.0078783300994
120000000 0.01870080107
130000000 0.0139836001771
140000000 0.0078081596009
150000000 0.0050279300675
160000000 0.0048733299228
180000000 0.0035716294815
200000000 0.0024587196062
#Header 
#Target 56 145 0
#Product 57 132 0
#Datapoints 11
1000000 0
90000000 0
100000000 0.0019788605811
110000000 0.0076854196053
120000000 0.006872800417
130000000 0.0041330493551
140000000 0.0025844707089
150000000 0.002245110094
160000000 0.0019136499468
180000000 0.0010995700809
200000000 0.00093559497018
#Header 
#Target 56 145 0
#Product 57 133 0
#Datapoints 12
1000000 0
80000000 0
90000000 0.0058091796675
100000000 0.032567305034
110000000 0.030131403251
120000000 0.017657996265
130000000 0.0108353008239
140000000 0.0091843903883
150000000 0.0073667894985
160000000 0.0056953996128
180000000 0.0045144601131
200000000 0.0032505799118
#Header 
#Target 56 145 0
#Product 57 134 0
#Datapoints 14
1000000 0
70000000 0
75000000 7.2589404711E-5
80000000 0.003365279918
90000000 0.04137969528
100000000 0.046870103735
110000000 0.028114296257
120000000 0.01656849593
130000000 0.0125499997294
140000000 0.0087955596187
150000000 0.0066845995365
160000000 0.005824320462
180000000 0.0040457699778
200000000 0.0032970099656
#Header 
#Target 56 145 0
#Product 57 135 0
#Datapoints 16
1000000 0
60000000 0
65000000 1.46389993524E-5
70000000 0.0021404597308
75000000 0.018637806056
80000000 0.05135160415
90000000 0.073284789105
100000000 0.04201329457
110000000 0.024584600099
120000000 0.018179606235
130000000 0.0132748002272
140000000 0.0107290008613
150000000 0.0090087005355
160000000 0.0071725107108
180000000 0.0052445696214
200000000 0.0040381497156
#Header 
#Target 56 145 0
#Product 57 136 0
#Datapoints 17
1000000 0
55000000 0
60000000 0.00065334393895
65000000 0.0155150000463
70000000 0.064285295938
75000000 0.107193002401
80000000 0.1107039934
90000000 0.06169889979
100000000 0.032997592562
110000000 0.02249129674
120000000 0.016550902795
130000000 0.0131613989273
140000000 0.0102931990115
150000000 0.0083643099525
160000000 0.006934540722
180000000 0.0051246695976
200000000 0.0040299994488
#Header 
#Target 56 145 0
#Product 57 137 0
#Datapoints 19
1000000 0
45000000 0
50000000 0.0002899840216
55000000 0.0160022992255
60000000 0.08410649524
65000000 0.162630001716
70000000 0.17163093682
75000000 0.12990900207
80000000 0.086953298355
90000000 0.04466079387
100000000 0.029992503105
110000000 0.021903803041
120000000 0.01678010026
130000000 0.0130150995674
140000000 0.010692500239
150000000 0.0087861696885
160000000 0.0076753595652
180000000 0.0059166202479
200000000 0.0045467694376
#Header 
#Target 56 145 0
#Product 57 138 0
#Datapoints 21
1000000 0
35000000 0
40000000 1.19550990174E-5
45000000 0.0125842994192
50000000 0.120486990624
55000000 0.25633200244
60000000 0.271850034
65000000 0.19163894211
70000000 0.121999995824
75000000 0.079667098007
80000000 0.0577450027
90000000 0.037380097755
100000000 0.026178202147
110000000 0.019792104433
120000000 0.01539729989
130000000 0.0124483995541
140000000 0.0105833000187
150000000 0.0090331496465
160000000 0.0078894406488
180000000 0.0061722289818
200000000 0.0050873596904
#Header 
#Target 56 145 0
#Product 57 139 0
#Datapoints 23
1000000 0
28000000 0
30000000 2.84739036E-7
35000000 0.0154440997494
40000000 0.18638701084
45000000 0.3991750389
50000000 0.39303098016
55000000 0.25114693615
60000000 0.14713298202
65000000 0.096154300422
70000000 0.07053089592
75000000 0.056498601214
80000000 0.046476896235
90000000 0.03296029275
100000000 0.025474304625
110000000 0.020158007706
120000000 0.016758699335
130000000 0.014362294807
140000000 0.012234799933
150000000 0.010942100156
160000000 0.0096896496276
180000000 0.0079956901446
200000000 0.0067706103426
#Header 
#Target 56 145 0
#Product 57 140 0
#Datapoints 25
1000000 0
24000000 0
26000000 0.0004003290066
28000000 0.013356900298
30000000 0.08425740726
35000000 0.44551306051
40000000 0.47808690882
45000000 0.27925699648
50000000 0.152843008864
55000000 0.097690999866
60000000 0.07104429222
65000000 0.056088201501
70000000 0.045922798446
75000000 0.038414705212
80000000 0.032857598235
90000000 0.02503880478
100000000 0.020235506122
110000000 0.017048494686
120000000 0.01464410185
130000000 0.0128464998217
140000000 0.0115370996494
150000000 0.010180400779
160000000 0.0093591399468
180000000 0.0078780600048
200000000 0.006519979908
#Header 
#Target 56 145 0
#Product 57 141 0
#Datapoints 30
1000000 0
17000000 0
18000000 8.506109248E-6
19000000 0.00096737401404
20000000 0.008924059305
22000000 0.09822399965
24000000 0.28787602795
26000000 0.5046059842
28000000 0.6568399516
30000000 0.69123203668
35000000 0.40969600798
40000000 0.19135408026
45000000 0.117942009418
50000000 0.087179305668
55000000 0.069294904612
60000000 0.057448292905
65000000 0.047791895856
70000000 0.041357095588
75000000 0.036189500459
80000000 0.032020898525
90000000 0.02614140441
100000000 0.021865203686
110000000 0.018686402397
120000000 0.01613629745
130000000 0.0140426001765
140000000 0.0124688002074
150000000 0.01140279902
160000000 0.0101540999676
180000000 0.0085386200034
200000000 0.0074317095944
#Header 
#Target 56 145 0
#Product 57 142 0
#Datapoints 35
1000000 0
12000000 0
13000000 0.000266654995968
14000000 0.012904498541
15000000 0.075256500817
16000000 0.20280696
17000000 0.36907604672
18000000 0.5364060429
19000000 0.68717795876
20000000 0.7858159722
22000000 0.8330540239
24000000 0.71113199535
26000000 0.52668997212
28000000 0.37403902676
30000000 0.26966900636
35000000 0.155295000805
40000000 0.11298500105
45000000 0.090034900808
50000000 0.074136902112
55000000 0.062394698432
60000000 0.05363370027
65000000 0.047077992579
70000000 0.041311204224
75000000 0.036664603214
80000000 0.03278020438
90000000 0.02656910025
100000000 0.022072302736
110000000 0.01867709519
120000000 0.016081800245
130000000 0.014181805365
140000000 0.0125440001513
150000000 0.0112483990225
160000000 0.0103099000464
180000000 0.0086457598479
200000000 0.0073271106116
#Header 
#Target 56 145 0
#Product 57 143 0
#Datapoints 41
1000000 0
6000000 0
7000000 0.0031884996648
8000000 0.049398212512
9000000 0.176307005448
10000000 0.342646000071
11000000 0.49663806021351
12000000 0.624497964459
13000000 0.729849936336
14000000 0.80526298017
15000000 0.81400903193
16000000 0.73333308
17000000 0.61249204988
18000000 0.4863880203
19000000 0.38304502926
20000000 0.3009640536
22000000 0.2054520643
24000000 0.16016706475
26000000 0.137644993764
28000000 0.122895008432
30000000 0.11266999712
35000000 0.092111697034
40000000 0.077562790474
45000000 0.065810090374
50000000 0.056378507276
55000000 0.048888806241
60000000 0.042541591655
65000000 0.037802299896
70000000 0.033389593736
75000000 0.029392206705
80000000 0.026156802595
90000000 0.021026900565
100000000 0.017372500071
110000000 0.014650493533
120000000 0.0125652990225
130000000 0.0109689991021
140000000 0.0098025099338
150000000 0.008805489644
160000000 0.0080025298932
180000000 0.006664630167
200000000 0.0057060196908
#Header 
#Target 56 145 0
#Product 57 144 0
#Datapoints 46
1000000 0
1000000 0
2000000 2.57372007984E-11
3000000 1.11025998E-5
4000000 0.000547185002445
5000000 0.00608017007265
6000000 0.0320176018316
7000000 0.101016995848
8000000 0.183970010752
9000000 0.212433005421
10000000 0.190488999259
11000000 0.15998500674972
12000000 0.138049985064
13000000 0.122962036128
14000000 0.11334096576
15000000 0.107704001554
16000000 0.103266996
17000000 0.099802796904
18000000 0.096535002655
19000000 0.09301091171
20000000 0.09034950603
22000000 0.08430649474
24000000 0.079013298665
26000000 0.073156605612
28000000 0.068021396772
30000000 0.063316200722
35000000 0.053827005575
40000000 0.045744103058
45000000 0.039321696378
50000000 0.03394748994
55000000 0.029421299241
60000000 0.02553690713
65000000 0.02254689369
70000000 0.019634998992
75000000 0.017404701728
80000000 0.0153093995285
90000000 0.012236600178
100000000 0.0100182004729
110000000 0.0084261797721
120000000 0.0072801494885
130000000 0.0063432492802
140000000 0.005621350435
150000000 0.0050760996465
160000000 0.004563330714
180000000 0.0038750496267
200000000 0.0032682401206
#Header 
#Target 56 145 0
#Product 57 145 0
#Datapoints 46
1000000 0
1000000 0
2000000 1.78917996192E-9
3000000 6.1704396E-6
4000000 9.7940175957E-5
5000000 0.000567920020584
6000000 0.00204230013438
7000000 0.0054422498688
8000000 0.0106358004544
9000000 0.0159548022144
10000000 0.0198235006537
11000000 0.022754904463827
12000000 0.0242241980055
13000000 0.025362203352
14000000 0.026134794807
15000000 0.026583795815
16000000 0.026575296
17000000 0.026028301696
18000000 0.02560339327
19000000 0.025049195398
20000000 0.02406660837
22000000 0.022583895295
24000000 0.02102349928
26000000 0.019628004832
28000000 0.01841000434
30000000 0.017106303328
35000000 0.0144710997585
40000000 0.012199501001
45000000 0.0105929997526
50000000 0.0089481289716
55000000 0.0078291502068
60000000 0.006627090123
65000000 0.0059780995296
70000000 0.0050966799248
75000000 0.0045532595197
80000000 0.003911339894
90000000 0.003131389701
100000000 0.0026004508099
110000000 0.0022032292175
120000000 0.0018686299975
130000000 0.0016519704593
140000000 0.001468119537
150000000 0.00132079001635
160000000 0.00119665006836
180000000 0.000988969983
200000000 0.00057924395048
#Header 
#Target 56 145 0
#Product 57 146 0
#Datapoints 46
1000000 0
1000000 0
2000000 5.0887806944E-13
3000000 7.1479296E-10
4000000 4.9166902053E-8
5000000 1.0305100458E-6
6000000 9.3540913132E-6
7000000 4.0280398344E-5
8000000 9.6687200192E-5
9000000 0.000141399992664
10000000 0.000164877989828
11000000 0.00016474801877775
12000000 0.000158260982754
13000000 0.000147307992864
14000000 0.00013708398605
15000000 0.00013011093797
16000000 0.00012489996
17000000 0.000119684997388
18000000 0.000116071994675
19000000 0.000111924004764
20000000 0.00010922899785
22000000 0.00010247199628
24000000 9.7704790435E-5
26000000 9.4322896676E-5
28000000 9.0892395832E-5
30000000 8.6999610858E-5
35000000 7.6293410487E-5
40000000 7.0370808878E-5
45000000 6.7383105444E-5
50000000 6.1094190612E-5
55000000 5.8492403615E-5
60000000 5.312920696E-5
65000000 5.0992108107E-5
70000000 4.543310084E-5
75000000 4.4986503391E-5
80000000 3.327979963E-5
90000000 2.95293042E-5
100000000 2.8942503445E-5
110000000 2.5796202663E-5
120000000 2.1735394975E-5
130000000 1.9329606628E-5
140000000 1.8421004382E-5
150000000 1.734819842E-5
160000000 1.6429993104E-5
180000000 1.3603401615E-5
200000000 8.5344905126E-6
