#Header 
#Target 99 254 0
#Product 0 1 0
#Datapoints 45
1000000 0
2000000 1.0849096917E-18
3000000 2.00518081864E-13
4000000 2.35698866612E-10
5000000 4.812863584136E-7
6000000 1.37714142402E-5
7000000 0.0001858692479361
8000000 0.00148156591605
9000000 0.0065398199975
10000000 0.020568756675
11000000 0.049742614656
12000000 0.0939223140793
13000000 0.14840464408
14000000 0.21758092345
15000000 0.28851527288
16000000 0.3480406116
17000000 0.39379764448
18000000 0.428286691712
19000000 0.45502857036
20000000 0.4773759012
22000000 0.530262747
24000000 0.59045831145
26000000 0.6049758915
28000000 0.622281546007
30000000 0.6402942753
35000000 0.6785446752
40000000 0.71851286152
45000000 0.7729917131
50000000 0.8466682986
55000000 0.921683984177
60000000 0.9939617622
65000000 1.061928391855
70000000 1.1289474515
75000000 1.204032284625
80000000 1.276328193
90000000 1.3919577025
100000000 1.482415803
110000000 1.554685116
120000000 1.6199260225
130000000 1.6845857957
140000000 1.757594428161
150000000 1.841644221
160000000 1.9099424354
180000000 1.995716500505
200000000 2.08061348
#Header 
#Target 99 254 0
#Product 1 1 0
#Datapoints 44
1000000 0
3000000 0
4000000 8.02055424488E-20
5000000 1.167375903736E-15
6000000 1.093312469073E-12
7000000 1.847387843079E-10
8000000 9.71447674725E-9
9000000 2.21202712E-7
10000000 2.7050710425E-6
11000000 1.99780708656E-5
12000000 9.6463259116E-5
13000000 0.0003354266125
14000000 0.0009185911988
15000000 0.00206783604548
16000000 0.0038918321552
17000000 0.006270744704
18000000 0.00899235715704
19000000 0.0119907660411
20000000 0.015352507456
22000000 0.023785232155
24000000 0.0339549014385
26000000 0.0423867630375
28000000 0.05265621550794
30000000 0.0641644254
35000000 0.09730130496
40000000 0.13628186416
45000000 0.17903851613
50000000 0.2251664008
55000000 0.2708572093053
60000000 0.31408308558
65000000 0.3540623048581
70000000 0.39042940121
75000000 0.425545479181
80000000 0.45569148176
90000000 0.503042627
100000000 0.5389397766
110000000 0.56496517
120000000 0.5844534111
130000000 0.59797116752
140000000 0.607828523709
150000000 0.6145815639
160000000 0.61961280924
180000000 0.6275329174452
200000000 0.630418206
#Header 
#Target 99 254 0
#Product 1 2 0
#Datapoints 41
1000000 0
6000000 0
7000000 1.374087475797E-17
8000000 3.39709447275E-14
9000000 2.3939208745E-11
10000000 2.1932159775E-9
11000000 6.581730156E-8
12000000 9.35141196066E-7
13000000 7.8168027966E-6
14000000 4.367173503E-5
15000000 0.00017268489126
16000000 0.00049353672272
17000000 0.00106872652288
18000000 0.001891027130266
19000000 0.0029114740935
20000000 0.0040682635312
22000000 0.0067076404625
24000000 0.010297748916
26000000 0.012270782151
28000000 0.01442312989802
30000000 0.016457733417
35000000 0.021165613104
40000000 0.025764101536
45000000 0.029523680386
50000000 0.035002408266
55000000 0.03853993454084
60000000 0.04300857099
65000000 0.04593842842349
70000000 0.048166439231
75000000 0.05241969756514
80000000 0.054648410868
90000000 0.055365776325
100000000 0.05633696061
110000000 0.05554768048
120000000 0.05478410207
130000000 0.054265676251
140000000 0.05418741793344
150000000 0.05405617704
160000000 0.053842191968
180000000 0.05413976915646
200000000 0.05487427616
#Header 
#Target 99 254 0
#Product 1 3 0
#Datapoints 41
1000000 0
6000000 0
7000000 6.18965910171E-18
8000000 8.56651632045E-15
9000000 3.206581284E-12
10000000 2.6261297925E-10
11000000 7.7706878616E-9
12000000 1.159412154964E-7
13000000 1.04955214756E-6
14000000 6.4140479205E-6
15000000 2.7262129662E-5
16000000 8.1725225496E-5
17000000 0.00018463667104
18000000 0.0003411404071699
19000000 0.00054849482667
20000000 0.0007992473764
22000000 0.0014200855365
24000000 0.00219256978395
26000000 0.00275568455565
28000000 0.003365476904218
30000000 0.003978891138
35000000 0.0054674371248
40000000 0.006887650784
45000000 0.008294956287
50000000 0.009716016434
55000000 0.01116124231167
60000000 0.012581264124
65000000 0.01404545992986
70000000 0.015542573686
75000000 0.01725685700152
80000000 0.019075851436
90000000 0.022771007525
100000000 0.02667014289
110000000 0.02881416644
120000000 0.0305930277
130000000 0.032070669354
140000000 0.03353804794362
150000000 0.03478685724
160000000 0.035948119296
180000000 0.03814867183036
200000000 0.040016251
#Header 
#Target 99 254 0
#Product 2 3 0
#Datapoints 37
1000000 0
10000000 0
11000000 8.821885332E-20
12000000 1.341377733822E-17
13000000 8.3940238284E-16
14000000 2.074955553E-14
15000000 3.7931407862E-13
16000000 4.5440716656E-12
17000000 3.9027043712E-11
18000000 2.57044402378E-10
19000000 1.3660323957E-9
20000000 6.088864188E-9
22000000 8.1891937175E-8
24000000 7.3783774575E-7
26000000 4.5339251229E-6
28000000 2.144418642725E-5
30000000 7.121355381E-5
35000000 0.00041912683248
40000000 0.0010375234616
45000000 0.0018009815679
50000000 0.0026517501088
55000000 0.003472809377014
60000000 0.0042974323722
65000000 0.005036701966141
70000000 0.0057549161993
75000000 0.006465990989374
80000000 0.007177411951
90000000 0.0084240535525
100000000 0.0095003478
110000000 0.0101794566
120000000 0.0108535004
130000000 0.01152938895
140000000 0.01216884330585
150000000 0.01277827695
160000000 0.013362070876
180000000 0.01450799853347
200000000 0.0155360436
#Header 
#Target 99 254 0
#Product 2 4 0
#Datapoints 45
1000000 0
2000000 3.6771601953E-17
3000000 6.59467237394E-12
4000000 7.3482431916E-9
5000000 1.705873378232E-7
6000000 9.72302609493E-7
7000000 9.76086709017E-6
8000000 9.6572330085E-5
9000000 0.00041598744495
10000000 0.001364560905
11000000 0.00354154615464
12000000 0.006933344823258
13000000 0.0104773331208
14000000 0.0121748821205
15000000 0.012489052278
16000000 0.0130488223216
17000000 0.0139588106304
18000000 0.01560259291411
19000000 0.0173277215307
20000000 0.019351327468
22000000 0.031278907835
24000000 0.050735829144
26000000 0.0425383683885
28000000 0.04207016976401
30000000 0.041603544039
35000000 0.039345597312
40000000 0.040834797584
45000000 0.043414738951
50000000 0.045604657394
55000000 0.04838686565711
60000000 0.050623112034
65000000 0.05342852864239
70000000 0.057810430276
75000000 0.06399817285575
80000000 0.071475092264
90000000 0.08166269385
100000000 0.0824325336
110000000 0.0827284774
120000000 0.0817410175
130000000 0.07624403576
140000000 0.07216138410921
150000000 0.0713585829
160000000 0.06908532642
180000000 0.06000237750182
200000000 0.05174616502
#Header 
#Target 99 254 0
#Product 92 227 0
#Datapoints 11
1000000 0
90000000 0
100000000 3.142634256E-16
110000000 7.263067288E-14
120000000 5.1999376425E-11
130000000 5.59662363636E-9
140000000 1.0105148288037E-7
150000000 4.0313384928E-7
160000000 6.9651467114E-7
180000000 7.851513548723E-7
200000000 6.222607776E-7
#Header 
#Target 99 254 0
#Product 92 228 0
#Datapoints 12
1000000 0
80000000 0
90000000 3.8856313675E-14
100000000 5.562855072E-13
110000000 4.503292568E-12
120000000 7.34302198E-10
130000000 3.18922780554E-8
140000000 2.7987141716292E-7
150000000 8.529647847E-7
160000000 1.26880162464E-6
180000000 1.3448043528413E-6
200000000 1.0409185776E-6
#Header 
#Target 99 254 0
#Product 92 231 0
#Datapoints 11
1000000 0
90000000 0
100000000 2.236587597E-12
110000000 1.266086823E-9
120000000 4.7888289187E-8
130000000 2.96053378676E-7
140000000 5.6891343220371E-7
150000000 6.6079276998E-7
160000000 6.29035316102E-7
180000000 4.616449987526E-7
200000000 3.7446264944E-7
#Header 
#Target 99 254 0
#Product 92 233 0
#Datapoints 15
1000000 0
65000000 0
70000000 4.1782656764E-15
75000000 6.064906258928E-13
80000000 3.9246947014E-11
90000000 1.14511520175E-8
100000000 1.8694713789E-7
110000000 3.9602152382E-7
120000000 7.8842794709E-7
130000000 6.62653972344E-7
140000000 5.6529265290102E-7
150000000 5.6779083207E-7
160000000 4.82374744276E-7
180000000 3.2372492279075E-7
200000000 3.9631305208E-7
#Header 
#Target 99 254 0
#Product 93 228 0
#Datapoints 11
1000000 0
90000000 0
100000000 9.08210844E-13
110000000 2.495561378E-10
120000000 3.6179941305E-9
130000000 2.21497729944E-8
140000000 2.8562428863573E-7
150000000 2.0646542364E-6
160000000 4.51208860004E-6
180000000 4.6469727104749E-6
200000000 2.8490888184E-6
#Header 
#Target 99 254 0
#Product 93 229 0
#Datapoints 12
1000000 0
80000000 0
90000000 8.547277125E-14
100000000 5.285185893E-11
110000000 1.141391144E-9
120000000 5.53870734365E-9
130000000 3.19973032853E-8
140000000 4.7647255332501E-7
150000000 2.3250140661E-6
160000000 4.01209535466E-6
180000000 3.5071446238946E-6
200000000 2.2884761636E-6
#Header 
#Target 99 254 0
#Product 93 230 0
#Datapoints 14
1000000 0
70000000 0
75000000 3.0622889824E-16
80000000 1.8655625852E-13
90000000 3.3311907475E-10
100000000 2.4092199666E-8
110000000 1.8958481652E-7
120000000 5.3499065322E-7
130000000 8.8580443848E-7
140000000 1.1676812990898E-6
150000000 1.7748459918E-6
160000000 2.26761844284E-6
180000000 1.8029754612935E-6
200000000 1.3869907436E-6
#Header 
#Target 99 254 0
#Product 93 235 0
#Datapoints 19
1000000 0
45000000 0
50000000 1.0485663114E-13
55000000 1.266009836089E-12
60000000 4.558711212E-15
65000000 3.490524345503E-11
70000000 1.8371631814E-14
75000000 2.843394347925E-10
80000000 4.083019506E-10
90000000 9.8943056575E-9
100000000 4.4400623148E-7
110000000 5.1389163E-7
120000000 1.46964344325E-6
130000000 1.98275247671E-6
140000000 5.420895050637E-7
150000000 6.9337672047E-7
160000000 6.12713727114E-7
180000000 7.2896330377E-7
200000000 6.74499155E-7
#Header 
#Target 99 254 0
#Product 93 236 0
#Datapoints 15
1000000 0
65000000 0
70000000 1.2485405856E-15
75000000 4.2893510396E-15
80000000 8.930507116E-14
90000000 9.5063421E-11
100000000 1.2124265103E-8
110000000 2.078484029E-7
120000000 6.60068948755E-7
130000000 7.23787919269E-7
140000000 5.0912695738839E-7
150000000 4.1044402608E-7
160000000 4.56480535882E-7
180000000 7.179712350174E-7
200000000 1.0441148806E-6
#Header 
#Target 99 254 0
#Product 93 237 0
#Datapoints 16
1000000 0
60000000 0
65000000 1.068537044304E-12
70000000 5.1581239692E-15
75000000 6.200294490866E-14
80000000 2.93137934266E-9
90000000 5.3777894975E-10
100000000 1.4219170722E-7
110000000 3.344841386E-7
120000000 2.55563982595E-7
130000000 2.51172480294E-7
140000000 2.3204926295562E-7
150000000 1.6580859084E-7
160000000 2.37216991224E-7
180000000 5.8125652688532E-7
200000000 8.265578618E-7
#Header 
#Target 99 254 0
#Product 93 238 0
#Datapoints 15
1000000 0
65000000 0
70000000 7.9148821671E-15
75000000 2.463005110193E-13
80000000 6.9808280684E-12
90000000 1.5372566135E-9
100000000 3.1675469958E-8
110000000 1.0529117696E-7
120000000 9.451205392E-8
130000000 6.47850267403E-8
140000000 7.478159692575E-8
150000000 1.1914992708E-7
160000000 2.02148386254E-7
180000000 3.6870826133648E-7
200000000 5.8600379332E-7
#Header 
#Target 99 254 0
#Product 93 239 0
#Datapoints 21
1000000 0
35000000 0
40000000 4.4998792872E-16
45000000 2.0242904559E-15
50000000 5.4447539772E-14
55000000 2.579136967349E-13
60000000 5.7461352696E-12
65000000 9.88086185786E-11
70000000 3.6052267247E-10
75000000 3.1984302655422E-9
80000000 1.62433597704E-8
90000000 1.68396327025E-8
100000000 3.31120305E-8
110000000 5.5192395556E-8
120000000 2.9890932016E-8
130000000 4.73138698788E-8
140000000 1.0085423569353E-7
150000000 1.5602690508E-7
160000000 2.13897637548E-7
180000000 3.3595866912348E-7
200000000 4.8345908028E-7
#Header 
#Target 99 254 0
#Product 94 236 0
#Datapoints 20
1000000 0
40000000 0
45000000 9.568063019E-13
50000000 1.2267484672E-10
55000000 3.023406290278E-10
60000000 1.4937284934E-9
65000000 2.7706762157481E-9
70000000 4.13580491332E-9
75000000 1.637099332247E-8
80000000 2.70845734E-8
90000000 1.255716191E-7
100000000 3.7537372962E-7
110000000 9.171528896E-7
120000000 1.22398422795E-6
130000000 9.4516003334E-7
140000000 7.1182328148987E-7
150000000 6.2694314943E-7
160000000 5.9008953422E-7
180000000 6.904093018186E-7
200000000 8.052709104E-7
#Header 
#Target 99 254 0
#Product 94 237 0
#Datapoints 21
1000000 0
35000000 0
40000000 1.93539385096E-9
45000000 1.23689132088E-8
50000000 3.75704003138E-8
55000000 4.633378301436E-8
60000000 1.26263418732E-7
65000000 1.967384363776E-7
70000000 7.87426690574E-7
75000000 5.7337470729005E-7
80000000 1.59785070668E-6
90000000 2.9405303925E-6
100000000 6.0460140411E-6
110000000 8.218872108E-6
120000000 7.3772338947E-6
130000000 6.42921996388E-6
140000000 5.4091601658402E-6
150000000 5.0149875747E-6
160000000 5.27368103096E-6
180000000 6.0512040214054E-6
200000000 7.332581124E-6
#Header 
#Target 99 254 0
#Product 94 238 0
#Datapoints 23
1000000 0
28000000 0
30000000 6.525436212E-13
35000000 2.5526339136E-10
40000000 9.8808076408E-10
45000000 1.52041132885E-9
50000000 3.9781011075E-9
55000000 1.1193558805091E-8
60000000 3.30890497344E-8
65000000 2.0814246468709E-7
70000000 1.04862456715E-6
75000000 2.9990076391644E-6
80000000 5.49738627406E-6
90000000 7.96549935675E-6
100000000 7.804203876E-6
110000000 7.3935851866E-6
120000000 7.58951322325E-6
130000000 7.50727915319E-6
140000000 8.166121723188E-6
150000000 9.034072731E-6
160000000 1.06711460162E-5
180000000 1.3415139426624E-5
200000000 1.6085240974E-5
#Header 
#Target 99 254 0
#Product 94 239 0
#Datapoints 26
1000000 0
22000000 0
24000000 4.27241316915E-16
26000000 2.67145165125E-15
28000000 5.479586844287E-15
30000000 5.4092402289E-15
35000000 9.516986736E-15
40000000 1.2110672648E-14
45000000 3.2234145842E-14
50000000 1.1150439332E-13
55000000 6.946862021375E-13
60000000 6.4488387942E-12
65000000 1.31193662569E-10
70000000 2.81826781014E-9
75000000 3.9002757765768E-8
80000000 2.51899731556E-7
90000000 1.4639630685E-6
100000000 1.458983196E-6
110000000 1.1777099236E-6
120000000 1.5789551647E-6
130000000 1.72484229312E-6
140000000 1.8726525925173E-6
150000000 2.3409217821E-6
160000000 2.86031234752E-6
180000000 4.4776727053123E-6
200000000 6.519739028E-6
#Header 
#Target 99 254 0
#Product 94 240 0
#Datapoints 32
1000000 0
15000000 0
16000000 5.8236057448E-16
17000000 9.7172312832E-14
18000000 5.61217590596E-13
19000000 9.6195305115E-14
20000000 1.0188897972E-12
22000000 1.49135757625E-12
24000000 2.7097089075E-13
26000000 2.31830716545E-12
28000000 2.270892734623E-13
30000000 1.5572159832E-12
35000000 1.0678131984E-12
40000000 2.9201779048E-12
45000000 1.336162272E-11
50000000 2.6455831724E-10
55000000 8.625205279017E-10
60000000 2.52803336346E-9
65000000 1.0879915406789E-8
70000000 2.51867158559E-8
75000000 9.769050654295E-8
80000000 2.3891902391E-7
90000000 4.07228902825E-7
100000000 3.0820124637E-7
110000000 6.231783482E-7
120000000 1.11207212285E-6
130000000 1.51522985107E-6
140000000 1.8487925909706E-6
150000000 2.3211378009E-6
160000000 3.06000791398E-6
180000000 4.4670334334249E-6
200000000 6.8929234E-6
#Header 
#Target 99 254 0
#Product 94 241 0
#Datapoints 26
1000000 0
22000000 0
24000000 1.54836192945E-15
26000000 2.0002886334E-15
28000000 6.32975914191E-15
30000000 2.0813809848E-14
35000000 2.6426997792E-14
40000000 4.5936091424E-14
45000000 2.9769750786E-13
50000000 4.7539757424E-12
55000000 6.724486318282E-11
60000000 5.9758266546E-10
65000000 3.271918239927E-9
70000000 1.04705020128E-8
75000000 2.0615608469868E-8
80000000 2.6543015705E-8
90000000 3.293971451E-8
100000000 1.1763380889E-7
110000000 3.8360057006E-7
120000000 7.11477055935E-7
130000000 9.8705205095E-7
140000000 1.2363584483349E-6
150000000 1.5140579865E-6
160000000 1.96585867322E-6
180000000 2.8773236771448E-6
200000000 4.188969895E-6
#Header 
#Target 99 254 0
#Product 94 242 0
#Datapoints 28
1000000 0
19000000 0
20000000 9.812839168E-16
22000000 7.897214375E-15
24000000 3.9815021043E-14
26000000 1.9433123127E-14
28000000 1.994661520543E-14
30000000 2.5678025727E-14
35000000 3.2644734624E-14
40000000 2.6822043192E-13
45000000 1.3424216878E-12
50000000 1.0367531298E-11
55000000 5.553049376575E-11
60000000 2.0547752346E-10
65000000 4.560631937385E-10
70000000 6.3701101084E-10
75000000 7.053514026266E-10
80000000 1.00837017216E-9
90000000 1.28512175675E-8
100000000 7.9257419595E-8
110000000 1.867090401E-7
120000000 3.090987785E-7
130000000 4.10116324033E-7
140000000 5.2657752771294E-7
150000000 7.316358408E-7
160000000 9.501603572E-7
180000000 1.5179619470847E-6
200000000 1.8717044566E-6
#Header 
#Target 99 254 0
#Product 94 243 0
#Datapoints 37
1000000 0
10000000 0
11000000 1.28911311984E-15
12000000 2.355526849347E-15
13000000 1.7641022644E-14
14000000 3.830016751E-14
15000000 8.8985278312E-14
16000000 1.70718486208E-13
17000000 2.5427045952E-13
18000000 1.259081707391E-12
19000000 2.50657373043E-12
20000000 4.671287368E-12
22000000 2.34516804425E-11
24000000 8.893272045E-11
26000000 3.24238283235E-11
28000000 1.83212990363E-11
30000000 1.0431229425E-11
35000000 2.1297944064E-11
40000000 1.0050481896E-11
45000000 2.394341889E-11
50000000 1.4377423044E-11
55000000 5.546892243047E-11
60000000 1.1279694096E-10
65000000 1.732481621253E-10
70000000 4.2558727574E-10
75000000 6.402777617506E-10
80000000 1.00284088816E-9
90000000 5.67542343E-9
100000000 1.8198427977E-8
110000000 3.1635049052E-8
120000000 4.57752147465E-8
130000000 6.63262017158E-8
140000000 1.0742115600711E-7
150000000 1.5989232411E-7
160000000 2.29233291182E-7
180000000 3.5773994843119E-7
200000000 4.75743345E-7
#Header 
#Target 99 254 0
#Product 95 234 0
#Datapoints 14
1000000 0
70000000 0
75000000 5.400718674264E-16
80000000 3.2759848334E-13
90000000 5.8674371575E-10
100000000 4.2555439017E-8
110000000 3.3674055612E-7
120000000 9.4182798415E-7
130000000 1.53993938456E-6
140000000 1.5524257531431E-6
150000000 1.2231084129E-6
160000000 1.01830953468E-6
180000000 9.510798323286E-7
200000000 9.59238258E-7
#Header 
#Target 99 254 0
#Product 95 235 0
#Datapoints 15
1000000 0
65000000 0
70000000 1.7377141075E-13
75000000 3.902075229098E-11
80000000 1.89174909586E-9
90000000 2.458561187E-7
100000000 1.9559556063E-6
110000000 5.1739783262E-6
120000000 8.0990454015E-6
130000000 8.2046818735E-6
140000000 6.6845491584861E-6
150000000 5.5191218097E-6
160000000 5.03776670434E-6
180000000 4.8750404328691E-6
200000000 4.8072774948E-6
#Header 
#Target 99 254 0
#Product 95 236 0
#Datapoints 17
1000000 0
55000000 0
60000000 5.9326090362E-16
65000000 2.28682315318E-12
70000000 2.2166022465E-10
75000000 5.9735625788347E-9
80000000 6.41932036E-8
90000000 8.386827274E-7
100000000 3.4401511332E-6
110000000 9.014660166E-6
120000000 1.5494082956E-5
130000000 1.74811893724E-5
140000000 1.5224822485686E-5
150000000 1.1916630267E-5
160000000 1.0706612844E-5
180000000 1.1152340248205E-5
200000000 1.102611796E-5
#Header 
#Target 99 254 0
#Product 95 237 0
#Datapoints 18
1000000 0
50000000 0
55000000 4.497354704553E-15
60000000 2.6381000844E-11
65000000 3.6379290589993E-9
70000000 5.86377502065E-8
75000000 3.7626409120676E-7
80000000 1.37742223274E-6
90000000 5.1148578505E-6
100000000 1.2247309629E-5
110000000 1.6822082852E-5
120000000 1.8095588619E-5
130000000 1.53379570951E-5
140000000 1.2187700842416E-5
150000000 1.0453099128E-5
160000000 1.01903201978E-5
180000000 1.0627413277442E-5
200000000 1.1651795034E-6
#Header 
#Target 99 254 0
#Product 95 238 0
#Datapoints 19
1000000 0
45000000 0
50000000 6.2982156688E-14
55000000 1.78531499509E-10
60000000 5.50413746784E-9
65000000 2.4027595636598E-8
70000000 6.09731099553E-8
75000000 9.959647735206E-8
80000000 1.83195167304E-7
90000000 9.5253069575E-7
100000000 2.2064086737E-6
110000000 6.0624726474E-6
120000000 8.9633272745E-6
130000000 7.41593455072E-6
140000000 5.4838421838024E-6
150000000 4.123586232E-6
160000000 3.50543196248E-6
180000000 3.4390297211049E-6
200000000 3.1849797386E-6
#Header 
#Target 99 254 0
#Product 95 239 0
#Datapoints 20
1000000 0
40000000 0
45000000 1.9534375601E-13
50000000 3.60277305968E-9
55000000 2.1072594974757E-7
60000000 1.21610657916E-6
65000000 2.8367945041217E-6
70000000 4.64235335387E-6
75000000 9.326091983967E-6
80000000 7.32889471256E-6
90000000 1.28401510975E-5
100000000 2.443203612E-5
110000000 3.152397435E-5
120000000 3.5216305971E-5
130000000 2.59887509979E-5
140000000 2.3562852040266E-5
150000000 2.21665941E-5
160000000 2.26219466844E-5
180000000 2.8143893516804E-5
200000000 3.1837712984E-5
#Header 
#Target 99 254 0
#Product 95 240 0
#Datapoints 22
1000000 0
30000000 0
35000000 8.96146608E-15
40000000 8.9290651872E-10
45000000 8.8890163708E-8
50000000 4.6734638656E-7
55000000 1.013550446239E-6
60000000 1.60467747264E-6
65000000 2.4032227869623E-6
70000000 3.2934027178E-6
75000000 4.5604172761484E-6
80000000 5.98465085928E-6
90000000 1.022552301E-5
100000000 1.8790464123E-5
110000000 2.3379244954E-5
120000000 2.1157261839E-5
130000000 1.69632543317E-5
140000000 1.6109495226066E-5
150000000 1.6783164966E-5
160000000 1.9922132861E-5
180000000 2.5851422061894E-5
200000000 3.258272886E-5
#Header 
#Target 99 254 0
#Product 95 241 0
#Datapoints 22
1000000 0
30000000 0
35000000 4.0899964176E-11
40000000 2.33726051472E-9
45000000 4.68688291558E-8
50000000 6.5285401668E-8
55000000 3.3993458089679E-7
60000000 1.05698195064E-6
65000000 2.3333784185764E-6
70000000 4.4093089794E-6
75000000 7.1013631859761E-6
80000000 1.00500265984E-5
90000000 1.70106917025E-5
100000000 2.0998671192E-5
110000000 2.0746006364E-5
120000000 2.16981274155E-5
130000000 2.62673836108E-5
140000000 3.1782415698726E-5
150000000 4.0836262479E-5
160000000 5.03011452566E-5
180000000 6.501286553554E-5
200000000 7.812392214E-5
#Header 
#Target 99 254 0
#Product 95 242 0
#Datapoints 25
1000000 0
24000000 0
26000000 9.864639864E-15
28000000 2.881035213605E-12
30000000 1.196690796E-11
35000000 2.1441723504E-10
40000000 1.23686159944E-9
45000000 7.29349282132E-9
50000000 1.29053639352E-8
55000000 6.0880450769512E-8
60000000 1.18339609212E-7
65000000 3.3320684475042E-7
70000000 6.64395020514E-7
75000000 6.8899418244967E-7
80000000 1.11892731392E-6
90000000 2.64874475775E-6
100000000 2.6631815598E-6
110000000 2.2901924602E-6
120000000 2.7660417581E-6
130000000 3.99363102536E-6
140000000 6.3883829483859E-6
150000000 9.613733172E-6
160000000 1.28376973538E-5
180000000 1.9951879489971E-5
200000000 2.6355830908E-5
#Header 
#Target 99 254 0
#Product 95 243 0
#Datapoints 27
1000000 0
20000000 0
22000000 6.155270635E-15
24000000 2.5965663759E-13
26000000 1.1870664291E-12
28000000 1.880967917977E-11
30000000 3.9252341505E-11
35000000 1.7722449072E-10
40000000 6.1696000984E-10
45000000 3.83810382619E-9
50000000 8.1547808214E-9
55000000 4.7426826452398E-8
60000000 6.1889637447E-8
65000000 1.6809738370053E-7
70000000 1.38062108129E-7
75000000 2.617783069099E-7
80000000 5.18914741928E-7
90000000 6.852752707E-7
100000000 7.03470456E-7
110000000 1.219153273E-6
120000000 2.8774876747E-6
130000000 5.46116264788E-6
140000000 8.685218408823E-6
150000000 1.213005879E-5
160000000 1.6070807904E-5
180000000 2.1960471788476E-5
200000000 2.8045368032E-5
#Header 
#Target 99 254 0
#Product 95 244 0
#Datapoints 34
1000000 0
13000000 0
14000000 4.4486420165E-15
15000000 1.11248588778E-15
16000000 2.18301940248E-14
17000000 3.23157615392E-14
18000000 1.029236467037E-13
19000000 5.4542857383E-13
20000000 2.644249102E-12
22000000 1.638463353E-11
24000000 3.8333702106E-12
26000000 9.716503743E-11
28000000 1.024243521461E-10
30000000 1.5212953518E-10
35000000 1.1938272912E-10
40000000 1.9927159608E-10
45000000 7.4375162885E-10
50000000 2.69481777968E-9
55000000 4.5810798798924E-9
60000000 5.47271081874E-9
65000000 1.3261439049602E-8
70000000 2.55504112623E-8
75000000 4.7598354307257E-8
80000000 6.14654740298E-8
90000000 7.9714593665E-8
100000000 2.8014526125E-7
110000000 1.0522436326E-6
120000000 2.47946620535E-6
130000000 3.99777276885E-6
140000000 5.4481914450513E-6
150000000 6.9648425451E-6
160000000 8.3897366682E-6
180000000 1.114381003203E-5
200000000 1.3057199408E-5
#Header 
#Target 99 254 0
#Product 95 245 0
#Datapoints 31
1000000 0
16000000 0
17000000 7.4901061728E-16
18000000 4.10713507188E-15
19000000 9.0237894201E-15
20000000 2.6034536176E-14
22000000 1.94485479175E-13
24000000 8.4486939495E-13
26000000 2.0372359329E-12
28000000 4.045510436259E-12
30000000 6.0009103866E-12
35000000 1.2309675072E-11
40000000 2.4133539104E-11
45000000 6.044334891E-11
50000000 1.146985084E-10
55000000 2.354545372794E-10
60000000 7.3731760344E-10
65000000 1.4017216543359E-9
70000000 2.00059231517E-9
75000000 2.1088072079895E-9
80000000 2.78888701852E-9
90000000 2.69065944925E-8
100000000 1.906468758E-7
110000000 5.708148529E-7
120000000 1.00785607875E-6
130000000 1.4554453797E-6
140000000 1.8423232653903E-6
150000000 2.302514289E-6
160000000 2.6380841486E-6
180000000 3.5450760810127E-6
200000000 4.3469854868E-6
#Header 
#Target 99 254 0
#Product 96 236 0
#Datapoints 15
1000000 0
65000000 0
70000000 4.1219049784E-15
75000000 4.145645258732E-12
80000000 1.776460849E-10
90000000 2.00553673525E-8
100000000 2.2029867153E-7
110000000 6.7899254566E-7
120000000 1.02971794895E-6
130000000 9.7225238339E-7
140000000 7.865165434236E-7
150000000 6.4435203207E-7
160000000 5.87598980844E-7
180000000 5.2659844248037E-7
200000000 5.2320043094E-7
#Header 
#Target 99 254 0
#Product 96 237 0
#Datapoints 16
1000000 0
60000000 0
65000000 9.48928375948E-14
70000000 1.6678766243E-11
75000000 4.678165149474E-10
80000000 4.68404554224E-9
90000000 1.19496842725E-7
100000000 6.1308925281E-7
110000000 1.4125473722E-6
120000000 1.6760219316E-6
130000000 1.51372535532E-6
140000000 1.199173238175E-6
150000000 1.0098287589E-6
160000000 9.3764390206E-7
180000000 9.331335450762E-7
200000000 9.092333316E-7
#Header 
#Target 99 254 0
#Product 96 238 0
#Datapoints 18
1000000 0
50000000 0
55000000 2.023751682482E-12
60000000 2.13889660776E-9
65000000 4.1705202716312E-8
70000000 2.73051847041E-7
75000000 1.0572266516504E-6
80000000 3.05951960754E-6
90000000 1.273310831E-5
100000000 2.3039964432E-5
110000000 2.5431212552E-5
120000000 2.3543372612E-5
130000000 2.10787396098E-5
140000000 1.8900293053818E-5
150000000 1.7050803072E-5
160000000 1.59586069952E-5
180000000 1.6020344701257E-5
200000000 1.6287628808E-5
#Header 
#Target 99 254 0
#Product 96 239 0
#Datapoints 19
1000000 0
45000000 0
50000000 1.127499843E-10
55000000 2.0675273794979E-8
60000000 1.69679480058E-7
65000000 5.5134558007245E-7
70000000 1.31152766598E-6
75000000 3.0662501032829E-6
80000000 6.60531655556E-6
90000000 2.07921254475E-5
100000000 3.36178557E-5
110000000 3.6045556656E-5
120000000 3.1816922641E-5
130000000 2.64991673687E-5
140000000 2.2717878603288E-5
150000000 2.1054549759E-5
160000000 2.12613737012E-5
180000000 2.2594199252339E-5
200000000 2.4149997916E-5
#Header 
#Target 99 254 0
#Product 96 240 0
#Datapoints 21
1000000 0
35000000 0
40000000 2.4476301496E-15
45000000 5.00553024212E-9
50000000 2.14139218838E-7
55000000 7.7273057603722E-7
60000000 1.40611285584E-6
65000000 2.0325082661269E-6
70000000 3.38323491424E-6
75000000 5.8801860182341E-6
80000000 8.19935116446E-6
90000000 1.3473357405E-5
100000000 1.5568951689E-5
110000000 1.3796348616E-5
120000000 1.1719109725E-5
130000000 9.2368802235E-6
140000000 8.478814366737E-6
150000000 7.48428264E-6
160000000 6.9029376626E-6
180000000 6.589865605895E-6
200000000 5.9717135302E-6
#Header 
#Target 99 254 0
#Product 96 241 0
#Datapoints 22
1000000 0
30000000 0
35000000 1.31668025664E-8
40000000 3.6448104384E-6
45000000 1.4246553396E-5
50000000 2.5200925253E-5
55000000 2.3356037295944E-5
60000000 3.2518302498E-5
65000000 4.5628704088487E-5
70000000 5.95617278451E-5
75000000 5.9723614532204E-5
80000000 6.68628578518E-5
90000000 7.08300597575E-5
100000000 7.5608832834E-5
110000000 6.088511135E-5
120000000 5.8715683031E-5
130000000 5.36518115142E-5
140000000 4.8524799541911E-5
150000000 4.8263946543E-5
160000000 5.07046685934E-5
180000000 5.0842438236135E-5
200000000 5.4957349568E-5
#Header 
#Target 99 254 0
#Product 96 242 0
#Datapoints 24
1000000 0
26000000 0
28000000 1.706219304226E-12
30000000 1.80647244213E-8
35000000 6.7727995488E-6
40000000 2.525277874E-5
45000000 4.6247316843E-5
50000000 0.00017006303419
55000000 0.00037063415015861
60000000 0.000459383030766
65000000 0.00040111908668334
70000000 0.000314971494082
75000000 0.00023430222309775
80000000 0.000197317493732
90000000 0.00019253161735
100000000 0.00022428866484
110000000 0.00028469579906
120000000 0.00036567889152
130000000 0.000425539424161
140000000 0.00048623210014302
150000000 0.00052170694443
160000000 0.000548316609932
180000000 0.00062738330067244
200000000 0.0006616578782
#Header 
#Target 99 254 0
#Product 96 243 0
#Datapoints 28
1000000 0
19000000 0
20000000 8.7833877384E-10
22000000 5.213687173E-7
24000000 2.11711976784E-6
26000000 3.16511614179E-6
28000000 3.5800500502524E-6
30000000 3.54691972785E-6
35000000 2.58138374064E-6
40000000 1.82749204744E-6
45000000 1.81689232617E-6
50000000 1.7199121879E-6
55000000 1.4942534227558E-6
60000000 1.82068820406E-6
65000000 2.9214681944983E-6
70000000 3.92406914975E-6
75000000 4.3174151651779E-6
80000000 3.94702498238E-6
90000000 3.45367684625E-6
100000000 5.0198933061E-6
110000000 8.1626592418E-6
120000000 1.06776209115E-5
130000000 1.37291140905E-5
140000000 1.5808281722079E-5
150000000 1.9150848432E-5
160000000 2.22119723432E-5
180000000 2.9166154623216E-5
200000000 3.5980079014E-5
#Header 
#Target 99 254 0
#Product 96 244 0
#Datapoints 35
1000000 0
12000000 0
13000000 5.3329012954E-11
14000000 1.68169576289E-9
15000000 1.019418048894E-8
16000000 6.25782225296E-8
17000000 1.62973768016E-6
18000000 1.0373842794321E-5
19000000 7.52892832755E-6
20000000 2.02344749068E-5
22000000 3.3724346183E-5
24000000 2.47299430098E-5
26000000 6.27542654445E-5
28000000 2.5232300685771E-5
30000000 5.4856540002E-5
35000000 5.72503196544E-5
40000000 6.165546114E-5
45000000 6.3597433159E-5
50000000 2.73659267194E-5
55000000 4.0569572713618E-5
60000000 2.9075495922E-5
65000000 2.1707385112434E-5
70000000 1.68497685122E-5
75000000 1.9248364410594E-5
80000000 2.46077573868E-5
90000000 2.7637601165E-5
100000000 3.7769500899E-5
110000000 4.9203100716E-5
120000000 5.4784181085E-5
130000000 6.05346472306E-5
140000000 6.7196060979564E-5
150000000 7.510752966E-5
160000000 8.2130188672E-5
180000000 9.308184765958E-5
200000000 0.00010333437356
#Header 
#Target 99 254 0
#Product 96 245 0
#Datapoints 41
1000000 0
6000000 0
7000000 4.34888179014E-15
8000000 8.4268905765E-14
9000000 4.1143554275E-13
10000000 3.24262587E-12
11000000 3.19700372856E-11
12000000 4.131146583249E-11
13000000 2.19944011616E-10
14000000 9.375855368E-10
15000000 4.0904063664E-9
16000000 1.442221738552E-8
17000000 3.259285327264E-8
18000000 4.778785726747E-8
19000000 6.42796762545E-8
20000000 7.0565226556E-8
22000000 1.308118139925E-7
24000000 6.5295918534E-7
26000000 1.470821111055E-6
28000000 3.9989551659728E-6
30000000 8.3142077583E-6
35000000 2.23725455376E-5
40000000 2.50917476808E-5
45000000 2.20740451303E-5
50000000 1.25275617906E-5
55000000 1.8938522344831E-5
60000000 2.1591685566E-5
65000000 2.2530069697674E-5
70000000 2.25698993154E-5
75000000 2.071212781186E-5
80000000 1.99352894518E-5
90000000 2.01568681775E-5
100000000 2.3263817544E-5
110000000 2.5967607692E-5
120000000 2.86211056555E-5
130000000 3.20758417723E-5
140000000 3.8302890325986E-5
150000000 4.4670489909E-5
160000000 5.36260422314E-5
180000000 6.519029403198E-5
200000000 8.019630872E-5
#Header 
#Target 99 254 0
#Product 96 246 0
#Datapoints 44
1000000 0
3000000 0
4000000 1.1210919337024E-15
5000000 6.6846377494334E-13
6000000 4.113472107558E-11
7000000 7.982700656844E-10
8000000 7.70708392839E-9
9000000 4.6475672247E-8
10000000 2.09896889625E-7
11000000 5.21095819404E-7
12000000 8.7460254686E-7
13000000 1.327387394438E-6
14000000 1.752170423905E-6
15000000 2.013887727286E-6
16000000 2.229318598248E-6
17000000 2.423109420192E-6
18000000 2.6603949331265E-6
19000000 3.115851993009E-6
20000000 4.078245644E-6
22000000 1.44218749725E-5
24000000 4.33034570241E-5
26000000 2.191559425605E-5
28000000 1.5397582263575E-5
30000000 1.43581432725E-5
35000000 1.0291813128E-5
40000000 7.3065890256E-6
45000000 6.2363620794E-6
50000000 6.44366831478E-6
55000000 7.4430576314036E-6
60000000 4.85779503726E-6
65000000 6.5751609630642E-6
70000000 5.82356068476E-6
75000000 6.1898680408202E-6
80000000 6.25045513482E-6
90000000 7.8634233895E-6
100000000 8.918165061E-6
110000000 1.0331619678E-5
120000000 1.2876173779E-5
130000000 1.68383545225E-5
140000000 2.1946769975361E-5
150000000 2.7308855454E-5
160000000 3.40036345398E-5
180000000 4.4489854273683E-5
200000000 4.9430895976E-5
#Header 
#Target 99 254 0
#Product 96 247 0
#Datapoints 44
1000000 0
3000000 0
4000000 6.677571644324E-13
5000000 2.2036004761612E-11
6000000 8.818639445871E-11
7000000 3.193603477656E-10
8000000 1.031343604665E-9
9000000 2.981583353825E-9
10000000 7.56140517375E-9
11000000 1.984123257792E-8
12000000 4.4827978177381E-8
13000000 9.80314209448E-8
14000000 2.1541807023E-7
15000000 6.72583801748E-7
16000000 7.4548966E-7
17000000 1.305488326592E-6
18000000 2.0918034587264E-6
19000000 3.338163701649E-6
20000000 5.2646031284E-6
22000000 2.5650848576E-5
24000000 4.89111264999E-5
26000000 1.4339946564E-5
28000000 7.425278469261E-6
30000000 5.41275390618E-6
35000000 3.56385929568E-6
40000000 3.62378975176E-6
45000000 5.87499001069E-6
50000000 6.5006953913E-6
55000000 6.6143243737368E-6
60000000 5.96303955918E-6
65000000 7.6464949937852E-6
70000000 4.71864120339E-6
75000000 6.1964898830006E-6
80000000 3.83930204458E-6
90000000 4.37398648475E-6
100000000 3.1311666216E-6
110000000 3.6517474526E-6
120000000 6.029350196E-6
130000000 8.3077722076E-6
140000000 1.1508991204062E-5
150000000 1.5431285577E-5
160000000 1.82803043038E-5
180000000 2.3113969466003E-5
200000000 2.5780191668E-5
#Header 
#Target 99 254 0
#Product 96 248 0
#Datapoints 33
1000000 0
14000000 0
15000000 6.239778685E-15
16000000 7.7486691752E-14
17000000 6.822152096E-13
18000000 4.57557364094E-12
19000000 2.46369226824E-11
20000000 1.10973511E-10
22000000 1.515511020825E-9
24000000 1.372146768825E-8
26000000 8.3976990867E-8
28000000 3.9314457678911E-7
30000000 1.25872573887E-6
35000000 5.46312576192E-6
40000000 1.15390861624E-5
45000000 2.48870142873E-5
50000000 4.46376606134E-5
55000000 6.6588942394866E-5
60000000 8.8214008608E-5
65000000 0.0001086704221063
70000000 0.000126187780251
75000000 0.00014060011542075
80000000 0.00015185955551
90000000 0.000165112517875
100000000 0.00016842527883
110000000 0.00016607328044
120000000 0.00016078098624
130000000 0.000154425633515
140000000 0.00014761916261697
150000000 0.00014055728928
160000000 0.000132938696522
180000000 0.0001197603723576
200000000 0.00010780237248
#Header 
#Target 99 254 0
#Product 96 249 0
#Datapoints 26
1000000 0
22000000 0
24000000 2.96047740345E-15
26000000 4.72028637645E-14
28000000 5.057159301019E-13
30000000 3.6236787702E-12
35000000 9.824950848E-11
40000000 5.226819084E-10
45000000 1.28599697611E-9
50000000 2.21849516498E-9
55000000 3.177664474917E-9
60000000 4.09227646014E-9
65000000 4.89675558898E-9
70000000 5.55882897464E-9
75000000 6.5176778482732E-9
80000000 1.26047787614E-8
90000000 1.51054435425E-7
100000000 6.6550844448E-7
110000000 1.534280294E-6
120000000 2.56660552765E-6
130000000 3.48966913177E-6
140000000 4.3128075355563E-6
150000000 5.0018608734E-6
160000000 5.42931527862E-6
180000000 5.9256476085781E-6
200000000 6.134512912E-6
#Header 
#Target 99 254 0
#Product 96 250 0
#Datapoints 17
1000000 0
55000000 0
60000000 3.3149356218E-14
65000000 5.439220957761E-12
70000000 3.3821841517E-10
75000000 4.2989135377892E-9
80000000 2.3690886163E-8
90000000 1.930861627E-7
100000000 5.5094531706E-7
110000000 9.956462802E-7
120000000 1.416944389E-6
130000000 1.75252349138E-6
140000000 2.0323265419446E-6
150000000 2.1993813903E-6
160000000 2.3464706721E-6
180000000 2.464215286533E-6
200000000 2.4566766576E-6
#Header 
#Target 99 254 0
#Product 97 238 0
#Datapoints 14
1000000 0
70000000 0
75000000 1.740576795817E-15
80000000 1.0120194996E-12
90000000 1.76064483075E-9
100000000 1.2623071554E-7
110000000 9.82567191E-7
120000000 2.7221046772E-6
130000000 4.36786653503E-6
140000000 4.4361766851435E-6
150000000 3.5811600546E-6
160000000 3.1590609636E-6
180000000 3.1947970781116E-6
200000000 3.317640634E-6
#Header 
#Target 99 254 0
#Product 97 239 0
#Datapoints 15
1000000 0
65000000 0
70000000 2.4514147823E-13
75000000 5.830100958274E-11
80000000 2.88178166518E-9
90000000 3.85112545075E-7
100000000 3.1557585528E-6
110000000 8.42479767E-6
120000000 1.30693733555E-5
130000000 1.32118874959E-5
140000000 1.1074305143913E-5
150000000 9.494978244E-6
160000000 8.9358189844E-6
180000000 9.084467775708E-6
200000000 9.212031664E-6
#Header 
#Target 99 254 0
#Product 97 240 0
#Datapoints 17
1000000 0
55000000 0
60000000 3.5091454464E-15
65000000 1.092254077392E-11
70000000 1.00023704108E-9
75000000 2.6041369226932E-8
80000000 2.46640490652E-7
90000000 2.77464592725E-6
100000000 9.396611199E-6
110000000 1.9003406692E-5
120000000 2.55146151275E-5
130000000 2.65087428176E-5
140000000 2.4074489489886E-5
150000000 2.231773158E-5
160000000 2.2037952733E-5
180000000 2.6187641337169E-5
200000000 2.6824179184E-5
#Header 
#Target 99 254 0
#Product 97 241 0
#Datapoints 18
1000000 0
50000000 0
55000000 1.023318975394E-12
60000000 3.5667964629E-9
65000000 1.9945857184289E-7
70000000 2.1546143684E-6
75000000 9.333416793186E-6
80000000 2.5941215569E-5
90000000 7.2444830535E-5
100000000 0.00011673520533
110000000 0.00013145419218
120000000 0.0001326329987
130000000 0.000139479020522
140000000 0.00015489313031676
150000000 0.0001649362185
160000000 0.0001758549278
180000000 0.00018809467874522
200000000 0.00022219589348
#Header 
#Target 99 254 0
#Product 97 242 0
#Datapoints 19
1000000 0
45000000 0
50000000 4.2817983178E-11
55000000 1.634972679714E-7
60000000 6.06770407782E-6
65000000 2.899354355202E-5
70000000 7.41518857422E-5
75000000 0.00013005927671816
80000000 0.000184646515172
90000000 0.00028675859475
100000000 0.00038267212527
110000000 0.00043029359074
120000000 0.000471221202395
130000000 0.00052690488245
140000000 0.00055389905571066
150000000 0.0005735164047
160000000 0.000594429444006
180000000 0.00064168258252033
200000000 0.0006594475844
#Header 
#Target 99 254 0
#Product 97 243 0
#Datapoints 20
1000000 0
40000000 0
45000000 5.7807627338E-10
50000000 8.9904413826E-7
55000000 1.6327635543328E-5
60000000 5.47459441848E-5
65000000 9.295771121948E-5
70000000 0.000129142538737
75000000 0.00017429298572401
80000000 0.000186912183882
90000000 0.000208699049275
100000000 0.0002320294878
110000000 0.00022709124038
120000000 0.00022850174017
130000000 0.000211420807853
140000000 0.00021470826623598
150000000 0.00021671817345
160000000 0.000210294320154
180000000 0.00020176034257353
200000000 0.00019344878916
#Header 
#Target 99 254 0
#Product 97 244 0
#Datapoints 22
1000000 0
30000000 0
35000000 5.6009466048E-12
40000000 5.65089623E-7
45000000 5.73612556324E-5
50000000 0.00030551759555
55000000 0.00067019341252155
60000000 0.00110724112026
65000000 0.0016486734967045
70000000 0.00222660227003
75000000 0.0028827059461205
80000000 0.00349059150638
90000000 0.00409134727
100000000 0.0043789482765
110000000 0.0046105502812
120000000 0.0047229414708
130000000 0.00467408664848
140000000 0.0045511892856936
150000000 0.00441566721
160000000 0.00444116247746
180000000 0.0042539550712724
200000000 0.003988806371
#Header 
#Target 99 254 0
#Product 97 245 0
#Datapoints 24
1000000 0
26000000 0
28000000 2.572475116332E-14
30000000 1.604608323E-11
35000000 8.944192344E-8
40000000 1.73084303416E-6
45000000 5.76163460505E-6
50000000 8.6566051012E-6
55000000 1.7052325085013E-5
60000000 2.2686381234E-5
65000000 2.7951379354405E-5
70000000 3.42713403078E-5
75000000 3.7629968673874E-5
80000000 4.63742297628E-5
90000000 4.56399288725E-5
100000000 4.1428874637E-5
110000000 4.0118601788E-5
120000000 4.1164223308E-5
130000000 4.28829965853E-5
140000000 4.5922253723775E-5
150000000 5.0093298438E-5
160000000 5.57162909246E-5
180000000 6.1557207365108E-5
200000000 6.796083646E-5
#Header 
#Target 99 254 0
#Product 97 246 0
#Datapoints 27
1000000 0
20000000 0
22000000 2.155701456E-12
24000000 1.633107669375E-9
26000000 1.422359437185E-7
28000000 3.1614056996755E-6
30000000 2.31986001009E-5
35000000 0.000198294003936
40000000 0.000538006548056
45000000 0.00123513345546
50000000 0.00204069132388
55000000 0.0025388178918618
60000000 0.00278946083988
65000000 0.0029255233836379
70000000 0.00284767582671
75000000 0.002933250707172
80000000 0.00278430395554
90000000 0.0025397391555
100000000 0.0025257218643
110000000 0.0023130788168
120000000 0.00210494300685
130000000 0.00201552534565
140000000 0.0018816360113397
150000000 0.0018087285762
160000000 0.00173480862306
180000000 0.0016160246684426
200000000 0.0014890378206
#Header 
#Target 99 254 0
#Product 97 247 0
#Datapoints 33
1000000 0
14000000 0
15000000 9.5203193722E-16
16000000 7.5337936288E-14
17000000 2.02434357088E-12
18000000 3.670793362196E-11
19000000 3.74864070735E-10
20000000 3.30532058692E-9
22000000 5.673870782E-8
24000000 3.74059766703E-7
26000000 1.098365734665E-6
28000000 1.450447663359E-6
30000000 3.44550211143E-6
35000000 9.9518000064E-6
40000000 2.10579138616E-5
45000000 3.55841021294E-5
50000000 4.13103868948E-5
55000000 4.1762661113885E-5
60000000 4.7938178376E-5
65000000 5.266637190201E-5
70000000 5.58990203202E-5
75000000 5.6933917564683E-5
80000000 5.43292641628E-5
90000000 5.73651156625E-5
100000000 8.561863827E-5
110000000 0.00013275382112
120000000 0.000196990953245
130000000 0.000248027817557
140000000 0.00030557638541067
150000000 0.00035065532919
160000000 0.000379262081696
180000000 0.00043661534874646
200000000 0.00046034130846
#Header 
#Target 99 254 0
#Product 97 248 0
#Datapoints 40
1000000 0
7000000 0
8000000 1.04475272088E-17
9000000 8.53663996E-14
10000000 7.5847279275E-12
11000000 2.535400447644E-10
12000000 4.2352982333326E-9
13000000 4.20603042356E-8
14000000 2.7941491941E-7
15000000 1.30739635974E-6
16000000 4.35100865016E-6
17000000 1.066466548704E-5
18000000 2.0747770297244E-5
19000000 3.425488236765E-5
20000000 5.0840535724E-5
22000000 9.4760531195E-5
24000000 0.0001734348801465
26000000 0.000300992476338
28000000 0.0005077181268359
30000000 0.00074140394727
35000000 0.0012595213632
40000000 0.0014944447524
45000000 0.00152753737384
50000000 0.0014897259985
55000000 0.0014372940173011
60000000 0.00135077048766
65000000 0.0012554542643385
70000000 0.00115844436507
75000000 0.0010586504729296
80000000 0.00097411625778
90000000 0.0008283067772
100000000 0.00075605183424
110000000 0.00072233201048
120000000 0.00070767540724
130000000 0.000701658272238
140000000 0.00069193276934331
150000000 0.0006824984373
160000000 0.000668501972076
180000000 0.0006552989320423
200000000 0.000611935104
#Header 
#Target 99 254 0
#Product 97 249 0
#Datapoints 40
1000000 0
7000000 0
8000000 2.53913633655E-15
9000000 1.7838329835E-12
10000000 1.578332932875E-10
11000000 4.62664292616E-9
12000000 6.5441755344826E-8
13000000 5.50639549978E-7
14000000 3.1399633947E-6
15000000 1.288351823086E-5
16000000 3.92932780264E-5
17000000 9.3654970576E-5
18000000 0.00018638533808226
19000000 0.0003277724171967
20000000 0.00052752276544
22000000 0.001130133615
24000000 0.00196643293245
26000000 0.00268307588457
28000000 0.0033167749673137
30000000 0.00381626225235
35000000 0.00446598335712
40000000 0.00464440943648
45000000 0.00458698371597
50000000 0.00444061889676
55000000 0.0042674847212139
60000000 0.0040317074721
65000000 0.0037565151067694
70000000 0.00346088377683
75000000 0.0032514926502752
80000000 0.00301858239408
90000000 0.00261340361925
100000000 0.0022907558745
110000000 0.002035915914
120000000 0.0018334419358
130000000 0.00165441056246
140000000 0.0015231061787535
150000000 0.001378895568
160000000 0.00127971354652
180000000 0.0010970360157172
200000000 0.000982130369
#Header 
#Target 99 254 0
#Product 97 250 0
#Datapoints 41
1000000 0
6000000 0
7000000 1.162136002203E-15
8000000 2.22204888015E-13
9000000 1.45818213485E-11
10000000 4.40679353475E-10
11000000 6.84288065592E-9
12000000 6.3127441277894E-8
13000000 3.69782284802E-7
14000000 1.54884600178E-6
15000000 4.99805960336E-6
16000000 1.305272805552E-5
17000000 2.81720890224E-5
18000000 5.153086086248E-5
19000000 8.45827940349E-5
20000000 0.00012377190936
22000000 0.0002199776871775
24000000 0.000309322492269
26000000 0.0003527574931935
28000000 0.00039573388474505
30000000 0.00041624384724
35000000 0.000445752764448
40000000 0.000435090819872
45000000 0.000431902381595
50000000 0.000423279314008
55000000 0.00040766135818459
60000000 0.000374598008136
65000000 0.00035641874385617
70000000 0.000328725815716
75000000 0.00031423216903086
80000000 0.000309464037096
90000000 0.000304885350425
100000000 0.0003038031981
110000000 0.00030481196948
120000000 0.000305638790665
130000000 0.000303020146211
140000000 0.00029617818897183
150000000 0.00028843709022
160000000 0.000282879898558
180000000 0.00026694625883419
200000000 0.00025463407266
#Header 
#Target 99 254 0
#Product 97 251 0
#Datapoints 21
1000000 0
35000000 0
40000000 6.331665448E-14
45000000 5.5601375511E-11
50000000 1.0356914079E-8
55000000 3.1938362537891E-7
60000000 2.47422256092E-6
65000000 8.5624648111778E-6
70000000 1.84238943603E-5
75000000 3.0019089433288E-5
80000000 4.1653389511E-5
90000000 6.29436463875E-5
100000000 7.9992656892E-5
110000000 9.10490375E-5
120000000 9.928787855E-5
130000000 0.00010396103721
140000000 0.00010768300091274
150000000 0.00010903278984
160000000 0.000110039890808
180000000 0.00011015399698576
200000000 0.000108128889
#Header 
#Target 99 254 0
#Product 97 252 0
#Datapoints 22
1000000 0
30000000 0
35000000 7.064857008E-16
40000000 4.9639140368E-12
45000000 1.74865085249E-9
50000000 8.205889917E-8
55000000 7.8759227251442E-7
60000000 2.90524876686E-6
65000000 6.4973976820308E-6
70000000 1.05906996465E-5
75000000 1.4693781939738E-5
80000000 1.83046233364E-5
90000000 2.3506491405E-5
100000000 2.6953277697E-5
110000000 2.893820218E-5
120000000 2.98533445805E-5
130000000 3.01252154218E-5
140000000 3.0755730863022E-5
150000000 3.0228949245E-5
160000000 3.02848427974E-5
180000000 2.9826869759687E-5
200000000 2.890356777E-5
#Header 
#Target 99 254 0
#Product 98 240 0
#Datapoints 15
1000000 0
65000000 0
70000000 9.04793666E-15
75000000 6.360680087599E-12
80000000 2.135730536E-10
90000000 1.99051147125E-8
100000000 1.710393597E-7
110000000 4.2194933842E-7
120000000 4.95935988185E-7
130000000 4.11548832518E-7
140000000 3.5750780701713E-7
150000000 3.2455795548E-7
160000000 3.02452396568E-7
180000000 2.7725352827016E-7
200000000 2.8937657606E-7
#Header 
#Target 99 254 0
#Product 98 241 0
#Datapoints 16
1000000 0
60000000 0
65000000 7.579171442495E-12
70000000 7.5292292017E-10
75000000 1.3445702420188E-8
80000000 1.06223610016E-7
90000000 1.6967359665E-6
100000000 5.6421440208E-6
110000000 8.471903378E-6
120000000 7.60984378275E-6
130000000 6.25203835604E-6
140000000 5.5307831927898E-6
150000000 5.2387894314E-6
160000000 5.0820868851E-6
180000000 4.7782388959253E-6
200000000 4.5746262474E-6
#Header 
#Target 99 254 0
#Product 98 242 0
#Datapoints 18
1000000 0
50000000 0
55000000 4.844023311942E-12
60000000 3.87259848954E-9
65000000 7.1974277954096E-8
70000000 4.45448287892E-7
75000000 1.5830808765671E-6
80000000 4.08156940668E-6
90000000 1.32942080125E-5
100000000 2.0103131439E-5
110000000 2.0069556592E-5
120000000 1.8528970091E-5
130000000 1.78325557849E-5
140000000 1.7021506250166E-5
150000000 1.5944160549E-5
160000000 1.49264531394E-5
180000000 1.4193796872775E-5
200000000 1.324354174E-5
#Header 
#Target 99 254 0
#Product 98 243 0
#Datapoints 19
1000000 0
45000000 0
50000000 2.6846838272E-9
55000000 2.1639440308979E-7
60000000 1.49771299788E-6
65000000 4.8409314458831E-6
70000000 1.05845035256E-5
75000000 1.9738500576197E-5
80000000 3.19660661066E-5
90000000 6.131777423E-5
100000000 7.2777408381E-5
110000000 6.2526154198E-5
120000000 5.377350022E-5
130000000 5.25381113919E-5
140000000 5.2708255106166E-5
150000000 5.4747021357E-5
160000000 5.72885760108E-5
180000000 6.0991966270807E-5
200000000 6.54623574E-5
#Header 
#Target 99 254 0
#Product 98 244 0
#Datapoints 21
1000000 0
35000000 0
40000000 7.851276728E-12
45000000 1.41664113426E-6
50000000 2.02266320466E-5
55000000 6.1497593456881E-5
60000000 0.000105002297532
65000000 0.00014476195838078
70000000 0.000184632401725
75000000 0.00022745750638043
80000000 0.000264797143214
90000000 0.000281619580925
100000000 0.00022532849208
110000000 0.0001814500231
120000000 0.000171018248655
130000000 0.000171938954346
140000000 0.00017916166282905
150000000 0.00018798900849
160000000 0.000197121533526
180000000 0.00022704119939865
200000000 0.00023523077666
#Header 
#Target 99 254 0
#Product 98 245 0
#Datapoints 22
1000000 0
30000000 0
35000000 1.8560242104E-6
40000000 0.000315087240048
45000000 0.00092408355252
50000000 0.00127055242798
55000000 0.0013399901635562
60000000 0.00134407227834
65000000 0.0013400026638409
70000000 0.00128244323449
75000000 0.001208611408337
80000000 0.00106229852756
90000000 0.000835743392675
100000000 0.00066806735985
110000000 0.0006061638091
120000000 0.000575619613115
130000000 0.000566794435261
140000000 0.00056759884290483
150000000 0.00056870460417
160000000 0.00057362269491
180000000 0.000571994450352
200000000 0.0006073825813
#Header 
#Target 99 254 0
#Product 98 246 0
#Datapoints 25
1000000 0
24000000 0
26000000 4.5184523571E-10
28000000 5.9924879031475E-6
30000000 0.000117157559319
35000000 0.00140587805808
40000000 0.00238170534744
45000000 0.00230946836319
50000000 0.00188553429566
55000000 0.0015777976054338
60000000 0.00132817772142
65000000 0.0010764003701552
70000000 0.0009939484673
75000000 0.00080152176530758
80000000 0.000688352337184
90000000 0.000563423224825
100000000 0.00049996170144
110000000 0.0004301306145
120000000 0.000398946655985
130000000 0.000311260212301
140000000 0.00029401126253697
150000000 0.00028729774614
160000000 0.00027202693968
180000000 0.00028105555828259
200000000 0.00027009930398
#Header 
#Target 99 254 0
#Product 98 247 0
#Datapoints 29
1000000 0
18000000 0
19000000 1.95014099511E-14
20000000 3.34770548244E-6
22000000 0.002222317083125
24000000 0.00936016740225
26000000 0.0147592030095
28000000 0.01696058455531
30000000 0.0166216469598
35000000 0.0112850428464
40000000 0.0076954388192
45000000 0.00640869825301
50000000 0.00562871336458
55000000 0.0047718334586065
60000000 0.00392184414864
65000000 0.0032740923012934
70000000 0.00282298201805
75000000 0.0025358838316617
80000000 0.00231122822652
90000000 0.0020668064035
100000000 0.0019820480391
110000000 0.0019958129376
120000000 0.00203027383185
130000000 0.00212596447494
140000000 0.0020756459632392
150000000 0.0021133053345
160000000 0.00210631594004
180000000 0.002108766006945
200000000 0.002097835124
#Header 
#Target 99 254 0
#Product 98 248 0
#Datapoints 36
1000000 0
11000000 0
12000000 2.663123673518E-14
13000000 2.1901133296E-6
14000000 6.652043849E-5
15000000 0.000396139555328
16000000 0.001150365320024
17000000 0.002242494250144
18000000 0.0036193740856647
19000000 0.00495658514925
20000000 0.00616941292
22000000 0.00686566154625
24000000 0.00733889044035
26000000 0.0067995982872
28000000 0.0059199280537233
30000000 0.00548941030038
35000000 0.00458812921056
40000000 0.00455498165072
45000000 0.00383320087347
50000000 0.0029445372113
55000000 0.0028276762591355
60000000 0.00244317228408
65000000 0.0021938926177276
70000000 0.00184144979474
75000000 0.0017457658731172
80000000 0.00186735871068
90000000 0.0018513767935
100000000 0.0019326333303
110000000 0.0019537809718
120000000 0.0019386835946
130000000 0.00200799829628
140000000 0.0020195547131067
150000000 0.0020243936787
160000000 0.00196130598986
180000000 0.001918294327131
200000000 0.0018784767188
#Header 
#Target 99 254 0
#Product 98 249 0
#Datapoints 41
1000000 0
6000000 0
7000000 4.490733491727E-6
8000000 8.113036932165E-5
9000000 0.0003712509018025
10000000 0.001237082890575
11000000 0.003247393036212
12000000 0.0063865023341798
13000000 0.00959361869298
14000000 0.01089164066925
15000000 0.01053048513298
16000000 0.00997402577048
17000000 0.00937272108288
18000000 0.009158774906451
19000000 0.00891427141395
20000000 0.0087104805788
22000000 0.00915853134425
24000000 0.00910609834575
26000000 0.0083226596418
28000000 0.008254163938733
30000000 0.0075272012817
35000000 0.00667485914928
40000000 0.00619772411792
45000000 0.00548766597345
50000000 0.00489416127146
55000000 0.0045072027351574
60000000 0.00411091688304
65000000 0.0036788991748627
70000000 0.00385114338477
75000000 0.0036299277111887
80000000 0.0037870155298
90000000 0.00382695376675
100000000 0.0038291994567
110000000 0.0037379649988
120000000 0.0037202743071
130000000 0.00370936893216
140000000 0.0036140013190677
150000000 0.0034798072038
160000000 0.00337477378504
180000000 0.0032638358194078
200000000 0.0030428176878
#Header 
#Target 99 254 0
#Product 98 250 0
#Datapoints 45
1000000 0
2000000 0
3000000 5.471897807385E-15
4000000 1.068757236044E-11
5000000 1.9012561104506E-8
6000000 5.445850975815E-7
7000000 4.163043532041E-6
8000000 1.27556927124E-5
9000000 3.8511366418E-5
10000000 0.000113565689205
11000000 0.0002641236033744
12000000 0.00048626695377638
13000000 0.000769087576418
14000000 0.00102271964487
15000000 0.001251300943008
16000000 0.001446903804792
17000000 0.001638671310656
18000000 0.0017936954064116
19000000 0.001995537454848
20000000 0.00229589852272
22000000 0.005341435175
24000000 0.01047449136825
26000000 0.00482623203501
28000000 0.0033644548247475
30000000 0.0028951008648
35000000 0.00220525066464
40000000 0.00174080766272
45000000 0.0016289706686
50000000 0.00169127254474
55000000 0.0018593968137692
60000000 0.00221629891032
65000000 0.0027021879887259
70000000 0.00323886174139
75000000 0.0037952188730702
80000000 0.00428260257926
90000000 0.00499958764875
100000000 0.0054421342866
110000000 0.0056631472476
120000000 0.005716624629
130000000 0.00567497396617
140000000 0.0055790984649642
150000000 0.00547114842
160000000 0.0053168671498
180000000 0.0050261224714415
200000000 0.0047377510488
#Header 
#Target 99 254 0
#Product 98 251 0
#Datapoints 45
1000000 0
2000000 0
3000000 6.187503942844E-12
4000000 6.88566016964E-9
5000000 1.4208058536124E-7
6000000 4.003833569787E-7
7000000 1.0330408963209E-6
8000000 2.48765737902E-6
9000000 5.680632369E-6
10000000 1.23587368605E-5
11000000 2.640763978884E-5
12000000 5.3387606491156E-5
13000000 9.91918183634E-5
14000000 0.000167982915881
15000000 0.00025925221629
16000000 0.000373063487336
17000000 0.00049866543072
18000000 0.0006469396155072
19000000 0.000838527158826
20000000 0.00116944988776
22000000 0.00488330458575
24000000 0.00837563128185
26000000 0.002173311275805
28000000 0.0009498852917368
30000000 0.00068489894019
35000000 0.0004833935484
40000000 0.000651278416264
45000000 0.00092270171343
50000000 0.00131184242656
55000000 0.0018932948785772
60000000 0.00257454532566
65000000 0.0032541189948197
70000000 0.0038830476291
75000000 0.0044411713496553
80000000 0.00491089957928
90000000 0.005508766581
100000000 0.0060582208932
110000000 0.006138363173
120000000 0.0060881626408
130000000 0.00592328660953
140000000 0.0057395668413996
150000000 0.0055434888294
160000000 0.00533132233036
180000000 0.0049191587109262
200000000 0.004564899614
#Header 
#Target 99 254 0
#Product 98 252 0
#Datapoints 35
1000000 0
12000000 0
13000000 5.2617172874E-16
14000000 1.23872982255E-14
15000000 2.15718812708E-13
16000000 2.49376296328E-12
17000000 2.08128425888E-11
18000000 1.337079077878E-10
19000000 6.94688484105E-10
20000000 3.03130709816E-9
22000000 3.9152899024E-8
24000000 3.382450364475E-7
26000000 1.98966238191E-6
28000000 8.845669203206E-6
30000000 2.6451619512E-5
35000000 0.000106529655312
40000000 0.000287943843552
45000000 0.000698037438908
50000000 0.00127217958798
55000000 0.0018591735331028
60000000 0.00242817215454
65000000 0.0029159995125385
70000000 0.00334153688742
75000000 0.0036826752811665
80000000 0.00396344695586
90000000 0.00426266198575
100000000 0.0043573734738
110000000 0.0043108871476
120000000 0.00418277675735
130000000 0.00400742439475
140000000 0.0038250161243811
150000000 0.0036296771706
160000000 0.00344816594444
180000000 0.0031170497908381
200000000 0.0028153573096
#Header 
#Target 99 254 0
#Product 98 253 0
#Datapoints 32
1000000 0
15000000 0
16000000 3.9234270752E-16
17000000 1.11768859168E-14
18000000 2.42362861495E-13
19000000 3.59877550536E-12
20000000 3.8602833808E-11
22000000 2.267464062575E-9
24000000 6.10094651565E-8
26000000 7.61120729955E-7
28000000 5.7154642028153E-6
30000000 2.66606049243E-5
35000000 0.000295747102272
40000000 0.000996209708
45000000 0.00194540566845
50000000 0.0029239495694
55000000 0.0038394497634044
60000000 0.00460894256658
65000000 0.0052476644460607
70000000 0.00575129097964
75000000 0.0062054719414849
80000000 0.00648552194224
90000000 0.0067728768815
100000000 0.0067858691148
110000000 0.0066333354586
120000000 0.0063483716782
130000000 0.00607364172505
140000000 0.0057404207953158
150000000 0.0054231395853
160000000 0.0051077368182
180000000 0.0045430675957745
200000000 0.00408587465
#Header 
#Target 99 254 0
#Product 99 242 0
#Datapoints 14
1000000 0
70000000 0
75000000 1.410924606558E-15
80000000 6.424047006E-13
90000000 8.67101562E-10
100000000 5.0896046754E-8
110000000 3.26825567E-7
120000000 7.17471133835E-7
130000000 1.00541604034E-6
140000000 1.0071835266504E-6
150000000 9.298301028E-7
160000000 9.5717839256E-7
180000000 1.0321136670416E-6
200000000 1.0645931582E-6
#Header 
#Target 99 254 0
#Product 99 243 0
#Datapoints 16
1000000 0
60000000 0
65000000 6.585111881932E-16
70000000 1.1643906854E-12
75000000 1.989870730091E-10
80000000 7.09652298518E-9
90000000 6.12269296825E-7
100000000 3.9407042088E-6
110000000 8.505769316E-6
120000000 9.9817674125E-6
130000000 9.8804006664E-6
140000000 1.0480932105171E-5
150000000 1.0418582787E-5
160000000 1.15992483212E-5
180000000 1.178341529768E-5
200000000 1.2855494102E-5
#Header 
#Target 99 254 0
#Product 99 244 0
#Datapoints 17
1000000 0
55000000 0
60000000 2.2557215142E-14
65000000 7.587659458057E-11
70000000 7.1603777693E-9
75000000 1.6799552795188E-7
80000000 1.63784169912E-6
90000000 1.7714643125E-5
100000000 5.0066731062E-5
110000000 6.4733268946E-5
120000000 6.02375198325E-5
130000000 6.01010934528E-5
140000000 5.8124285118141E-5
150000000 6.3989191683E-5
160000000 6.23930188448E-5
180000000 7.41053678092E-5
200000000 7.648024846E-5
#Header 
#Target 99 254 0
#Product 99 245 0
#Datapoints 18
1000000 0
50000000 0
55000000 9.79711584638E-13
60000000 2.76337294002E-9
65000000 1.2491817796576E-7
70000000 1.03947084306E-6
75000000 4.1718455378615E-6
80000000 1.04197305794E-5
90000000 2.8228836925E-5
100000000 4.4879960421E-5
110000000 5.5409445804E-5
120000000 6.7906565604E-5
130000000 8.5528869405E-5
140000000 0.00010172920775259
150000000 0.00011094958455
160000000 0.000123602066088
180000000 0.00013475262965385
200000000 0.00015207296676
#Header 
#Target 99 254 0
#Product 99 246 0
#Datapoints 19
1000000 0
45000000 0
50000000 4.295051536E-11
55000000 1.2646896045729E-7
60000000 4.12979721066E-6
65000000 1.7302969719254E-5
70000000 4.21979924377E-5
75000000 7.7632343779811E-5
80000000 0.000113937228742
90000000 0.000191927761625
100000000 0.00028303143534
110000000 0.00035169034694
120000000 0.00041612807266
130000000 0.000481452504214
140000000 0.0005252294269695
150000000 0.00054981270273
160000000 0.000574600412424
180000000 0.00062699239144516
200000000 0.0006378888406
#Header 
#Target 99 254 0
#Product 99 247 0
#Datapoints 21
1000000 0
35000000 0
40000000 2.9409866704E-15
45000000 1.19553073149E-8
50000000 8.2026844118E-6
55000000 9.991243162133E-5
60000000 0.000284038235514
65000000 0.0004824192761556
70000000 0.000720600237661
75000000 0.0010030919291575
80000000 0.00136741690416
90000000 0.0019538620805
100000000 0.0025567045065
110000000 0.0029977683986
120000000 0.00324994305065
130000000 0.00337363251652
140000000 0.0035018033859006
150000000 0.0037441156065
160000000 0.0037255200989
180000000 0.0036851454495557
200000000 0.0036051141148
#Header 
#Target 99 254 0
#Product 99 248 0
#Datapoints 22
1000000 0
30000000 0
35000000 4.7032578192E-12
40000000 4.82175913904E-7
45000000 5.09927383688E-5
50000000 0.000288955710206
55000000 0.00065757577131768
60000000 0.00114942784374
65000000 0.001779095120436
70000000 0.00255283114681
75000000 0.0033554351810972
80000000 0.00403397118964
90000000 0.00487420402
100000000 0.0054109496538
110000000 0.0058043127086
120000000 0.00599735781265
130000000 0.00604806910615
140000000 0.0059763869288244
150000000 0.0058549341198
160000000 0.00594245158944
180000000 0.0057936674601286
200000000 0.0055246199074
#Header 
#Target 99 254 0
#Product 99 249 0
#Datapoints 25
1000000 0
24000000 0
26000000 6.585986232E-16
28000000 1.403408029312E-11
30000000 5.73369672252E-9
35000000 2.37129807168E-5
40000000 0.00043433036328
45000000 0.00143250729227
50000000 0.00325443064688
55000000 0.0061642362213198
60000000 0.0096922636866
65000000 0.013067361720806
70000000 0.0157852269372
75000000 0.017795360161331
80000000 0.019256757123
90000000 0.0208337730775
100000000 0.021477813264
110000000 0.02124892907
120000000 0.020716452957
130000000 0.0202355440145
140000000 0.019698548891439
150000000 0.018876355263
160000000 0.0180901229416
180000000 0.016798422736498
200000000 0.01579452061
#Header 
#Target 99 254 0
#Product 99 250 0
#Datapoints 28
1000000 0
19000000 0
20000000 8.37001506E-15
22000000 8.8766737475E-11
24000000 3.719759672055E-8
26000000 2.24905323978E-6
28000000 3.4404921422118E-5
30000000 0.000176648569977
35000000 0.00112108499616
40000000 0.00301657955632
45000000 0.00731317768435
50000000 0.0132203658396
55000000 0.018421855957342
60000000 0.0225810839232
65000000 0.025705108092621
70000000 0.0280847402765
75000000 0.02980204612422
80000000 0.030726142006
90000000 0.0310538326725
100000000 0.030187775241
110000000 0.029173419196
120000000 0.0280398081035
130000000 0.0265493223055
140000000 0.025110272388828
150000000 0.023969808852
160000000 0.02254598645
180000000 0.020381364608059
200000000 0.018607498822
#Header 
#Target 99 254 0
#Product 99 251 0
#Datapoints 35
1000000 0
12000000 0
13000000 9.5562989354E-15
14000000 2.861422762E-12
15000000 1.89469889676E-10
16000000 5.12380534816E-9
17000000 7.64229876672E-8
18000000 7.21505517535E-7
19000000 4.72615959942E-6
20000000 2.13474939612E-5
22000000 0.000165768801425
24000000 0.0005594214703665
26000000 0.00110964940524
28000000 0.0018098947296008
30000000 0.00274258188876
35000000 0.0081743224704
40000000 0.0187176835592
45000000 0.0290595070249
50000000 0.0372162082608
55000000 0.043124859246147
60000000 0.0471841647948
65000000 0.049910546184175
70000000 0.0514984410262
75000000 0.052805238317048
80000000 0.0534527834668
90000000 0.0517742617075
100000000 0.04959590625
110000000 0.046675173634
120000000 0.043528020245
130000000 0.0408733178244
140000000 0.038502320166123
150000000 0.035826898608
160000000 0.0337416429524
180000000 0.029902360563361
200000000 0.026788315994
#Header 
#Target 99 254 0
#Product 99 252 0
#Datapoints 40
1000000 0
7000000 0
8000000 8.3277089115E-15
9000000 3.111274491E-12
10000000 2.54108550675E-10
11000000 7.48581051036E-9
12000000 1.1117556687958E-7
13000000 1.002236922148E-6
14000000 6.1001762558E-6
15000000 2.57994390846E-5
16000000 7.68852147464E-5
17000000 0.000172912254544
18000000 0.0003183992278457
19000000 0.000510160801752
20000000 0.00074031203004
22000000 0.001373938669875
24000000 0.00264267047541
26000000 0.004750387150545
28000000 0.008443443465308
30000000 0.0135441994329
35000000 0.027655217664
40000000 0.0386405758152
45000000 0.0460453007343
50000000 0.0515443039494
55000000 0.055066019234032
60000000 0.057477389805
65000000 0.058776101972664
70000000 0.0593145408469
75000000 0.058940101422998
80000000 0.0577808126814
90000000 0.0544648626825
100000000 0.050947146981
110000000 0.047234506778
120000000 0.0440800111335
130000000 0.0410625491101
140000000 0.037610665874793
150000000 0.03520234353
160000000 0.0325883992242
180000000 0.028466927974927
200000000 0.025109388524
#Header 
#Target 99 254 0
#Product 99 253 0
#Datapoints 40
1000000 0
7000000 0
8000000 3.1210388385E-14
9000000 2.20696146635E-11
10000000 2.0465817285E-9
11000000 6.24281692872E-8
12000000 9.046297518293E-7
13000000 7.74177373116E-6
14000000 4.4366200857E-5
15000000 0.0001809713473376
16000000 0.0005388363154
17000000 0.001234797068192
18000000 0.002342774254341
19000000 0.003905213546871
20000000 0.0059458845732
22000000 0.011619743642
24000000 0.01957903349115
26000000 0.0254412744102
28000000 0.031248674076603
30000000 0.0363020345988
35000000 0.0459228702912
40000000 0.0527915851792
45000000 0.0573078045277
50000000 0.0621598062956
55000000 0.065265200974351
60000000 0.0670871558214
65000000 0.066915623615067
70000000 0.0654491183538
75000000 0.066053841658398
80000000 0.064171220237
90000000 0.0603706222925
100000000 0.056303428473
110000000 0.05222478514
120000000 0.0480270632315
130000000 0.044119052205
140000000 0.04120327645665
150000000 0.037897687665
160000000 0.0352547664388
180000000 0.030785363476504
200000000 0.027213372494
#Header 
#Target 99 254 0
#Product 99 254 0
#Datapoints 43
1000000 0
4000000 0
5000000 3.481567952266E-16
6000000 3.173279920128E-13
7000000 5.360334937791E-11
8000000 2.94837457992E-9
9000000 7.30146456625E-8
10000000 1.01406491265E-6
11000000 8.86263718536E-6
12000000 5.1521143820321E-5
13000000 0.000210716013886
14000000 0.00064772334066
15000000 0.001565990928718
16000000 0.0030581324876
17000000 0.0049740200512
18000000 0.007037105504894
19000000 0.00907969826799
20000000 0.0110781550748
22000000 0.015056529422
24000000 0.018280545087
26000000 0.0191219678883
28000000 0.019820003237709
30000000 0.0201652352886
35000000 0.0200660472096
40000000 0.0196804054032
45000000 0.019386041288
50000000 0.0197899348458
55000000 0.019350593580753
60000000 0.0189583661916
65000000 0.018195490731909
70000000 0.0175299994665
75000000 0.016686639832563
80000000 0.0158995364058
90000000 0.014005769815
100000000 0.012203185716
110000000 0.010513016824
120000000 0.0090223356765
130000000 0.0077341593976
140000000 0.0066338579542884
150000000 0.0057024568188
160000000 0.00492358324164
180000000 0.003754891715952
200000000 0.0029677761718
#Header 
#Target 99 254 0
#Product 100 245 0
#Datapoints 16
1000000 0
60000000 0
65000000 4.38544529603E-12
70000000 2.641040973E-10
75000000 3.4530045018466E-9
80000000 2.54383539438E-8
90000000 2.71811267325E-7
100000000 7.7476728177E-7
110000000 9.959602636E-7
120000000 9.468778328E-7
130000000 8.3340989788E-7
140000000 8.687151196086E-7
150000000 8.634657204E-7
160000000 8.778947267E-7
180000000 7.745159457243E-7
200000000 6.511786358E-7
#Header 
#Target 99 254 0
#Product 100 246 0
#Datapoints 18
1000000 0
50000000 0
55000000 5.310747565526E-12
60000000 2.22665305896E-9
65000000 3.517505999961E-8
70000000 2.05931056161E-7
75000000 6.5283985427919E-7
80000000 1.44877585912E-6
90000000 3.8861131255E-6
100000000 5.3957417985E-6
110000000 5.770363151E-6
120000000 5.7787809886E-6
130000000 5.79075157962E-6
140000000 5.6982331201752E-6
150000000 5.1895832646E-6
160000000 4.82548346146E-6
180000000 4.3083379354951E-6
200000000 3.7760660498E-6
#Header 
#Target 99 254 0
#Product 100 247 0
#Datapoints 19
1000000 0
45000000 0
50000000 2.04445413138E-8
55000000 1.1841461787297E-6
60000000 7.95313787202E-6
65000000 2.4749809293351E-5
70000000 5.23879888567E-5
75000000 8.3396351526695E-5
80000000 0.000115161340874
90000000 0.0001478236022
100000000 0.00014397075216
110000000 0.00013720738462
120000000 0.00012741990506
130000000 0.000115618174989
140000000 0.00010255031163432
150000000 9.34642116E-5
160000000 8.2303105722E-5
180000000 6.763888453764E-5
200000000 5.695735771E-5
#Header 
#Target 99 254 0
#Product 100 248 0
#Datapoints 21
1000000 0
35000000 0
40000000 7.556684784E-9
45000000 1.77157999995E-5
50000000 0.000114278538404
55000000 0.00028638333491706
60000000 0.000491022725688
65000000 0.00066712475932843
70000000 0.000787598884063
75000000 0.00086363194399223
80000000 0.000882661186964
90000000 0.0008217416026
100000000 0.00071981743644
110000000 0.00061603067596
120000000 0.000530209376555
130000000 0.00046464999097
140000000 0.00041114147772522
150000000 0.00035854963959
160000000 0.000322920433692
180000000 0.00026150018255413
200000000 0.00021990997314
#Header 
#Target 99 254 0
#Product 100 249 0
#Datapoints 22
1000000 0
30000000 0
35000000 1.04709953088E-5
40000000 0.000549004743736
45000000 0.00139882871318
50000000 0.00198135042584
55000000 0.0023361805379826
60000000 0.0024541035948
65000000 0.0023934889212991
70000000 0.00229590459329
75000000 0.0021465304226474
80000000 0.0019829260972
90000000 0.00161955781125
100000000 0.0013501781586
110000000 0.00114837584
120000000 0.00097704654995
130000000 0.00084107406585
140000000 0.00072742447571277
150000000 0.00064526218878
160000000 0.000570001914606
180000000 0.00047130139659967
200000000 0.00039437430692
#Header 
#Target 99 254 0
#Product 100 250 0
#Datapoints 25
1000000 0
24000000 0
26000000 2.81237177385E-6
28000000 0.0007022003676188
30000000 0.00406490842137
35000000 0.0128160750144
40000000 0.0134380578024
45000000 0.0113407618703
50000000 0.0098003928158
55000000 0.008551294303878
60000000 0.00770444707626
65000000 0.0070320703113686
70000000 0.00626931691186
75000000 0.0057227786406341
80000000 0.00513397943408
90000000 0.00409570141975
100000000 0.0034394815089
110000000 0.0029316613662
120000000 0.00250465144645
130000000 0.00220266176385
140000000 0.0019239309818949
150000000 0.0016819240887
160000000 0.00150540624982
180000000 0.0012387341727072
200000000 0.0010426181942
#Header 
#Target 99 254 0
#Product 100 251 0
#Datapoints 28
1000000 0
19000000 0
20000000 0.00041052831534
22000000 0.00903476650775
24000000 0.0241190029815
26000000 0.03323771546355
28000000 0.03613557472002
30000000 0.0339353975157
35000000 0.0226662663936
40000000 0.0166073912016
45000000 0.0138887208962
50000000 0.0124355865716
55000000 0.011174300847614
60000000 0.0100856205054
65000000 0.009109775936868
70000000 0.00825652489471
75000000 0.0075377814008928
80000000 0.00686589387408
90000000 0.005604674824
100000000 0.0046599019245
110000000 0.003944115186
120000000 0.0034417843593
130000000 0.00295163859847
140000000 0.0026307748007772
150000000 0.0023131421178
160000000 0.00205255072184
180000000 0.0016709920938945
200000000 0.0014106324166
#Header 
#Target 99 254 0
#Product 100 252 0
#Datapoints 36
1000000 0
11000000 0
12000000 2.978045272167E-6
13000000 0.00421028324766
14000000 0.0247401447865
15000000 0.0513293227284
16000000 0.0720415630584
17000000 0.0853789444512
18000000 0.09335457798268
19000000 0.0979241355414
20000000 0.100108461904
22000000 0.0925510006875
24000000 0.070084866579
26000000 0.05022351654345
28000000 0.039834831007918
30000000 0.033550205667
35000000 0.0265641909888
40000000 0.0228112820048
45000000 0.0206308422343
50000000 0.0191238650356
55000000 0.017204003701347
60000000 0.015595936389
65000000 0.013988205529671
70000000 0.0126599284464
75000000 0.011360090441392
80000000 0.010056786594
90000000 0.00817079808475
100000000 0.0067658355513
110000000 0.0056893447764
120000000 0.00491823415465
130000000 0.00417780339649
140000000 0.0036550631272551
150000000 0.0032288275389
160000000 0.00291770848136
180000000 0.0023416737418074
200000000 0.0019534792332
#Header 
#Target 99 254 0
#Product 100 253 0
#Datapoints 41
1000000 0
6000000 0
7000000 3.802169730837E-5
8000000 0.0005355198901965
9000000 0.00260727144795
10000000 0.00830157938475
11000000 0.01987983913032
12000000 0.036997523296188
13000000 0.0517959364258
14000000 0.050161779844
15000000 0.0406489005048
16000000 0.0330809945848
17000000 0.02887646437088
18000000 0.026211656094621
19000000 0.02488346700399
20000000 0.0240317209308
22000000 0.0230358953055
24000000 0.02271088352295
26000000 0.0206782066458
28000000 0.019006014351722
30000000 0.0184084899651
35000000 0.0162638857824
40000000 0.0142712835952
45000000 0.0128901979718
50000000 0.0117308310324
55000000 0.010635889967954
60000000 0.0094977670194
65000000 0.0085868427095107
70000000 0.00730352416355
75000000 0.0067247946545913
80000000 0.00582151022668
90000000 0.004720373105
100000000 0.0038934511389
110000000 0.0033307686992
120000000 0.00276531877085
130000000 0.00237363113734
140000000 0.0021004165060098
150000000 0.0018162414984
160000000 0.00162809997066
180000000 0.0012648887811846
200000000 0.0010620647576
#Header 
#Target 99 254 0
#Product 100 254 0
#Datapoints 45
1000000 0
2000000 0
3000000 1.940916258943E-13
4000000 2.2384429160608E-10
5000000 4.6216104728008E-7
6000000 1.3218593990115E-5
7000000 9.624527016666E-5
8000000 0.000227164950837
9000000 0.000453968478295
10000000 0.000967887614475
11000000 0.001998346514508
12000000 0.0035449740759832
13000000 0.00525289215192
14000000 0.0068049717197
15000000 0.00806852045374
16000000 0.00908520650816
17000000 0.00969266544352
18000000 0.01007674277437
19000000 0.01026729317943
20000000 0.0103205657236
22000000 0.01033936072375
24000000 0.010229229507
26000000 0.00928951669665
28000000 0.008746320680833
30000000 0.0083142824115
35000000 0.0072512382624
40000000 0.0064642499048
45000000 0.00563574652635
50000000 0.00521783593866
55000000 0.0045421596916106
60000000 0.00415437006006
65000000 0.0035489804792882
70000000 0.00326574952801
75000000 0.0027879672750876
80000000 0.00257518197556
90000000 0.00207486799525
100000000 0.0017036328528
110000000 0.0014115250816
120000000 0.0012036465571
130000000 0.00103447680407
140000000 0.0008965641588981
150000000 0.0007916038185
160000000 0.0006960715926
180000000 0.00055411273522657
200000000 0.00045799316838
#Header 
#Target 99 254 0
#Product 100 255 0
#Datapoints 44
1000000 0
3000000 0
4000000 1.9213079309E-13
5000000 6.2455593251558E-10
6000000 7.248807758769E-9
7000000 7.798560185526E-8
8000000 7.682005660725E-7
9000000 4.28913495785E-6
10000000 1.55963104905E-5
11000000 4.081101313668E-5
12000000 7.8428449382605E-5
13000000 0.0001133185089526
14000000 0.0001326758613015
15000000 0.000137104347659
16000000 0.0001324533971496
17000000 0.000126246851184
18000000 0.00011974500388104
19000000 0.0001158991212645
20000000 0.000111866914588
22000000 0.000108026827395
24000000 0.000106676625174
26000000 9.87772464315E-5
28000000 9.509025755265E-5
30000000 9.297558372E-5
35000000 8.7092021904E-5
40000000 8.470910704E-5
45000000 8.1728284716E-5
50000000 8.254745396E-5
55000000 7.9721634584434E-5
60000000 7.69975676514E-5
65000000 7.482803348973E-5
70000000 7.24396228458E-5
75000000 6.4355192464069E-5
80000000 6.18491706666E-5
90000000 5.904443503E-5
100000000 4.8208578795E-5
110000000 3.7713144628E-5
120000000 3.4891728154E-5
130000000 3.3027071589E-5
140000000 2.9822224010997E-5
150000000 2.6336195031E-5
160000000 2.2422136753E-5
180000000 1.5426448518507E-5
200000000 8.012586208E-6
