#Header 
#Target 82 211 0
#Product 0 1 0
#Datapoints 45
1000000 0
2000000 1.3834015893E-13
3000000 4.416350595E-11
4000000 4.5682666715E-7
5000000 4.5322527375E-5
6000000 0.0009481718466
7000000 0.00840889205112
8000000 0.0391172406
9000000 0.11765801902
10000000 0.2681741268
11000000 0.5261765918
12000000 0.9147628992
13000000 1.3877674644
14000000 1.8569499465
15000000 2.272720643907
16000000 2.625881986568
17000000 2.92772898
18000000 3.19419803
19000000 3.44865573
20000000 3.6895908
22000000 4.384139992
24000000 5.070513605
26000000 5.494314336
28000000 5.830734494
30000000 6.218198199
35000000 7.113276651
40000000 7.739761944
45000000 8.354730384
50000000 8.74379883
55000000 9.11695793085
60000000 9.37697521092
65000000 9.64286072904
70000000 9.8010931626
75000000 9.97229015094
80000000 10.0719716262
90000000 10.31994816423
100000000 10.49897186849
110000000 10.7060264168
120000000 10.91141071128
130000000 11.13694751048
140000000 11.36378385935
150000000 11.6116800997
160000000 11.8759447026
180000000 12.44029914756
200000000 13.0504748878
#Header 
#Target 82 211 0
#Product 1 1 0
#Datapoints 44
1000000 0
3000000 0
4000000 1.3287180921E-16
5000000 6.588521625E-13
6000000 1.5181909434E-10
7000000 8.86789228074E-9
8000000 2.10163326E-7
9000000 2.7020888286E-6
10000000 2.253692092E-5
11000000 0.00012763935678
12000000 0.000497208072
13000000 0.0014071728072
14000000 0.0031433501836
15000000 0.005946913456162
16000000 0.00999124027275
17000000 0.01539572127
18000000 0.02222400849
19000000 0.03043694573
20000000 0.0408022376
22000000 0.0643869016
24000000 0.0920185245
26000000 0.12441289378
28000000 0.160037527
30000000 0.1983051558
35000000 0.3023808507
40000000 0.4105808736
45000000 0.5172077092
50000000 0.6220970664
55000000 0.717728738517
60000000 0.808539687369
65000000 0.889198155742
70000000 0.96676106417
75000000 1.03676907165
80000000 1.10499203023
90000000 1.231613297508
100000000 1.346147144153
110000000 1.446441776208
120000000 1.531343755053
130000000 1.60391350746
140000000 1.664761811247
150000000 1.720071023776
160000000 1.7681139432
180000000 1.85176847331
200000000 1.93459941724
#Header 
#Target 82 211 0
#Product 1 2 0
#Datapoints 43
1000000 0
4000000 0
5000000 3.57966295E-19
6000000 2.590796232E-15
7000000 2.108650584891E-12
8000000 9.16323594E-10
9000000 6.5735828E-8
10000000 1.621211456E-6
11000000 1.9236386038E-5
12000000 0.0001318808168
13000000 0.000570825258
14000000 0.0016622726043
15000000 0.003582625525108
16000000 0.006287896832192
17000000 0.00960389118
18000000 0.01324356803
19000000 0.01718507349
20000000 0.0212103476
22000000 0.02917616704
24000000 0.03716387415
26000000 0.0441176722
28000000 0.05047504592
30000000 0.05627748051
35000000 0.06976287986
40000000 0.08000883384
45000000 0.08745231924
50000000 0.09779924196
55000000 0.1017417224124
60000000 0.108882447279
65000000 0.1121125362728
70000000 0.11792755884
75000000 0.121372689711
80000000 0.127403649956
90000000 0.1256620404681
100000000 0.127287312789
110000000 0.1273790177088
120000000 0.1288943583291
130000000 0.129786883248
140000000 0.132474778438
150000000 0.1355704602446
160000000 0.13902815619
180000000 0.1439763765138
200000000 0.1513057664748
#Header 
#Target 82 211 0
#Product 1 3 0
#Datapoints 43
1000000 0
4000000 0
5000000 3.49128935E-16
6000000 5.0126567364E-13
7000000 1.352736726711E-10
8000000 1.022549316E-8
9000000 2.7857349358E-7
10000000 3.61175834E-6
11000000 2.705656622E-5
12000000 0.00012958466784
13000000 0.00041213877396
14000000 0.0009307724558
15000000 0.001670469371907
16000000 0.002594499336377
17000000 0.003661566885
18000000 0.004829923589
19000000 0.006059890939
20000000 0.00731899256
22000000 0.009949875664
24000000 0.01233839432
26000000 0.01453222862
28000000 0.016543312227
30000000 0.01836349218
35000000 0.02178984865
40000000 0.02390940096
45000000 0.0254690748
50000000 0.02676433644
55000000 0.0280098702324
60000000 0.0294902738112
65000000 0.031086557628
70000000 0.032932548375
75000000 0.0349587229758
80000000 0.037263365359
90000000 0.0426459540594
100000000 0.0492315640432
110000000 0.0530091214224
120000000 0.0570226348791
130000000 0.0612243099864
140000000 0.0658083050392
150000000 0.0701273757328
160000000 0.074600276454
180000000 0.0842155507008
200000000 0.0944666388904
#Header 
#Target 82 211 0
#Product 2 3 0
#Datapoints 36
1000000 0
11000000 0
12000000 5.725458736E-20
13000000 2.5504529064E-17
14000000 3.327092494E-15
15000000 1.637755417396E-13
16000000 3.967688152179E-12
17000000 5.699924343E-11
18000000 5.516387968E-10
19000000 3.933711167E-9
20000000 2.20693588E-8
22000000 4.399934464E-7
24000000 4.634365305E-6
26000000 3.55373529E-5
28000000 0.00014059306235
30000000 0.0003821560263
35000000 0.0016321405642
40000000 0.003457646856
45000000 0.005445842844
50000000 0.007397390808
55000000 0.00929474185248
60000000 0.01085772463239
65000000 0.0123451277181
70000000 0.0136327200299
75000000 0.01492803923754
80000000 0.0161331172926
90000000 0.0187113944592
100000000 0.0215546172863
110000000 0.02357651296
120000000 0.0256142268432
130000000 0.027677728254
140000000 0.0297663165706
150000000 0.0318848898992
160000000 0.034001568018
180000000 0.0381916126575
200000000 0.0422157509424
#Header 
#Target 82 211 0
#Product 2 4 0
#Datapoints 45
1000000 0
2000000 2.389343329E-15
3000000 2.9258193065E-9
4000000 5.4705290493E-7
5000000 3.53492565E-6
6000000 2.7538980696E-5
7000000 0.0001125898832844
8000000 0.000284101392
9000000 0.00059275672918
10000000 0.0011031444976
11000000 0.0018730796318
12000000 0.0028420088944
13000000 0.0039840316128
14000000 0.005191395792
15000000 0.006443143410487
16000000 0.007985945187361
17000000 0.009893159781
18000000 0.01356399277
19000000 0.02267613336
20000000 0.0494651696
22000000 0.04886719216
24000000 0.02197132285
26000000 0.02131083794
28000000 0.02108503475
30000000 0.02018816946
35000000 0.02126908258
40000000 0.02192511504
45000000 0.02770386424
50000000 0.02838885618
55000000 0.0290092229469
60000000 0.0288339785679
65000000 0.0332246042112
70000000 0.038724805468
75000000 0.0449983957878
80000000 0.054252976767
90000000 0.079802178735
100000000 0.1095021365298
110000000 0.1369488870464
120000000 0.1617911525862
130000000 0.180909641506
140000000 0.196528854547
150000000 0.204744232216
160000000 0.21360659364
180000000 0.223823667042
200000000 0.232283246188
#Header 
#Target 82 211 0
#Product 78 187 0
#Datapoints 10
1000000 0
100000000 0
110000000 5.98264423328E-15
120000000 1.601155093779E-9
130000000 3.199808225284E-6
140000000 7.02342957231E-5
150000000 0.0002654563518312
160000000 0.000508451816466
180000000 0.0004852707585066
200000000 0.0004597350117416
#Header 
#Target 82 211 0
#Product 78 188 0
#Datapoints 10
1000000 0
100000000 0
110000000 1.252225047216E-11
120000000 1.7717041831293E-7
130000000 1.5815198339424E-5
140000000 0.000128620599262
150000000 0.0003431605396656
160000000 0.000473986345734
180000000 0.0003352806390177
200000000 0.0004899019984516
#Header 
#Target 82 211 0
#Product 78 189 0
#Datapoints 11
1000000 0
90000000 0
100000000 3.13727455566E-15
110000000 1.378773778096E-9
120000000 9.774080203185E-7
130000000 2.791199551844E-5
140000000 0.00015307733291991
150000000 0.0002601043776478
160000000 0.000217695771018
180000000 0.0002309356078308
200000000 0.0003753462046054
#Header 
#Target 82 211 0
#Product 78 190 0
#Datapoints 11
1000000 0
90000000 0
100000000 3.36797521935E-12
110000000 1.97034179056E-8
120000000 2.815943422536E-6
130000000 5.24405230602E-5
140000000 0.00015638521467675
150000000 0.00016833543395894
160000000 0.0001477661178114
180000000 0.0002165128862841
200000000 0.00023989005558
#Header 
#Target 82 211 0
#Product 79 188 0
#Datapoints 10
1000000 0
100000000 0
110000000 1.152961494256E-9
120000000 1.4489017744851E-5
130000000 0.0003355602636936
140000000 0.0007738818276471
150000000 0.0009159846007226
160000000 0.001063793207367
180000000 0.002475433232343
200000000 0.002743794178146
#Header 
#Target 82 211 0
#Product 79 189 0
#Datapoints 11
1000000 0
90000000 0
100000000 8.23615056803E-13
110000000 9.425946646688E-8
120000000 1.6587114203691E-5
130000000 0.0001863516559652
140000000 0.000335838666093
150000000 0.0002902231499138
160000000 0.000445536463878
180000000 0.0006754631756229
200000000 0.000497001743917
#Header 
#Target 82 211 0
#Product 79 190 0
#Datapoints 11
1000000 0
90000000 0
100000000 1.741923993446E-9
110000000 3.275638590224E-6
120000000 0.00016853448682116
130000000 0.0007926583622144
140000000 0.0007938620296292
150000000 0.0009458564656818
160000000 0.001405519374699
180000000 0.0012558381757533
200000000 0.0011270280773724
#Header 
#Target 82 211 0
#Product 79 191 0
#Datapoints 12
1000000 0
80000000 0
90000000 3.64082328291E-13
100000000 6.764962006243E-9
110000000 1.965174257904E-6
120000000 2.569612155732E-5
130000000 3.894472255828E-5
140000000 3.302944943064E-5
150000000 4.552249255002E-5
160000000 6.50125310076E-5
180000000 8.948078471142E-5
200000000 9.872534650902E-5
#Header 
#Target 82 211 0
#Product 79 192 0
#Datapoints 12
1000000 0
80000000 0
90000000 3.5925232575E-10
100000000 7.266743179045E-7
110000000 7.438316044016E-5
120000000 0.0003439453402989
130000000 0.0003160611151544
140000000 0.0003087787555833
150000000 0.0004666516032636
160000000 0.000576654145353
180000000 0.0005689150113987
200000000 0.0006676669423536
#Header 
#Target 82 211 0
#Product 79 193 0
#Datapoints 13
1000000 0
75000000 0
80000000 4.0476971678E-13
90000000 4.334267750286E-9
100000000 2.140314949031E-6
110000000 3.230557497024E-5
120000000 4.221274568544E-5
130000000 2.630098938148E-5
140000000 4.080953232489E-5
150000000 6.090497809308E-5
160000000 6.82490714004E-5
180000000 8.589275115606E-5
200000000 0.0001245937374787
#Header 
#Target 82 211 0
#Product 79 194 0
#Datapoints 15
1000000 0
65000000 0
70000000 4.7231132441E-16
75000000 1.370906607564E-13
80000000 2.1034022229E-11
90000000 7.171661294283E-8
100000000 6.064333324812E-6
110000000 2.282369181664E-5
120000000 1.5105468862116E-5
130000000 1.5952857583828E-5
140000000 2.908728814948E-5
150000000 3.752925150154E-5
160000000 4.77044158536E-5
180000000 8.027083175517E-5
200000000 6.91273906456E-5
#Header 
#Target 82 211 0
#Product 79 195 0
#Datapoints 16
1000000 0
60000000 0
65000000 5.09370940772E-16
70000000 3.0821808894E-13
75000000 5.42585080206E-11
80000000 4.28848619474E-9
90000000 2.429241619872E-6
100000000 2.487480217012E-5
110000000 2.429173656624E-5
120000000 1.4113806438276E-5
130000000 2.845504384008E-5
140000000 4.886301654346E-5
150000000 6.49680640691E-5
160000000 8.11625977503E-5
180000000 8.57285311086E-5
200000000 7.336657094494E-5
#Header 
#Target 82 211 0
#Product 79 196 0
#Datapoints 17
1000000 0
55000000 0
60000000 2.29666291209E-16
65000000 1.913203141984E-13
70000000 1.30386199136E-10
75000000 1.4446470541776E-8
80000000 3.70166488846E-7
90000000 1.4174473012557E-5
100000000 2.477282117982E-5
110000000 1.1873567127136E-5
120000000 2.012056801083E-5
130000000 4.288006117252E-5
140000000 5.200094271201E-5
150000000 5.89337991317E-5
160000000 6.07056152373E-5
180000000 5.670938376765E-5
200000000 7.827303104222E-5
#Header 
#Target 82 211 0
#Product 79 197 0
#Datapoints 18
1000000 0
50000000 0
55000000 4.04670951405E-15
60000000 6.10478056089E-12
65000000 2.089142970712E-9
70000000 1.468502931022E-7
75000000 2.963302630002E-6
80000000 2.30235645585E-5
90000000 0.00012312254426031
100000000 9.255293449808E-5
110000000 9.392521357648E-5
120000000 0.0002219127325398
130000000 0.000287844530094
140000000 0.0002727858465499
150000000 0.0002602632819174
160000000 0.000249398255502
180000000 0.0002852346400182
200000000 0.0003190107389756
#Header 
#Target 82 211 0
#Product 79 198 0
#Datapoints 19
1000000 0
45000000 0
50000000 1.8664693578E-14
55000000 5.66302616082E-11
60000000 9.65945587914E-9
65000000 4.02642886602E-7
70000000 5.25652374225E-6
75000000 2.87049529611E-5
80000000 6.6999794224E-5
90000000 6.781769807115E-5
100000000 5.59251027279E-5
110000000 0.00012891292910496
120000000 0.000194576187708
130000000 0.0002107254086036
140000000 0.000227667230034
150000000 0.00024054757314
160000000 0.000252815883507
180000000 0.0002679713228052
200000000 0.000257196737637
#Header 
#Target 82 211 0
#Product 79 199 0
#Datapoints 21
1000000 0
35000000 0
40000000 6.351907416E-13
45000000 4.8323903108E-9
50000000 5.9589198414E-7
55000000 1.500659323758E-5
60000000 8.383238431518E-5
65000000 0.00017916846769568
70000000 0.000220051977158
75000000 0.000234408973695
80000000 0.000395314055411
90000000 0.0009278979411462
100000000 0.0009344165352508
110000000 0.0009229569052704
120000000 0.001083669387174
130000000 0.0006061637554456
140000000 0.0007085109069863
150000000 0.0004559535336422
160000000 0.000416826627426
180000000 0.0003438089906724
200000000 0.0003255268761444
#Header 
#Target 82 211 0
#Product 79 201 0
#Datapoints 25
1000000 0
24000000 0
26000000 1.940281434E-13
28000000 1.928748055E-11
30000000 3.650175522E-10
35000000 2.8475503918E-7
40000000 1.3119199392E-5
45000000 8.9785902232E-5
50000000 0.000148176985458
55000000 0.00018085890214413
60000000 0.00017341172525286
65000000 0.0001325225979546
70000000 0.0001896360765679
75000000 0.0002773925612016
80000000 0.000374922473904
90000000 0.0004112868061161
100000000 0.0003376131770767
110000000 0.0002064536204016
120000000 0.0001915549719489
130000000 0.00017794210362676
140000000 0.00013350194605866
150000000 0.00014187427456578
160000000 0.000116269448328
180000000 0.00015135449681988
200000000 0.0001768705654632
#Header 
#Target 82 211 0
#Product 80 189 0
#Datapoints 8
1000000 0
120000000 0
130000000 2.00526481936E-6
140000000 0.0003137411917115
150000000 0.001994148822952
160000000 0.00322399705518
180000000 0.002643498786069
200000000 0.002306514903182
#Header 
#Target 82 211 0
#Product 80 190 0
#Datapoints 9
1000000 0
110000000 0
120000000 1.2039607095039E-7
130000000 0.0001117058030198
140000000 0.002162120537705
150000000 0.006616861076606
160000000 0.0075825198009
180000000 0.00550021413744
200000000 0.004657054726016
#Header 
#Target 82 211 0
#Product 80 191 0
#Datapoints 10
1000000 0
100000000 0
110000000 2.88153806512E-10
120000000 2.26054700892E-6
130000000 0.0002040912832816
140000000 0.0014623165390501
150000000 0.002472420390002
160000000 0.00190696245597
180000000 0.0015710698376955
200000000 0.003798645337172
#Header 
#Target 82 211 0
#Product 80 192 0
#Datapoints 11
1000000 0
90000000 0
100000000 2.11916112282E-12
110000000 2.351108151392E-7
120000000 0.00010682931153276
130000000 0.002230076464704
140000000 0.006422251600885
150000000 0.006859690671824
160000000 0.00639540437976
180000000 0.013179109696866
200000000 0.015999862140808
#Header 
#Target 82 211 0
#Product 80 193 0
#Datapoints 11
1000000 0
90000000 0
100000000 1.212887485278E-9
110000000 4.886673187968E-6
120000000 0.0003073761148221
130000000 0.002151810442144
140000000 0.003770477086292
150000000 0.004284718240476
160000000 0.00532522449657
180000000 0.007187823027225
200000000 0.005918871655606
#Header 
#Target 82 211 0
#Product 80 194 0
#Datapoints 12
1000000 0
80000000 0
90000000 5.30226945612E-12
100000000 3.977912148273E-7
110000000 0.00010228047621792
120000000 0.002340866681649
130000000 0.008477350555036
140000000 0.011470428780623
150000000 0.012588722240866
160000000 0.01390635212868
180000000 0.01240015109472
200000000 0.011491349419214
#Header 
#Target 82 211 0
#Product 80 195 0
#Datapoints 13
1000000 0
75000000 0
80000000 2.9493359434E-16
90000000 6.82164632382E-10
100000000 1.6010895953066E-6
110000000 7.889518656448E-5
120000000 0.0004494480095304
130000000 0.0007299580531496
140000000 0.000921913884848
150000000 0.0010159223818036
160000000 0.001008125057808
180000000 0.0009330970658382
200000000 0.0012643563315894
#Header 
#Target 82 211 0
#Product 80 196 0
#Datapoints 14
1000000 0
70000000 0
75000000 1.313286648882E-15
80000000 7.7929903139E-11
90000000 2.357595599274E-6
100000000 0.0003177232211349
110000000 0.004201050783072
120000000 0.011387562273801
130000000 0.013404515157132
140000000 0.013087282206429
150000000 0.012265442905568
160000000 0.01166073188544
180000000 0.013773147127749
200000000 0.01497787062933
#Header 
#Target 82 211 0
#Product 80 197 0
#Datapoints 15
1000000 0
65000000 0
70000000 1.42293263819E-14
75000000 1.141399201878E-10
80000000 2.76630846921E-8
90000000 1.1483691767913E-5
100000000 0.0002578831279514
110000000 0.0011765885283152
120000000 0.001897043448033
130000000 0.00213733415654
140000000 0.002351126886173
150000000 0.00251347541015
160000000 0.00280933953399
180000000 0.002726082156033
200000000 0.002256674312396
#Header 
#Target 82 211 0
#Product 80 198 0
#Datapoints 16
1000000 0
60000000 0
65000000 1.453205331026E-12
70000000 1.82567045205E-9
75000000 2.674555898352E-7
80000000 9.49966835807E-6
90000000 0.0007362685240932
100000000 0.007524286627403
110000000 0.015209995655712
120000000 0.016029447275862
130000000 0.015899974938276
140000000 0.016611293917249
150000000 0.016994984433206
160000000 0.01627212387933
180000000 0.013767850487043
200000000 0.012939386894112
#Header 
#Target 82 211 0
#Product 80 199 0
#Datapoints 17
1000000 0
55000000 0
60000000 1.054336559064E-11
65000000 6.472191773916E-9
70000000 4.23591936233E-7
75000000 6.944997242274E-6
80000000 4.91557526867E-5
90000000 0.0007611572893236
100000000 0.001982230919417
110000000 0.002550534040912
120000000 0.003124709181315
130000000 0.003572128260668
140000000 0.003481164642134
150000000 0.003843931691822
160000000 0.00332204889951
180000000 0.00385775453169
200000000 0.0038610681214
#Header 
#Target 82 211 0
#Product 80 200 0
#Datapoints 19
1000000 0
45000000 0
50000000 7.419507048E-13
55000000 2.205288411039E-8
60000000 4.346724275658E-6
65000000 4.772996269358E-5
70000000 0.000247943731632
75000000 0.0010163909214264
80000000 0.00300760447526
90000000 0.010894818723072
100000000 0.014727726407989
110000000 0.015934371717264
120000000 0.015909375938652
130000000 0.014922065147088
140000000 0.014002873505213
150000000 0.013513977979372
160000000 0.01386346842639
180000000 0.013762253254203
200000000 0.01304262483741
#Header 
#Target 82 211 0
#Product 80 201 0
#Datapoints 20
1000000 0
40000000 0
45000000 1.22960955E-12
50000000 2.1804605796E-9
55000000 4.099427170839E-7
60000000 1.2186982836693E-5
65000000 0.00011287467155848
70000000 0.000607315110004
75000000 0.002185810231488
80000000 0.00487186685623
90000000 0.009189753125205
100000000 0.010787720728757
110000000 0.010650475913792
120000000 0.010023591305619
130000000 0.009474973280344
140000000 0.009550986201681
150000000 0.009624404064552
160000000 0.00962850865185
180000000 0.00972897537429
200000000 0.00977142464109
#Header 
#Target 82 211 0
#Product 80 202 0
#Datapoints 22
1000000 0
30000000 0
35000000 2.644803365E-15
40000000 1.7885198976E-8
45000000 1.04137000708E-5
50000000 6.0631303356E-5
55000000 0.0002394029190546
60000000 0.0007350519072942
65000000 0.002178133931488
70000000 0.00295250458662
75000000 0.004858756870968
80000000 0.00559631595798
90000000 0.006209694634359
100000000 0.006041074333357
110000000 0.005231883669584
120000000 0.005101722706113
130000000 0.005513121959444
140000000 0.005514558121508
150000000 0.005485150925404
160000000 0.00576489119976
180000000 0.006079629661299
200000000 0.006702614562994
#Header 
#Target 82 211 0
#Product 80 203 0
#Datapoints 24
1000000 0
26000000 0
28000000 2.524959866E-15
30000000 1.933668909E-13
35000000 5.39094602E-10
40000000 8.1256409664E-8
45000000 1.86992001248E-6
50000000 1.48411008042E-5
55000000 6.943405915593E-5
60000000 0.0002371267361337
65000000 0.000547341360505
70000000 0.000876684711763
75000000 0.0011154401984934
80000000 0.001230961710814
90000000 0.0012978525460308
100000000 0.0013037995861261
110000000 0.0013841628845616
120000000 0.0015872783654718
130000000 0.00188912873116
140000000 0.002199128597115
150000000 0.002558538665798
160000000 0.00288172174257
180000000 0.003404713814604
200000000 0.003844708038052
#Header 
#Target 82 211 0
#Product 80 204 0
#Datapoints 28
1000000 0
19000000 0
20000000 6.91085632E-15
22000000 5.415024616E-13
24000000 1.795550225E-11
26000000 1.2958985452E-9
28000000 1.05493004682E-7
30000000 7.1005306779E-7
35000000 8.2420100142E-6
40000000 1.7055298944E-5
45000000 0.000115160997744
50000000 0.000105604001622
55000000 0.0002099048263452
60000000 0.0002442115966059
65000000 0.0003251050731394
70000000 0.00027312060119
75000000 0.0003060951892284
80000000 0.000269565000914
90000000 0.0003072943155096
100000000 0.0004030506578847
110000000 0.000651841386768
120000000 0.0009581817299409
130000000 0.0013266158547092
140000000 0.0016433052565487
150000000 0.001977225161952
160000000 0.00224383085388
180000000 0.002686549107789
200000000 0.003044644169994
#Header 
#Target 82 211 0
#Product 80 205 0
#Datapoints 35
1000000 0
12000000 0
13000000 2.292557508E-15
14000000 3.5626038063E-14
15000000 3.676150128889E-13
16000000 2.553800110909E-12
17000000 1.226133405E-11
18000000 4.214971451E-11
19000000 1.0795092134E-10
20000000 2.38118752E-10
22000000 1.1325190616E-9
24000000 5.242330361E-9
26000000 2.2242098956E-8
28000000 6.2981192872E-8
30000000 1.2647901195E-7
35000000 4.4439008848E-7
40000000 1.66439990976E-6
45000000 5.1951309436E-6
50000000 1.0724000952E-5
55000000 1.5759994030767E-5
60000000 1.8955570329933E-5
65000000 2.0166839405168E-5
70000000 2.08134928284E-5
75000000 2.350698615408E-5
80000000 3.64485517396E-5
90000000 0.00012713537799534
100000000 0.0003204398867593
110000000 0.0005725539142752
120000000 0.0008364129927525
130000000 0.0010839977740548
140000000 0.0013096778716262
150000000 0.0015004724489408
160000000 0.001660659350922
180000000 0.00191402905095
200000000 0.002085446257692
#Header 
#Target 82 211 0
#Product 80 206 0
#Datapoints 37
1000000 0
10000000 0
11000000 1.2195685904E-13
12000000 2.4024762448E-12
13000000 3.91917531E-11
14000000 1.4044971732E-10
15000000 4.908975211875E-10
16000000 4.2152010449449E-9
17000000 5.7505397313E-9
18000000 5.1604704703E-8
19000000 5.0550397929E-8
20000000 9.536820988E-8
22000000 2.9479995512E-7
24000000 1.5901206185E-6
26000000 2.5672192994E-6
28000000 2.8816691436E-6
30000000 3.0390603327E-6
35000000 3.1259900729E-6
40000000 3.023260872E-6
45000000 2.8392809692E-6
50000000 7.5953700642E-6
55000000 6.631885752534E-6
60000000 5.749191607242E-6
65000000 5.142684780498E-6
70000000 9.70937308634E-6
75000000 2.491757433594E-5
80000000 5.80409323054E-5
90000000 0.00017070145048752
100000000 0.0003204518391627
110000000 0.0004749507457552
120000000 0.0006169267909224
130000000 0.0007452334721832
140000000 0.0008392967754483
150000000 0.0009179637783406
160000000 0.000986722481646
180000000 0.0010908906607782
200000000 0.0011642459912496
#Header 
#Target 82 211 0
#Product 80 207 0
#Datapoints 41
1000000 0
6000000 0
7000000 3.406740691656E-13
8000000 6.949199664E-11
9000000 3.06936012448E-9
10000000 5.1286098796E-8
11000000 4.2582504966E-7
12000000 2.08958003792E-6
13000000 6.875871114E-6
14000000 1.68878970458E-5
15000000 3.2932906306776E-5
16000000 5.4413701070794E-5
17000000 7.9226999301E-5
18000000 0.000104266995864
19000000 0.00012983096233
20000000 0.0001495370616
22000000 0.00018614696752
24000000 0.00021909595185
26000000 0.00020744002818
28000000 0.00023239408634
30000000 0.00020614909077
35000000 0.00021704803501
40000000 0.000183792992064
45000000 0.00016157600472
50000000 0.00016089001455
55000000 0.00015832791369801
60000000 0.00015252776851599
65000000 0.00012050063757678
70000000 0.0001248953831076
75000000 0.0001301878297356
80000000 0.000188675181398
90000000 0.0002531088425589
100000000 0.0003225527632313
110000000 0.0003799729714352
120000000 0.0004346615878956
130000000 0.0004887707617804
140000000 0.0005189087486101
150000000 0.0005588723730724
160000000 0.000577158908139
180000000 0.0006228364031235
200000000 0.0006438482054942
#Header 
#Target 82 211 0
#Product 80 208 0
#Datapoints 22
1000000 0
30000000 0
35000000 1.958795312E-14
40000000 3.648352416E-12
45000000 2.394064712E-10
50000000 2.974880016E-8
55000000 6.658885772217E-7
60000000 4.466592310923E-6
65000000 1.4138759764298E-5
70000000 2.94770606217E-5
75000000 4.688658612534E-5
80000000 6.52748228506E-5
90000000 9.667561667172E-5
100000000 0.00012351164494529
110000000 0.0001438193781024
120000000 0.00015959163610674
130000000 0.00017400328733612
140000000 0.000183270189479
150000000 0.000192483485181
160000000 0.000197315753382
180000000 0.0002084874218145
200000000 0.0002154975761428
#Header 
#Target 82 211 0
#Product 81 190 0
#Datapoints 8
1000000 0
120000000 0
130000000 7.372058968384E-9
140000000 4.832819505106E-5
150000000 0.000722205653828
160000000 0.001283547128391
180000000 0.0013133229662988
200000000 0.0015943394508566
#Header 
#Target 82 211 0
#Product 81 191 0
#Datapoints 9
1000000 0
110000000 0
120000000 5.56714836693E-10
130000000 1.2116499131E-5
140000000 0.0004324540604316
150000000 0.0007171194701942
160000000 0.000492722978319
180000000 0.0005816034545355
200000000 0.000837056061093
#Header 
#Target 82 211 0
#Product 81 192 0
#Datapoints 10
1000000 0
100000000 0
110000000 4.1440546576E-13
120000000 4.787170018398E-7
130000000 0.000122707523829
140000000 0.0005361690115988
150000000 0.0004952310349538
160000000 0.000467785829808
180000000 0.0009894501442746
200000000 0.0010030520529596
#Header 
#Target 82 211 0
#Product 81 193 0
#Datapoints 11
1000000 0
90000000 0
100000000 5.91584206283E-15
110000000 2.649865712208E-7
120000000 0.0002797768151514
130000000 0.003145115357648
140000000 0.004917629490888
150000000 0.003680292360018
160000000 0.00484197312951
180000000 0.006288337344591
200000000 0.00576879195984
#Header 
#Target 82 211 0
#Product 81 194 0
#Datapoints 11
1000000 0
90000000 0
100000000 7.299228654802E-9
110000000 9.137864742864E-5
120000000 0.002544048880641
130000000 0.007042236138608
140000000 0.005435085524304
150000000 0.005808701039278
160000000 0.00859209468678
180000000 0.007702025605875
200000000 0.006358598649424
#Header 
#Target 82 211 0
#Product 81 195 0
#Datapoints 12
1000000 0
80000000 0
90000000 1.9422039790326E-8
100000000 1.0769021000857E-5
110000000 0.0009656226358064
120000000 0.004387825432989
130000000 0.004221454373092
140000000 0.003715426921273
150000000 0.005435090736166
160000000 0.00558822070224
180000000 0.003984720157485
200000000 0.004391272261544
#Header 
#Target 82 211 0
#Product 81 196 0
#Datapoints 13
1000000 0
75000000 0
80000000 6.0109888003E-13
90000000 1.6077889142124E-6
100000000 0.0006647944121343
110000000 0.004837232521264
120000000 0.004922766763605
130000000 0.003244395697444
140000000 0.005316766193261
150000000 0.006551165206042
160000000 0.00603511541127
180000000 0.006878468805273
200000000 0.006135682733138
#Header 
#Target 82 211 0
#Product 81 197 0
#Datapoints 15
1000000 0
65000000 0
70000000 9.2855828926E-16
75000000 1.578804254352E-10
80000000 1.523897246377E-7
90000000 0.0002270859998088
100000000 0.003316277219031
110000000 0.004438880276688
120000000 0.002738461427685
130000000 0.004507410890972
140000000 0.00663581029769
150000000 0.006571327521326
160000000 0.00685708268553
180000000 0.006666731015067
200000000 0.00526518103482
#Header 
#Target 82 211 0
#Product 81 198 0
#Datapoints 16
1000000 0
60000000 0
65000000 4.45188537396E-13
70000000 5.20476488107E-9
75000000 1.5843458868822E-6
80000000 6.44583259804E-5
90000000 0.003266064624216
100000000 0.007478611096152
110000000 0.00507825033144
120000000 0.007071950722014
130000000 0.01242140898526
140000000 0.014203806878191
150000000 0.015270924769748
160000000 0.01514416574088
180000000 0.013500568798605
200000000 0.014233915485468
#Header 
#Target 82 211 0
#Product 81 199 0
#Datapoints 17
1000000 0
55000000 0
60000000 4.28131289901E-11
65000000 1.757054801238E-7
70000000 1.84034110005E-5
75000000 0.000435922148727
80000000 0.00312213366124
90000000 0.012410350460544
100000000 0.008384620624135
110000000 0.008944348118992
120000000 0.018433769344083
130000000 0.0250934486176
140000000 0.02624484905109
150000000 0.02614297675198
160000000 0.0274464500706
180000000 0.03046630843665
200000000 0.02810763697952
#Header 
#Target 82 211 0
#Product 81 200 0
#Datapoints 19
1000000 0
45000000 0
50000000 1.2583485264E-14
55000000 3.162738297096E-9
60000000 2.0391471880779E-6
65000000 0.00010549170638506
70000000 0.00142522288935
75000000 0.006099165927114
80000000 0.01138033041112
90000000 0.009283819243068
100000000 0.007817878138854
110000000 0.01909273702336
120000000 0.0286624061208
130000000 0.03007706872016
140000000 0.03171458970894
150000000 0.0349232214801
160000000 0.0354974869557
180000000 0.03248202055086
200000000 0.03158766722706
#Header 
#Target 82 211 0
#Product 81 201 0
#Datapoints 20
1000000 0
40000000 0
45000000 2.143621844E-11
50000000 3.9521393232E-7
55000000 2.701908045774E-5
60000000 0.0003648524097444
65000000 0.002703242929004
70000000 0.0075504120004
75000000 0.009742513861548
80000000 0.00786224205723
90000000 0.005548143517095
100000000 0.014381461425877
110000000 0.02483204742304
120000000 0.0289106564463
130000000 0.03262519882556
140000000 0.03464060819845
150000000 0.0341971964232
160000000 0.0341758045233
180000000 0.03641630514885
200000000 0.03777418732878
#Header 
#Target 82 211 0
#Product 81 202 0
#Datapoints 21
1000000 0
35000000 0
40000000 1.86366006096E-8
45000000 4.9397504208E-6
50000000 0.000130403002968
55000000 0.001448139273273
60000000 0.005379252240513
65000000 0.008843924716354
70000000 0.00842704842128
75000000 0.006474472995276
80000000 0.00574859404702
90000000 0.012675438377781
100000000 0.0270349870259
110000000 0.03457868384256
120000000 0.03872208577149
130000000 0.04009927451596
140000000 0.04038167513097
150000000 0.040734361308
160000000 0.0423520986636
180000000 0.04248432746217
200000000 0.04337294872806
#Header 
#Target 82 211 0
#Product 81 203 0
#Datapoints 24
1000000 0
26000000 0
28000000 2.08305825E-13
30000000 1.80754416E-10
35000000 2.0998299434E-5
40000000 5.6105002944E-5
45000000 0.0051166402352
50000000 0.0070234092852
55000000 0.00831288552948
60000000 0.005552492369976
65000000 0.004703567163636
70000000 0.00540967308183
75000000 0.004465671131298
80000000 0.00645931263153
90000000 0.016349476037139
100000000 0.02533547093084
110000000 0.03004675202672
120000000 0.0325129825179
130000000 0.03473818009552
140000000 0.03646019217067
150000000 0.03850148910442
160000000 0.038690437401
180000000 0.03930582477627
200000000 0.03936153045412
#Header 
#Target 82 211 0
#Product 81 204 0
#Datapoints 27
1000000 0
20000000 0
22000000 2.013729552E-11
24000000 1.6842603955E-8
26000000 6.2551197324E-7
28000000 3.7632297456E-6
30000000 1.16788001715E-5
35000000 0.000163326004964
40000000 0.00141164995992
45000000 0.0042366008672
50000000 0.0063055796166
55000000 0.006680836539153
60000000 0.006210761232399
65000000 0.005995443060978
70000000 0.00690037596342
75000000 0.009855442996386
80000000 0.01479227777885
90000000 0.02431421706489
100000000 0.0305985382654
110000000 0.03422013541232
120000000 0.03723535455246
130000000 0.03928663305908
140000000 0.04129915382274
150000000 0.04164782927126
160000000 0.0430454342043
180000000 0.04498803535806
200000000 0.04647758837526
#Header 
#Target 82 211 0
#Product 81 205 0
#Datapoints 35
1000000 0
12000000 0
13000000 1.6367666688E-10
14000000 2.78045982423E-9
15000000 1.6665898699632E-8
16000000 1.0990898310481E-7
17000000 7.6963202265E-7
18000000 3.3708994525E-6
19000000 8.0700795179E-6
20000000 1.2518700688E-5
22000000 1.6416100416E-5
24000000 2.4720293885E-5
26000000 6.7042790696E-5
28000000 0.0001971220017
30000000 0.00051457612608
35000000 0.0026834796096
40000000 0.0053244202272
45000000 0.006224600616
50000000 0.0057150698652
55000000 0.004975018645464
60000000 0.00489661284207
65000000 0.0058447731058
70000000 0.00773326328941
75000000 0.010502807811288
80000000 0.01339470068992
90000000 0.018940460819025
100000000 0.02365692937594
110000000 0.02758938305552
120000000 0.02960079235119
130000000 0.03208416389552
140000000 0.03362094684435
150000000 0.03518302639802
160000000 0.0355579669071
180000000 0.03696257088846
200000000 0.03751264372142
#Header 
#Target 82 211 0
#Product 81 206 0
#Datapoints 42
1000000 0
5000000 0
6000000 5.5280088522E-14
7000000 5.55541284111E-12
8000000 4.321499136E-10
9000000 1.92661019164E-8
10000000 2.8300298296E-7
11000000 1.03049006104E-6
12000000 2.61015020592E-6
13000000 1.50692990448E-5
14000000 5.94824987427E-5
15000000 0.00013786501909796
16000000 0.00027196408723802
17000000 0.00038190601557
18000000 0.00082749804615
19000000 0.00059559101568
20000000 0.0008878138932
22000000 0.0019109896472
24000000 0.0024151798215
26000000 0.004101399239
28000000 0.0061928295338
30000000 0.0074594588337
35000000 0.0096208708002
40000000 0.0089900990976
45000000 0.0073579693876
50000000 0.0062893200846
55000000 0.006880497125355
60000000 0.008527448455299
65000000 0.0103044700999
70000000 0.01242543980454
75000000 0.015088764978222
80000000 0.0177881335643
90000000 0.0226504905486
100000000 0.02653024859716
110000000 0.02907152451632
120000000 0.0311514178113
130000000 0.03221172140516
140000000 0.03327556836304
150000000 0.03378064277566
160000000 0.0341643214341
180000000 0.03441218483475
200000000 0.03407539327178
#Header 
#Target 82 211 0
#Product 81 207 0
#Datapoints 46
1000000 0
1000000 0
2000000 2.3768001867E-15
3000000 7.013539848E-12
4000000 1.75484046066E-8
5000000 1.73499984E-6
6000000 2.18441980872E-5
7000000 9.608249551347E-5
8000000 0.0002406939822
9000000 0.000487732990492
10000000 0.0008639950182
11000000 0.00140430000022
12000000 0.0020171999808
13000000 0.00266846964972
14000000 0.00327934004046
15000000 0.0037999805185531
16000000 0.0043769108541029
17000000 0.0049862303229
18000000 0.0059655497581
19000000 0.0086581904243
20000000 0.0164843958
22000000 0.016927400872
24000000 0.008511460688
26000000 0.0077190500128
28000000 0.0068171691003
30000000 0.0058835294703
35000000 0.0044090690688
40000000 0.0034882308528
45000000 0.0033753796076
50000000 0.003533519856
55000000 0.003958708840002
60000000 0.004687473012939
65000000 0.005608843724926
70000000 0.00657422912007
75000000 0.007535552792976
80000000 0.00839198312656
90000000 0.009808905587685
100000000 0.010753124304335
110000000 0.011395049061968
120000000 0.011656397851011
130000000 0.011819886280488
140000000 0.011805015199362
150000000 0.011736138484132
160000000 0.01163474170947
180000000 0.011382598349982
200000000 0.011031224201284
#Header 
#Target 82 211 0
#Product 81 208 0
#Datapoints 45
1000000 0
2000000 0
3000000 2.90849997084E-9
4000000 5.27296942816E-7
5000000 1.7765598375E-6
6000000 5.4521099433E-6
7000000 1.543970479716E-5
8000000 4.05305022E-5
9000000 9.7650633248E-5
10000000 0.00021938994568
11000000 0.00041952998162
12000000 0.00071668008992
13000000 0.00108677014464
14000000 0.0014966497964
15000000 0.0018911802432733
16000000 0.0023126600607814
17000000 0.0028599901779
18000000 0.0039789105946
19000000 0.0075965904909
20000000 0.01723380628
22000000 0.0129005003352
24000000 0.003231489445
26000000 0.0022625605086
28000000 0.00162442005882
30000000 0.00118845011241
35000000 0.0015673898914
40000000 0.002515180176
45000000 0.003450360758
50000000 0.0048858009684
55000000 0.006947267472117
60000000 0.009200876523624
65000000 0.011401166209618
70000000 0.01343043420747
75000000 0.015374562075834
80000000 0.01693224662151
90000000 0.019294147928172
100000000 0.02056515106548
110000000 0.02147472170272
120000000 0.02166319739304
130000000 0.02157689545616
140000000 0.02135449834334
150000000 0.021019186962
160000000 0.0206029339857
180000000 0.01969754340987
200000000 0.01904005483044
#Header 
#Target 82 211 0
#Product 81 209 0
#Datapoints 34
1000000 0
13000000 0
14000000 3.3101973773E-15
15000000 1.632159499327E-13
16000000 3.953317549372E-12
17000000 5.678284515E-11
18000000 5.494071436E-10
19000000 3.9163006107E-9
20000000 2.195949328E-8
22000000 4.3642197064E-7
24000000 4.55547976E-6
26000000 3.4426995596E-5
28000000 0.000130282001642
30000000 0.00032052105486
35000000 0.00084212797886
40000000 0.00167522993136
45000000 0.0034118891248
50000000 0.0056942191656
55000000 0.008092756223622
60000000 0.01027438538274
65000000 0.012294163560142
70000000 0.01411533137176
75000000 0.01551476167917
80000000 0.01682744822825
90000000 0.018527081798133
100000000 0.019497839998
110000000 0.019683833884
120000000 0.01945962708804
130000000 0.01935065175692
140000000 0.01883334910641
150000000 0.01839217160092
160000000 0.0178928897103
180000000 0.016935860088909
200000000 0.015745212629706
#Header 
#Target 82 211 0
#Product 81 210 0
#Datapoints 29
1000000 0
18000000 0
19000000 8.431888016E-15
20000000 3.0741294E-12
22000000 7.147239216E-10
24000000 4.067939226E-8
26000000 8.3737005156E-7
28000000 7.9293307197E-6
30000000 4.222350342E-5
35000000 0.00053466609404
40000000 0.00182492006832
45000000 0.0035431789588
50000000 0.0052619306334
55000000 0.00682799765886
60000000 0.008172678584457
65000000 0.009305552511042
70000000 0.01025464847106
75000000 0.011004403288944
80000000 0.01155552676135
90000000 0.012348954188928
100000000 0.012677131596738
110000000 0.012715623290656
120000000 0.012618366932547
130000000 0.012291347548612
140000000 0.011882490335729
150000000 0.011596489777874
160000000 0.01112504225184
180000000 0.010438115406921
200000000 0.00982182485627
#Header 
#Target 82 211 0
#Product 82 191 0
#Datapoints 6
1000000 0
140000000 0
150000000 3.23929560168E-7
160000000 4.98085862769E-5
180000000 0.0016403292021888
200000000 0.0004538063951372
#Header 
#Target 82 211 0
#Product 82 192 0
#Datapoints 7
1000000 0
130000000 0
140000000 3.704838754885E-7
150000000 6.80152137681E-5
160000000 0.00201340118232
180000000 0.002142677740005
200000000 0.0015821768906608
#Header 
#Target 82 211 0
#Product 82 193 0
#Datapoints 8
1000000 0
120000000 0
130000000 1.940893029196E-8
140000000 1.2349232155699E-5
150000000 0.000439833479324
160000000 0.001689298210611
180000000 0.0005734050632118
200000000 0.000470070883072
#Header 
#Target 82 211 0
#Product 82 194 0
#Datapoints 9
1000000 0
110000000 0
120000000 3.234843067293E-9
130000000 1.11915744853E-5
140000000 0.0006029684686143
150000000 0.003502079083936
160000000 0.00270221041332
180000000 0.001043251644654
200000000 0.0010377912900376
#Header 
#Target 82 211 0
#Product 82 195 0
#Datapoints 10
1000000 0
100000000 0
110000000 2.90397927248E-11
120000000 8.921196219735E-7
130000000 5.965637212612E-5
140000000 0.0005861822191413
150000000 0.0007041083814736
160000000 0.000353226692511
180000000 0.0002068061789133
200000000 0.0002985300170426
#Header 
#Target 82 211 0
#Product 82 196 0
#Datapoints 11
1000000 0
90000000 0
100000000 8.62117218207E-13
110000000 7.974195424624E-7
120000000 0.00012858509606967
130000000 0.001759966914486
140000000 0.00287628947355
150000000 0.0016602729599986
160000000 0.00091447482951
180000000 0.0011745340498998
200000000 0.0012574702299656
#Header 
#Target 82 211 0
#Product 82 197 0
#Datapoints 11
1000000 0
90000000 0
100000000 2.941436353758E-8
110000000 1.926399787312E-5
120000000 0.0005254537052547
130000000 0.001333733743122
140000000 0.0009019315175967
150000000 0.0004924201039336
160000000 0.000518059040895
180000000 0.000715412734002
200000000 0.0009217784315838
#Header 
#Target 82 211 0
#Product 82 198 0
#Datapoints 12
1000000 0
80000000 0
90000000 4.349207929086E-9
100000000 1.2931106674339E-5
110000000 0.0006629384313552
120000000 0.002516694856011
130000000 0.002055359832724
140000000 0.0013985280692963
150000000 0.0016318335493352
160000000 0.00200132632656
180000000 0.002711857583439
200000000 0.003728937229906
#Header 
#Target 82 211 0
#Product 82 199 0
#Datapoints 13
1000000 0
75000000 0
80000000 1.26027993201E-10
90000000 3.634548407814E-6
100000000 0.0003514288059422
110000000 0.001907724010192
120000000 0.00208217868516
130000000 0.0015825397083056
140000000 0.0017273270843419
150000000 0.001922836078374
160000000 0.00230953455414
180000000 0.003087613298808
200000000 0.003596296042612
#Header 
#Target 82 211 0
#Product 82 200 0
#Datapoints 15
1000000 0
65000000 0
70000000 1.42135146835E-13
75000000 2.88431349258E-9
80000000 8.40896392094E-7
90000000 0.00019644530505666
100000000 0.002080452686067
110000000 0.003382001587536
120000000 0.003452940740898
130000000 0.00400318075938
140000000 0.00465088997814
150000000 0.005420206821676
160000000 0.00597806805816
180000000 0.00703116097164
200000000 0.007945363439524
#Header 
#Target 82 211 0
#Product 82 201 0
#Datapoints 16
1000000 0
60000000 0
65000000 1.110166541298E-11
70000000 5.38774250066E-8
75000000 4.075664413314E-6
80000000 5.02571397548E-5
90000000 0.0012401852250945
100000000 0.003467783571161
110000000 0.004179114786704
120000000 0.004883355397323
130000000 0.005176010652076
140000000 0.005512979279383
150000000 0.00588888178222
160000000 0.00633959691849
180000000 0.006625969685172
200000000 0.006900886594112
#Header 
#Target 82 211 0
#Product 82 202 0
#Datapoints 18
1000000 0
50000000 0
55000000 2.78252318421E-14
60000000 4.183494243603E-9
65000000 1.5744953933016E-6
70000000 3.58657203077E-5
75000000 0.0002373539578644
80000000 0.001024304801971
90000000 0.00453524853978
100000000 0.007533586368371
110000000 0.010119966528672
120000000 0.011293983988182
130000000 0.011495984652372
140000000 0.012764792424954
150000000 0.01290720416363
160000000 0.01355498897247
180000000 0.01389319567938
200000000 0.014297375871156
#Header 
#Target 82 211 0
#Product 82 203 0
#Datapoints 19
1000000 0
45000000 0
50000000 5.090073114E-11
55000000 3.07841804046E-7
60000000 1.8339671509746E-5
65000000 0.000170178502588
70000000 0.000872079758363
75000000 0.002911953928884
80000000 0.00611152896981
90000000 0.011985268954863
100000000 0.016185780820685
110000000 0.018173888789056
120000000 0.01903581636381
130000000 0.01999665760356
140000000 0.01998864653198
150000000 0.02037102856008
160000000 0.0200274586182
180000000 0.02042222958396
200000000 0.0201019123508
#Header 
#Target 82 211 0
#Product 82 204 0
#Datapoints 21
1000000 0
35000000 0
40000000 2.024441736E-13
45000000 5.125330184E-8
50000000 1.67125995588E-5
55000000 0.000251978913585
60000000 0.0013155980434158
65000000 0.005043284477084
70000000 0.01254473866145
75000000 0.02142560388462
80000000 0.0291751649167
90000000 0.03956845414977
100000000 0.04544564026625
110000000 0.04773513494464
120000000 0.04858852067442
130000000 0.04870551691016
140000000 0.04840805739672
150000000 0.04809462180632
160000000 0.0483366550194
180000000 0.04782889015551
200000000 0.04690414463448
#Header 
#Target 82 211 0
#Product 82 205 0
#Datapoints 22
1000000 0
30000000 0
35000000 7.822993915E-10
40000000 7.7411307576E-6
45000000 0.00035507705272
50000000 0.0023008507416
55000000 0.009685996159203
60000000 0.02944215784134
65000000 0.05834232544346
70000000 0.0843358908518
75000000 0.10244208401622
80000000 0.1132763063399
90000000 0.12115863809892
100000000 0.12216676822595
110000000 0.11912860053952
120000000 0.11651399372547
130000000 0.1142440492028
140000000 0.11172628481201
150000000 0.10916742917338
160000000 0.1067531727834
180000000 0.10320366212361
200000000 0.10010333227748
#Header 
#Target 82 211 0
#Product 82 206 0
#Datapoints 26
1000000 0
22000000 0
24000000 6.86521846E-14
26000000 2.442799296E-10
28000000 6.5422295627E-8
30000000 2.5665895629E-6
35000000 0.00035080391962
40000000 0.0025277997288
45000000 0.0096295211948
50000000 0.031216089816
55000000 0.0680644622133
60000000 0.10429683894357
65000000 0.12849860893844
70000000 0.1435082991119
75000000 0.15086765534724
80000000 0.1550156960792
90000000 0.15612708982869
100000000 0.15328465769715
110000000 0.14947240527648
120000000 0.14435730394083
130000000 0.13946155935008
140000000 0.13507640351353
150000000 0.13083837304206
160000000 0.1271751776658
180000000 0.11979937111716
200000000 0.11375918808268
#Header 
#Target 82 211 0
#Product 82 207 0
#Datapoints 32
1000000 0
15000000 0
16000000 1.020179296683E-15
17000000 7.888638375E-13
18000000 8.526162732E-11
19000000 3.2545203785E-9
20000000 6.183440128E-8
22000000 4.3929603952E-6
24000000 6.718559289E-5
26000000 0.00032232999932
28000000 0.00084273998666
30000000 0.00164943009126
35000000 0.0054224391532
40000000 0.0170064996528
45000000 0.041164000228
50000000 0.066833700474
55000000 0.08389476497871
60000000 0.09326556342417
65000000 0.09727990986214
70000000 0.0993047197724
75000000 0.09958571016888
80000000 0.0987935162632
90000000 0.09466771561539
100000000 0.08995768215854
110000000 0.08507543073744
120000000 0.08090835142221
130000000 0.077038311273
140000000 0.07330715555219
150000000 0.07017691752358
160000000 0.0672667389108
180000000 0.06180195005532
200000000 0.05755408601992
#Header 
#Target 82 211 0
#Product 82 208 0
#Datapoints 39
1000000 0
8000000 0
9000000 1.8052079036E-12
10000000 3.7254994116E-10
11000000 2.00980983248E-8
12000000 4.0393301968E-7
13000000 4.27635999336E-6
14000000 2.63278974904E-5
15000000 0.00011000403879514
16000000 0.00031034103473549
17000000 0.00065078299587
18000000 0.00113398003609
19000000 0.0017818900321
20000000 0.002610540068
22000000 0.0047706699528
24000000 0.00761694025
26000000 0.0114832002936
28000000 0.017334201573
30000000 0.026757507384
35000000 0.071866402128
40000000 0.130106009208
45000000 0.17089099872
50000000 0.192671010474
55000000 0.20274789652614
60000000 0.207820653054
65000000 0.2104013753094
70000000 0.209101968498
75000000 0.2075412242514
80000000 0.203752900439
90000000 0.19280345955099
100000000 0.18198976176136
110000000 0.17111869057712
120000000 0.1614411847116
130000000 0.15292955674436
140000000 0.14514802688996
150000000 0.13797572220344
160000000 0.1317014169174
180000000 0.12088887939963
200000000 0.11141257583652
#Header 
#Target 82 211 0
#Product 82 209 0
#Datapoints 42
1000000 0
5000000 0
6000000 5.0125537854E-13
7000000 1.3527303530697E-10
8000000 1.0225199598E-8
9000000 2.78527988834E-7
10000000 3.6100897336E-6
11000000 2.7019812002E-5
12000000 0.000129068996176
13000000 0.000407446017768
14000000 0.00090491821266
15000000 0.0015756499278912
16000000 0.0023840200687347
17000000 0.0034202499831
18000000 0.004867060054
19000000 0.0069250596507
20000000 0.00977162974
22000000 0.01902949488
24000000 0.03415999275
26000000 0.055440105798
28000000 0.080033099081
30000000 0.106024011993
35000000 0.160212017798
40000000 0.192102994248
45000000 0.20571896228
50000000 0.20948092968
55000000 0.2116118566359
60000000 0.2096837577381
65000000 0.2062694178112
70000000 0.1992400125221
75000000 0.19418627599488
80000000 0.1861382218619
90000000 0.17258236002405
100000000 0.16015297136447
110000000 0.14944941533808
120000000 0.13849272007155
130000000 0.13023427716508
140000000 0.1217898966924
150000000 0.11512621458272
160000000 0.1091372346999
180000000 0.09788898588957
200000000 0.09000913703796
#Header 
#Target 82 211 0
#Product 82 210 0
#Datapoints 42
1000000 0
5000000 0
6000000 2.5879685112E-15
7000000 2.141548379601E-12
8000000 9.505529232E-10
9000000 7.0214491372E-8
10000000 1.7797195524E-6
11000000 2.1759599432E-5
12000000 0.000154609002752
13000000 0.00069747602088
14000000 0.00214345974205
15000000 0.0049368301696651
16000000 0.009309270776834
17000000 0.015283297917
18000000 0.022621905787
19000000 0.031142695732
20000000 0.04125250352
22000000 0.061071097944
24000000 0.07967759407
26000000 0.094376501884
28000000 0.106016003249
30000000 0.114396003999
35000000 0.127694007846
40000000 0.130590999816
45000000 0.130498979884
50000000 0.134378008026
55000000 0.13014892540377
60000000 0.1278088166895
65000000 0.11989465268214
70000000 0.1183574292023
75000000 0.11079900981552
80000000 0.1090233728067
90000000 0.09873044168436
100000000 0.08960113425389
110000000 0.08159802752816
120000000 0.07616139609699
130000000 0.06888603377392
140000000 0.06495818426346
150000000 0.06064446059996
160000000 0.0569380876416
180000000 0.05175735294033
200000000 0.04688405598982
#Header 
#Target 82 211 0
#Product 82 211 0
#Datapoints 43
1000000 0
4000000 0
5000000 6.5884711625E-13
6000000 1.51818957072E-10
7000000 8.867289236217E-9
8000000 2.100209172E-7
9000000 2.69260026888E-6
10000000 2.2291902104E-5
11000000 0.000124373993798
12000000 0.00047060701376
13000000 0.0012667598262
14000000 0.0026237602556
15000000 0.0044979705042188
16000000 0.0067288101939092
17000000 0.0090914200341
18000000 0.011373900068
19000000 0.013445304901
20000000 0.01519439612
22000000 0.0179426952
24000000 0.01911669622
26000000 0.020267492938
28000000 0.02096100006
30000000 0.021244301379
35000000 0.020543090188
40000000 0.0194228981016
45000000 0.0176917992004
50000000 0.0191214000774
55000000 0.016972691568021
60000000 0.01723607473449
65000000 0.015068857184752
70000000 0.01528642399872
75000000 0.01322208331548
80000000 0.01330360075198
90000000 0.011439993710736
100000000 0.009724787710974
110000000 0.00818738878672
120000000 0.006800894838522
130000000 0.005612232076132
140000000 0.004627698140617
150000000 0.003844410898644
160000000 0.00318357200205
180000000 0.002240066136339
200000000 0.0016755011473536
#Header 
#Target 82 211 0
#Product 83 192 0
#Datapoints 5
1000000 0
150000000 0
160000000 0.0001616216801661
180000000 0.0003936160707516
200000000 0.000392488061119
#Header 
#Target 82 211 0
#Product 83 193 0
#Datapoints 6
1000000 0
140000000 0
150000000 0.0005623490274732
160000000 0.00397841135868
180000000 0.0013615118587233
200000000 0.0010592985570216
#Header 
#Target 82 211 0
#Product 83 194 0
#Datapoints 7
1000000 0
130000000 0
140000000 0.0002239404408626
150000000 0.002075938204408
160000000 0.001419713846694
180000000 0.0008333668149246
200000000 0.0005899373253088
#Header 
#Target 82 211 0
#Product 83 195 0
#Datapoints 8
1000000 0
120000000 0
130000000 0.0004917957911416
140000000 0.011416246527675
150000000 0.011474035511192
160000000 0.00510927901605
180000000 0.002552688865863
200000000 0.002114689609004
#Header 
#Target 82 211 0
#Product 83 196 0
#Datapoints 9
1000000 0
110000000 0
120000000 0.00017653156887978
130000000 0.004238910478264
140000000 0.005232414522793
150000000 0.002679093919572
160000000 0.0018241556454
180000000 0.0014223650087106
200000000 0.0014251704397056
#Header 
#Target 82 211 0
#Product 83 197 0
#Datapoints 10
1000000 0
100000000 0
110000000 0.00015245288522464
120000000 0.016724378967939
130000000 0.03339647423684
140000000 0.016564811000698
150000000 0.00811532299462
160000000 0.0065472453387
180000000 0.004701673858059
200000000 0.004095828003204
#Header 
#Target 82 211 0
#Product 83 198 0
#Datapoints 11
1000000 0
90000000 0
100000000 1.0837215245675E-5
110000000 0.004125573774608
120000000 0.010103371707978
130000000 0.00552158003452
140000000 0.003129503271362
150000000 0.002694938029144
160000000 0.00239049385542
180000000 0.002181851459721
200000000 0.0014395517660398
#Header 
#Target 82 211 0
#Product 83 199 0
#Datapoints 12
1000000 0
80000000 0
90000000 5.968096216659E-6
100000000 0.012201377746243
110000000 0.05468793565664
120000000 0.03463097619384
130000000 0.016342344528136
140000000 0.011790921101261
150000000 0.009783554172596
160000000 0.00871213699917
180000000 0.006533238739374
200000000 0.004631468494604
#Header 
#Target 82 211 0
#Product 83 200 0
#Datapoints 12
1000000 0
80000000 0
90000000 0.008508972425175
100000000 0.06822036660285
110000000 0.054609145448
120000000 0.02245759843464
130000000 0.013274155372456
140000000 0.010173566054757
150000000 0.008495433764994
160000000 0.00713159544339
180000000 0.005216427522288
200000000 0.004030797607438
#Header 
#Target 82 211 0
#Product 83 201 0
#Datapoints 14
1000000 0
70000000 0
75000000 8.730791408196E-5
80000000 0.00515897333435
90000000 0.0892160640294
100000000 0.08034376648375
110000000 0.03333898689264
120000000 0.02012045643765
130000000 0.016104813738948
140000000 0.013369487154438
150000000 0.010889754131638
160000000 0.00907793327133
180000000 0.006723126591012
200000000 0.00499992927798
#Header 
#Target 82 211 0
#Product 83 202 0
#Datapoints 16
1000000 0
60000000 0
65000000 3.702939629582E-6
70000000 0.00228418932975
75000000 0.0371724647658
80000000 0.1265160958556
90000000 0.15204926631588
100000000 0.06151724671736
110000000 0.0330261345128
120000000 0.02452101423003
130000000 0.01916681080028
140000000 0.01544058879693
150000000 0.013253374977228
160000000 0.01094851088991
180000000 0.007619452601157
200000000 0.006270581128854
#Header 
#Target 82 211 0
#Product 83 203 0
#Datapoints 18
1000000 0
50000000 0
55000000 5.724086508756E-8
60000000 0.0009655796760474
65000000 0.030640618683
70000000 0.1447433027868
75000000 0.245405912934
80000000 0.21271480824
90000000 0.08168416946868
100000000 0.04225317259618
110000000 0.03094449492992
120000000 0.02372469784884
130000000 0.01864805130276
140000000 0.015291639928662
150000000 0.012359907218394
160000000 0.0104495054994
180000000 0.008179015223844
200000000 0.006561249018506
#Header 
#Target 82 211 0
#Product 83 204 0
#Datapoints 19
1000000 0
45000000 0
50000000 0.000133823996214
55000000 0.02551768422714
60000000 0.18703272245715
65000000 0.3625789116656
70000000 0.330502395734
75000000 0.2022252114324
80000000 0.1161912558741
90000000 0.05737936864806
100000000 0.03974571258742
110000000 0.02968021861376
120000000 0.02266875067779
130000000 0.018187894313292
140000000 0.014956151314423
150000000 0.012449273055664
160000000 0.01107416089494
180000000 0.008579099899116
200000000 0.006795258765484
#Header 
#Target 82 211 0
#Product 83 205 0
#Datapoints 21
1000000 0
35000000 0
40000000 7.1594896632E-6
45000000 0.0197430013352
50000000 0.22982090796
55000000 0.4884527308626
60000000 0.4384614058425
65000000 0.2456623315214
70000000 0.1323233563249
75000000 0.0891037135521
80000000 0.0682060838866
90000000 0.04674042800832
100000000 0.03501479709714
110000000 0.02686030872096
120000000 0.02164590355014
130000000 0.018049136855288
140000000 0.015280441878116
150000000 0.013444304157754
160000000 0.01171740938445
180000000 0.009498307189806
200000000 0.007884281032264
#Header 
#Target 82 211 0
#Product 83 206 0
#Datapoints 22
1000000 0
30000000 0
35000000 0.0055934401739
40000000 0.26197294872
45000000 0.67197395772
50000000 0.5990890095
55000000 0.321482814219
60000000 0.17127175823235
65000000 0.11527566834718
70000000 0.08851087201
75000000 0.07191745552056
80000000 0.0602089994132
90000000 0.04463962262961
100000000 0.03420438559048
110000000 0.02804798975264
120000000 0.02375279569467
130000000 0.02061427462864
140000000 0.01811038376444
150000000 0.015992357279484
160000000 0.01424152095894
180000000 0.011844395972397
200000000 0.01024079471793
#Header 
#Target 82 211 0
#Product 83 207 0
#Datapoints 26
1000000 0
22000000 0
24000000 5.0551200435E-6
26000000 0.0059311293888
28000000 0.074955008466
30000000 0.27375299136
35000000 0.84320791726
40000000 0.76413594552
45000000 0.34816008812
50000000 0.174689995404
55000000 0.12200694874326
60000000 0.09963856273407
65000000 0.08258836418162
70000000 0.0685852590241
75000000 0.0604365660444
80000000 0.0531745139717
90000000 0.042654210474
100000000 0.0348530155337
110000000 0.02944106648912
120000000 0.02555994649113
130000000 0.02264776353752
140000000 0.02027695212596
150000000 0.01830479206702
160000000 0.01657130942808
180000000 0.013908689994609
200000000 0.011998748440056
#Header 
#Target 82 211 0
#Product 83 208 0
#Datapoints 31
1000000 0
16000000 0
17000000 4.4132100066E-5
18000000 0.005145520011
19000000 0.041856002154
20000000 0.1365360436
22000000 0.48632506432
24000000 0.85061708635
26000000 1.05401009336
28000000 1.08806007479
30000000 0.94167607401
35000000 0.41187595718
40000000 0.22119395712
45000000 0.160977013184
50000000 0.128932006794
55000000 0.1076849378451
60000000 0.09199285691943
65000000 0.07985386657088
70000000 0.0703303529796
75000000 0.06235293862902
80000000 0.0555900590245
90000000 0.04495570570188
100000000 0.03736965190378
110000000 0.031786664624
120000000 0.02742740259138
130000000 0.0242957794728
140000000 0.02160870094742
150000000 0.01963810933812
160000000 0.0177340461804
180000000 0.015031695297069
200000000 0.013049620992828
#Header 
#Target 82 211 0
#Product 83 209 0
#Datapoints 38
1000000 0
9000000 0
10000000 0.0023907800652
11000000 0.034570110496
12000000 0.13606001416
13000000 0.301009015068
14000000 0.481404993982
15000000 0.64431902522526
16000000 0.77936413470247
17000000 0.88972904499
18000000 0.97530106134
19000000 1.01085995828
20000000 0.9574310048
22000000 0.71394396928
24000000 0.4507149644
26000000 0.29414200942
28000000 0.2242060717
30000000 0.19148492475
35000000 0.150270994696
40000000 0.12519400284
45000000 0.107223004616
50000000 0.092834698986
55000000 0.08118486211122
60000000 0.07102090023084
65000000 0.06243141129412
70000000 0.0549796389412
75000000 0.04857026311176
80000000 0.0435668390245
90000000 0.03510173385117
100000000 0.02916847175473
110000000 0.02478975728944
120000000 0.0215708148
130000000 0.01897716761512
140000000 0.016955876662128
150000000 0.015211846941354
160000000 0.01387966275234
180000000 0.011712254633766
200000000 0.010081390216912
#Header 
#Target 82 211 0
#Product 83 210 0
#Datapoints 43
1000000 0
4000000 0
5000000 1.13663982875E-6
6000000 0.000195711978654
7000000 0.0024290304898773
8000000 0.012244999848
9000000 0.0370652012964
10000000 0.08016960764
11000000 0.122991990104
12000000 0.13535498656
13000000 0.114460981692
14000000 0.083687895302
15000000 0.058341711815835
16000000 0.043573603498727
17000000 0.036019101987
18000000 0.032776297479
19000000 0.030991001643
20000000 0.03038349624
22000000 0.029075202008
24000000 0.027936394465
26000000 0.026203397346
28000000 0.024628700668
30000000 0.023069103588
35000000 0.020172907078
40000000 0.0173301006192
45000000 0.0150612003932
50000000 0.0132010996962
55000000 0.011578893704406
60000000 0.009734776511343
65000000 0.008422144385556
70000000 0.00764992178323
75000000 0.006878868024054
80000000 0.00606505922451
90000000 0.004871734785177
100000000 0.004018916603163
110000000 0.00341507493184
120000000 0.003035030378337
130000000 0.002633737685876
140000000 0.002263805188119
150000000 0.002111955317892
160000000 0.00186322985046
180000000 0.0015637229513307
200000000 0.0013386021592076
#Header 
#Target 82 211 0
#Product 83 211 0
#Datapoints 45
1000000 0
2000000 1.35947008776E-13
3000000 3.6922207979E-11
4000000 4.39002039245E-7
5000000 4.10927009875E-5
6000000 0.00039118497372
7000000 0.0012652604609889
8000000 0.002178159252
9000000 0.00306360003774
10000000 0.0043417097764
11000000 0.0063143997064
12000000 0.0087148987184
13000000 0.0110881995732
14000000 0.013113101551
15000000 0.014313898367447
16000000 0.0153261000872
17000000 0.015807301482
18000000 0.016034000855
19000000 0.016116001407
20000000 0.01601420368
22000000 0.015520701152
24000000 0.014687499083
26000000 0.014018699114
28000000 0.0133000000198
30000000 0.0125451006903
35000000 0.0108881994269
40000000 0.0093919594632
45000000 0.0080720501524
50000000 0.0074300102142
55000000 0.006111026411175
60000000 0.005673181546044
65000000 0.004712305516664
70000000 0.00430301923862
75000000 0.003608607350946
80000000 0.00343203816835
90000000 0.002745289307508
100000000 0.002254813190182
110000000 0.001884027344056
120000000 0.0016340572807398
130000000 0.0014190682344828
140000000 0.0012601946137204
150000000 0.0011096475760034
160000000 0.000999848251413
180000000 0.0008288917927182
200000000 0.0007199768545158
#Header 
#Target 82 211 0
#Product 83 212 0
#Datapoints 46
1000000 0
1000000 0
2000000 1.4265003855E-20
3000000 1.06159995904E-14
4000000 5.64319030786E-11
5000000 3.7859600725E-9
6000000 5.4361696968E-8
7000000 5.447580635916E-7
8000000 4.366809702E-6
9000000 2.24313974672E-5
10000000 6.5705602868E-5
11000000 0.000139115992884
12000000 0.000226170989872
13000000 0.000277191991464
14000000 0.000275994995474
15000000 0.0002541960420895
16000000 0.00023389305144463
17000000 0.00021894095979
18000000 0.00020347305969
19000000 0.000195236026
20000000 0.0001902259648
22000000 0.00017894101312
24000000 0.00017009799355
26000000 0.000164345992454
28000000 0.000159711017323
30000000 0.000156016011114
35000000 0.000146470999477
40000000 0.000136215994128
45000000 0.0001238080025
50000000 0.000122146007154
55000000 0.00011073194471682
60000000 0.00010853583942426
65000000 9.869371059278E-5
70000000 9.54716258403E-5
75000000 8.748681272214E-5
80000000 8.37855519369E-5
90000000 7.27692861462E-5
100000000 6.472552240483E-5
110000000 5.501028676E-5
120000000 4.925756924829E-5
130000000 4.468281540404E-5
140000000 3.925064676435E-5
150000000 3.178279568742E-5
160000000 2.83707859149E-5
180000000 2.551068432405E-5
200000000 2.001887021428E-5
