#Header 
#Target 31 73 0
#Product 0 1 0
#Datapoints 45
1000000 0
2000000 0.00088212553983
3000000 0.020097666585
4000000 0.092502590608
5000000 0.21998678751
6000000 0.37432816896
7000000 0.6023969127
8000000 0.9329228608
9000000 1.252729422
10000000 1.48826184
11000000 1.6386990914
12000000 1.732123195
13000000 1.793249276
14000000 1.840203274
15000000 1.874006728
16000000 1.899308803
17000000 1.918019475
18000000 1.944217792
19000000 2.018439792
20000000 2.126426544
22000000 2.347768516
24000000 2.480287906
26000000 2.533126377
28000000 2.551159569
30000000 2.586170859
35000000 2.703265488
40000000 2.733712202
45000000 2.75166018
50000000 2.77036464
55000000 2.75907816
60000000 2.751159852
65000000 2.740173688
70000000 2.742074205
75000000 2.733659175
80000000 2.737101124
90000000 2.789192826
100000000 2.8882327262
110000000 2.9859309678
120000000 3.0821257852
130000000 3.174212320782
140000000 3.26285180682
150000000 3.350792536
160000000 3.4353998533
180000000 3.600256796073
200000000 3.7546489176
#Header 
#Target 31 73 0
#Product 1 1 0
#Datapoints 45
1000000 0
2000000 9.26978692E-9
3000000 4.698961668E-6
4000000 0.00010297121828
5000000 0.0009234049095
6000000 0.004281494896
7000000 0.01195913334
8000000 0.023452469728
9000000 0.03705024036
10000000 0.05092875957
11000000 0.064446990888
12000000 0.07834213343
13000000 0.09334012744
14000000 0.109865847
15000000 0.1276272732
16000000 0.1461016361
17000000 0.1646179938
18000000 0.183123864
19000000 0.2015144742
20000000 0.2219704608
22000000 0.2605766416
24000000 0.2990257963
26000000 0.3374365086
28000000 0.3748315578
30000000 0.4109981186
35000000 0.4945866156
40000000 0.5681405834
45000000 0.6292669188
50000000 0.679223175
55000000 0.7229550384
60000000 0.7627613456
65000000 0.7969959298
70000000 0.8264905155
75000000 0.84908226
80000000 0.8671055174
90000000 0.90270912375
100000000 0.935080998
110000000 0.968923197
120000000 1.0012895849
130000000 1.032800478255
140000000 1.063823332815
150000000 1.095233412
160000000 1.1273478139
180000000 1.191145866309
200000000 1.2561759768
#Header 
#Target 31 73 0
#Product 1 2 0
#Datapoints 40
1000000 0
7000000 0
8000000 4.012026928E-15
9000000 1.351811139E-9
10000000 6.945861975E-7
11000000 3.5409788512E-5
12000000 0.0006493079243
13000000 0.002182092892
14000000 0.002964998036
15000000 0.00559857465
16000000 0.008777873153
17000000 0.01227868197
18000000 0.015939836
19000000 0.01965119892
20000000 0.0233231592
22000000 0.03035614428
24000000 0.03680660515
26000000 0.04266067829
28000000 0.04990630197
30000000 0.05436471527
35000000 0.06377943726
40000000 0.07126175162
45000000 0.07731268404
50000000 0.0793620684
55000000 0.0866709
60000000 0.08815455736
65000000 0.09358887244
70000000 0.09521030805
75000000 0.09911440695
80000000 0.1012670148
90000000 0.0999766719
100000000 0.1003290448
110000000 0.10046225304
120000000 0.1020055256
130000000 0.104858535357
140000000 0.1086418338666
150000000 0.113758736
160000000 0.11998518939
180000000 0.1353191206626
200000000 0.15403824432
#Header 
#Target 31 73 0
#Product 1 3 0
#Datapoints 39
1000000 0
8000000 0
9000000 3.888444651E-12
10000000 3.866846139E-9
11000000 1.0955996086E-7
12000000 6.970837014E-7
13000000 4.95679002E-6
14000000 2.568991334E-5
15000000 0.00010919428604
16000000 0.0002886129778
17000000 0.0005738174781
18000000 0.0009542334032
19000000 0.001411204014
20000000 0.0019242168
22000000 0.003048000802
24000000 0.004214913076
26000000 0.005359990571
28000000 0.006450020619
30000000 0.007414706987
35000000 0.009708339564
40000000 0.011352556224
45000000 0.01250704596
50000000 0.0134814174
55000000 0.01431351072
60000000 0.015270911
65000000 0.01621525192
70000000 0.01735408662
75000000 0.0184998567
80000000 0.01977684516
90000000 0.022806271845
100000000 0.02641634396
110000000 0.02874257535
120000000 0.031170322469
130000000 0.0337300608384
140000000 0.0364426505157
150000000 0.03921511776
160000000 0.042191030453
180000000 0.04865055263271
200000000 0.055977222912
#Header 
#Target 31 73 0
#Product 2 3 0
#Datapoints 35
1000000 0
12000000 0
13000000 3.886888348E-17
14000000 6.93970095E-14
15000000 1.074465381E-11
16000000 4.733442777E-10
17000000 8.058610776E-9
18000000 8.817220368E-8
19000000 7.734668568E-7
20000000 5.186508096E-6
22000000 9.009645514E-5
24000000 0.0004681277052
26000000 0.0012264391372
28000000 0.002285868459
30000000 0.003532045374
35000000 0.006879710376
40000000 0.010038452022
45000000 0.01280112108
50000000 0.0150197568
55000000 0.01666197216
60000000 0.01787009936
65000000 0.0189395822
70000000 0.01988800437
75000000 0.02088507135
80000000 0.02188644816
90000000 0.02406413205
100000000 0.026232601814
110000000 0.02739825663
120000000 0.028595893062
130000000 0.02984611182081
140000000 0.03114829375053
150000000 0.03249868076
160000000 0.033877860944
180000000 0.03669925792365
200000000 0.039398381832
#Header 
#Target 31 73 0
#Product 2 4 0
#Datapoints 45
1000000 0
2000000 3.6904742806E-8
3000000 3.071812608E-6
4000000 3.3878757976E-5
5000000 0.0001341182862
6000000 0.00029719327952
7000000 0.00049787717991
8000000 0.000817679288
9000000 0.001397093229
10000000 0.002319407493
11000000 0.0036054185888
12000000 0.005309670914
13000000 0.007448538804
14000000 0.009695329462
15000000 0.01178643804
16000000 0.01409122554
17000000 0.01635737484
18000000 0.01861402576
19000000 0.02073556992
20000000 0.02261528544
22000000 0.02586141252
24000000 0.02883197602
26000000 0.03148569274
28000000 0.03362920176
30000000 0.0353171806
35000000 0.03853580346
40000000 0.04213225212
45000000 0.04640991132
50000000 0.0477166461
55000000 0.0484850808
60000000 0.05096785092
65000000 0.05230748768
70000000 0.05352965982
75000000 0.05392999365
80000000 0.05457608728
90000000 0.059291323245
100000000 0.068504773398
110000000 0.076374289932
120000000 0.084211772117
130000000 0.0921427964049
140000000 0.0997632153849
150000000 0.1064784448
160000000 0.11233848068
180000000 0.1237305984768
200000000 0.1331429676
#Header 
#Target 31 73 0
#Product 22 47 0
#Datapoints 8
1000000 0
120000000 0
130000000 4.577805173172E-13
140000000 4.120490384244E-11
150000000 9.639797076E-10
160000000 1.51832029793E-8
180000000 9.407462600088E-7
200000000 1.6794897834E-5
#Header 
#Target 31 73 0
#Product 22 48 0
#Datapoints 9
1000000 0
110000000 0
120000000 6.0294038959E-13
130000000 6.893085460491E-11
140000000 1.2884804217333E-9
150000000 1.1951900688E-8
160000000 8.6270297844E-8
180000000 1.9617906069657E-6
200000000 2.1429798858E-5
#Header 
#Target 31 73 0
#Product 23 47 0
#Datapoints 7
1000000 0
130000000 0
140000000 3.011468516526E-13
150000000 1.266114304E-10
160000000 5.69394973208E-9
180000000 5.2715704902084E-7
200000000 1.1889700686E-5
#Header 
#Target 31 73 0
#Product 23 48 0
#Datapoints 8
1000000 0
120000000 0
130000000 2.046198170379E-13
140000000 1.369772155911E-10
150000000 6.9645696848E-9
160000000 9.9724583362E-8
180000000 3.449040127407E-6
200000000 4.9605996294E-5
#Header 
#Target 31 73 0
#Product 23 49 0
#Datapoints 9
1000000 0
110000000 0
120000000 1.2244934064E-13
130000000 1.332608746428E-10
140000000 6.642011214486E-9
150000000 8.984018316E-8
160000000 5.94799990885E-7
180000000 1.1550601796769E-5
200000000 0.000117558997968
#Header 
#Target 31 73 0
#Product 23 50 0
#Datapoints 10
1000000 0
100000000 0
110000000 8.0724969246E-15
120000000 2.3874133448E-11
130000000 2.0471800505019E-9
140000000 3.5795304876549E-8
150000000 2.5573596776E-7
160000000 1.06958018816E-6
180000000 1.1887597112013E-5
200000000 7.66289041596E-5
#Header 
#Target 31 73 0
#Product 23 51 0
#Datapoints 10
1000000 0
100000000 0
110000000 9.831335226E-12
120000000 1.62028000651E-9
130000000 2.9825700194163E-8
140000000 1.9855103564736E-7
150000000 7.2502599988E-7
160000000 2.07982979331E-6
180000000 1.4412505095324E-5
200000000 6.36690939912E-5
#Header 
#Target 31 73 0
#Product 23 52 0
#Datapoints 11
1000000 0
90000000 0
100000000 2.5986765548E-13
110000000 1.8421184808E-10
120000000 6.53094025793E-9
130000000 5.370371155104E-8
140000000 2.1140905144395E-7
150000000 5.5860303044E-7
160000000 1.49213973377E-6
180000000 6.9485405822595E-6
200000000 2.37360020436E-5
#Header 
#Target 31 73 0
#Product 24 49 0
#Datapoints 8
1000000 0
120000000 0
130000000 5.573956910613E-13
140000000 1.243952662749E-10
150000000 3.2959701684E-9
160000000 4.16949954375E-8
180000000 2.7194505600024E-6
200000000 4.26972007344E-5
#Header 
#Target 31 73 0
#Product 24 50 0
#Datapoints 9
1000000 0
110000000 0
120000000 4.9178871258E-12
130000000 9.128823891264E-10
140000000 1.9266303793254E-8
150000000 1.8301300836E-7
160000000 1.42535029353E-6
180000000 3.3626800683126E-5
200000000 0.000297591019788
#Header 
#Target 31 73 0
#Product 24 51 0
#Datapoints 10
1000000 0
100000000 0
110000000 3.241296729E-12
120000000 1.1049501199E-9
130000000 2.9252904900501E-8
140000000 2.6064604944477E-7
150000000 1.6196002368E-6
160000000 8.19483049179E-6
180000000 9.311912196867E-5
200000000 0.000576187999632
#Header 
#Target 31 73 0
#Product 24 52 0
#Datapoints 11
1000000 0
90000000 0
100000000 2.9147920748E-12
110000000 1.18459959186E-9
120000000 3.92551946523E-8
130000000 3.7071201476976E-7
140000000 1.9227506182302E-6
150000000 8.3702192756E-6
160000000 2.74661026939E-5
180000000 0.00017663102400573
200000000 0.00070765694838
#Header 
#Target 31 73 0
#Product 24 53 0
#Datapoints 12
1000000 0
80000000 0
90000000 2.5045755525E-13
100000000 5.9994492006E-10
110000000 3.20781935718E-8
120000000 2.64925006852E-7
130000000 9.88828946799E-7
140000000 3.2466901130838E-6
150000000 9.33431954E-6
160000000 2.14554979837E-5
180000000 8.823050973576E-5
200000000 0.000249599007
#Header 
#Target 31 73 0
#Product 24 54 0
#Datapoints 13
1000000 0
75000000 0
80000000 9.656194244E-14
90000000 3.2273073945E-10
100000000 2.14584953978E-8
110000000 1.66515974364E-7
120000000 5.25777978748E-7
130000000 1.5780805165332E-6
140000000 4.515140160147E-6
150000000 9.976251012E-6
160000000 1.91487971567E-5
180000000 6.0407404154811E-5
200000000 0.000129603975984
#Header 
#Target 31 73 0
#Product 24 55 0
#Datapoints 14
1000000 0
70000000 0
75000000 2.943645705E-13
80000000 2.491375376E-11
90000000 2.86535065005E-9
100000000 3.11438986026E-8
110000000 8.7384095862E-8
120000000 2.37368032594E-7
130000000 7.4587310318409E-7
140000000 1.7705305099707E-6
150000000 3.2534102692E-6
160000000 5.75672013934E-6
180000000 1.5032304275751E-5
200000000 2.90057974116E-5
#Header 
#Target 31 73 0
#Product 25 51 0
#Datapoints 9
1000000 0
110000000 0
120000000 6.9992927917E-15
130000000 6.180165697917E-11
140000000 7.9710211616145E-9
150000000 1.656889962E-7
160000000 1.26816968719E-6
180000000 1.9525000715766E-5
200000000 0.000144286044756
#Header 
#Target 31 73 0
#Product 25 52 0
#Datapoints 10
1000000 0
100000000 0
110000000 7.6130084208E-15
120000000 1.7500656657E-10
130000000 2.1719805798519E-8
140000000 4.2594006618219E-7
150000000 3.1556403788E-6
160000000 1.3126204556E-5
180000000 0.00011629600603425
200000000 0.00054707904168
#Header 
#Target 31 73 0
#Product 25 53 0
#Datapoints 11
1000000 0
90000000 0
100000000 1.0149377996E-14
110000000 2.9290896654E-10
120000000 7.46079038331E-8
130000000 1.7081705010714E-6
140000000 1.1923497946146E-5
150000000 4.3744294412E-5
160000000 0.000123896042987
180000000 0.00069781210506
200000000 0.00239808976944
#Header 
#Target 31 73 0
#Product 25 54 0
#Datapoints 11
1000000 0
90000000 0
100000000 5.526941172E-11
110000000 3.91801051662E-8
120000000 1.27129013187E-6
130000000 9.685103769927E-6
140000000 3.6187508493765E-5
150000000 9.50653158E-5
160000000 0.000218749999993
180000000 0.0008734201361991
200000000 0.0023125004352
#Header 
#Target 31 73 0
#Product 25 55 0
#Datapoints 12
1000000 0
80000000 0
90000000 1.0784815335E-11
100000000 1.90343974022E-8
110000000 8.8760104704E-7
120000000 7.55548005553E-6
130000000 2.8723002722571E-5
140000000 7.0242605852541E-5
150000000 0.00014818498604
160000000 0.000304500987364
180000000 0.0008878717239021
200000000 0.00183408021192
#Header 
#Target 31 73 0
#Product 25 56 0
#Datapoints 13
1000000 0
75000000 0
80000000 2.01692212E-13
90000000 3.5695800819E-9
100000000 2.95264973078E-7
110000000 3.0682202601E-6
120000000 1.19515969947E-5
130000000 2.7208802683263E-5
140000000 5.4091907045631E-5
150000000 0.000103323038
160000000 0.000172751022302
180000000 0.00039141207541611
200000000 0.000658160958144
#Header 
#Target 31 73 0
#Product 25 57 0
#Datapoints 15
1000000 0
65000000 0
70000000 1.910188215E-14
75000000 1.63342608E-11
80000000 1.0488197384E-9
90000000 8.9949200733E-8
100000000 1.15628001066E-6
110000000 4.79616023592E-6
120000000 1.01655037319E-5
130000000 1.9357805759028E-5
140000000 3.7021000842756E-5
150000000 6.3453698672E-5
160000000 9.2841721613E-5
180000000 0.00018217103975091
200000000 0.00025453498548
#Header 
#Target 31 73 0
#Product 25 58 0
#Datapoints 16
1000000 0
60000000 0
65000000 3.140306316E-14
70000000 1.066031616E-11
75000000 3.120002145E-10
80000000 2.5676994972E-9
90000000 3.94559005365E-8
100000000 2.09853005706E-7
110000000 4.2828103971E-7
120000000 6.75496980455E-7
130000000 1.3565704480632E-6
140000000 2.1620198829429E-6
150000000 3.35983011E-6
160000000 4.393500075E-6
180000000 7.4837310468606E-6
200000000 9.5575800888E-6
#Header 
#Target 31 73 0
#Product 26 53 0
#Datapoints 10
1000000 0
100000000 0
110000000 4.6133420226E-14
120000000 1.389407085E-10
130000000 9.09800207412E-9
140000000 1.1487604400604E-7
150000000 7.0926001692E-7
160000000 3.33488036157E-6
180000000 3.505539984156E-5
200000000 0.000172889029668
#Header 
#Target 31 73 0
#Product 26 54 0
#Datapoints 11
1000000 0
90000000 0
100000000 1.3797031218E-12
110000000 2.87009946222E-9
120000000 1.72471020986E-7
130000000 2.1325201309446E-6
140000000 1.081329987669E-5
150000000 4.034370522E-5
160000000 0.000125751982653
180000000 0.0006976181347758
200000000 0.00223892991876
#Header 
#Target 31 73 0
#Product 26 55 0
#Datapoints 12
1000000 0
80000000 0
90000000 7.8044468355E-13
100000000 4.73292954726E-9
110000000 4.21751961318E-7
120000000 5.34209005935E-6
130000000 2.5095899282214E-5
140000000 8.666569764021E-5
150000000 0.00025663302756
160000000 0.000614359943849
180000000 0.0022987498533552
200000000 0.0053212699008
#Header 
#Target 31 73 0
#Product 26 56 0
#Datapoints 14
1000000 0
70000000 0
75000000 1.932924045E-14
80000000 1.610218992E-11
90000000 2.21612035995E-8
100000000 1.57896973862E-6
110000000 1.41745988688E-5
120000000 5.01888985807E-5
130000000 0.00015514801751346
140000000 0.00043843201049583
150000000 0.000951209896
160000000 0.00174763010522
180000000 0.0047011808312658
200000000 0.0083178364872
#Header 
#Target 31 73 0
#Product 26 57 0
#Datapoints 15
1000000 0
65000000 0
70000000 1.902874467E-13
75000000 1.45973607E-10
80000000 1.1709500692E-8
90000000 1.09566018765E-6
100000000 1.2283204797E-5
110000000 3.64162972956E-5
120000000 8.938118508E-5
130000000 0.00023720501782866
140000000 0.00050646403041381
150000000 0.0008471216572
160000000 0.00132775980185
180000000 0.0026526302016858
200000000 0.00390546021312
#Header 
#Target 31 73 0
#Product 26 58 0
#Datapoints 17
1000000 0
55000000 0
60000000 3.267991592E-14
65000000 6.188636454E-11
70000000 1.0802500917E-8
75000000 2.4757296135E-7
80000000 1.5152504322E-6
90000000 9.24301044135E-6
100000000 2.6611705233E-5
110000000 5.98190962212E-5
120000000 0.000163033018456
130000000 0.00035287101812034
140000000 0.00056431108083282
150000000 0.00082468503208
160000000 0.00115717994718
180000000 0.0019106000855991
200000000 0.00247114021452
#Header 
#Target 31 73 0
#Product 26 59 0
#Datapoints 18
1000000 0
50000000 0
55000000 3.233195712E-13
60000000 6.4275367E-10
65000000 5.134200295E-8
70000000 5.8151705469E-7
75000000 2.0068699365E-6
80000000 3.6525797876E-6
90000000 6.4359498294E-6
100000000 1.35194046442E-5
110000000 4.00477021662E-5
120000000 8.9573735636E-5
130000000 0.00014587799073756
140000000 0.00021308198533623
150000000 0.0002921689862
160000000 0.000380773961268
180000000 0.00054037107424944
200000000 0.000638232982824
#Header 
#Target 31 73 0
#Product 26 60 0
#Datapoints 20
1000000 0
40000000 0
45000000 2.04123786E-14
50000000 1.033449687E-10
55000000 1.2890395872E-8
60000000 1.7845796788E-7
65000000 7.115860003E-7
70000000 1.3985503233E-6
75000000 1.7248298535E-6
80000000 1.8030802136E-6
90000000 3.1136804622E-6
100000000 1.1036900543E-5
110000000 2.70489986082E-5
120000000 4.34338976335E-5
130000000 6.0895709498901E-5
140000000 8.2648107861639E-5
150000000 0.00010890498528
160000000 0.000131527015016
180000000 0.00016409300926347
200000000 0.000180398029872
#Header 
#Target 31 73 0
#Product 26 61 0
#Datapoints 21
1000000 0
35000000 0
40000000 9.140549962E-14
45000000 1.679901132E-10
50000000 8.826229893E-9
55000000 6.2272098864E-8
60000000 1.4465698352E-7
65000000 1.6616196198E-7
70000000 1.5363795954E-7
75000000 1.569189921E-7
80000000 2.5297499146E-7
90000000 1.17565009065E-6
100000000 3.59721021688E-6
110000000 5.92906017918E-6
120000000 7.93865922113E-6
130000000 1.05275986605E-5
140000000 1.3790002256337E-5
150000000 1.6839298476E-5
160000000 1.9363203256E-5
180000000 2.2874603018967E-5
200000000 2.43571035312E-5
#Header 
#Target 31 73 0
#Product 27 54 0
#Datapoints 9
1000000 0
110000000 0
120000000 3.0419962562E-15
130000000 2.207934438276E-11
140000000 1.8961599357504E-9
150000000 3.0812995304E-8
160000000 1.83834012449E-7
180000000 1.8649401219225E-6
200000000 8.7157537368E-6
#Header 
#Target 31 73 0
#Product 27 55 0
#Datapoints 10
1000000 0
100000000 0
110000000 5.7149253672E-12
120000000 5.38563015342E-9
130000000 2.6004699346011E-7
140000000 2.7405006149742E-6
150000000 1.2748203468E-5
160000000 3.62360973415E-5
180000000 0.00016846599718305
200000000 0.000438896992992
#Header 
#Target 31 73 0
#Product 27 56 0
#Datapoints 11
1000000 0
90000000 0
100000000 5.3117662298E-12
110000000 2.1719697276E-8
120000000 1.65964965485E-6
130000000 1.7676599129817E-5
140000000 7.9099106627646E-5
150000000 0.00021175400064
160000000 0.000451651972492
180000000 0.001502339927634
200000000 0.00295441025988
#Header 
#Target 31 73 0
#Product 27 57 0
#Datapoints 12
1000000 0
80000000 0
90000000 6.7667584005E-11
100000000 1.42644023694E-7
110000000 8.20555981986E-6
120000000 8.34217008823E-5
130000000 0.00033685602280488
140000000 0.0008140901342346
150000000 0.0015724097844
160000000 0.0027806797718
180000000 0.0064584506133252
200000000 0.0103067961432
#Header 
#Target 31 73 0
#Product 27 58 0
#Datapoints 13
1000000 0
75000000 0
80000000 1.461231442E-12
90000000 2.99400999975E-8
100000000 3.65034020392E-6
110000000 4.34422987188E-5
120000000 0.000189203966831
130000000 0.00046004405974047
140000000 0.00084376613024439
150000000 0.001438899826
160000000 0.00222084034199
180000000 0.0040852105601265
200000000 0.005634569817
#Header 
#Target 31 73 0
#Product 27 59 0
#Datapoints 16
1000000 0
60000000 0
65000000 1.396828006E-15
70000000 5.009716569E-11
75000000 1.626009684E-8
80000000 4.5004095032E-7
90000000 1.8292302819E-5
100000000 0.000178886950308
110000000 0.000636735009186
120000000 0.00128068008574
130000000 0.0021475501152528
140000000 0.0035823601903869
150000000 0.005275519522
160000000 0.00734058989296
180000000 0.010712000929644
200000000 0.012274702308
#Header 
#Target 31 73 0
#Product 27 60 0
#Datapoints 17
1000000 0
55000000 0
60000000 2.437644472E-14
65000000 1.758997058E-10
70000000 3.7130704299E-8
75000000 7.9904298045E-7
80000000 5.375430332E-6
90000000 6.51800031435E-5
100000000 0.000279839006112
110000000 0.000549547994832
120000000 0.000836857015753
130000000 0.00135976047135
140000000 0.002050460557374
150000000 0.0027011596612
160000000 0.00321578993844
180000000 0.004132360568259
200000000 0.00455094004572
#Header 
#Target 31 73 0
#Product 27 61 0
#Datapoints 19
1000000 0
45000000 0
50000000 2.60518746E-15
55000000 5.366639376E-11
60000000 2.6364197672E-8
65000000 7.52156055E-7
70000000 5.3369602884E-6
75000000 2.355460185E-5
80000000 7.2760096172E-5
90000000 0.000273998025
100000000 0.000533521993158
110000000 0.000747493081488
120000000 0.00118061964108
130000000 0.0017585699120565
140000000 0.0022894604889351
150000000 0.0027383104112
160000000 0.00309297956166
180000000 0.0035598805188156
200000000 0.00343769988624
#Header 
#Target 31 73 0
#Product 27 62 0
#Datapoints 20
1000000 0
40000000 0
45000000 1.41318768E-14
50000000 2.22611085E-10
55000000 3.1117694256E-8
60000000 3.3358602124E-7
65000000 1.6950000788E-6
70000000 6.9334595265E-6
75000000 1.700359674E-5
80000000 2.8657302462E-5
90000000 4.6386902016E-5
100000000 5.91753012156E-5
110000000 8.94023000034E-5
120000000 0.000130792990449
130000000 0.00017793398510247
140000000 0.00019792705210215
150000000 0.00023789699388
160000000 0.000267005008046
180000000 0.00027479104892631
200000000 0.000288505984056
#Header 
#Target 31 73 0
#Product 27 63 0
#Datapoints 21
1000000 0
35000000 0
40000000 9.494742158E-12
45000000 1.60838034E-9
50000000 3.129249816E-8
55000000 4.724720136E-7
60000000 3.598200432E-6
65000000 1.2102199312E-5
70000000 2.2272201666E-5
75000000 2.868129927E-5
80000000 2.955680278E-5
90000000 3.389379903E-5
100000000 5.79694992626E-5
110000000 9.6018512532E-5
120000000 0.000127703016716
130000000 0.00015568200723486
140000000 0.00018525501255138
150000000 0.00018875201436
160000000 0.000204559962845
180000000 0.00020974800345345
200000000 0.000216935001012
#Header 
#Target 31 73 0
#Product 27 64 0
#Datapoints 21
1000000 0
35000000 0
40000000 3.292976564E-12
45000000 4.1815603716E-9
50000000 1.810029837E-7
55000000 1.1521999584E-6
60000000 2.5358896436E-6
65000000 3.0857298878E-6
70000000 3.147490476E-6
75000000 2.8706402985E-6
80000000 3.1202100878E-6
90000000 5.6400999354E-6
100000000 1.14850977828E-5
110000000 1.75212036084E-5
120000000 2.12864995574E-5
130000000 2.5424903047044E-5
140000000 2.7081900123033E-5
150000000 3.0652202672E-5
160000000 3.37443957631E-5
180000000 3.5316009338274E-5
200000000 3.82427973684E-5
#Header 
#Target 31 73 0
#Product 28 56 0
#Datapoints 10
1000000 0
100000000 0
110000000 3.1086365814E-12
120000000 6.3344861932E-10
130000000 1.4317203696042E-8
140000000 1.0932897433122E-7
150000000 4.3363795384E-7
160000000 1.18858986811E-6
180000000 5.4633910706802E-6
200000000 1.2967595574E-5
#Header 
#Target 31 73 0
#Product 28 57 0
#Datapoints 11
1000000 0
90000000 0
100000000 2.6481542786E-11
110000000 9.2501913576E-9
120000000 2.52447036787E-7
130000000 1.8510205787568E-6
140000000 6.4632004237467E-6
150000000 1.6129001252E-5
160000000 3.52057978865E-5
180000000 0.00010742499149949
200000000 0.000191407956228
#Header 
#Target 31 73 0
#Product 28 58 0
#Datapoints 13
1000000 0
75000000 0
80000000 2.050048452E-14
90000000 1.588059459E-9
100000000 4.16566965482E-7
110000000 8.37930022878E-6
120000000 4.17867005897E-5
130000000 0.00010620298928259
140000000 0.00023708800711278
150000000 0.0004765380074
160000000 0.000821924953637
180000000 0.0016812799193988
200000000 0.00235415000544
#Header 
#Target 31 73 0
#Product 28 59 0
#Datapoints 15
1000000 0
65000000 0
70000000 1.558377912E-15
75000000 2.84373726E-11
80000000 8.3968998696E-9
90000000 2.449629945E-6
100000000 5.26619949474E-5
110000000 0.000213989968944
120000000 0.000451908947633
130000000 0.0009669318894612
140000000 0.0019112400352797
150000000 0.0032107800452
160000000 0.00466028954819
180000000 0.007564881160305
200000000 0.0091662107256
#Header 
#Target 31 73 0
#Product 28 60 0
#Datapoints 17
1000000 0
55000000 0
60000000 1.50429704E-14
65000000 6.481598816E-10
70000000 4.255840368E-7
75000000 1.256789742E-5
80000000 6.7564098452E-5
90000000 0.000296975022435
100000000 0.000772009043728
110000000 0.00132669006222
120000000 0.00258969998298
130000000 0.0049671410796192
140000000 0.0078209812881708
150000000 0.010416199612
160000000 0.012855302948
180000000 0.016830705376422
200000000 0.0181913990892
#Header 
#Target 31 73 0
#Product 28 61 0
#Datapoints 18
1000000 0
50000000 0
55000000 5.611814928E-12
60000000 5.3854200068E-8
65000000 4.7250897358E-6
70000000 5.0845398045E-5
75000000 0.0001750410012
80000000 0.0003190569648
90000000 0.00058318596189
100000000 0.00108084976716
110000000 0.00242684050188
120000000 0.0050887001121
130000000 0.0081457009812111
140000000 0.010706700201783
150000000 0.013493997972
160000000 0.0156045011187
180000000 0.018258799570893
200000000 0.0177990976704
#Header 
#Target 31 73 0
#Product 28 62 0
#Datapoints 20
1000000 0
40000000 0
45000000 2.367244896E-10
50000000 1.238379555E-6
55000000 3.50960976E-5
60000000 0.0001653639728
65000000 0.00040493997684
70000000 0.00066899899287
75000000 0.0007950490197
80000000 0.00081824104112
90000000 0.00115833030075
100000000 0.00289094040616
110000000 0.00579575983632
120000000 0.00859359004042
130000000 0.010740603159792
140000000 0.012922604613768
150000000 0.014511003416
160000000 0.0160898005869
180000000 0.016415705151846
200000000 0.0161217970428
#Header 
#Target 31 73 0
#Product 28 63 0
#Datapoints 22
1000000 0
30000000 0
35000000 1.275678558E-15
40000000 2.3583201186E-9
45000000 1.8974999712E-6
50000000 5.911559868E-5
55000000 0.00027258704784
60000000 0.00050258994476
65000000 0.00055783806274
70000000 0.00050879398518
75000000 0.00047395596885
80000000 0.00054268489962
90000000 0.0013123697517
100000000 0.00298329035654
110000000 0.00437443046682
120000000 0.00524997010065
130000000 0.0060496208654565
140000000 0.0068025806504451
150000000 0.0073114199704
160000000 0.00750871943929
180000000 0.0074481607440828
200000000 0.00719715006504
#Header 
#Target 31 73 0
#Product 28 64 0
#Datapoints 25
1000000 0
24000000 0
26000000 1.645626879E-12
28000000 6.761149605E-10
30000000 2.782320068E-8
35000000 2.3421394458E-6
40000000 4.3272907148E-5
45000000 0.0001845770028
50000000 0.0003365680515
55000000 0.00033970396896
60000000 0.00027562000568
65000000 0.00023529095002
70000000 0.00027552801705
75000000 0.00043200103635
80000000 0.00074275499386
90000000 0.0016531103862
100000000 0.00241662035824
110000000 0.00281323989462
120000000 0.00320665990381
130000000 0.0035995307854266
140000000 0.0038035006065726
150000000 0.00399066031
160000000 0.00414190020657
180000000 0.0040500402208686
200000000 0.0039775198596
#Header 
#Target 31 73 0
#Product 28 65 0
#Datapoints 29
1000000 0
18000000 0
19000000 4.872168768E-15
20000000 1.863047472E-13
22000000 6.355818482E-11
24000000 5.3880503086E-9
26000000 1.3985501003E-7
28000000 1.3959494934E-6
30000000 6.6147200985E-6
35000000 4.3953299082E-5
40000000 8.2182906106E-5
45000000 7.572189078E-5
50000000 5.53730997E-5
55000000 4.51502064E-5
60000000 5.5706497516E-5
65000000 0.000102299998052
70000000 0.00020856896307
75000000 0.00035087500695
80000000 0.000495604935
90000000 0.000681633014265
100000000 0.000761917996572
110000000 0.000866590039524
120000000 0.00098687854606
130000000 0.00106337008527
140000000 0.001145680155219
150000000 0.001191699782
160000000 0.00121235967161
180000000 0.0012417103926675
200000000 0.00125503009668
#Header 
#Target 31 73 0
#Product 28 66 0
#Datapoints 39
1000000 0
8000000 0
9000000 6.079020045E-15
10000000 1.753182093E-13
11000000 2.0569561264E-12
12000000 1.735733556E-11
13000000 1.237252352E-10
14000000 7.855899324E-10
15000000 4.0413401892E-9
16000000 1.7212696396E-8
17000000 5.781380145E-8
18000000 1.532270168E-7
19000000 3.3252997572E-7
20000000 6.0922294752E-7
22000000 1.4745798824E-6
24000000 2.8778302193E-6
26000000 4.9604100261E-6
28000000 7.5424501635E-6
30000000 9.507930373E-6
35000000 8.5226509368E-6
40000000 6.0881896112E-6
45000000 4.9245295572E-6
50000000 7.79752056E-6
55000000 1.8529297056E-5
60000000 4.3763497092E-5
65000000 8.472630376E-5
70000000 0.00012221304615
75000000 0.00014909095305
80000000 0.00015746198208
90000000 0.00017453197251
100000000 0.00019754303458
110000000 0.000228622038012
120000000 0.000268215984146
130000000 0.00030775506146175
140000000 0.00032583507043719
150000000 0.00035634396616
160000000 0.000386474017821
180000000 0.00040784408369019
200000000 0.00044352100698
#Header 
#Target 31 73 0
#Product 28 67 0
#Datapoints 24
1000000 0
26000000 0
28000000 3.726453276E-13
30000000 3.094955294E-11
35000000 1.5021103482E-8
40000000 1.941020228E-7
45000000 1.05215998212E-6
50000000 3.780550182E-6
55000000 9.694780776E-6
60000000 1.5848504716E-5
65000000 1.9846703884E-5
70000000 2.1601101873E-5
75000000 2.259009831E-5
80000000 2.3626804868E-5
90000000 2.7274902228E-5
100000000 3.58597024034E-5
110000000 4.69951997598E-5
120000000 5.9964193806E-5
130000000 7.2452108063196E-5
140000000 8.3356010843895E-5
150000000 9.325914052E-5
160000000 0.00010129396713
180000000 0.0001137980374776
200000000 0.000122429967528
#Header 
#Target 31 73 0
#Product 28 68 0
#Datapoints 25
1000000 0
24000000 0
26000000 5.004157651E-15
28000000 9.912226842E-13
30000000 3.661032268E-11
35000000 5.2348400874E-9
40000000 6.8211699356E-8
45000000 3.7292194776E-7
50000000 8.394870516E-7
55000000 1.1822599008E-6
60000000 1.34887039E-6
65000000 1.4959099092E-6
70000000 1.6338997584E-6
75000000 1.8912398895E-6
80000000 2.3985103484E-6
90000000 5.1026102253E-6
100000000 9.6082277402E-6
110000000 1.49044032E-5
120000000 2.0222702225E-5
130000000 2.438480586885E-5
140000000 2.8582904004741E-5
150000000 3.1379896912E-5
160000000 3.39385995892E-5
180000000 3.7462506946074E-5
200000000 3.9349703466E-5
#Header 
#Target 31 73 0
#Product 29 59 0
#Datapoints 11
1000000 0
90000000 0
100000000 4.9116637084E-12
110000000 8.52626020146E-9
120000000 3.71630047316E-7
130000000 3.202390280022E-6
140000000 1.1846499348312E-5
150000000 2.7423800404E-5
160000000 4.82820982138E-5
180000000 0.00010342904333895
200000000 0.00013976800314
#Header 
#Target 31 73 0
#Product 29 60 0
#Datapoints 12
1000000 0
80000000 0
90000000 3.7680811875E-11
100000000 1.26304990918E-7
110000000 5.67563052918E-6
120000000 4.99809991472E-5
130000000 0.0001778290135074
140000000 0.00037174802004801
150000000 0.0005988190208
160000000 0.000858349438
180000000 0.0013476398091534
200000000 0.00154512966084
#Header 
#Target 31 73 0
#Product 29 61 0
#Datapoints 14
1000000 0
70000000 0
75000000 9.81450873E-13
80000000 1.2875397832E-9
90000000 1.39807029915E-6
100000000 4.23680035092E-5
110000000 0.000301202006622
120000000 0.00093819902495
130000000 0.0017052700845879
140000000 0.0024901605644826
150000000 0.0034895199248
160000000 0.00446134988741
180000000 0.005546660429709
200000000 0.00564166048872
#Header 
#Target 31 73 0
#Product 29 62 0
#Datapoints 16
1000000 0
60000000 0
65000000 1.234974174E-13
70000000 1.5887997216E-9
75000000 2.837959995E-7
80000000 5.9172805978E-6
90000000 0.00015316401996
100000000 0.00115208019018
110000000 0.00322023969318
120000000 0.00521627998188
130000000 0.0070689915891873
140000000 0.00928892537784
150000000 0.011682297172
160000000 0.0135688996381
180000000 0.014481997754994
200000000 0.0139245033792
#Header 
#Target 31 73 0
#Product 29 63 0
#Datapoints 18
1000000 0
50000000 0
55000000 5.241560256E-12
60000000 6.002530082E-8
65000000 4.4222501344E-6
70000000 4.4489497377E-5
75000000 0.0002311389678
80000000 0.00078530897472
90000000 0.00333696987225
100000000 0.00741692060048
110000000 0.0103563044718
120000000 0.012980701415
130000000 0.016280598672
140000000 0.01973990398002
150000000 0.022305402392
160000000 0.022943504161
180000000 0.022396498329618
200000000 0.0211982026224
#Header 
#Target 31 73 0
#Product 29 64 0
#Datapoints 19
1000000 0
45000000 0
50000000 1.475819709E-9
55000000 1.2052200816E-6
60000000 3.4798898324E-5
65000000 0.00019870404064
70000000 0.00078886096497
75000000 0.002241789654
80000000 0.004279129855
90000000 0.0081382396977
100000000 0.0110068037112
110000000 0.0128520979302
120000000 0.015929198538
130000000 0.019026697344156
140000000 0.020707304339922
150000000 0.02101639904
160000000 0.021196897352
180000000 0.020668704015456
200000000 0.0191365974564
#Header 
#Target 31 73 0
#Product 29 65 0
#Datapoints 22
1000000 0
30000000 0
35000000 5.87406897E-15
40000000 6.3420999638E-8
45000000 5.271470004E-6
50000000 6.047830458E-5
55000000 0.00031270997232
60000000 0.0012768699996
65000000 0.0035126599522
70000000 0.0064588596384
75000000 0.008667300993
80000000 0.0098768900836
90000000 0.011197301598
100000000 0.0128565969542
110000000 0.015892002564
120000000 0.0187023981331
130000000 0.020004898677933
140000000 0.02078800200699
150000000 0.02067519818
160000000 0.0206021002448
180000000 0.019345001101209
200000000 0.0189945020556
#Header 
#Target 31 73 0
#Product 29 66 0
#Datapoints 24
1000000 0
26000000 0
28000000 1.2463499622E-15
30000000 7.914389575E-12
35000000 4.6501600068E-7
40000000 2.2049804262E-5
45000000 0.00012533402652
50000000 0.0008105289969
55000000 0.0028887600096
60000000 0.0054189500136
65000000 0.0068422398016
70000000 0.0071681896182
75000000 0.007032000144
80000000 0.0070051204032
90000000 0.0078556002714
100000000 0.0099962313164
110000000 0.0117590992296
120000000 0.0125411985424
130000000 0.013049299893054
140000000 0.012842299013946
150000000 0.012750204376
160000000 0.0124032976829
180000000 0.01229170454253
200000000 0.0118456982628
#Header 
#Target 31 73 0
#Product 29 67 0
#Datapoints 30
1000000 0
17000000 0
18000000 2.748432192E-15
19000000 1.199973336E-12
20000000 7.574625696E-11
22000000 6.4686495636E-9
24000000 4.6017905735E-8
26000000 1.5527401833E-7
28000000 5.1474802638E-7
30000000 1.6298902766E-6
35000000 2.7345702384E-5
40000000 0.00040844704378
45000000 0.0017229200868
50000000 0.003291169899
55000000 0.0039033399456
60000000 0.0036856098288
65000000 0.0034220202912
70000000 0.0032587101768
75000000 0.0033421395345
80000000 0.003704670287
90000000 0.00494531005185
100000000 0.00611458016646
110000000 0.00672541011354
120000000 0.00703134035813
130000000 0.0071608708694919
140000000 0.0071742714798144
150000000 0.0072186598848
160000000 0.00723096042836
180000000 0.0071902612206369
200000000 0.0070651302636
#Header 
#Target 31 73 0
#Product 29 68 0
#Datapoints 29
1000000 0
18000000 0
19000000 5.823875064E-15
20000000 4.534678896E-13
22000000 2.042105968E-10
24000000 1.7464503997E-8
26000000 5.5413900782E-7
28000000 6.3583901514E-6
30000000 3.1716197862E-5
35000000 0.00025263193032
40000000 0.00050775302906
45000000 0.00054811905492
50000000 0.0004834549572
55000000 0.00044030796624
60000000 0.00040142602428
65000000 0.00041247695874
70000000 0.00047190394758
75000000 0.00057355002315
80000000 0.00070326899296
90000000 0.000954989017605
100000000 0.00113098042004
110000000 0.00126701034774
120000000 0.00134639018745
130000000 0.0014001897550287
140000000 0.0014548601238141
150000000 0.0014696803212
160000000 0.00149859012516
180000000 0.0015066697932342
200000000 0.00154969986624
#Header 
#Target 31 73 0
#Product 29 69 0
#Datapoints 37
1000000 0
10000000 0
11000000 4.4060097956E-14
12000000 1.22142213E-12
13000000 1.467865952E-11
14000000 1.316306992E-10
15000000 1.243729756E-9
16000000 9.6097799511E-9
17000000 5.2263996036E-8
18000000 2.0501500448E-7
19000000 6.142680138E-7
20000000 1.4690305344E-6
22000000 5.821670024E-6
24000000 1.658879746E-5
26000000 3.7815302924E-5
28000000 7.0277300625E-5
30000000 0.00010423100317
35000000 0.00013853300076
40000000 0.00012823000876
45000000 0.00011626800642
50000000 0.00010816299822
55000000 0.0001179429552
60000000 0.00015427097452
65000000 0.0002354970009
70000000 0.00034500196458
75000000 0.0004587630021
80000000 0.0005605199994
90000000 0.00073332403137
100000000 0.000843024959788
110000000 0.00092213414742
120000000 0.00098705383469
130000000 0.0010266100241232
140000000 0.0010485403811019
150000000 0.0010745897344
160000000 0.00108352980837
180000000 0.0010981499395167
200000000 0.00109610991744
#Header 
#Target 31 73 0
#Product 29 70 0
#Datapoints 23
1000000 0
28000000 0
30000000 3.778412104E-13
35000000 2.9085101892E-9
40000000 1.09956006876E-7
45000000 7.6833789048E-7
50000000 3.25410948E-6
55000000 1.08904996224E-5
60000000 2.4263705632E-5
65000000 3.9568002432E-5
70000000 5.3171603238E-5
75000000 6.516289845E-5
80000000 7.5277201622E-5
90000000 8.7214204035E-5
100000000 9.5404416592E-5
110000000 9.9557486358E-5
120000000 0.000102415985727
130000000 0.00010408303269483
140000000 0.00010529801165028
150000000 0.000103343968
160000000 0.000106674017039
180000000 0.00010655404889283
200000000 0.00010672898184
#Header 
#Target 31 73 0
#Product 29 71 0
#Datapoints 24
1000000 0
26000000 0
28000000 1.28368695E-15
30000000 1.1315798896E-12
35000000 3.1903103232E-9
40000000 2.4488898852E-7
45000000 3.330460554E-6
50000000 1.356470619E-5
55000000 3.002399424E-5
60000000 4.7994995264E-5
65000000 6.4943601184E-5
70000000 7.8831708423E-5
75000000 8.934750123E-5
80000000 9.5358902122E-5
90000000 0.00010367598591
100000000 0.000103385016324
110000000 0.00010382898603
120000000 0.000103055032905
130000000 0.00010112199881136
140000000 0.00010098902215272
150000000 0.0001010529702
160000000 9.741747058E-5
180000000 9.501273682992E-5
200000000 9.3391422852E-5
#Header 
#Target 31 73 0
#Product 30 61 0
#Datapoints 12
1000000 0
80000000 0
90000000 1.4692231575E-11
100000000 1.41963998998E-8
110000000 5.31912030972E-7
120000000 3.39471968968E-6
130000000 8.065140717558E-6
140000000 1.4164102594629E-5
150000000 2.3751297024E-5
160000000 3.4729701493E-5
180000000 4.8828107580462E-5
200000000 5.23205024916E-5
#Header 
#Target 31 73 0
#Product 30 62 0
#Datapoints 14
1000000 0
70000000 0
75000000 8.332025325E-12
80000000 5.0408402136E-9
90000000 1.35936016965E-6
100000000 3.0102900089E-5
110000000 0.000110496971268
120000000 0.000196386974564
130000000 0.00030876503257488
140000000 0.00046030203286977
150000000 0.00063176501752
160000000 0.000803552996502
180000000 0.0008844844576995
200000000 0.00081577422312
#Header 
#Target 31 73 0
#Product 30 63 0
#Datapoints 16
1000000 0
60000000 0
65000000 1.324060878E-11
70000000 1.5577902756E-7
75000000 6.663819903E-6
80000000 5.0770899722E-5
90000000 0.00032413703553
100000000 0.000908193961794
110000000 0.00135079008036
120000000 0.0019443602101
130000000 0.002856340589232
140000000 0.0040636909204599
150000000 0.0048238802612
160000000 0.00505737050096
180000000 0.0049568801545872
200000000 0.00474361003656
#Header 
#Target 31 73 0
#Product 30 64 0
#Datapoints 18
1000000 0
50000000 0
55000000 6.8850896544E-8
60000000 2.7943997956E-5
65000000 0.00034195095872
70000000 0.0014202801873
75000000 0.0029146095225
80000000 0.0037690096372
90000000 0.0044083002033
100000000 0.00547556016934
110000000 0.00790757038794
120000000 0.0123043008528
130000000 0.015966301366761
140000000 0.017458405013139
150000000 0.017887497992
160000000 0.0179064974196
180000000 0.016590599019666
200000000 0.0151769041392
#Header 
#Target 31 73 0
#Product 30 65 0
#Datapoints 20
1000000 0
40000000 0
45000000 2.9827903032E-9
50000000 5.010800415E-5
55000000 0.0012376303056
60000000 0.0053014901704
65000000 0.0093790497122
70000000 0.010903096659
75000000 0.009733011054
80000000 0.0083094499956
90000000 0.00870905009835
100000000 0.0143172011878
110000000 0.0228313995414
120000000 0.0282950016756
130000000 0.030271503339423
140000000 0.030415605299766
150000000 0.029757302848
160000000 0.02799069443
180000000 0.025956598467681
200000000 0.024760996902
#Header 
#Target 31 73 0
#Product 30 66 0
#Datapoints 22
1000000 0
30000000 0
35000000 2.2865702706E-6
40000000 0.0015248694856
45000000 0.007243430322
50000000 0.01372159767
55000000 0.017727800976
60000000 0.017434693992
65000000 0.013948703062
70000000 0.011361104274
75000000 0.010999902225
80000000 0.013345004566
90000000 0.0242154977085
100000000 0.0379846008226
110000000 0.044493296592
120000000 0.0463193976245
130000000 0.045902608747842
140000000 0.044416207329612
150000000 0.042659601348
160000000 0.041429902395
180000000 0.039525204581919
200000000 0.0373405988772
#Header 
#Target 31 73 0
#Product 30 67 0
#Datapoints 26
1000000 0
22000000 0
24000000 1.921478039E-15
26000000 7.1059696107E-9
28000000 3.1537603377E-6
30000000 6.2855504799E-5
35000000 0.0041932997568
40000000 0.015047306328
45000000 0.019572601512
50000000 0.01654220166
55000000 0.011902902192
60000000 0.0094743405016
65000000 0.0094836995344
70000000 0.012453695787
75000000 0.01814819799
80000000 0.024860199186
90000000 0.036671506326
100000000 0.0425233987486
110000000 0.043648302777
120000000 0.0430775011469
130000000 0.04143890691579
140000000 0.040580102069934
150000000 0.039594603776
160000000 0.0388757978732
180000000 0.037221502875606
200000000 0.03572240154
#Header 
#Target 31 73 0
#Product 30 68 0
#Datapoints 34
1000000 0
13000000 0
14000000 2.631926752E-12
15000000 7.7967200308E-9
16000000 1.4184201472E-6
17000000 4.1083103091E-5
18000000 0.00021554797264
19000000 0.0003854160075
20000000 0.00059398599216
22000000 0.0019228998016
24000000 0.0055162304524
26000000 0.0107225997009
28000000 0.015981103761
30000000 0.020451799853
35000000 0.024395601384
40000000 0.017774006156
45000000 0.012118897908
50000000 0.009798650148
55000000 0.0110552002128
60000000 0.015821196212
65000000 0.023236803604
70000000 0.031437797001
75000000 0.03808319346
80000000 0.042823595206
90000000 0.047658797928
100000000 0.0481520990118
110000000 0.0475800971268
120000000 0.0464236988083
130000000 0.045834103258665
140000000 0.044560206810507
150000000 0.04351020492
160000000 0.0426499977576
180000000 0.040754904046038
200000000 0.039547902348
#Header 
#Target 31 73 0
#Product 30 69 0
#Datapoints 41
1000000 0
6000000 0
7000000 9.95108994E-15
8000000 5.645508684E-11
9000000 1.56372006E-8
10000000 7.1453697978E-7
11000000 1.03479033252E-5
12000000 7.5508400085E-5
13000000 0.00033819193576
14000000 0.00094295199362
15000000 0.0019055504224
16000000 0.0031246996277
17000000 0.0043326204726
18000000 0.0054761092848
19000000 0.0065040704382
20000000 0.0073564295904
22000000 0.0080929597956
24000000 0.007519069869
26000000 0.0063427004691
28000000 0.0052530293949
30000000 0.0043342894702
35000000 0.002713849677
40000000 0.0020981904144
45000000 0.0025147203384
50000000 0.003527609934
55000000 0.0053362392912
60000000 0.0074113105824
65000000 0.0091576997708
70000000 0.0103893999261
75000000 0.01129809798
80000000 0.011787500354
90000000 0.012468399363
100000000 0.0124444989778
110000000 0.0122778035118
120000000 0.0121559016766
130000000 0.011868704279205
140000000 0.011495002539072
150000000 0.011306101352
160000000 0.0109298994299
180000000 0.01044610133427
200000000 0.0098720822784
#Header 
#Target 31 73 0
#Product 30 70 0
#Datapoints 46
1000000 0
1000000 2.08057983944E-12
2000000 3.69046014444E-8
3000000 3.0718589139E-6
4000000 3.38787950784E-5
5000000 0.000134118020628
6000000 0.000297193013968
7000000 0.000497829019083
8000000 0.00081739810624
9000000 0.0013959800778
10000000 0.002315710059
11000000 0.00358440982186
12000000 0.0051794498932
13000000 0.0068646999624
14000000 0.0079582206522
15000000 0.0081041008196
16000000 0.0079297499652
17000000 0.0073869699633
18000000 0.0068062704688
19000000 0.0062354004486
20000000 0.005615300592
22000000 0.0044470398892
24000000 0.0034481005788
26000000 0.0028007701981
28000000 0.0025632203142
30000000 0.0029387195095
35000000 0.0054995895108
40000000 0.0090404296602
45000000 0.013540998768
50000000 0.01856609475
55000000 0.022837194864
60000000 0.025538298444
65000000 0.027576501358
70000000 0.028899905307
75000000 0.030074694975
80000000 0.030474495262
90000000 0.0307845979245
100000000 0.030056799909
110000000 0.0290867008506
120000000 0.0280247012694
130000000 0.02706579954012
140000000 0.025957101810264
150000000 0.02489870474
160000000 0.024016399763
180000000 0.022165104605049
200000000 0.020629601712
#Header 
#Target 31 73 0
#Product 30 71 0
#Datapoints 34
1000000 0
13000000 0
14000000 3.198120016E-14
15000000 3.71773655E-12
16000000 1.841193179E-10
17000000 3.4903995111E-9
18000000 4.1294204336E-8
19000000 3.6965704146E-7
20000000 2.4594295968E-6
22000000 3.9132106804E-5
24000000 0.00018221895782
26000000 0.00039994001645
28000000 0.00059070405366
30000000 0.00075902303784
35000000 0.0014918504832
40000000 0.0026287701282
45000000 0.0036405399168
50000000 0.004477419564
55000000 0.0050328698112
60000000 0.0054662396464
65000000 0.0057648501806
70000000 0.0059605302315
75000000 0.006111899898
80000000 0.0061841691546
90000000 0.0062237205954
100000000 0.00604170989418
110000000 0.0058036394436
120000000 0.00549475043986
130000000 0.0051945102502929
140000000 0.0050165609272971
150000000 0.0047248202456
160000000 0.00453539962257
180000000 0.0041295303654759
200000000 0.00378912009324
#Header 
#Target 31 73 0
#Product 30 72 0
#Datapoints 37
1000000 0
10000000 0
11000000 1.2284683922E-12
12000000 1.075187508E-10
13000000 1.106799848E-9
14000000 8.0807605606E-9
15000000 5.8774604376E-8
16000000 2.8539995897E-7
17000000 9.4012000968E-7
18000000 2.3385505264E-6
19000000 4.7760000378E-6
20000000 1.981469688E-5
22000000 0.000116696001508
24000000 0.00042681597108
26000000 0.00108997997272
28000000 0.0021486894324
30000000 0.0035049802829
35000000 0.0072011603664
40000000 0.0102638992342
45000000 0.01248969816
50000000 0.01399469901
55000000 0.01505169936
60000000 0.015858698264
65000000 0.01618029686
70000000 0.016506399975
75000000 0.01664900289
80000000 0.016743600294
90000000 0.016542803529
100000000 0.01584670167
110000000 0.0150706987134
120000000 0.0142276976105
130000000 0.013397697747114
140000000 0.012609001956174
150000000 0.012054901404
160000000 0.0113087002915
180000000 0.010235603499408
200000000 0.009349418394
#Header 
#Target 31 73 0
#Product 31 64 0
#Datapoints 13
1000000 0
75000000 0
80000000 3.864499274E-12
90000000 5.38891042095E-8
100000000 2.18553991312E-6
110000000 1.71395979174E-5
120000000 5.64761013333E-5
130000000 0.00010330100735691
140000000 0.00013386403119384
150000000 0.00014276796716
160000000 0.000145479024565
180000000 0.00013305503858913
200000000 0.000116250987168
#Header 
#Target 31 73 0
#Product 31 65 0
#Datapoints 16
1000000 0
60000000 0
65000000 3.876234782E-15
70000000 2.7813295848E-9
75000000 4.610170656E-7
80000000 6.3320801494E-6
90000000 0.00010195101504
100000000 0.000597210991222
110000000 0.00144394990644
120000000 0.00199319989341
130000000 0.0021453506689899
140000000 0.0021092305852293
150000000 0.002009100002
160000000 0.00185204009997
180000000 0.0016389599316489
200000000 0.00148203027996
#Header 
#Target 31 73 0
#Product 31 66 0
#Datapoints 17
1000000 0
55000000 0
60000000 9.98915017E-9
65000000 4.0243901264E-6
70000000 5.6091500868E-5
75000000 0.00028176093465
80000000 0.00096320698966
90000000 0.0038300796891
100000000 0.00785160013852
110000000 0.009663523701
120000000 0.0095786872269
130000000 0.009041228704392
140000000 0.0083740603242618
150000000 0.00771260035
160000000 0.00716707032741
180000000 0.0064152810036693
200000000 0.00586881027084
#Header 
#Target 31 73 0
#Product 31 67 0
#Datapoints 20
1000000 0
40000000 0
45000000 1.1113395492E-12
50000000 1.430820189E-6
55000000 0.000112290004656
60000000 0.00075553690416
65000000 0.0039056197586
70000000 0.012713999688
75000000 0.02225020083
80000000 0.028247300866
90000000 0.0337816983105
100000000 0.0346896045694
110000000 0.0318264991158
120000000 0.0291476963305
130000000 0.026701503751032
140000000 0.024543205042776
150000000 0.022966103888
160000000 0.0219566989149
180000000 0.020014703545662
200000000 0.0186588993804
#Header 
#Target 31 73 0
#Product 31 68 0
#Datapoints 21
1000000 0
35000000 0
40000000 7.0658197936E-7
45000000 0.00022423694496
50000000 0.001394560332
55000000 0.0071922700944
60000000 0.025189399584
65000000 0.046947599986
70000000 0.059455000566
75000000 0.061297205385
80000000 0.059917197356
90000000 0.056767893903
100000000 0.0520102042596
110000000 0.0477565024284
120000000 0.0441255047068
130000000 0.041349807165045
140000000 0.039289007582454
150000000 0.037416401932
160000000 0.0355371992058
180000000 0.033002504918838
200000000 0.0307703979696
#Header 
#Target 31 73 0
#Product 31 69 0
#Datapoints 25
1000000 0
24000000 0
26000000 1.321174006E-13
28000000 1.25315998122E-7
30000000 1.9003196212E-5
35000000 0.00106253008092
40000000 0.0055708697704
45000000 0.025762296552
50000000 0.06370200204
55000000 0.099808507728
60000000 0.116038958
65000000 0.11816195496
70000000 0.11481094131
75000000 0.11119395495
80000000 0.1076550141
90000000 0.10005200919
100000000 0.091388103053
110000000 0.0850549084254
120000000 0.0795618986371
130000000 0.074615610034263
140000000 0.070623004836372
150000000 0.067057099564
160000000 0.0637430000586
180000000 0.058202507063925
200000000 0.0534908980236
#Header 
#Target 31 73 0
#Product 31 70 0
#Datapoints 30
1000000 0
17000000 0
18000000 1.097109992E-13
19000000 3.0020397756E-9
20000000 5.0957790576E-7
22000000 7.0075805726E-5
24000000 0.00057558303162
26000000 0.0015399096211
28000000 0.0027721902096
30000000 0.0046330604305
35000000 0.028410196122
40000000 0.087601305082
45000000 0.13555200036
50000000 0.1489669665
55000000 0.14867999712
60000000 0.14260795836
65000000 0.13770995
70000000 0.13318895265
75000000 0.12863199375
80000000 0.12445403068
90000000 0.11440697499
100000000 0.104601966994
110000000 0.095902528512
120000000 0.0885394971274
130000000 0.082430210427813
140000000 0.076651507519677
150000000 0.071363497296
160000000 0.0675512027087
180000000 0.060292007866314
200000000 0.0547883977428
#Header 
#Target 31 73 0
#Product 31 71 0
#Datapoints 39
1000000 0
8000000 0
9000000 3.888452694E-12
10000000 3.8668398873E-9
11000000 1.0955996086E-7
12000000 6.9727002003E-7
13000000 4.964420006E-6
14000000 2.5710294064E-5
15000000 0.000109214990182
16000000 0.00028858895184
17000000 0.00057895893957
18000000 0.00105035990048
19000000 0.0019181600376
20000000 0.0037550802432
22000000 0.01316030583
24000000 0.033307601248
26000000 0.062892000611
28000000 0.097754604066
30000000 0.13471400777
35000000 0.20449401588
40000000 0.22421998556
45000000 0.22362199536
50000000 0.2121830064
55000000 0.20346499296
60000000 0.19252395492
65000000 0.18487395752
70000000 0.1768309959
75000000 0.17026096035
80000000 0.16431298106
90000000 0.147784995855
100000000 0.131301968184
110000000 0.118407994692
120000000 0.107646972158
130000000 0.09816905304582
140000000 0.08975842635507
150000000 0.08380656648
160000000 0.0773028037303
180000000 0.067762813438782
200000000 0.0604072048548
#Header 
#Target 31 73 0
#Product 31 72 0
#Datapoints 40
1000000 0
7000000 0
8000000 3.9949239792E-15
9000000 1.3518497454E-9
10000000 9.570593565E-7
11000000 4.87815017102E-5
12000000 0.00087928301951
13000000 0.0038436503756
14000000 0.00889101031
15000000 0.018983995898
16000000 0.032916097851
17000000 0.049248002304
18000000 0.067924301984
19000000 0.088347287988
20000000 0.111369005088
22000000 0.1502890357
24000000 0.17878006061
26000000 0.19582002524
28000000 0.20664793779
30000000 0.20843003028
35000000 0.20502004446
40000000 0.19500102628
45000000 0.18338694372
50000000 0.1660810215
55000000 0.15913101456
60000000 0.15060096448
65000000 0.14309097306
70000000 0.13364595621
75000000 0.12524397405
80000000 0.11806299598
90000000 0.103883017455
100000000 0.0905419954024
110000000 0.0798203943486
120000000 0.0708127982188
130000000 0.063607203201978
140000000 0.058260902966766
150000000 0.052677896544
160000000 0.0488945022777
180000000 0.042337605381498
200000000 0.0372554998512
#Header 
#Target 31 73 0
#Product 31 73 0
#Datapoints 46
1000000 0
1000000 0
2000000 9.2697780849E-9
3000000 4.6990200537E-6
4000000 0.000102971032768
5000000 0.00092340601605
6000000 0.0042814911024
7000000 0.0119584997862
8000000 0.023449398568
9000000 0.037039695987
10000000 0.050896402557
11000000 0.0643562961566
12000000 0.077954204641
13000000 0.091402391472
14000000 0.103512000592
15000000 0.11363699918
16000000 0.12115305657
17000000 0.12661799631
18000000 0.12978699712
19000000 0.1307799354
20000000 0.13024099968
22000000 0.12784297092
24000000 0.123588002524
26000000 0.119584001548
28000000 0.115612004046
30000000 0.112925004337
35000000 0.103442004666
40000000 0.094000396188
45000000 0.082495704192
50000000 0.08372500293
55000000 0.075391903152
60000000 0.07073690068
65000000 0.063868597814
70000000 0.058330902864
75000000 0.054420503085
80000000 0.048071498266
90000000 0.0392323025745
100000000 0.0317842018782
110000000 0.0258277964688
120000000 0.0212361018518
130000000 0.017773500000759
140000000 0.015128298230955
150000000 0.012771301816
160000000 0.0107382002902
180000000 0.0077089113100944
200000000 0.00584687955084
#Header 
#Target 31 73 0
#Product 32 66 0
#Datapoints 15
1000000 0
65000000 0
70000000 3.5893201227E-9
75000000 3.4418598825E-7
80000000 3.0357399648E-6
90000000 1.7705002896E-5
100000000 4.32092000794E-5
110000000 5.46475970844E-5
120000000 5.02815969029E-5
130000000 4.344980436501E-5
140000000 3.777900320049E-5
150000000 3.1391199112E-5
160000000 2.55546974067E-5
180000000 1.9344904917597E-5
200000000 1.48914993156E-5
#Header 
#Target 31 73 0
#Product 32 67 0
#Datapoints 17
1000000 0
55000000 0
60000000 1.3186202876E-7
65000000 2.1427798084E-5
70000000 0.00019197299082
75000000 0.000505737024
80000000 0.00071142501158
90000000 0.00084590694846
100000000 0.00085776299917
110000000 0.000725966995332
120000000 0.000590488935267
130000000 0.00047972201581911
140000000 0.00039673906816413
150000000 0.00033044803064
160000000 0.000276660986073
180000000 0.00021414599911215
200000000 0.00017031201342
#Header 
#Target 31 73 0
#Product 32 68 0
#Datapoints 20
1000000 0
40000000 0
45000000 1.15107988944E-8
50000000 0.0003094539735
55000000 0.004903459848
60000000 0.014352903804
65000000 0.018848396028
70000000 0.017402397519
75000000 0.01350280152
80000000 0.010511003356
90000000 0.0074819896074
100000000 0.00543838931196
110000000 0.00410810010606
120000000 0.0032193403011
130000000 0.0026350601189484
140000000 0.0022159904963151
150000000 0.0018974401264
160000000 0.00165517998803
180000000 0.0012960998206632
200000000 0.00105549970668
#Header 
#Target 31 73 0
#Product 32 69 0
#Datapoints 21
1000000 0
35000000 0
40000000 0.0022066900748
45000000 0.038995892304
50000000 0.08912789784
55000000 0.096111091584
60000000 0.075733491736
65000000 0.051959300652
70000000 0.037147804941
75000000 0.028493295285
80000000 0.02301450398
90000000 0.016269798321
100000000 0.0121848044332
110000000 0.0096897068652
120000000 0.0079189797357
130000000 0.0066667607876274
140000000 0.0057669605897391
150000000 0.0050927102044
160000000 0.00457368012899
180000000 0.0037163303775045
200000000 0.00312145968708
#Header 
#Target 31 73 0
#Product 32 70 0
#Datapoints 25
1000000 0
24000000 0
26000000 0.00066561094727
28000000 0.013853806176
30000000 0.058421105083
35000000 0.2282049693
40000000 0.28376103744
45000000 0.22524096384
50000000 0.1404960636
55000000 0.088797893472
60000000 0.06445189618
65000000 0.050824300114
70000000 0.042022798467
75000000 0.03579359823
80000000 0.031080897356
90000000 0.0244032958575
100000000 0.019735298894
110000000 0.0164834023422
120000000 0.0141710001917
130000000 0.012370402407192
140000000 0.010888201767078
150000000 0.009730591416
160000000 0.0087197196594
180000000 0.0072216106659081
200000000 0.00611788998972
#Header 
#Target 31 73 0
#Product 32 71 0
#Datapoints 31
1000000 0
16000000 0
17000000 1.00324996953E-5
18000000 0.012135194368
19000000 0.07490319642
20000000 0.1764389616
22000000 0.39290902346
24000000 0.52704600346
26000000 0.58004994299
28000000 0.57412493166
30000000 0.51809500762
35000000 0.28332894744
40000000 0.14832101098
45000000 0.09862900266
50000000 0.07622000259
55000000 0.062549195472
60000000 0.052770700232
65000000 0.045560901372
70000000 0.039906102561
75000000 0.035226403095
80000000 0.031783197854
90000000 0.0257603988285
100000000 0.0209314009928
110000000 0.0174582982596
120000000 0.0147953035494
130000000 0.01273469819628
140000000 0.011068305527409
150000000 0.009722428716
160000000 0.0086759535602
180000000 0.007098470795115
200000000 0.00598423008372
#Header 
#Target 31 73 0
#Product 32 72 0
#Datapoints 41
1000000 0
6000000 0
7000000 0.0785875167
8000000 0.275542973744
9000000 0.48782097966
10000000 0.64944704799
11000000 0.75347298901
12000000 0.81708600043
13000000 0.85629696768
14000000 0.882379043
15000000 0.89770506752
16000000 0.90594596708
17000000 0.9090399324
18000000 0.89600792688
19000000 0.82985498754
20000000 0.72021303552
22000000 0.48102402998
24000000 0.31335197402
26000000 0.22088303415
28000000 0.17226902763
30000000 0.14458202131
35000000 0.108634993236
40000000 0.086649494632
45000000 0.0712181028
50000000 0.0596741949
55000000 0.050698304352
60000000 0.043815496388
65000000 0.037968803026
70000000 0.033362802954
75000000 0.02945749911
80000000 0.026574704404
90000000 0.021082099122
100000000 0.0167619031414
110000000 0.0136968999606
120000000 0.0114117969933
130000000 0.009691208994429
140000000 0.0083997816402396
150000000 0.0073851103144
160000000 0.00654006987395
180000000 0.0053111909245815
200000000 0.00444864968496
#Header 
#Target 31 73 0
#Product 32 73 0
#Datapoints 46
1000000 0
1000000 1.80922995336E-7
2000000 0.000584738989413
3000000 0.0138258988506
4000000 0.0659139069716
5000000 0.161706989979
6000000 0.282673009968
7000000 0.354360975837
8000000 0.321416958912
9000000 0.24176904108
10000000 0.1688369826
11000000 0.118644036014
12000000 0.08802970209
13000000 0.070431200952
14000000 0.060514503686
15000000 0.05460880499
16000000 0.050399392288
17000000 0.047307604488
18000000 0.04496130408
19000000 0.042758497902
20000000 0.040690402896
22000000 0.036697806906
24000000 0.03292540163
26000000 0.029501196485
28000000 0.026447196552
30000000 0.023942502951
35000000 0.01874199789
40000000 0.015004999562
45000000 0.012353799084
50000000 0.010338199761
55000000 0.0086462696448
60000000 0.007510409838
65000000 0.0063587593762
70000000 0.0056516596617
75000000 0.0048671804025
80000000 0.0044997204674
90000000 0.00352827986805
100000000 0.0027697599677
110000000 0.00224528989344
120000000 0.00186449977802
130000000 0.0015628305006297
140000000 0.0013436297938038
150000000 0.0011930794876
160000000 0.00105192050122
180000000 0.000856555141365
200000000 0.0007191690099
#Header 
#Target 31 73 0
#Product 32 74 0
#Datapoints 46
1000000 0
1000000 6.0091699848E-10
2000000 1.34056032512E-6
3000000 2.7598900257E-5
4000000 0.000117094988888
5000000 0.00026748102006
6000000 0.00046128696496
7000000 0.00064819587261
8000000 0.00080948816304
9000000 0.0009410728236
10000000 0.0010349099904
11000000 0.00109086015752
12000000 0.0011091799069
13000000 0.0011000798508
14000000 0.0010496099705
15000000 0.0009709899924
16000000 0.00087998297072
17000000 0.00079189701597
18000000 0.0007159789912
19000000 0.00065637803388
20000000 0.00060424803648
22000000 0.00051724594522
24000000 0.00045114893872
26000000 0.00040148994736
28000000 0.00036386292138
30000000 0.00033318198468
35000000 0.00027210995658
40000000 0.00023439698398
45000000 0.0002083040076
50000000 0.0001838929425
55000000 0.00017063499456
60000000 0.00015126504252
65000000 0.00014138304502
70000000 0.00012734503548
75000000 0.00012054899025
80000000 0.0001094990196
90000000 9.4280900238E-5
100000000 8.07758980662E-5
110000000 6.99066008772E-5
120000000 6.03820035984E-5
130000000 5.4167908641915E-5
140000000 4.7621808795315E-5
150000000 4.1955800796E-5
160000000 3.64977052447E-5
180000000 2.8682105389119E-5
200000000 2.23250970048E-5
