#Header 
#Target 36 83 1
#Product 0 1 0
#Datapoints 45
1000000 0
2000000 9.514576269E-5
3000000 0.0043501723302
4000000 0.032632914014
5000000 0.11371188542
6000000 0.254967264
7000000 0.42222774204
8000000 0.5803072140348
9000000 0.709912875878
10000000 0.801870130566
11000000 0.864577296
12000000 0.91311892476
13000000 0.96712524
14000000 1.25096098
15000000 1.540906416
16000000 1.7473116
17000000 1.872408915
18000000 1.942130982
19000000 1.982807662
20000000 2.007554761
22000000 2.02760666
24000000 2.141477798
26000000 2.36131708
28000000 2.521974612
30000000 2.582593308
35000000 2.572201373
40000000 2.65458002
45000000 2.733643116
50000000 2.765741136
55000000 2.801280285
60000000 2.83559262
65000000 2.855312652
70000000 2.878867215
75000000 2.88652973
80000000 2.89384524
90000000 2.94044189
100000000 2.989304064
110000000 3.08767785233
120000000 3.189833424918
130000000 3.292752419965
140000000 3.3952884219
150000000 3.495307917647
160000000 3.591905958509
180000000 3.786939761
200000000 3.9811270523
#Header 
#Target 36 83 1
#Product 1 1 0
#Datapoints 45
1000000 0
2000000 6.1148214E-9
3000000 2.8770638107E-6
4000000 0.00011182458389
5000000 0.000910330176
6000000 0.00320052384
7000000 0.00688500405
8000000 0.01143765406329
9000000 0.01672801127292
10000000 0.03180108142954
11000000 0.10966428
12000000 0.2559157062
13000000 0.4237537776
14000000 0.395844456
15000000 0.3137554602
16000000 0.2554886025
17000000 0.2274537785
18000000 0.2208049834
19000000 0.2257213376
20000000 0.2382450595
22000000 0.279591758
24000000 0.34903107
26000000 0.39908901
28000000 0.44198424
30000000 0.4857318252
35000000 0.6494953206
40000000 0.784622033
45000000 0.8112290459
50000000 0.8612302028
55000000 0.899206056
60000000 0.9293652795
65000000 0.953453319
70000000 0.9747132
75000000 0.9928623383
80000000 1.0090251119
90000000 1.0445035093
100000000 1.074821536
110000000 1.11663395559
120000000 1.159245085653
130000000 1.202160487357
140000000 1.245589179
150000000 1.289638347998
160000000 1.333048215334
180000000 1.427580037
200000000 1.5274421618
#Header 
#Target 36 83 1
#Product 1 2 0
#Datapoints 42
1000000 0
5000000 0
6000000 9.43933824E-19
7000000 8.872369776E-11
8000000 5.106458868405E-8
9000000 8.69391652176E-7
10000000 3.675630904475E-6
11000000 1.238975232E-5
12000000 7.210356048E-5
13000000 0.0003854371104
14000000 0.0013050628
15000000 0.003027276882
16000000 0.005443100775
17000000 0.00832258531
18000000 0.01147384873
19000000 0.01476192916
20000000 0.01809239763
22000000 0.0246619578
24000000 0.03094601596
26000000 0.0368338394
28000000 0.04061148157
30000000 0.04652221392
35000000 0.05764004036
40000000 0.0670706775
45000000 0.07506754098
50000000 0.08083178468
55000000 0.08807626708
60000000 0.0911061144
65000000 0.09603095317
70000000 0.0979066707
75000000 0.09962748747
80000000 0.10273390556
90000000 0.09955536702
100000000 0.09660781372
110000000 0.09368052092879
120000000 0.09240960539115
130000000 0.09221715794114
140000000 0.09309786306
150000000 0.0947476892089
160000000 0.0979993278154
180000000 0.1070410559
200000000 0.12275344474
#Header 
#Target 36 83 1
#Product 1 3 0
#Datapoints 37
1000000 0
10000000 0
11000000 6.89127912E-20
12000000 1.1738212962E-12
13000000 9.770714912E-10
14000000 3.29292788E-8
15000000 3.021192972E-7
16000000 1.8588402E-6
17000000 1.25294988E-5
18000000 5.163582949E-5
19000000 0.0001406176244
20000000 0.0002911011631
22000000 0.000770664638
24000000 0.001435876638
26000000 0.0022160397
28000000 0.003055960536
30000000 0.003918635982
35000000 0.006030964499
40000000 0.0080265343
45000000 0.009729889958
50000000 0.011161491
55000000 0.01242319046
60000000 0.0136288509
65000000 0.01477189533
70000000 0.0159231165
75000000 0.01704777718
80000000 0.01818905855
90000000 0.02093477189
100000000 0.02394061584
110000000 0.02619929320067
120000000 0.02865136768776
130000000 0.03141725423528
140000000 0.03414698148
150000000 0.0373716884359
160000000 0.04072882485485
180000000 0.04799531831
200000000 0.056072891233
#Header 
#Target 36 83 1
#Product 2 3 0
#Datapoints 35
1000000 0
12000000 0
13000000 2.378364736E-17
14000000 1.9826794E-14
15000000 1.42988328E-12
16000000 4.416625425E-11
17000000 1.245794355E-9
18000000 2.601418875E-8
19000000 1.959109152E-7
20000000 1.729478096E-6
22000000 4.2613492E-5
24000000 0.0002987662514
26000000 0.000904537056
28000000 0.001903066066
30000000 0.003168543096
35000000 0.006851540871
40000000 0.01048320402
45000000 0.01375747574
50000000 0.016511063
55000000 0.01861597334
60000000 0.0201742968
65000000 0.02162880421
70000000 0.0228651093
75000000 0.02416660841
80000000 0.0254438496
90000000 0.02831328903
100000000 0.03155845528
110000000 0.03298042208241
120000000 0.0343573243092
130000000 0.03578449972113
140000000 0.037267976154
150000000 0.03881564654877
160000000 0.04040992199046
180000000 0.04359547446
200000000 0.046827140768
#Header 
#Target 36 83 1
#Product 2 4 0
#Datapoints 45
1000000 0
2000000 2.077395957E-17
3000000 5.690654664E-13
4000000 1.0140572051E-9
5000000 1.342059516E-7
6000000 4.01210496E-6
7000000 4.245246801E-5
8000000 0.0002156966612646
9000000 0.0006388087048747
10000000 0.001250181739978
11000000 0.001859854128
12000000 0.00243963363
13000000 0.00311797816
14000000 0.00399632532
15000000 0.005153597946
16000000 0.006788782575
17000000 0.009591463505
18000000 0.01343052029
19000000 0.01664277868
20000000 0.01792046884
22000000 0.0187101082
24000000 0.02106747194
26000000 0.023483512
28000000 0.02591367705
30000000 0.02833879608
35000000 0.03389013873
40000000 0.0380116876
45000000 0.0410774242
50000000 0.0424006332
55000000 0.04305892038
60000000 0.0438003594
65000000 0.04420882236
70000000 0.04485599715
75000000 0.04518018001
80000000 0.04558624278
90000000 0.04816103502
100000000 0.05114741832
110000000 0.05735327146692
120000000 0.0646828032519
130000000 0.07242908667302
140000000 0.079798992078
150000000 0.08707423219495
160000000 0.0941020266329
180000000 0.1068293856
200000000 0.1178724656
#Header 
#Target 36 83 1
#Product 27 56 0
#Datapoints 8
1000000 0
120000000 0
130000000 3.643610392989E-14
140000000 2.7109072458E-11
150000000 8.595223091728E-10
160000000 9.969098180613E-9
180000000 9.554709512E-7
200000000 2.65272018218E-5
#Header 
#Target 36 83 1
#Product 27 57 0
#Datapoints 9
1000000 0
110000000 0
120000000 4.58923709808E-13
130000000 8.886077081696E-11
140000000 1.90341985866E-9
150000000 1.5349100041639E-8
160000000 1.4745504354471E-7
180000000 6.8272999296E-6
200000000 9.3738783165E-5
#Header 
#Target 36 83 1
#Product 27 58 0
#Datapoints 10
1000000 0
100000000 0
110000000 7.366788961192E-15
120000000 5.280478351587E-12
130000000 2.110274625185E-10
140000000 1.93058045478E-9
150000000 1.5489498831989E-8
160000000 1.2997900437632E-7
180000000 3.1762902681E-6
200000000 3.23906950703E-5
#Header 
#Target 36 83 1
#Product 27 59 0
#Datapoints 11
1000000 0
90000000 0
100000000 2.890739332E-15
110000000 4.79540678752E-12
120000000 1.378726550226E-10
130000000 1.1691396196225E-9
140000000 8.07626984643E-9
150000000 6.7454402173886E-8
160000000 3.9752904594348E-7
180000000 5.2971897855E-6
200000000 4.15413016869E-5
#Header 
#Target 36 83 1
#Product 28 58 0
#Datapoints 8
1000000 0
120000000 0
130000000 4.153285046272E-12
140000000 1.41313966368E-9
150000000 4.6636609184347E-8
160000000 4.8160703371297E-7
180000000 1.2118300335E-5
200000000 0.000140114962035
#Header 
#Target 36 83 1
#Product 28 59 0
#Datapoints 9
1000000 0
110000000 0
120000000 1.572119603604E-12
130000000 1.23185036499E-9
140000000 5.45037013272E-8
150000000 5.9956210412098E-7
160000000 3.2552503240389E-6
180000000 5.123659663E-5
200000000 0.000415165013614
#Header 
#Target 36 83 1
#Product 28 60 0
#Datapoints 10
1000000 0
100000000 0
110000000 2.841887468447E-12
120000000 2.1274997686362E-9
130000000 8.6388408565066E-8
140000000 8.46731026023E-7
150000000 3.7388408239728E-6
160000000 1.3238199467999E-5
180000000 0.0001179609598
200000000 0.000642310034368
#Header 
#Target 36 83 1
#Product 28 61 0
#Datapoints 11
1000000 0
90000000 0
100000000 6.090356288E-15
110000000 3.479793996767E-11
120000000 4.7041800241239E-9
130000000 7.3288908561752E-8
140000000 4.081529658E-7
150000000 1.7610005330827E-6
160000000 6.7872099331454E-6
180000000 6.4605306326E-5
200000000 0.000332468005873
#Header 
#Target 36 83 1
#Product 28 62 0
#Datapoints 11
1000000 0
90000000 0
100000000 7.457170872E-12
110000000 1.1120103233838E-9
120000000 1.8426298068684E-8
130000000 1.1034598864917E-7
140000000 4.5157699653E-7
150000000 1.7680305337513E-6
160000000 5.528860140661E-6
180000000 3.2637496255E-5
200000000 0.000124426972424
#Header 
#Target 36 83 1
#Product 29 59 0
#Datapoints 8
1000000 0
120000000 0
130000000 2.623597731353E-12
140000000 4.4253338481E-10
150000000 7.5456108815724E-9
160000000 5.5314003700329E-8
180000000 2.1882598576E-6
200000000 2.72281011423E-5
#Header 
#Target 36 83 1
#Product 29 60 0
#Datapoints 10
1000000 0
100000000 0
110000000 1.86274260182E-15
120000000 2.904235504515E-11
130000000 3.6385603656061E-9
140000000 5.10175024728E-8
150000000 3.1087603216852E-7
160000000 1.8800103316027E-6
180000000 3.8769699025E-5
200000000 0.000294913006211
#Header 
#Target 36 83 1
#Product 29 61 0
#Datapoints 11
1000000 0
90000000 0
100000000 8.211460756E-15
110000000 7.247796384594E-11
120000000 6.846760733688E-9
130000000 8.6797603878246E-8
140000000 4.24429978848E-7
150000000 2.4045702950451E-6
160000000 1.2720502704448E-5
180000000 0.00015126899419
200000000 0.00087550392758
#Header 
#Target 36 83 1
#Product 29 62 0
#Datapoints 11
1000000 0
90000000 0
100000000 1.320208668E-11
110000000 3.6170202666535E-9
120000000 6.6959406760779E-8
130000000 3.7144406044133E-7
140000000 1.91736007833E-6
150000000 1.1092803240792E-5
160000000 4.4443002442828E-5
180000000 0.00033657703186
200000000 0.00142086007662
#Header 
#Target 36 83 1
#Product 29 63 0
#Datapoints 12
1000000 0
80000000 0
90000000 8.407435034E-12
100000000 3.6855603552E-9
110000000 6.4048304786279E-8
120000000 2.8892804075001E-7
130000000 1.3385804051526E-6
140000000 7.34468034753E-6
150000000 2.6486199786774E-5
160000000 7.2094710271155E-5
180000000 0.00035082103777
200000000 0.00109950029557
#Header 
#Target 36 83 1
#Product 29 64 0
#Datapoints 13
1000000 0
75000000 0
80000000 1.747781308E-14
90000000 9.667069703E-11
100000000 7.3315694068E-9
110000000 6.220610174323E-8
120000000 2.0930398331364E-7
130000000 9.3624209856618E-7
140000000 3.94988949168E-6
150000000 1.1256296946167E-5
160000000 2.5736407321878E-5
180000000 0.00010316397621
200000000 0.000269146972369
#Header 
#Target 36 83 1
#Product 29 65 0
#Datapoints 15
1000000 0
65000000 0
70000000 1.16129856E-14
75000000 1.612089759E-12
80000000 4.155207069E-11
90000000 2.7773101348E-9
100000000 2.3157297944E-8
110000000 8.0247312290722E-8
120000000 2.7651702364092E-7
130000000 1.1164303734104E-6
140000000 2.95381992144E-6
150000000 6.5325810168164E-6
160000000 1.3402706127855E-5
180000000 4.3101799596E-5
200000000 8.8510169653E-5
#Header 
#Target 36 83 1
#Product 29 66 0
#Datapoints 16
1000000 0
60000000 0
65000000 1.767090488E-15
70000000 6.651429705E-13
75000000 4.095332878E-11
80000000 6.196517561E-10
90000000 8.61076044E-9
100000000 2.2950604632E-8
110000000 7.2042110640093E-8
120000000 3.0497507571771E-7
130000000 7.892011079798E-7
140000000 1.54176002259E-6
150000000 3.1354799950565E-6
160000000 5.9817806046735E-6
180000000 1.5594998187E-5
200000000 2.63202974771E-5
#Header 
#Target 36 83 1
#Product 30 61 0
#Datapoints 8
1000000 0
120000000 0
130000000 2.188749529966E-12
140000000 9.1087231203E-10
150000000 3.4018004939737E-8
160000000 3.3393103797174E-7
180000000 6.3694500443E-6
200000000 4.72889941781E-5
#Header 
#Target 36 83 1
#Product 30 62 0
#Datapoints 10
1000000 0
100000000 0
110000000 2.489342951E-15
120000000 3.468509930106E-11
130000000 1.0136605630157E-8
140000000 3.42017044452E-7
150000000 3.2136405047019E-6
160000000 1.4856403974478E-5
180000000 0.00013961298706
200000000 0.000672477975551
#Header 
#Target 36 83 1
#Product 30 63 0
#Datapoints 10
1000000 0
100000000 0
110000000 5.236982506844E-11
120000000 2.6534305219662E-8
130000000 9.412600953757E-7
140000000 8.39797931382E-6
150000000 3.6545201459039E-5
160000000 0.00011285800258733
180000000 0.00069283404399
200000000 0.00241627981031
#Header 
#Target 36 83 1
#Product 30 64 0
#Datapoints 11
1000000 0
90000000 0
100000000 9.090794384E-11
110000000 5.1851506178778E-8
120000000 1.8967407533982E-6
130000000 1.5480006531015E-5
140000000 5.82550982361E-5
150000000 0.00016699105296237
160000000 0.00044120702393361
180000000 0.0019610497957
200000000 0.00527085057242
#Header 
#Target 36 83 1
#Product 30 65 0
#Datapoints 12
1000000 0
80000000 0
90000000 3.258857347E-12
100000000 1.052869548E-8
110000000 7.2251403884296E-7
120000000 7.4617705848501E-6
130000000 2.9016600666453E-5
140000000 8.36054002614E-5
150000000 0.00022353298430918
160000000 0.00052435605730101
180000000 0.0017502797532
200000000 0.00389940976487
#Header 
#Target 36 83 1
#Product 30 66 0
#Datapoints 14
1000000 0
70000000 0
75000000 5.492170341E-15
80000000 6.852824472E-12
90000000 9.0285203831E-9
100000000 3.841959858E-7
110000000 3.3004601437448E-6
120000000 1.1862705499848E-5
130000000 3.2737302395077E-5
140000000 9.1410695637E-5
150000000 0.00020723602322241
160000000 0.00039170508125617
180000000 0.0010773500073
200000000 0.0020189098254
#Header 
#Target 36 83 1
#Product 30 67 0
#Datapoints 15
1000000 0
65000000 0
70000000 3.693679305E-15
75000000 2.412256133E-12
80000000 1.766050533E-10
90000000 2.4888904893E-8
100000000 3.6867696008E-7
110000000 1.624430164491E-6
120000000 3.952650824019E-6
130000000 1.0099505128742E-5
140000000 2.49906966255E-5
150000000 4.9344403365894E-5
160000000 8.4534706412574E-5
180000000 0.00019062596851
200000000 0.000310155019778
#Header 
#Target 36 83 1
#Product 30 68 0
#Datapoints 17
1000000 0
55000000 0
60000000 1.490184675E-15
65000000 5.635495879E-13
70000000 2.832379845E-11
75000000 7.35575113E-10
80000000 7.6506300754E-9
90000000 1.1325199859E-7
100000000 4.2398404052E-7
110000000 1.0249001801905E-6
120000000 2.865940233759E-6
130000000 7.7107910035249E-6
140000000 1.51714026843E-5
150000000 2.4097700808636E-5
160000000 3.7973302257858E-5
180000000 7.1599604461E-5
200000000 9.400827717E-5
#Header 
#Target 36 83 1
#Product 31 64 0
#Datapoints 11
1000000 0
90000000 0
100000000 3.32624108E-14
110000000 4.640383203189E-10
120000000 4.0736400660675E-8
130000000 4.3093705989428E-7
140000000 1.75962048012E-6
150000000 6.6280503649542E-6
160000000 2.2660702284154E-5
180000000 0.00014128895912
200000000 0.000470836973415
#Header 
#Target 36 83 1
#Product 31 65 0
#Datapoints 12
1000000 0
80000000 0
90000000 1.0429197978E-13
100000000 1.9758502128E-9
110000000 2.1539996941674E-7
120000000 2.4328706718618E-6
130000000 9.3154308078032E-6
140000000 3.54276978921E-5
150000000 0.00013323296414155
160000000 0.00036333101653838
180000000 0.0014473900935
200000000 0.00368594988179
#Header 
#Target 36 83 1
#Product 31 66 0
#Datapoints 13
1000000 0
75000000 0
80000000 1.481159693E-15
90000000 5.125164012E-10
100000000 1.8282896224E-7
110000000 3.0517004001824E-6
120000000 1.2319199454105E-5
130000000 4.4116305735837E-5
140000000 0.000181157009586
150000000 0.00052450911819033
160000000 0.0011391500473463
180000000 0.0036237200022
200000000 0.00763859997108
#Header 
#Target 36 83 1
#Product 31 67 0
#Datapoints 15
1000000 0
65000000 0
70000000 7.952553735E-15
75000000 6.520069017E-11
80000000 7.637430424E-9
90000000 1.3476300996E-6
100000000 8.396339726E-6
110000000 2.3147497590558E-5
120000000 7.3700903901393E-5
130000000 0.00030185602876811
140000000 0.000793455001497
150000000 0.0016348904065949
160000000 0.0030322904542161
180000000 0.0073976899071
200000000 0.0116679986864
#Header 
#Target 36 83 1
#Product 31 68 0
#Datapoints 16
1000000 0
60000000 0
65000000 7.157519404E-14
70000000 7.524470235E-11
75000000 8.2355893284E-9
80000000 1.6651695086E-7
90000000 3.1036104757E-6
100000000 7.9922997752E-6
110000000 1.831690279989E-5
120000000 7.1141006383749E-5
130000000 0.00021195303237117
140000000 0.000428485002651
150000000 0.00077908413784838
160000000 0.0012497198610567
180000000 0.002499439791
200000000 0.00338391974092
#Header 
#Target 36 83 1
#Product 31 69 0
#Datapoints 18
1000000 0
50000000 0
55000000 4.491612412E-14
60000000 1.213469145E-10
65000000 9.3378298516E-9
70000000 1.02331998075E-7
75000000 5.5087002313E-7
80000000 1.606590193E-6
90000000 4.0117601079E-6
100000000 7.7391799968E-6
110000000 2.625889858368E-5
120000000 7.3828199859543E-5
130000000 0.00014619199086179
140000000 0.000241750975167
150000000 0.00037220103474827
160000000 0.0005460601050586
180000000 0.00087819697541
200000000 0.00106773954596
#Header 
#Target 36 83 1
#Product 31 70 0
#Datapoints 19
1000000 0
45000000 0
50000000 4.913215728E-14
55000000 1.283669805E-10
60000000 1.418719407E-8
65000000 1.8411605591E-7
70000000 6.7979398635E-7
75000000 1.2240994976E-6
80000000 1.4584502283E-6
90000000 2.1929900431E-6
100000000 8.3933002984E-6
110000000 2.0976899631997E-5
120000000 3.7592103371661E-5
130000000 5.8891705987999E-5
140000000 8.98791966354E-5
150000000 0.0001318340068136
160000000 0.00017446401657201
180000000 0.00024081299664
200000000 0.000263959964949
#Header 
#Target 36 83 1
#Product 31 71 0
#Datapoints 21
1000000 0
35000000 0
40000000 8.43305729E-14
45000000 4.04307952E-11
50000000 2.7909697672E-9
55000000 2.9856000492E-8
60000000 1.17245006025E-7
65000000 2.2779102424E-7
70000000 2.622439521E-7
75000000 2.7034295778E-7
80000000 4.5847999873E-7
90000000 2.6643204746E-6
100000000 7.4551500248E-6
110000000 1.2114600701613E-5
120000000 1.8610601319423E-5
130000000 3.1522206483855E-5
140000000 4.76637026892E-5
150000000 6.1917101321985E-5
160000000 7.6573209445953E-5
180000000 9.508106914E-5
200000000 0.000102557985224
#Header 
#Target 36 83 1
#Product 31 72 0
#Datapoints 22
1000000 0
30000000 0
35000000 1.698721689E-13
40000000 7.6888087E-11
45000000 1.8760203412E-9
50000000 8.0911010476E-9
55000000 1.3641296191E-8
60000000 1.393109991E-8
65000000 1.5039599746E-8
70000000 4.775790366E-8
75000000 1.8634495376E-7
80000000 5.3833396318E-7
90000000 1.6518500296E-6
100000000 2.5499696396E-6
110000000 4.4549499640518E-6
120000000 8.4434411969892E-6
130000000 1.4508504077998E-5
140000000 1.88155020321E-5
150000000 2.334470596731E-5
160000000 2.9577506267441E-5
180000000 3.27843041E-5
200000000 3.57988013609E-5
#Header 
#Target 36 83 1
#Product 32 65 0
#Datapoints 9
1000000 0
110000000 0
120000000 3.833147508174E-12
130000000 2.1193597466937E-9
140000000 7.84676076315E-8
150000000 6.6164306500838E-7
160000000 2.5959504160436E-6
180000000 1.5656496753E-5
200000000 5.18831061908E-5
#Header 
#Target 36 83 1
#Product 32 66 0
#Datapoints 11
1000000 0
90000000 0
100000000 4.954532084E-15
110000000 1.183052799187E-10
120000000 4.6899403013529E-8
130000000 1.3345699499294E-6
140000000 9.32448078E-6
150000000 3.2035601459498E-5
160000000 7.9237305412199E-5
180000000 0.00030658299903
200000000 0.000717145983648
#Header 
#Target 36 83 1
#Product 32 67 0
#Datapoints 11
1000000 0
90000000 0
100000000 1.498424552E-10
110000000 1.4297298255394E-7
120000000 5.6277998072262E-6
130000000 4.5017303021414E-5
140000000 0.000152409038262
150000000 0.00037471504201313
160000000 0.0008000830422486
180000000 0.0023865799976
200000000 0.00420979035156
#Header 
#Target 36 83 1
#Product 32 68 0
#Datapoints 13
1000000 0
75000000 0
80000000 4.877730377E-15
90000000 2.9501304161E-9
100000000 1.0792700508E-6
110000000 3.0497902509698E-5
120000000 0.00020312504718534
130000000 0.00059096606892621
140000000 0.00131396033445
150000000 0.0026201899096191
160000000 0.0044666802147264
180000000 0.008986115658
200000000 0.0130469999398
#Header 
#Target 36 83 1
#Product 32 69 0
#Datapoints 14
1000000 0
70000000 0
75000000 6.147303918E-13
80000000 6.519517459E-10
90000000 9.938300028E-7
100000000 3.7201003248E-5
110000000 0.00025439904752801
120000000 0.00071256908627622
130000000 0.0015134303774535
140000000 0.00313369981383
150000000 0.0054383503454826
160000000 0.0080441512905435
180000000 0.014097101452
200000000 0.0173768015164
#Header 
#Target 36 83 1
#Product 32 70 0
#Datapoints 16
1000000 0
60000000 0
65000000 6.110812774E-12
70000000 5.4404496135E-9
75000000 1.7356496045E-7
80000000 2.0132500531E-6
90000000 6.3612703053E-5
100000000 0.00027827504372
110000000 0.00064984912633317
120000000 0.0012801501090828
130000000 0.0026358707477981
140000000 0.00456013053624
150000000 0.0066321909859569
160000000 0.0089233905473064
180000000 0.012595199669
200000000 0.013070502224
#Header 
#Target 36 83 1
#Product 32 71 0
#Datapoints 18
1000000 0
50000000 0
55000000 1.957431086E-15
60000000 3.12495624E-11
65000000 1.10421991628E-8
70000000 3.8545898745E-7
75000000 4.1790401268E-6
80000000 2.2871695418E-5
90000000 0.00012952097751
100000000 0.00023767599916
110000000 0.00040479602434251
120000000 0.00077884613829981
130000000 0.0014215405378569
140000000 0.00199467998244
150000000 0.0026113607922038
160000000 0.0030424207339603
180000000 0.0035611999733
200000000 0.00370775955452
#Header 
#Target 36 83 1
#Product 32 72 0
#Datapoints 20
1000000 0
40000000 0
45000000 1.0904789493E-13
50000000 1.843169588E-10
55000000 7.8067198742E-9
60000000 2.503460421E-7
65000000 5.6054800783E-6
70000000 2.5306400235E-5
75000000 5.1492293419E-5
80000000 7.9927303118E-5
90000000 0.00011522200942
100000000 0.00018733100604
110000000 0.00037913298123491
120000000 0.00070985511708786
130000000 0.0009936225016512
140000000 0.0011827098507
150000000 0.0014426803466803
160000000 0.0016872998267268
180000000 0.0018597598482
200000000 0.00175977006375
#Header 
#Target 36 83 1
#Product 32 73 0
#Datapoints 21
1000000 0
35000000 0
40000000 1.52927987E-13
45000000 1.999934744E-10
50000000 7.2948600768E-9
55000000 9.3129106509E-8
60000000 1.3185799935E-6
65000000 6.0449901153E-6
70000000 1.272280059E-5
75000000 1.6874202765E-5
80000000 1.7275204648E-5
90000000 2.6271900691E-5
100000000 7.5469802988E-5
110000000 0.00014572405363433
120000000 0.00021629103096942
130000000 0.00027893502626939
140000000 0.000322344026859
150000000 0.00038099603571484
160000000 0.0004227440889837
180000000 0.0004612190441
200000000 0.000456932973943
#Header 
#Target 36 83 1
#Product 32 74 0
#Datapoints 22
1000000 0
30000000 0
35000000 1.900284876E-13
40000000 2.30996048E-9
45000000 1.1566100775E-7
50000000 5.9075000884E-7
55000000 1.467909465E-6
60000000 2.7404198955E-6
65000000 3.3370599296E-6
70000000 3.3255399855E-6
75000000 3.8424904035E-6
80000000 7.4051800381E-6
90000000 2.9358896402E-5
100000000 6.1837700008E-5
110000000 9.0450811680439E-5
120000000 0.00012446098519914
130000000 0.00015139098884041
140000000 0.000179244960909
150000000 0.00019161105556411
160000000 0.00021436499157799
180000000 0.00023482703082
200000000 0.000241861972317
#Header 
#Target 36 83 1
#Product 32 75 0
#Datapoints 23
1000000 0
28000000 0
30000000 3.408334524E-14
35000000 1.1383295035E-10
40000000 5.781941023E-9
45000000 2.6854793987E-8
50000000 4.2901308456E-8
55000000 4.0741299545E-8
60000000 3.6017097375E-8
65000000 5.6205999476E-8
70000000 1.875060234E-7
75000000 4.7117506289E-7
80000000 9.5088600282E-7
90000000 2.4684400911E-6
100000000 4.0444004184E-6
110000000 5.9741602633235E-6
120000000 7.2907506431433E-6
130000000 9.338390474426E-6
140000000 1.05368027859E-5
150000000 1.198530051537E-5
160000000 1.3525698645404E-5
180000000 1.4388802448E-5
200000000 1.58511044035E-5
#Header 
#Target 36 83 1
#Product 33 67 0
#Datapoints 11
1000000 0
90000000 0
100000000 2.522449616E-15
110000000 1.048291077999E-10
120000000 1.2417996606111E-8
130000000 1.2333504950983E-7
140000000 4.38265012125E-7
150000000 1.3256398905841E-6
160000000 3.4332700309545E-6
180000000 1.29356024E-5
200000000 2.76461993854E-5
#Header 
#Target 36 83 1
#Product 33 68 0
#Datapoints 12
1000000 0
80000000 0
90000000 1.765675216E-15
100000000 1.07577996E-9
110000000 1.8190799231675E-7
120000000 2.0956002727509E-6
130000000 7.5742412576656E-6
140000000 2.20890030255E-5
150000000 5.7890409135741E-5
160000000 0.0001211749784773
180000000 0.00030682699077
200000000 0.000525295049693
#Header 
#Target 36 83 1
#Product 33 69 0
#Datapoints 13
1000000 0
75000000 0
80000000 9.548740383E-14
90000000 1.3266503945E-8
100000000 1.794959918E-6
110000000 1.6761103126319E-5
120000000 4.8223803714543E-5
130000000 0.00013082205388989
140000000 0.000377485970574
150000000 0.00077540504928614
160000000 0.001280270196777
180000000 0.0025462602074
200000000 0.00336578068829
#Header 
#Target 36 83 1
#Product 33 70 0
#Datapoints 15
1000000 0
65000000 0
70000000 1.704396855E-14
75000000 1.60927564E-10
80000000 3.4222097689E-8
90000000 9.0289602445E-6
100000000 6.5023797068E-5
110000000 0.0001664200145501
120000000 0.00039448204285401
130000000 0.0012065803274234
140000000 0.00252203954349
150000000 0.0041256500098632
160000000 0.0060411709691443
180000000 0.009488951191
200000000 0.0101203036418
#Header 
#Target 36 83 1
#Product 33 71 0
#Datapoints 17
1000000 0
55000000 0
60000000 7.03288383E-14
65000000 5.646309875E-10
70000000 1.923480225E-7
75000000 7.0860795565E-6
80000000 5.3385893015E-5
90000000 0.00027838796437
100000000 0.00044802896144
110000000 0.0010132201037228
120000000 0.0028749806668629
130000000 0.0057290508996534
140000000 0.00900272016096
150000000 0.012518001880111
160000000 0.015873000344894
180000000 0.019277797917
200000000 0.019867596634
#Header 
#Target 36 83 1
#Product 33 72 0
#Datapoints 18
1000000 0
50000000 0
55000000 8.16273935E-12
60000000 4.9028303835E-8
65000000 6.493120021E-6
70000000 8.4020198355E-5
75000000 0.00027347397105
80000000 0.00044897193055
90000000 0.00057763093629
100000000 0.0010301304288
110000000 0.0026702705785729
120000000 0.0052335405080982
130000000 0.0078616815383475
140000000 0.0100172973282
150000000 0.012262604132688
160000000 0.013866903984769
180000000 0.015179096788
200000000 0.0152749030108
#Header 
#Target 36 83 1
#Product 33 73 0
#Datapoints 20
1000000 0
40000000 0
45000000 4.639385569E-10
50000000 5.1820199296E-7
55000000 2.2140995072E-5
60000000 0.00015062297145
65000000 0.00034525399474
70000000 0.0004701119886
75000000 0.00047057898132
80000000 0.0004567589832
90000000 0.00100576992475
100000000 0.0024737096772
110000000 0.0043167606853982
120000000 0.0059404609451349
130000000 0.0071682414206228
140000000 0.00841571033577
150000000 0.009582249454141
160000000 0.010290298875758
180000000 0.010395304093
200000000 0.0097088417423
#Header 
#Target 36 83 1
#Product 33 74 0
#Datapoints 22
1000000 0
30000000 0
35000000 6.144325005E-13
40000000 3.183200626E-8
45000000 8.017210638E-6
50000000 7.91687008E-5
55000000 0.0001960319692
60000000 0.00023854499445
65000000 0.00020544202182
70000000 0.00017426302755
75000000 0.0002141900495
80000000 0.00036548299021
90000000 0.0010598702462
100000000 0.0016786500676
110000000 0.0022021898033264
120000000 0.0025562199712941
130000000 0.0031313505502332
140000000 0.00349676957538
150000000 0.0037168206228153
160000000 0.0039522499752879
180000000 0.0039127096861
200000000 0.00396321064384
#Header 
#Target 36 83 1
#Product 33 75 0
#Datapoints 27
1000000 0
20000000 0
22000000 7.6142337E-15
24000000 9.96671222E-12
26000000 7.51905874E-10
28000000 1.21461997234E-8
30000000 1.04749999794E-7
35000000 6.1680099537E-6
40000000 3.350289592E-5
45000000 7.3789700644E-5
50000000 8.3155906856E-5
55000000 6.552050217E-5
60000000 5.8852903515E-5
65000000 8.9138492698E-5
70000000 0.0001876500048
75000000 0.00035316804145
80000000 0.00056874900524
90000000 0.00089763599767
100000000 0.0010929000636
110000000 0.0013476499402933
120000000 0.0017040804988059
130000000 0.0019787805926092
140000000 0.00218767980804
150000000 0.002438100453061
160000000 0.0025529899920261
180000000 0.0027135403471
200000000 0.00277095970979
#Header 
#Target 36 83 1
#Product 33 76 0
#Datapoints 32
1000000 0
15000000 0
16000000 3.29876865E-14
17000000 7.47336993E-13
18000000 1.308497333E-11
19000000 1.36239158E-10
20000000 9.74295962E-10
22000000 2.248789478E-8
24000000 2.1206202686E-7
26000000 9.579569992E-7
28000000 2.5247396257E-6
30000000 4.774229748E-6
35000000 1.06929996033E-5
40000000 1.0335999036E-5
45000000 8.1681401861E-6
50000000 8.0569196408E-6
55000000 1.8806293637E-5
60000000 5.1122998395E-5
65000000 0.000108603000921
70000000 0.0001775470071
75000000 0.00023345997962
80000000 0.00027272800802
90000000 0.00034280503502
100000000 0.00047664199624
110000000 0.00062943800179012
120000000 0.00078972505416963
130000000 0.00092802104441866
140000000 0.00101617960893
150000000 0.0010868997507823
160000000 0.0011834900709269
180000000 0.0012288304083
200000000 0.00130522007013
#Header 
#Target 36 83 1
#Product 33 77 0
#Datapoints 24
1000000 0
26000000 0
28000000 1.2285999443E-14
30000000 1.357365924E-12
35000000 3.3727599577E-9
40000000 1.681180221E-7
45000000 1.4990800107E-6
50000000 7.406290048E-6
55000000 1.9558095828E-5
60000000 3.640269801E-5
65000000 5.0938295491E-5
70000000 6.1247496045E-5
75000000 7.0529207812E-5
80000000 8.4806495033E-5
90000000 0.00014438797714
100000000 0.00023089698464
110000000 0.00031791002119181
120000000 0.00039321605308923
130000000 0.00047033400179661
140000000 0.000523318022682
150000000 0.00055425207600217
160000000 0.00060465911463958
180000000 0.0006470980646
200000000 0.000664641932323
#Header 
#Target 36 83 1
#Product 33 78 0
#Datapoints 24
1000000 0
26000000 0
28000000 1.662430202E-15
30000000 4.225638294E-13
35000000 1.6415801003E-9
40000000 8.208770569E-8
45000000 6.4962694955E-7
50000000 1.7039206012E-6
55000000 2.4502794587E-6
60000000 3.0286705785E-6
65000000 3.7794196634E-6
70000000 5.6396004165E-6
75000000 9.1036104516E-6
80000000 1.4381293966E-5
90000000 3.0178606533E-5
100000000 4.9165499448E-5
110000000 6.9478503944005E-5
120000000 8.6144011208298E-5
130000000 9.958580082371E-5
140000000 0.000110399955174
150000000 0.0001196810509349
160000000 0.0001254480425715
180000000 0.00013617804359
200000000 0.000143343044611
#Header 
#Target 36 83 1
#Product 33 79 0
#Datapoints 20
1000000 0
40000000 0
45000000 2.091958926E-12
50000000 5.921169424E-10
55000000 1.2452598411E-8
60000000 9.433560129E-8
65000000 3.3132993062E-7
70000000 8.1450107655E-7
75000000 1.6795796738E-6
80000000 2.9996605912E-6
90000000 6.7706297375E-6
100000000 1.1076801852E-5
110000000 1.495480216089E-5
120000000 1.8284501019636E-5
130000000 2.0861502965893E-5
140000000 2.2860602415E-5
150000000 2.4486701496166E-5
160000000 2.5481906796335E-5
180000000 2.6956203922E-5
200000000 2.77803016654E-5
#Header 
#Target 36 83 1
#Product 34 69 0
#Datapoints 10
1000000 0
100000000 0
110000000 7.289787930628E-12
120000000 5.6592307765431E-9
130000000 1.8470903964627E-7
140000000 1.23681992613E-6
150000000 3.5984905100781E-6
160000000 7.4671614824125E-6
180000000 1.8892900508E-5
200000000 2.91871979123E-5
#Header 
#Target 36 83 1
#Product 34 70 0
#Datapoints 11
1000000 0
90000000 0
100000000 2.386006744E-10
110000000 1.4946203514123E-7
120000000 4.2468303312585E-6
130000000 2.6441200419186E-5
140000000 6.75447028911E-5
150000000 0.0001252220012407
160000000 0.0002052620674588
180000000 0.00036634103792
200000000 0.000430881027163
#Header 
#Target 36 83 1
#Product 34 71 0
#Datapoints 12
1000000 0
80000000 0
90000000 1.6128002289E-9
100000000 1.711469972E-6
110000000 4.6870301180724E-5
120000000 0.00028008198809019
130000000 0.00070397504912139
140000000 0.00123357970161
150000000 0.0019962101234985
160000000 0.0028353501385308
180000000 0.0036377095646
200000000 0.00379880984486
#Header 
#Target 36 83 1
#Product 34 72 0
#Datapoints 15
1000000 0
65000000 0
70000000 3.189926085E-15
75000000 1.810980122E-10
80000000 8.0273894857E-8
90000000 2.9575701771E-5
100000000 0.00040462703648
110000000 0.0017243202571929
120000000 0.0036410700077019
130000000 0.00570220018172
140000000 0.00825500022174
150000000 0.011151898783753
160000000 0.013666704353852
180000000 0.01581010264
200000000 0.0150253954033
#Header 
#Target 36 83 1
#Product 34 73 0
#Datapoints 16
1000000 0
60000000 0
65000000 3.160448346E-11
70000000 6.687729369E-8
75000000 4.8083004935E-6
80000000 5.0980495956E-5
90000000 0.00096050797623
100000000 0.00271963006
110000000 0.0051629101733853
120000000 0.0075115805736456
130000000 0.010327898279343
140000000 0.014064099666
150000000 0.0169384052019
160000000 0.018341303108612
180000000 0.018471500951
200000000 0.0167053015419
#Header 
#Target 36 83 1
#Product 34 74 0
#Datapoints 19
1000000 0
45000000 0
50000000 1.0281095428E-14
55000000 7.9944998971E-9
60000000 1.545010467E-6
65000000 3.4937897727E-5
70000000 0.00033416799825
75000000 0.0017882702929
80000000 0.0046875493808
90000000 0.0103353001967
100000000 0.012957800716
110000000 0.017149004247831
120000000 0.023875600869711
130000000 0.031913500686646
140000000 0.0375628049643
150000000 0.03963489864334
160000000 0.039211103135622
180000000 0.035779298317
200000000 0.0342193000063
#Header 
#Target 36 83 1
#Product 34 75 0
#Datapoints 20
1000000 0
40000000 0
45000000 2.28906666E-10
50000000 7.8263195752E-7
55000000 2.8033205147E-5
60000000 0.00032529997605
65000000 0.0020015093779
70000000 0.005126360094
75000000 0.0079493700678
80000000 0.0092396403658
90000000 0.0093953511108
100000000 0.011188397072
110000000 0.01548569669542
120000000 0.020645206983603
130000000 0.023608304686747
140000000 0.0244997988906
150000000 0.024557001502852
160000000 0.02328270254178
180000000 0.022452097079
200000000 0.021478199402
#Header 
#Target 36 83 1
#Product 34 76 0
#Datapoints 23
1000000 0
28000000 0
30000000 4.663440702E-15
35000000 3.9702798653E-8
40000000 1.415890049E-6
45000000 3.2538003589E-5
50000000 0.00112288000348
55000000 0.0043007593007
60000000 0.006412650447
65000000 0.0073398895565
70000000 0.00733716951
75000000 0.0068590802602
80000000 0.0067669405726
90000000 0.0096869202902
100000000 0.013866498824
110000000 0.017864100243034
120000000 0.019795102310385
130000000 0.020168903413807
140000000 0.0202769976756
150000000 0.020079999632875
160000000 0.019938998349215
180000000 0.019335800849
200000000 0.0184110997361
#Header 
#Target 36 83 1
#Product 34 77 0
#Datapoints 26
1000000 0
22000000 0
24000000 1.292775816E-13
26000000 6.54008304E-11
28000000 2.9394498855E-9
30000000 3.2288596812E-8
35000000 5.1381400812E-7
40000000 1.2819999226E-5
45000000 0.000120780990814
50000000 0.00028470496656
55000000 0.00032915192027
60000000 0.00028508901645
65000000 0.00024763795574
70000000 0.0002396570403
75000000 0.00026776097579
80000000 0.00033757197721
90000000 0.00056537206221
100000000 0.00081988197552
110000000 0.0010461300109511
120000000 0.0012059796428208
130000000 0.0013282102701083
140000000 0.00141300015918
150000000 0.0014623398359297
160000000 0.0015032706165543
180000000 0.0015759802399
200000000 0.00159104962402
#Header 
#Target 36 83 1
#Product 34 78 0
#Datapoints 30
1000000 0
17000000 0
18000000 5.780522301E-14
19000000 6.216549504E-12
20000000 1.350065593E-10
22000000 2.06301936E-8
24000000 2.1734394094E-6
26000000 5.08510944E-5
28000000 0.00033182006001
30000000 0.00072940893984
35000000 0.00078762197367
40000000 0.0008936480158
45000000 0.00097364906454
50000000 0.00084067791672
55000000 0.00076046497475
60000000 0.0008577550212
65000000 0.0011988997001
70000000 0.0016633496655
75000000 0.0021721394828
80000000 0.0027184901289
90000000 0.003741200098
100000000 0.0045562997748
110000000 0.0051233702830385
120000000 0.0055663502245083
130000000 0.0058695011733243
140000000 0.00608650972269
150000000 0.0061973910239696
160000000 0.006285080747682
180000000 0.0062497201883
200000000 0.00636707997584
#Header 
#Target 36 83 1
#Product 34 79 0
#Datapoints 36
1000000 0
11000000 0
12000000 9.1554089718E-16
13000000 2.846642656E-13
14000000 1.89178244E-11
15000000 4.796247708E-10
16000000 6.3100306575E-9
17000000 5.1293397805E-8
18000000 2.8520106251E-7
19000000 1.12821005616E-6
20000000 3.3489205357E-6
22000000 1.490840704E-5
24000000 3.5369095104E-5
26000000 5.724609416E-5
28000000 7.6819799637E-5
30000000 9.2097701784E-5
35000000 9.7345008467E-5
40000000 8.076809713E-5
45000000 7.0042992749E-5
50000000 8.7250998016E-5
55000000 0.00014980796196
60000000 0.0002654630013
65000000 0.00042556195467
70000000 0.00062133503985
75000000 0.00081401695606
80000000 0.00099888901866
90000000 0.0013380804771
100000000 0.0015977499056
110000000 0.0017590103917507
120000000 0.0018561996528102
130000000 0.001925160654651
140000000 0.00196663027764
150000000 0.0019903398991567
160000000 0.0019942098167959
180000000 0.0019895102289
200000000 0.00198119012063
#Header 
#Target 36 83 1
#Product 34 80 0
#Datapoints 26
1000000 0
22000000 0
24000000 2.908451692E-13
26000000 3.02089476E-10
28000000 2.2321993477E-8
30000000 3.5285897808E-7
35000000 2.6392205119E-6
40000000 7.302829393E-6
45000000 2.3780504178E-5
50000000 5.6472105188E-5
55000000 0.00012399098515
60000000 0.00022087895865
65000000 0.00034095902826
70000000 0.00045615998655
75000000 0.00055595901809
80000000 0.00064762701133
90000000 0.00077825298359
100000000 0.00085621399408
110000000 0.0008959680836503
120000000 0.00091628008208109
130000000 0.00092082411573421
140000000 0.000923602004652
150000000 0.0009222307200288
160000000 0.0009175688759765
180000000 0.00090622994
200000000 0.00088451027109
#Header 
#Target 36 83 1
#Product 34 81 0
#Datapoints 25
1000000 0
24000000 0
26000000 4.59439876E-14
28000000 1.1215794164E-11
30000000 3.82001103E-10
35000000 4.2148596658E-8
40000000 4.542179522E-7
45000000 2.1208898682E-6
50000000 5.7263792196E-6
55000000 1.06640998006E-5
60000000 1.6047400635E-5
65000000 2.0928899647E-5
70000000 2.506950087E-5
75000000 2.7741596225E-5
80000000 2.9973897538E-5
90000000 3.2535695395E-5
100000000 3.356079674E-5
110000000 3.3383903912193E-5
120000000 3.279540774285E-5
130000000 3.205350651242E-5
140000000 3.12786015546E-5
150000000 3.0671501446859E-5
160000000 3.0097203495414E-5
180000000 2.904380006E-5
200000000 2.79408031827E-5
#Header 
#Target 36 83 1
#Product 35 72 0
#Datapoints 12
1000000 0
80000000 0
90000000 4.1800597084E-9
100000000 4.0830096116E-7
110000000 3.0179405459784E-6
120000000 7.6420613508246E-6
130000000 1.4166203385377E-5
140000000 2.70492994299E-5
150000000 4.9565309658046E-5
160000000 6.9259808885454E-5
180000000 9.258221781E-5
200000000 9.7116785213E-5
#Header 
#Target 36 83 1
#Product 35 73 0
#Datapoints 15
1000000 0
65000000 0
70000000 1.36126011E-14
75000000 3.0428000939E-9
80000000 2.9987694893E-7
90000000 2.8511994839E-5
100000000 8.6901700932E-5
110000000 0.00015881105516589
120000000 0.00026001307846602
130000000 0.00049044806469913
140000000 0.00084034906716
150000000 0.0011276099120832
160000000 0.0013078099236532
180000000 0.001423320282
200000000 0.00132871977544
#Header 
#Target 36 83 1
#Product 35 74 0
#Datapoints 16
1000000 0
60000000 0
65000000 6.655724463E-10
70000000 2.2807800615E-7
75000000 9.7722395645E-6
80000000 5.5893106919E-5
90000000 0.00015040502854
100000000 0.00017245402244
110000000 0.00025964303193176
120000000 0.00049645704407229
130000000 0.00087426511867111
140000000 0.0011885504391
150000000 0.0013513900348494
160000000 0.0014349700754147
180000000 0.0013787500702
200000000 0.00134617026444
#Header 
#Target 36 83 1
#Product 35 75 0
#Datapoints 19
1000000 0
45000000 0
50000000 1.781159236E-14
55000000 8.3354306545E-8
60000000 7.739959521E-5
65000000 0.0012083793511
70000000 0.003739839651
75000000 0.0052038099029
80000000 0.0049889097908
90000000 0.0044033798667
100000000 0.0067757303884
110000000 0.013300599057997
120000000 0.020287907073693
130000000 0.024076500695153
140000000 0.0250961992287
150000000 0.024377007509673
160000000 0.022909300538542
180000000 0.020941904144
200000000 0.019320700028
#Header 
#Target 36 83 1
#Product 35 76 0
#Datapoints 20
1000000 0
40000000 0
45000000 4.4589304336E-8
50000000 7.311269982E-5
55000000 0.00118201988123
60000000 0.003084349464
65000000 0.0035448302094
70000000 0.002859009591
75000000 0.0022060501729
80000000 0.0020450003301
90000000 0.0038168794094
100000000 0.0070137702828
110000000 0.010661399644887
120000000 0.012479505238665
130000000 0.01301360499825
140000000 0.0129822980703
150000000 0.012653104846382
160000000 0.012312597195481
180000000 0.011651396055
200000000 0.0110863988173
#Header 
#Target 36 83 1
#Product 35 77 0
#Datapoints 23
1000000 0
28000000 0
30000000 5.04225972E-13
35000000 1.4082801537E-5
40000000 0.0012159100178
45000000 0.0048056693861
50000000 0.0060388401488
55000000 0.0046327001822
60000000 0.003134979792
65000000 0.002593050043
70000000 0.0032636007315
75000000 0.0054766003656
80000000 0.0085145899059
90000000 0.013518203582
100000000 0.016702995436
110000000 0.018070606613256
120000000 0.018113604985782
130000000 0.018025603182637
140000000 0.0176889008913
150000000 0.017015098612785
160000000 0.016953097944057
180000000 0.016467800029
200000000 0.015820200705
#Header 
#Target 36 83 1
#Product 35 78 0
#Datapoints 27
1000000 0
20000000 0
22000000 3.05217218E-11
24000000 9.9253996682E-8
26000000 1.771870318E-5
28000000 0.0004315080119
30000000 0.0029260695312
35000000 0.016159099705
40000000 0.02256879724
45000000 0.01682820275
50000000 0.0113397000136
55000000 0.0088674694002
60000000 0.0095172404145
65000000 0.014937504949
70000000 0.02500509531
75000000 0.034249797001
80000000 0.039139202336
90000000 0.042065103212
100000000 0.043121096532
110000000 0.041920604718747
120000000 0.041516206988031
130000000 0.039713703424756
140000000 0.0381598005216
150000000 0.038164708365602
160000000 0.036438603624346
180000000 0.034906601871
200000000 0.0336078022058
#Header 
#Target 36 83 1
#Product 35 79 0
#Datapoints 38
1000000 0
9000000 0
10000000 1.085145312821E-13
11000000 7.078015824E-10
12000000 1.93786051536E-7
13000000 4.8431802384E-6
14000000 1.66962032E-5
15000000 6.1395399576E-5
16000000 0.0002399280525
17000000 0.0007079211035
18000000 0.0016042493578
19000000 0.0028408804028
20000000 0.0040054596033
22000000 0.005536410196
24000000 0.0068425001646
26000000 0.007831130132
28000000 0.0083359494581
30000000 0.0078594192756
35000000 0.0049773691639
40000000 0.003318750462
45000000 0.0029111503839
50000000 0.0037909499944
55000000 0.0059318604403
60000000 0.0087188896515
65000000 0.0109547009398
70000000 0.012506998815
75000000 0.01368040016
80000000 0.014786096364
90000000 0.016385100225
100000000 0.017124202392
110000000 0.017377706432891
120000000 0.017252397007317
130000000 0.01702140680117
140000000 0.0167478035343
150000000 0.016449204595915
160000000 0.016069199046967
180000000 0.015358103111
200000000 0.0148230041161
#Header 
#Target 36 83 1
#Product 35 80 0
#Datapoints 46
1000000 0
1000000 0
2000000 1.236079431E-17
3000000 5.350498395E-13
4000000 9.1942496564E-10
5000000 1.1859502424E-7
6000000 3.46286016E-6
7000000 3.55498011648E-5
8000000 0.00017422603818801
9000000 0.00049622609972471
10000000 0.0009275688927261
11000000 0.0013035898656
12000000 0.00160357963374
13000000 0.0019190598784
14000000 0.002311330302
15000000 0.0027913395636
16000000 0.0033554196975
17000000 0.0041709299255
18000000 0.0050140803433
19000000 0.0051983596896
20000000 0.0045500492761
22000000 0.003131530594
24000000 0.0024902303076
26000000 0.001985729698
28000000 0.0015951098897
30000000 0.00129292994934
35000000 0.0013918105999
40000000 0.002592309926
45000000 0.0045220604425
50000000 0.0063612195072
55000000 0.0077571802813
60000000 0.009065140014
65000000 0.0101140009336
70000000 0.011137999137
75000000 0.011805295943
80000000 0.012435899632
90000000 0.013109805952
100000000 0.013373195952
110000000 0.013295501359683
120000000 0.013049704008468
130000000 0.012583106510822
140000000 0.0120378991068
150000000 0.011776202356009
160000000 0.01143130250658
180000000 0.010648403804
200000000 0.0099474320488
#Header 
#Target 36 83 1
#Product 35 81 0
#Datapoints 34
1000000 0
13000000 0
14000000 1.9816781E-14
15000000 1.430113482E-12
16000000 4.41835815E-11
17000000 1.245750142E-9
18000000 2.6003301165E-8
19000000 1.9572496372E-7
20000000 1.7272603746E-6
22000000 4.25554982E-5
24000000 0.00029924695976
26000000 0.0009223320146
28000000 0.0020357997846
30000000 0.0036010205964
35000000 0.0078125096686
40000000 0.011968001194
45000000 0.015960997187
50000000 0.019524994488
55000000 0.022696699754
60000000 0.025133404065
65000000 0.027547401686
70000000 0.029139098805
75000000 0.030289096915
80000000 0.031201600365
90000000 0.031897896365
100000000 0.03197470698
110000000 0.030767207762652
120000000 0.029505199276863
130000000 0.028350298404642
140000000 0.0271443019944
150000000 0.025609599130934
160000000 0.024462904461952
180000000 0.022355396249
200000000 0.0206290998695
#Header 
#Target 36 83 1
#Product 35 82 0
#Datapoints 35
1000000 0
12000000 0
13000000 2.51771088E-13
14000000 1.22894292E-10
15000000 5.96996001E-9
16000000 8.2820393175E-8
17000000 5.353140169E-7
18000000 2.0979198294E-6
19000000 5.8375806302E-6
20000000 1.5123604634E-5
22000000 6.042839482E-5
24000000 0.0001829119588
26000000 0.0004439289568
28000000 0.0008737090645
30000000 0.0014491897434
35000000 0.0031797504312
40000000 0.004906360294
45000000 0.0063216200742
50000000 0.0074022797308
55000000 0.0082428702514
60000000 0.0088343598315
65000000 0.00928181985
70000000 0.0095958799935
75000000 0.0098351701616
80000000 0.0099599102876
90000000 0.0099688398786
100000000 0.009795699942
110000000 0.0093537914306111
120000000 0.0088465008577563
130000000 0.0083505306330329
140000000 0.00790365999855
150000000 0.0074648006305873
160000000 0.0070642003645642
180000000 0.0063915700298
200000000 0.00581156987724
#Header 
#Target 36 83 1
#Product 36 74 0
#Datapoints 12
1000000 0
80000000 0
90000000 5.357385576E-10
100000000 1.6396197796E-7
110000000 2.5700898972317E-6
120000000 1.3037903721549E-5
130000000 3.1752096921614E-5
140000000 4.53805999431E-5
150000000 5.2110405879805E-5
160000000 5.7897504379231E-5
180000000 5.484790274E-5
200000000 4.97568973488E-5
#Header 
#Target 36 83 1
#Product 36 75 0
#Datapoints 14
1000000 0
70000000 0
75000000 3.061750349E-12
80000000 1.491270482E-8
90000000 5.9041596037E-6
100000000 6.5423510856E-5
110000000 0.0002780040685011
120000000 0.00059236704630504
130000000 0.000802868117722
140000000 0.000855827928462
150000000 0.00086960403990005
160000000 0.00083186312292237
180000000 0.00074476098442
200000000 0.000673982929792
#Header 
#Target 36 83 1
#Product 36 76 0
#Datapoints 16
1000000 0
60000000 0
65000000 1.053970108E-8
70000000 5.655310059E-6
75000000 7.8526299999E-5
80000000 0.00036262895552
90000000 0.0028909395934
100000000 0.005185420504
110000000 0.0075493103633156
120000000 0.0082360707569973
130000000 0.0080705407774372
140000000 0.00758097027954
150000000 0.0070404304236903
160000000 0.0063424210866753
180000000 0.0059241203255
200000000 0.00533666986263
#Header 
#Target 36 83 1
#Product 36 77 0
#Datapoints 18
1000000 0
50000000 0
55000000 1.938230352E-8
60000000 3.394180209E-5
65000000 0.00039189202118
70000000 0.002155469688
75000000 0.0075875500008
80000000 0.016094096525
90000000 0.026436701394
100000000 0.028646701992
110000000 0.028750502770508
120000000 0.02657010297276
130000000 0.024749199595139
140000000 0.0225171981378
150000000 0.020708702672112
160000000 0.019948198683336
180000000 0.017875196732
200000000 0.0166678044813
#Header 
#Target 36 83 1
#Product 36 78 0
#Datapoints 21
1000000 0
35000000 0
40000000 7.54577881E-14
45000000 9.9172297904E-6
50000000 0.0005929870236
55000000 0.0040176407154
60000000 0.025397400315
65000000 0.065971397557
70000000 0.096920409465
75000000 0.105781999092
80000000 0.10122099559
90000000 0.089336502766
100000000 0.081049298892
110000000 0.071818010268297
120000000 0.065356010104644
130000000 0.059786704648443
140000000 0.0556775014905
150000000 0.05254500187482
160000000 0.049866603912708
180000000 0.045342202368
200000000 0.0422148991586
#Header 
#Target 36 83 1
#Product 36 79 0
#Datapoints 22
1000000 0
30000000 0
35000000 2.9885705647E-6
40000000 0.0002453350559
45000000 0.0028046404444
50000000 0.016214304492
55000000 0.030396303321
60000000 0.03560439708
65000000 0.033404306011
70000000 0.03076060416
75000000 0.029228296405
80000000 0.02827039865
90000000 0.027002996639
100000000 0.0252763938
110000000 0.0237519021249
120000000 0.022274798534244
130000000 0.020876002012423
140000000 0.0197507960019
150000000 0.018754598465967
160000000 0.017912500856426
180000000 0.016290998239
200000000 0.0150235042173
#Header 
#Target 36 83 1
#Product 36 80 0
#Datapoints 28
1000000 0
19000000 0
20000000 2.790464566E-12
22000000 3.476040184E-7
24000000 3.444469625E-5
26000000 0.0002679339578
28000000 0.0007982190967
30000000 0.0019174496256
35000000 0.090330405683
40000000 0.2393189959
45000000 0.29031296485
50000000 0.29600298956
55000000 0.25979806802
60000000 0.22887905355
65000000 0.20967700079
70000000 0.1973639802
75000000 0.18574798235
80000000 0.17743300367
90000000 0.16090603547
100000000 0.14735605864
110000000 0.13467196599395
120000000 0.12281998057362
130000000 0.11314098785411
140000000 0.105304971825
150000000 0.09820588977199
160000000 0.09162208152669
180000000 0.081801594724
200000000 0.073776197416
#Header 
#Target 36 83 1
#Product 36 81 0
#Datapoints 36
1000000 0
11000000 0
12000000 1.1140500336E-12
13000000 8.711076352E-10
14000000 2.851330338E-8
15000000 2.5881402582E-7
16000000 1.61653956E-6
17000000 1.1101100101E-5
18000000 4.60991058E-5
19000000 0.00012632505908
20000000 0.00026856999978
22000000 0.009111809736
24000000 0.046048500274
26000000 0.08228769862
28000000 0.12510100081
30000000 0.17306395848
35000000 0.25997704285
40000000 0.258425925
45000000 0.2293060545
50000000 0.21380799492
55000000 0.20196198603
60000000 0.1934509941
65000000 0.18244000256
70000000 0.17269194975
75000000 0.16514496068
80000000 0.15710301009
90000000 0.14308396698
100000000 0.12863895556
110000000 0.11500298301673
120000000 0.10364901567021
130000000 0.094756310572082
140000000 0.087492200238
150000000 0.080994013336691
160000000 0.07430310584873
180000000 0.064951295045
200000000 0.0580553011686
#Header 
#Target 36 83 1
#Product 36 82 0
#Datapoints 41
1000000 0
6000000 0
7000000 8.872412814E-11
8000000 5.1064511574537E-8
9000000 2.6438803449907E-5
10000000 0.008938297476062
11000000 0.07945290408
12000000 0.217918997142
13000000 0.37850895216
14000000 0.3447250344
15000000 0.25832797074
16000000 0.1972359735
17000000 0.16781102325
18000000 0.16109496847
19000000 0.16689496868
20000000 0.1812439583
22000000 0.2189200534
24000000 0.2563739586
26000000 0.2752429874
28000000 0.27706207873
30000000 0.27559795428
35000000 0.26975095588
40000000 0.258901013
45000000 0.24612500158
50000000 0.2293390064
55000000 0.21687095546
60000000 0.2001029877
65000000 0.18931303961
70000000 0.17734999785
75000000 0.16721406114
80000000 0.15842799245
90000000 0.13919098313
100000000 0.12479904
110000000 0.11113498044972
120000000 0.09964688882778
130000000 0.089949611305359
140000000 0.0817312038054
150000000 0.074853509890341
160000000 0.070247308410741
180000000 0.061639401405
200000000 0.0547682995524
#Header 
#Target 36 83 1
#Product 36 83 0
#Datapoints 46
1000000 0
1000000 1.086630423E-15
2000000 4.4697899988E-9
3000000 1.33387984386E-6
4000000 4.9366198088E-5
5000000 0.00040742794414
6000000 0.0014421400704
7000000 0.0032770101555
8000000 0.005992209912735
9000000 0.009609167971833
10000000 0.014177701660036
11000000 0.019928901168
12000000 0.0265333999896
13000000 0.033324601152
14000000 0.0397210967
15000000 0.045385497234
16000000 0.0502492968
17000000 0.05418580063
18000000 0.057111606502
19000000 0.059230904304
20000000 0.060331104646
22000000 0.06091269966
24000000 0.059864406102
26000000 0.05781259442
28000000 0.055328903712
30000000 0.05224340592
35000000 0.044849697578
40000000 0.03825329825
45000000 0.032779994983
50000000 0.028318400008
55000000 0.024292703117
60000000 0.021139502685
65000000 0.018394096664
70000000 0.015894399705
75000000 0.014365599206
80000000 0.012531095928
90000000 0.0098431394867
100000000 0.0078901399336
110000000 0.0063920009406143
120000000 0.0053032502916594
130000000 0.0045028106232554
140000000 0.00388814014983
150000000 0.0034092402578871
160000000 0.0030196902316878
180000000 0.0024535099708
200000000 0.00204562024876
#Header 
#Target 36 83 1
#Product 37 77 0
#Datapoints 15
1000000 0
65000000 0
70000000 2.714190192E-6
75000000 4.0909303946E-5
80000000 0.00011437898225
90000000 0.00014699599746
100000000 0.0001030270114
110000000 8.7173309030969E-5
120000000 6.7094108149194E-5
130000000 5.3096010647413E-5
140000000 4.30973018907E-5
150000000 3.562690190514E-5
160000000 2.9919504583694E-5
180000000 2.2507798865E-5
200000000 1.79930960523E-5
#Header 
#Target 36 83 1
#Product 37 78 0
#Datapoints 18
1000000 0
50000000 0
55000000 1.526118517E-10
60000000 1.353350376E-5
65000000 0.00013136696143
70000000 0.000273625977
75000000 0.00027437003993
80000000 0.00020931601886
90000000 0.00014106597127
100000000 0.00011232199088
110000000 9.0972611683152E-5
120000000 7.4105104869648E-5
130000000 6.1405812226798E-5
140000000 5.19212033235E-5
150000000 4.4898600210828E-5
160000000 3.934300763206E-5
180000000 3.1419197542E-5
200000000 2.58898979287E-5
#Header 
#Target 36 83 1
#Product 37 79 0
#Datapoints 20
1000000 0
40000000 0
45000000 0.00024999805571
50000000 0.0115461996988
55000000 0.02948550643
60000000 0.02942890188
65000000 0.019303400568
70000000 0.011978696085
75000000 0.0083074194378
80000000 0.0063590296796
90000000 0.0043675900914
100000000 0.0032492898288
110000000 0.0025058707997165
120000000 0.0020215604905524
130000000 0.0016864201126081
140000000 0.00143271958527
150000000 0.0012469598596819
160000000 0.0011077400525906
180000000 0.0008983709116
200000000 0.000748138997705
#Header 
#Target 36 83 1
#Product 37 80 0
#Datapoints 22
1000000 0
30000000 0
35000000 0.0015805805428
40000000 0.08100901064
45000000 0.14499400104
50000000 0.109207006824
55000000 0.060811503951
60000000 0.03647649831
65000000 0.025570401325
70000000 0.01991210529
75000000 0.016335004217
80000000 0.013838496204
90000000 0.0105170997539
100000000 0.0084892599524
110000000 0.0070082700206626
120000000 0.00593567016417
130000000 0.00512166973046
140000000 0.00450472027887
150000000 0.0039919400556945
160000000 0.0035857901242603
180000000 0.0029603400122
200000000 0.00249134957895
#Header 
#Target 36 83 1
#Product 37 81 0
#Datapoints 27
1000000 0
20000000 0
22000000 0.000418351045
24000000 0.049353900536
26000000 0.1311959426
28000000 0.1760779532
30000000 0.18101903976
35000000 0.109466009345
40000000 0.04164080479
45000000 0.021422298931
50000000 0.01558810668
55000000 0.012771704415
60000000 0.01078080003
65000000 0.0093563296748
70000000 0.0082217796495
75000000 0.0073390399348
80000000 0.0065609400636
90000000 0.0052908202349
100000000 0.0044247397672
110000000 0.0036809904298736
120000000 0.0031117598612928
130000000 0.002657040303382
140000000 0.00228635041086
150000000 0.0020252301418713
160000000 0.001811330423111
180000000 0.00148177993
200000000 0.0012474004967
#Header 
#Target 36 83 1
#Product 37 82 0
#Datapoints 35
1000000 0
12000000 0
13000000 0.0052555596832
14000000 0.1414719906
15000000 0.2712919608
16000000 0.34723299375
17000000 0.38198205305
18000000 0.39045902156
19000000 0.38579501444
20000000 0.37434497268
22000000 0.3393409712
24000000 0.24212303854
26000000 0.1345899752
28000000 0.072550602811
30000000 0.045312903522
35000000 0.026124094584
40000000 0.02080840255
45000000 0.017275505191
50000000 0.014646706128
55000000 0.012506595924
60000000 0.010904801145
65000000 0.0094850104257
70000000 0.008315050755
75000000 0.0074727005766
80000000 0.0066266700084
90000000 0.0053126501984
100000000 0.0042737798304
110000000 0.0034775307773988
120000000 0.0028869900482835
130000000 0.0024587502058576
140000000 0.00213982046424
150000000 0.001870450307999
160000000 0.001644760221126
180000000 0.0013363703386
200000000 0.00111728002286
#Header 
#Target 36 83 1
#Product 37 83 0
#Datapoints 46
1000000 0
1000000 0
2000000 9.5143397148E-5
3000000 0.00435021016934
4000000 0.0326323996976
5000000 0.113713003054
6000000 0.2549670048
7000000 0.422215002792
8000000 0.58026610873287
9000000 0.70981208191216
10000000 0.79278109480291
11000000 0.78489204816
12000000 0.694899018786
13000000 0.56675003376
14000000 0.3954320258
15000000 0.2600339868
16000000 0.17125902825
17000000 0.12122494865
18000000 0.095246997178
19000000 0.081008501574
20000000 0.072493497396
22000000 0.06310359472
24000000 0.056895399468
26000000 0.0522600016
28000000 0.04818020046
30000000 0.04432919967
35000000 0.035842895641
40000000 0.02927479346
45000000 0.024515201512
50000000 0.020678603004
55000000 0.017647598521
60000000 0.01523520579
65000000 0.013127494964
70000000 0.011523201615
75000000 0.0102544004808
80000000 0.0090851001735
90000000 0.0071794798565
100000000 0.0057853194972
110000000 0.0046859302450315
120000000 0.0038815606295352
130000000 0.0032709308811123
140000000 0.0028056401016
150000000 0.0024445103209618
160000000 0.0021958304983406
180000000 0.0017710796538
200000000 0.00148736019379
#Header 
#Target 36 83 1
#Product 37 84 0
#Datapoints 46
1000000 0
1000000 9.34159002441E-9
2000000 9.4281795576E-6
3000000 4.5971783163E-5
4000000 0.000218367006476
5000000 0.00057842606136
6000000 0.0009890768736
7000000 0.00116493020424
8000000 0.0011173903939824
9000000 0.0009458559647153
10000000 0.0008520988600799
11000000 0.00078680196144
12000000 0.000795707009748
13000000 0.0008243920568
14000000 0.000851818031
15000000 0.0008668190538
16000000 0.00085980702375
17000000 0.0008203019396
18000000 0.00075008095169
19000000 0.0006705229751
20000000 0.0005773570603
22000000 0.0004523110066
24000000 0.00036533298684
26000000 0.0003111729678
28000000 0.00027490701373
30000000 0.00024979196664
35000000 0.00019990094089
40000000 0.0001804909661
45000000 0.00015862392604
50000000 0.00014691699628
55000000 0.00013156095342
60000000 0.00011249000049
65000000 0.00011299500329
70000000 9.8736005835E-5
75000000 9.7529789777E-5
80000000 8.4932296371E-5
90000000 7.4641701508E-5
100000000 6.5017608096E-5
110000000 5.5016304074084E-5
120000000 5.0289705791856E-5
130000000 4.4866806709033E-5
140000000 3.78487984896E-5
150000000 3.2286105828886E-5
160000000 2.8529298954717E-5
180000000 2.4870399516E-5
200000000 1.70342991355E-5
