#Header 
#Target 83 215 0
#Product 0 1 0
#Datapoints 45
1000000 0
2000000 2.07068409205E-15
3000000 8.306013436E-11
4000000 4.544107875E-8
5000000 4.563577645E-5
6000000 0.001036046648
7000000 0.00809364822
8000000 0.03562382538
9000000 0.1074846464
10000000 0.2623877024
11000000 0.5523152229
12000000 0.9755110152
13000000 1.457519832
14000000 1.910733660978
15000000 2.3078738
16000000 2.673791557797
17000000 3.021040059
18000000 3.430345659
19000000 3.857256398
20000000 4.33421096
22000000 4.992295692
24000000 5.562450138
26000000 6.165120312
28000000 6.699901968
30000000 7.12718688
35000000 8.135476206
40000000 8.81593451955
45000000 9.44292858402
50000000 9.9132866344
55000000 10.28684787669
60000000 10.60401272079
65000000 10.86430121775
70000000 11.09681548291
75000000 11.28097132783
80000000 11.45009408325
90000000 11.80637866464
100000000 12.11630731548
110000000 12.4406304799
120000000 12.7395047208
130000000 13.02791838062
140000000 13.3179286728
150000000 13.59023530425
160000000 13.8697731536
180000000 14.44508220175
200000000 15.06520495798
#Header 
#Target 83 215 0
#Product 1 1 0
#Datapoints 44
1000000 0
3000000 0
4000000 7.4591869428E-18
5000000 6.125997009E-14
6000000 2.8579413248E-11
7000000 2.6172515649E-9
8000000 8.746355772E-8
9000000 1.4427146584E-6
10000000 1.35407112E-5
11000000 7.991959122E-5
12000000 0.00032411673018
13000000 0.00097942521
14000000 0.002356695381864
15000000 0.0047528278456
16000000 0.008393323481475
17000000 0.01343313417
18000000 0.01993075695
19000000 0.0278184457
20000000 0.03772772368
22000000 0.06045458344
24000000 0.08774625952
26000000 0.11921241024
28000000 0.1539251572
30000000 0.1913789648
35000000 0.293667231
40000000 0.400561306425
45000000 0.507432701382
50000000 0.60795108452
55000000 0.70574381955
60000000 0.792789887339
65000000 0.87395733639
70000000 0.946178725799
75000000 1.013001455978
80000000 1.072834719795
90000000 1.17841775856
100000000 1.267157074031
110000000 1.34245550575
120000000 1.409648713616
130000000 1.469557171082
140000000 1.52682131944
150000000 1.582367268003
160000000 1.635286853096
180000000 1.743956156675
200000000 1.85309313858
#Header 
#Target 83 215 0
#Product 1 2 0
#Datapoints 42
1000000 0
5000000 0
6000000 2.4552773632E-16
7000000 2.3514107827E-12
8000000 4.710762441E-10
9000000 4.1912648456E-8
10000000 1.1480447072E-6
11000000 1.4584725792E-5
12000000 0.00010539783612
13000000 0.0004760519778
14000000 0.001438147567466
15000000 0.003203013936
16000000 0.005769902752998
17000000 0.008977095076
18000000 0.01260822602
19000000 0.0164775627
20000000 0.0204517616
22000000 0.02837159328
24000000 0.0358556683
26000000 0.04299167706
28000000 0.04955155356
30000000 0.05556100896
35000000 0.06859785218
40000000 0.0793466976393
45000000 0.0861591774422
50000000 0.0942716564272
55000000 0.1005687542475
60000000 0.1063030378175
65000000 0.111298170574
70000000 0.1158270001111
75000000 0.1203702222212
80000000 0.124523130813
90000000 0.1206660475328
100000000 0.1182057533854
110000000 0.1130185655727
120000000 0.1089564762
130000000 0.1057835676898
140000000 0.1033734860436
150000000 0.1020906378771
160000000 0.1013305405944
180000000 0.1010635910825
200000000 0.1060213094698
#Header 
#Target 83 215 0
#Product 1 3 0
#Datapoints 43
1000000 0
4000000 0
5000000 2.139659995E-17
6000000 6.087586216E-14
7000000 3.6279126681E-11
8000000 3.412038465E-9
9000000 1.3009272256E-7
10000000 1.78706528E-6
11000000 1.4361194736E-5
12000000 7.436615562E-5
13000000 0.000256371798
14000000 0.0006323566850715
15000000 0.0012291976176
16000000 0.002031610824972
17000000 0.003002561686
18000000 0.004098301896
19000000 0.00527658999
20000000 0.006500606816
22000000 0.00902104496
24000000 0.011389008035
26000000 0.013612687134
28000000 0.015662765996
30000000 0.0175291316
35000000 0.0211366441
40000000 0.0233830588521
45000000 0.0250622460472
50000000 0.026312942652
55000000 0.0277553748087
60000000 0.0292190614753
65000000 0.0309570864555
70000000 0.0328132781697
75000000 0.0348935083847
80000000 0.037142738424
90000000 0.0423159330272
100000000 0.0485401282541
110000000 0.0517888011753
120000000 0.05505962176
130000000 0.0583035478168
140000000 0.0615291740342
150000000 0.0647162052459
160000000 0.0677852252584
180000000 0.073366319195
200000000 0.0802841631966
#Header 
#Target 83 215 0
#Product 2 3 0
#Datapoints 38
1000000 0
9000000 0
10000000 1.974723712E-20
11000000 1.1845456938E-17
12000000 1.7364035502E-15
13000000 9.28820982E-14
14000000 2.412289243053E-12
15000000 3.6810048468E-11
16000000 3.75395233248E-10
17000000 2.800511798E-9
18000000 1.63232836E-8
19000000 7.80592417E-8
20000000 2.90169896E-7
22000000 3.34520416E-6
24000000 2.611581965E-5
26000000 0.00011557131624
28000000 0.0003514364372
30000000 0.0007690825072
35000000 0.002456165998
40000000 0.00457387922499
45000000 0.00676728006028
50000000 0.0087536105576
55000000 0.01062448603524
60000000 0.01217852279401
65000000 0.01362165284475
70000000 0.01488999112348
75000000 0.01613958957583
80000000 0.01735227340425
90000000 0.0199099515552
100000000 0.0227653515705
110000000 0.0247212965863
120000000 0.0266905470832
130000000 0.0286787438652
140000000 0.0306955997226
150000000 0.0327304143565
160000000 0.0347727178396
180000000 0.0388139747025
200000000 0.0426749471676
#Header 
#Target 83 215 0
#Product 2 4 0
#Datapoints 45
1000000 0
2000000 9.04082760538E-14
3000000 2.2043695093E-9
4000000 7.859416194E-7
5000000 1.3009688373E-5
6000000 0.00014587687016
7000000 0.0014659685915
8000000 0.007744098978
9000000 0.026237343056
10000000 0.05942572272
11000000 0.09227967147
12000000 0.12275927028
13000000 0.1711628706
14000000 0.2463610400428
15000000 0.33383705272
16000000 0.4118847330819
17000000 0.4644881109
18000000 0.4697487249
19000000 0.4527544264
20000000 0.4214662528
22000000 0.4566958896
24000000 0.4776387799
26000000 0.4372820886
28000000 0.3940818648
30000000 0.3729581824
35000000 0.3207412208
40000000 0.279031314831
45000000 0.241096830804
50000000 0.2035785710912
55000000 0.1859879848365
60000000 0.1789722375072
65000000 0.195042309997
70000000 0.2049519872507
75000000 0.1870089525198
80000000 0.1609958581545
90000000 0.1318744094976
100000000 0.1232980261888
110000000 0.1194067955113
120000000 0.1076010755248
130000000 0.1076521475744
140000000 0.1102734947282
150000000 0.1146902370907
160000000 0.1245630706164
180000000 0.140922501555
200000000 0.161004899624
#Header 
#Target 83 215 0
#Product 79 191 0
#Datapoints 10
1000000 0
100000000 0
110000000 1.857144230033E-13
120000000 4.36677031648E-10
130000000 4.31830831718E-8
140000000 4.720043073004E-7
150000000 1.3417849649011E-6
160000000 2.355421257904E-6
180000000 5.545685148225E-6
200000000 9.028065646472E-6
#Header 
#Target 83 215 0
#Product 79 192 0
#Datapoints 11
1000000 0
90000000 0
100000000 1.112148555301E-15
110000000 4.39629991903E-11
120000000 2.207917194912E-8
130000000 9.586174399802E-7
140000000 6.37809924258E-6
150000000 1.4872582644994E-5
160000000 2.758555465172E-5
180000000 5.05556792875E-5
200000000 5.62653994822E-5
#Header 
#Target 83 215 0
#Product 79 199 0
#Datapoints 17
1000000 0
55000000 0
60000000 5.76491831229E-14
65000000 3.4492391823E-11
70000000 2.496154491915E-9
75000000 6.247588008885E-8
80000000 7.602870174885E-7
90000000 1.5910252103872E-5
100000000 4.52233401585E-5
110000000 5.795739140825E-5
120000000 7.326466013152E-5
130000000 0.00012732118904076
140000000 8.156535042972E-5
150000000 0.00010635224048945
160000000 6.094221995316E-5
180000000 6.57671585365E-5
200000000 3.434477156864E-5
#Header 
#Target 83 215 0
#Product 80 192 0
#Datapoints 11
1000000 0
90000000 0
100000000 7.34088183804E-13
110000000 1.2525561025653E-8
120000000 4.746094203136E-6
130000000 0.00010633309440182
140000000 0.0003365454245152
150000000 0.0005149660370131
160000000 0.0008450394214496
180000000 0.0023182666437
200000000 0.0042161878864
#Header 
#Target 83 215 0
#Product 80 193 0
#Datapoints 11
1000000 0
90000000 0
100000000 1.18544535695E-10
110000000 1.3953441338334E-7
120000000 1.3433231475664E-5
130000000 9.894893231366E-5
140000000 0.0002358226953106
150000000 0.000409438259071
160000000 0.0006396556151024
180000000 0.00142198121069
200000000 0.001731491815758
#Header 
#Target 83 215 0
#Product 80 194 0
#Datapoints 12
1000000 0
80000000 0
90000000 1.911914752832E-12
100000000 7.249088615133E-9
110000000 3.351131017401E-6
120000000 0.00010658337637376
130000000 0.000426701087813
140000000 0.0008211024954498
150000000 0.0011490633486791
160000000 0.0015702309528932
180000000 0.00279933953465
200000000 0.002994690788434
#Header 
#Target 83 215 0
#Product 80 195 0
#Datapoints 13
1000000 0
75000000 0
80000000 5.2472105448E-16
90000000 1.47717744048E-11
100000000 2.976963679126E-8
110000000 3.252160005859E-6
120000000 1.894853156768E-5
130000000 3.078919557714E-5
140000000 4.1895846889E-5
150000000 6.026158150801E-5
160000000 9.0514022586E-5
180000000 0.000154668621111
200000000 0.0002069911875556
#Header 
#Target 83 215 0
#Product 80 196 0
#Datapoints 14
1000000 0
70000000 0
75000000 2.3591699801E-15
80000000 9.49621607625E-13
90000000 1.2973534746816E-8
100000000 7.346634892468E-6
110000000 0.00018219687348097
120000000 0.00052332532252
130000000 0.000713737831092
140000000 0.0009931120347218
150000000 0.0014247468808595
160000000 0.001996381498956
180000000 0.003015698280075
200000000 0.003744997189434
#Header 
#Target 83 215 0
#Product 80 197 0
#Datapoints 15
1000000 0
65000000 0
70000000 3.05373686642E-16
75000000 1.388460587508E-13
80000000 2.3038650366E-11
90000000 9.959069847552E-8
100000000 8.974720022927E-6
110000000 4.609596606229E-5
120000000 6.69304875096E-5
130000000 9.673735004076E-5
140000000 0.00016818976303118
150000000 0.000261318271409
160000000 0.0003697305221584
180000000 0.0005083883728425
200000000 0.0005437293894692
#Header 
#Target 83 215 0
#Product 80 198 0
#Datapoints 16
1000000 0
60000000 0
65000000 1.766456629105E-15
70000000 1.146017798377E-12
75000000 1.662436761794E-10
80000000 2.09095355724E-8
90000000 1.6807127952832E-5
100000000 0.0003195605117033
110000000 0.0007276196965251
120000000 0.0009466662132928
130000000 0.0014400528489204
140000000 0.002101155622846
150000000 0.002732096934701
160000000 0.003177700666296
180000000 0.003501208473625
200000000 0.00354075706792
#Header 
#Target 83 215 0
#Product 80 199 0
#Datapoints 17
1000000 0
55000000 0
60000000 6.24520857228E-16
65000000 1.53988822572E-12
70000000 2.77473446982E-10
75000000 2.452387560678E-8
80000000 6.42295937232E-7
90000000 2.460949824704E-5
100000000 6.826869452728E-5
110000000 7.573031454496E-5
120000000 0.0001011071848072
130000000 0.00017199574409446
140000000 0.0002555760877604
150000000 0.000492958056241
160000000 0.0004194364884788
180000000 0.0006340095292725
200000000 0.0006456397779208
#Header 
#Target 83 215 0
#Product 80 200 0
#Datapoints 18
1000000 0
50000000 0
55000000 4.33605592035E-12
60000000 4.928673294763E-9
65000000 3.1232572872E-7
70000000 4.908220875998E-6
75000000 2.992450789216E-5
80000000 0.00010942610863065
90000000 0.000478379541024
100000000 0.000718591234953
110000000 0.0008805408482386
120000000 0.0013275853978816
130000000 0.0015398794261994
140000000 0.0018022465594974
150000000 0.001948806092938
160000000 0.002188099593836
180000000 0.0022985717391
200000000 0.002469502150664
#Header 
#Target 83 215 0
#Product 80 201 0
#Datapoints 19
1000000 0
45000000 0
50000000 2.35845606696E-13
55000000 9.23335859061E-11
60000000 1.323603080139E-8
65000000 5.464761235695E-7
70000000 8.128687431624E-6
75000000 4.938443955301E-5
80000000 0.0001460434813299
90000000 0.0003290657462848
100000000 0.0003889092114482
110000000 0.0005171470031342
120000000 0.0007274963423728
130000000 0.0009114925633528
140000000 0.0010589794587802
150000000 0.0011433957663315
160000000 0.0012382752099224
180000000 0.00137982683599
200000000 0.00149579740271
#Header 
#Target 83 215 0
#Product 80 202 0
#Datapoints 21
1000000 0
35000000 0
40000000 6.63474548247E-14
45000000 6.12904654054E-10
50000000 6.07148740872E-8
55000000 3.218139824823E-6
60000000 2.867375075917E-5
65000000 9.293553953035E-5
70000000 0.00017235224688277
75000000 0.0002421646984869
80000000 0.0002483267852775
90000000 0.00032074193312
100000000 0.0004014896271097
110000000 0.0005421299899411
120000000 0.0005588380253456
130000000 0.0005646108467714
140000000 0.0005816390984676
150000000 0.0005813174548789
160000000 0.0005753381898836
180000000 0.0006331822592925
200000000 0.000724822687727
#Header 
#Target 83 215 0
#Product 80 203 0
#Datapoints 22
1000000 0
30000000 0
35000000 1.3282695998E-13
40000000 6.06787379103E-12
45000000 1.008808278198E-9
50000000 4.57741186976E-8
55000000 7.100595984636E-7
60000000 4.55723509911E-6
65000000 1.4132198201595E-5
70000000 2.581944638001E-5
75000000 3.407643848009E-5
80000000 3.823723852485E-5
90000000 4.475723609056E-5
100000000 6.424436660352E-5
110000000 8.577778221025E-5
120000000 0.00010438569906336
130000000 0.0001183462966114
140000000 0.0001306045529738
150000000 0.00014861087621711
160000000 0.00016682237292604
180000000 0.00021606794113
200000000 0.0002788622710338
#Header 
#Target 83 215 0
#Product 80 204 0
#Datapoints 26
1000000 0
22000000 0
24000000 4.226479232E-14
26000000 2.74611642E-13
28000000 9.286518716E-13
30000000 6.19374928E-12
35000000 5.838220674E-10
40000000 6.113397237378E-8
45000000 1.1283290035068E-6
50000000 4.651119954784E-6
55000000 2.483791907751E-6
60000000 5.97840838325E-6
65000000 5.66803870322E-6
70000000 1.2515270673193E-5
75000000 6.125509090785E-6
80000000 6.67462404942E-6
90000000 1.0844894890592E-5
100000000 1.3689375447827E-5
110000000 1.7688331677114E-5
120000000 2.37483220832E-5
130000000 2.641950641044E-5
140000000 3.5742728463E-5
150000000 5.048556128303E-5
160000000 6.93494008948E-5
180000000 0.00011990692202225
200000000 0.0001858928472174
#Header 
#Target 83 215 0
#Product 80 205 0
#Datapoints 32
1000000 0
15000000 0
16000000 4.412674012452E-15
17000000 2.263511094E-14
18000000 4.893225974E-14
19000000 1.2176599698E-13
20000000 1.71622896E-13
22000000 5.504043432E-13
24000000 1.986919686E-12
26000000 5.951675724E-12
28000000 2.074979224E-11
30000000 8.881726144E-11
35000000 2.5562606212E-9
40000000 3.057947664762E-8
45000000 1.5416684496194E-7
50000000 4.01881112328E-7
55000000 6.587708336055E-7
60000000 8.181056414569E-7
65000000 8.766216154805E-7
70000000 9.29844516066E-7
75000000 1.0710159343991E-6
80000000 1.368786217179E-6
90000000 2.218588045184E-6
100000000 3.098417917722E-6
110000000 3.832671675161E-6
120000000 5.595049924464E-6
130000000 1.0754781034426E-5
140000000 2.14863898372E-5
150000000 3.705051149951E-5
160000000 5.644834994968E-5
180000000 0.00010355371221625
200000000 0.0001511629643059
#Header 
#Target 83 215 0
#Product 81 193 0
#Datapoints 9
1000000 0
110000000 0
120000000 2.756306508384E-8
130000000 1.3198009011044E-5
140000000 0.0001874012899792
150000000 0.0004582929199466
160000000 0.0008398463726068
180000000 0.002256527597075
200000000 0.002853311009852
#Header 
#Target 83 215 0
#Product 81 194 0
#Datapoints 10
1000000 0
100000000 0
110000000 4.91822439707E-10
120000000 1.3749385556192E-6
130000000 6.253075336508E-5
140000000 0.0002977206544052
150000000 0.0007134440058143
160000000 0.0016441676390932
180000000 0.002952001291175
200000000 0.002746479782956
#Header 
#Target 83 215 0
#Product 81 195 0
#Datapoints 11
1000000 0
90000000 0
100000000 2.53298321756E-12
110000000 4.065233053856E-8
120000000 5.785472609488E-6
130000000 9.173281451906E-5
140000000 0.0004011973929558
150000000 0.0008608574401695
160000000 0.0012575139102604
180000000 0.00133245688101
200000000 0.001657735232107
#Header 
#Target 83 215 0
#Product 81 196 0
#Datapoints 12
1000000 0
80000000 0
90000000 2.83622763424E-15
100000000 9.71844671956E-10
110000000 7.344180866118E-7
120000000 3.758389741392E-5
130000000 0.0002774300814142
140000000 0.0005545121977834
150000000 0.0008700161103448
160000000 0.0012310094366076
180000000 0.00280424576355
200000000 0.003190950613164
#Header 
#Target 83 215 0
#Product 81 197 0
#Datapoints 12
1000000 0
80000000 0
90000000 8.09706773568E-12
100000000 5.056569909655E-8
110000000 6.537167306904E-6
120000000 9.923035595616E-5
130000000 0.0003458900587714
140000000 0.00069730164307
150000000 0.0013154869642169
160000000 0.001971226971844
180000000 0.00255779349785
200000000 0.001994086996074
#Header 
#Target 83 215 0
#Product 81 198 0
#Datapoints 13
1000000 0
75000000 0
80000000 2.4233114904E-14
90000000 2.647794981216E-9
100000000 1.2041250250909E-6
110000000 5.238354296875E-5
120000000 0.0004828461438944
130000000 0.0011539098951666
140000000 0.001989513164348
150000000 0.002720932093377
160000000 0.00335266750858
180000000 0.00335724984925
200000000 0.00346275449087
#Header 
#Target 83 215 0
#Product 81 199 0
#Datapoints 14
1000000 0
70000000 0
75000000 1.928814188012E-13
80000000 7.67183975745E-11
90000000 2.27820669552E-7
100000000 2.424658744972E-5
110000000 0.0004923002255124
120000000 0.001637939952792
130000000 0.002502784905764
140000000 0.003520431689464
150000000 0.004361931016788
160000000 0.004870149764168
180000000 0.005005800500575
200000000 0.005210539412562
#Header 
#Target 83 215 0
#Product 81 200 0
#Datapoints 15
1000000 0
65000000 0
70000000 3.46941746809E-13
75000000 1.977492389777E-10
80000000 1.5862426219425E-8
90000000 6.58737446752E-6
100000000 0.0002524765404739
110000000 0.0013186706233645
120000000 0.00207519601432
130000000 0.002726421350796
140000000 0.003427712765656
150000000 0.004276040404896
160000000 0.004821927704464
180000000 0.005569005483025
200000000 0.006509177656578
#Header 
#Target 83 215 0
#Product 81 201 0
#Datapoints 17
1000000 0
55000000 0
60000000 2.70754248119E-14
65000000 6.47401370315E-11
70000000 5.116988437383E-9
75000000 9.117910803049E-8
80000000 9.64837447809E-7
90000000 6.650012942048E-5
100000000 0.0007239239339116
110000000 0.0014570591554261
120000000 0.0018424199768832
130000000 0.002516690357896
140000000 0.00327935444666
150000000 0.004222935237687
160000000 0.00465010919152
180000000 0.005919898833975
200000000 0.007019124134234
#Header 
#Target 83 215 0
#Product 81 202 0
#Datapoints 18
1000000 0
50000000 0
55000000 2.13208046667E-14
60000000 2.76363978452E-11
65000000 2.816899394395E-9
70000000 8.770860695237E-8
75000000 1.6298584586199E-6
80000000 1.8986571329385E-5
90000000 0.000446464495232
100000000 0.0013053104801387
110000000 0.0016393440188912
120000000 0.002130668018336
130000000 0.002803103376216
140000000 0.003471177502408
150000000 0.003980175718356
160000000 0.004383084485832
180000000 0.00546194505945
200000000 0.006127107165148
#Header 
#Target 83 215 0
#Product 81 203 0
#Datapoints 19
1000000 0
45000000 0
50000000 2.22354653192E-11
55000000 9.770886441855E-8
60000000 1.4617721734332E-7
65000000 0.00010075827585875
70000000 0.0002138848032736
75000000 0.0005266670610277
80000000 0.000977826134664
90000000 0.0014999277773984
100000000 0.002725966188839
110000000 0.0016148060587186
120000000 0.0018271221016048
130000000 0.002649409390628
140000000 0.002666401878158
150000000 0.003406517943644
160000000 0.003645035819516
180000000 0.0043468348186
200000000 0.00471338863098
#Header 
#Target 83 215 0
#Product 81 204 0
#Datapoints 20
1000000 0
40000000 0
45000000 3.39648105256E-11
50000000 4.202601583968E-9
55000000 5.948080036668E-8
60000000 6.822763277888E-7
65000000 4.66355594415E-6
70000000 3.153258710962E-5
75000000 0.00012710732215319
80000000 0.0002973148330965
90000000 0.0005758349174368
100000000 0.0007036898872592
110000000 0.0008954397575697
120000000 0.0012222307699888
130000000 0.0016287586573258
140000000 0.002077493437702
150000000 0.002458612450453
160000000 0.002874287338208
180000000 0.0035243590851
200000000 0.004285469336006
#Header 
#Target 83 215 0
#Product 81 205 0
#Datapoints 22
1000000 0
30000000 0
35000000 6.3033399E-13
40000000 3.92449479297E-10
45000000 9.434121561648E-9
50000000 7.927953450096E-8
55000000 6.340699039059E-7
60000000 4.214987469083E-6
65000000 2.186804540945E-5
70000000 6.751841513088E-5
75000000 0.00012406336510285
80000000 0.00016411916397675
90000000 0.00019402354518848
100000000 0.0002383571632378
110000000 0.000349503956558
120000000 0.0005689865831936
130000000 0.0008306474286968
140000000 0.001185776461341
150000000 0.0016190079028051
160000000 0.001983030085296
180000000 0.0027098760954
200000000 0.0032418232823
#Header 
#Target 83 215 0
#Product 81 206 0
#Datapoints 25
1000000 0
24000000 0
26000000 2.586107796E-15
28000000 5.041865932E-13
30000000 1.1479090384E-10
35000000 1.78309001728E-6
40000000 2.473159034916E-5
45000000 0.0001271878772725
50000000 0.0004373852323312
55000000 0.000539832151089
60000000 0.0011606638138416
65000000 0.003257097252995
70000000 0.00305958891078
75000000 0.0011282552014659
80000000 0.00061092036228
90000000 0.0009162001376416
100000000 0.002036996939355
110000000 0.0008626574060036
120000000 0.0009519064807824
130000000 0.002131011466012
140000000 0.0017146464015674
150000000 0.002553959257138
160000000 0.002322660795208
180000000 0.0027622418652
200000000 0.003692925408346
#Header 
#Target 83 215 0
#Product 81 207 0
#Datapoints 32
1000000 0
15000000 0
16000000 9.025960267692E-14
17000000 2.098723641E-11
18000000 1.3093196818E-9
19000000 3.2070897344E-8
20000000 4.1594206208E-7
22000000 1.6921396764E-5
24000000 0.000142959001975
26000000 0.00045534191484
28000000 0.00089318193508
30000000 0.00137664006128
35000000 0.0037187003568
40000000 0.010205495287614
45000000 0.016554684892326
50000000 0.019501462795472
55000000 0.020179731189618
60000000 0.019730496935474
65000000 0.019071961926225
70000000 0.018218813225821
75000000 0.017479969064489
80000000 0.016510615821465
90000000 0.01475488487424
100000000 0.013311693669464
110000000 0.012246983548138
120000000 0.011174161933792
130000000 0.010232803873864
140000000 0.009699118360162
150000000 0.009164938219702
160000000 0.008648867393348
180000000 0.007871234147375
200000000 0.007443956060504
#Header 
#Target 83 215 0
#Product 81 208 0
#Datapoints 36
1000000 0
11000000 0
12000000 2.4185181312E-14
13000000 1.37901714E-11
14000000 9.763643166264E-10
15000000 2.75299014652E-8
16000000 3.3494206042947E-7
17000000 2.554389989E-6
18000000 1.2266597083E-5
19000000 4.2870204968E-5
20000000 9.055770512E-5
22000000 0.0002253519556
24000000 0.00035697005434
26000000 0.00048684203322
28000000 0.0006838489628
30000000 0.00109605015616
35000000 0.003270129434
40000000 0.006173556635079
45000000 0.008180600959688
50000000 0.007973953796616
55000000 0.007615434385251
60000000 0.007040122128388
65000000 0.006568352772385
70000000 0.006017789092444
75000000 0.006340057165945
80000000 0.005015634036585
90000000 0.004238830536192
100000000 0.004161339608048
110000000 0.00382941299972
120000000 0.0036358368904
130000000 0.003530463063842
140000000 0.003539006175856
150000000 0.003318258321303
160000000 0.003503070246988
180000000 0.00325721457155
200000000 0.003253190725776
#Header 
#Target 83 215 0
#Product 81 209 0
#Datapoints 42
1000000 0
5000000 0
6000000 3.3308294712E-15
7000000 2.2644670608E-12
8000000 2.3052905964E-10
9000000 7.6590502264E-9
10000000 1.17476001968E-7
11000000 1.03310991819E-6
12000000 5.8387198842E-6
13000000 2.1962398932E-5
14000000 5.796910873433E-5
15000000 0.000117477985936
16000000 0.00019675802220693
17000000 0.00028583903208
18000000 0.00038115997244
19000000 0.00049789002096
20000000 0.0006636350592
22000000 0.00129502006388
24000000 0.0025170197778
26000000 0.004396280172
28000000 0.0065128806544
30000000 0.0089860806944
35000000 0.0119431993824
40000000 0.013557293491668
45000000 0.01418768636821
50000000 0.01415367281408
55000000 0.016403942483775
60000000 0.016198914812209
65000000 0.01342920205558
70000000 0.013022867522316
75000000 0.013282824289656
80000000 0.012127190456925
90000000 0.011230783861024
100000000 0.010524719343743
110000000 0.009937463901329
120000000 0.009692448008672
130000000 0.008874662701476
140000000 0.008781000722874
150000000 0.008122467170035
160000000 0.00820867565518
180000000 0.007760976976225
200000000 0.006807232782578
#Header 
#Target 83 215 0
#Product 81 210 0
#Datapoints 40
1000000 0
7000000 0
8000000 3.99714183E-14
9000000 3.1413251152E-12
10000000 8.034499616E-11
11000000 1.00326982518E-9
12000000 7.4342316456E-9
13000000 3.6095201076E-8
14000000 1.2061801114116E-7
15000000 2.94589027692E-7
16000000 6.1108005959025E-7
17000000 1.03589000086E-6
18000000 1.9211499294E-6
19000000 3.2193401276E-6
20000000 5.2160693264E-6
22000000 5.1870906068E-6
24000000 2.6705795074E-5
26000000 9.4676607366E-6
28000000 1.18008008628E-5
30000000 1.33578999296E-5
35000000 0.000154931994074
40000000 1.5641391607686E-5
45000000 0.00013776585832954
50000000 0.00012698175942896
55000000 0.00012567358112463
60000000 9.897598536654E-5
65000000 8.70701663209E-5
70000000 2.097418031362E-5
75000000 0.00010446961695288
80000000 0.00012125990316045
90000000 0.0002044542327968
100000000 0.0003075518887648
110000000 0.0003909904773576
120000000 0.0005133108359808
130000000 0.0005842942348386
140000000 0.000636331494556
150000000 0.0007285840214119
160000000 0.0007413421933944
180000000 0.00080303208941
200000000 0.0008647962663446
#Header 
#Target 83 215 0
#Product 81 211 0
#Datapoints 41
1000000 0
6000000 0
7000000 8.370445657E-14
8000000 5.021595711E-12
9000000 1.12687005104E-10
10000000 1.25921001216E-9
11000000 8.4582592857E-9
12000000 3.83441965182E-8
13000000 1.261230306E-7
14000000 3.19228037074E-7
15000000 6.5183803064E-7
16000000 1.1224201962063E-6
17000000 1.6966603862E-6
18000000 2.2984096564E-6
19000000 2.8992796312E-6
20000000 3.4312601808E-6
22000000 4.366570102E-6
24000000 5.0375098142E-6
26000000 5.4614198742E-6
28000000 5.6793396628E-6
30000000 5.941020376E-6
35000000 5.7989500712E-6
40000000 5.552647266165E-6
45000000 5.51453522756E-6
50000000 5.439660396984E-6
55000000 5.284801468485E-6
60000000 6.597175990904E-6
65000000 1.436539569121E-5
70000000 3.238335896714E-5
75000000 5.944680971395E-5
80000000 9.004123851945E-5
90000000 0.000160084501024
100000000 0.0002309673765341
110000000 0.0002860672585286
120000000 0.0003333690625408
130000000 0.00037490225916
140000000 0.000400110774537
150000000 0.000428655570794
160000000 0.0004502954672788
180000000 0.0004757818975225
200000000 0.0004943070255648
#Header 
#Target 83 215 0
#Product 81 212 0
#Datapoints 22
1000000 0
30000000 0
35000000 1.1614586412E-14
40000000 1.898737288266E-12
45000000 7.88710295822E-10
50000000 7.58114454404E-8
55000000 1.1380862060568E-6
60000000 6.039537179971E-6
65000000 1.6351781273045E-5
70000000 3.086269287672E-5
75000000 4.591089558283E-5
80000000 6.17115278667E-5
90000000 8.742944073472E-5
100000000 0.00011070894581846
110000000 0.00012929025658958
120000000 0.00014295104741632
130000000 0.00015166750041586
140000000 0.00016317646090856
150000000 0.00016644470748917
160000000 0.00017478670076556
180000000 0.000183329536545
200000000 0.0001857620819916
#Header 
#Target 83 215 0
#Product 82 194 0
#Datapoints 9
1000000 0
110000000 0
120000000 3.22356761584E-10
130000000 0.00013987524327348
140000000 0.003932051006706
150000000 0.007514625639065
160000000 0.00614924016538
180000000 0.004073526023875
200000000 0.002374979049896
#Header 
#Target 83 215 0
#Product 82 195 0
#Datapoints 10
1000000 0
100000000 0
110000000 1.45082897412E-12
120000000 1.5502527975792E-6
130000000 0.0002855071806158
140000000 0.001103164404612
150000000 0.0011591086386066
160000000 0.000833044375852
180000000 0.00049626470329
200000000 0.0003886218464712
#Header 
#Target 83 215 0
#Product 82 196 0
#Datapoints 11
1000000 0
90000000 0
100000000 2.04963297308E-14
110000000 5.295339928661E-5
120000000 0.004183926803056
130000000 0.010075341588598
140000000 0.007807932649604
150000000 0.004572964199687
160000000 0.003212788930572
180000000 0.0023710803431
200000000 0.001880014580192
#Header 
#Target 83 215 0
#Product 82 197 0
#Datapoints 11
1000000 0
90000000 0
100000000 5.339755622376E-9
110000000 3.404877131156E-5
120000000 0.0005470508600128
130000000 0.0014607779410796
140000000 0.0012562524194198
150000000 0.0007564602196892
160000000 0.0005808450014068
180000000 0.00059000167088
200000000 0.0005085588846012
#Header 
#Target 83 215 0
#Product 82 198 0
#Datapoints 12
1000000 0
80000000 0
90000000 3.044883958368E-7
100000000 0.0003897592896398
110000000 0.002395881251089
120000000 0.00361647940368
130000000 0.002828576933754
140000000 0.0017111376438074
150000000 0.0014427387303609
160000000 0.0014915671349176
180000000 0.0013021521689275
200000000 0.0011292397330142
#Header 
#Target 83 215 0
#Product 82 199 0
#Datapoints 13
1000000 0
75000000 0
80000000 1.477772794485E-13
90000000 0.000304799330304
100000000 0.010167637715496
110000000 0.01920011186689
120000000 0.008492455187216
130000000 0.00367957874141
140000000 0.002898423967472
150000000 0.002098427235736
160000000 0.001971765666156
180000000 0.001747057369265
200000000 0.0015475792261234
#Header 
#Target 83 215 0
#Product 82 200 0
#Datapoints 14
1000000 0
70000000 0
75000000 3.175738890825E-7
80000000 4.433164311315E-5
90000000 0.0030776643688
100000000 0.003688802686019
110000000 0.003191095761484
120000000 0.002442562698576
130000000 0.0018427886258496
140000000 0.0017688678565752
150000000 0.00223641442623
160000000 0.002462409159028
180000000 0.002663114694775
200000000 0.002644195188878
#Header 
#Target 83 215 0
#Product 82 201 0
#Datapoints 16
1000000 0
60000000 0
65000000 6.457233699075E-8
70000000 7.719501774962E-5
75000000 0.0017992563514018
80000000 0.00845897404806
90000000 0.016103345789888
100000000 0.007339705076907
110000000 0.003820363039236
120000000 0.003062151032512
130000000 0.00292076589233
140000000 0.003030157719102
150000000 0.003024612890553
160000000 0.00298969991892
180000000 0.002940281633125
200000000 0.003037903613118
#Header 
#Target 83 215 0
#Product 82 202 0
#Datapoints 17
1000000 0
55000000 0
60000000 1.8993800191487E-6
65000000 6.875819658665E-5
70000000 0.0004051918424442
75000000 0.0009610263054751
80000000 0.0013442767860555
90000000 0.0011151186228896
100000000 0.0006677046098725
110000000 0.000813860417548
120000000 0.0010612743977264
130000000 0.0013414058810438
140000000 0.002170420694002
150000000 0.002223071827395
160000000 0.002808976896024
180000000 0.003184585236525
200000000 0.004067673736276
#Header 
#Target 83 215 0
#Product 82 203 0
#Datapoints 19
1000000 0
45000000 0
50000000 3.103504520488E-7
55000000 0.0005856380133219
60000000 0.012169435322069
65000000 0.04441817362815
70000000 0.06515144863937
75000000 0.05237171272379
80000000 0.03111136150455
90000000 0.009744835402848
100000000 0.005823993804361
110000000 0.004413053074075
120000000 0.004270523310768
130000000 0.004121565261242
140000000 0.004305804979788
150000000 0.004389198994637
160000000 0.004459709292324
180000000 0.0051075942519
200000000 0.005254928951992
#Header 
#Target 83 215 0
#Product 82 204 0
#Datapoints 20
1000000 0
40000000 0
45000000 2.202627312646E-5
50000000 0.0006736737823504
55000000 0.002228742517617
60000000 0.003538061289
65000000 0.00307212750579
70000000 0.003088249504091
75000000 0.001712317348883
80000000 0.001729910229783
90000000 0.001326682572208
100000000 0.0015895273712721
110000000 0.002449885989879
120000000 0.003716046180704
130000000 0.004935523552388
140000000 0.006020931459826
150000000 0.007082964149453
160000000 0.007954493992692
180000000 0.009677202307775
200000000 0.010510076707458
#Header 
#Target 83 215 0
#Product 82 205 0
#Datapoints 22
1000000 0
30000000 0
35000000 1.9286303894E-6
40000000 0.0007434266447724
45000000 0.003119996895424
50000000 0.00403438238016
55000000 0.003119759947458
60000000 0.002531997649557
65000000 0.00310408724672
70000000 0.003855050706782
75000000 0.004180323649535
80000000 0.00431289681519
90000000 0.005281262706944
100000000 0.007907879698513
110000000 0.010853598067903
120000000 0.013597807773264
130000000 0.015806899448912
140000000 0.017952091244672
150000000 0.01985829774898
160000000 0.020917660673
180000000 0.02246176223975
200000000 0.02473637019464
#Header 
#Target 83 215 0
#Product 82 206 0
#Datapoints 24
1000000 0
26000000 0
28000000 1.09254995996E-5
30000000 0.00051491203056
35000000 0.019474896298
40000000 0.04390647951069
45000000 0.03400255782362
50000000 0.016758568318944
55000000 0.014061952363536
60000000 0.011432239380722
65000000 0.009562340805215
70000000 0.008425503533679
75000000 0.007584339892842
80000000 0.007532560570155
90000000 0.009131813081216
100000000 0.012587726021706
110000000 0.015945578257932
120000000 0.0192692670456
130000000 0.02178920586414
140000000 0.02371843491684
150000000 0.02623937985443
160000000 0.02770549440516
180000000 0.02968347222125
200000000 0.03108642603976
#Header 
#Target 83 215 0
#Product 82 207 0
#Datapoints 29
1000000 0
18000000 0
19000000 3.130046382E-13
20000000 1.601123968E-11
22000000 0.000110492989128
24000000 0.0060174504358
26000000 0.035120396628
28000000 0.082220995344
30000000 0.1200460048
35000000 0.100002990516
40000000 0.04807028515653
45000000 0.02994226328138
50000000 0.02367135026472
55000000 0.020081632070808
60000000 0.017109409197069
65000000 0.014931291223325
70000000 0.013538762323072
75000000 0.012713832242787
80000000 0.012450085117065
90000000 0.01290073669248
100000000 0.014041958843219
110000000 0.014827867907597
120000000 0.01571009747736
130000000 0.016458644765134
140000000 0.016875957067158
150000000 0.017308966452087
160000000 0.0179238046026
180000000 0.0183955938095
200000000 0.01877847219796
#Header 
#Target 83 215 0
#Product 82 208 0
#Datapoints 37
1000000 0
10000000 0
11000000 6.82030314E-12
12000000 5.904328059E-10
13000000 1.540540173E-8
14000000 2.1543306652636E-7
15000000 1.513480435E-6
16000000 4.9571306022957E-6
17000000 0.00021651899165
18000000 0.0046945595281
19000000 0.024824502356
20000000 0.071301799232
22000000 0.20441501124
24000000 0.26808597159
26000000 0.21951906336
28000000 0.139727011976
30000000 0.086590109872
35000000 0.049118395326
40000000 0.04094767462896
45000000 0.03526306034874
50000000 0.03014363727616
55000000 0.02600741363913
60000000 0.02301337269402
65000000 0.0211659385311
70000000 0.020581590560224
75000000 0.02084343138646
80000000 0.0221018106642
90000000 0.0254301822208
100000000 0.02883008182031
110000000 0.03157008981871
120000000 0.03380634413728
130000000 0.03567534383842
140000000 0.03697150639542
150000000 0.03800237376339
160000000 0.0387046511904
180000000 0.03908684431625
200000000 0.03962911666642
#Header 
#Target 83 215 0
#Product 82 209 0
#Datapoints 41
1000000 0
6000000 0
7000000 2.3766781703E-12
8000000 6.9906402423E-10
9000000 4.37299989016E-8
10000000 3.3515903072E-7
11000000 0.00121939014141
12000000 0.0179344010898
13000000 0.06998792118
14000000 0.15332500213325
15000000 0.245885018052
16000000 0.32278204988517
17000000 0.35523201623
18000000 0.34659799083
19000000 0.30372303062
20000000 0.25237001616
22000000 0.15958304056
24000000 0.11357199953
26000000 0.094432903458
28000000 0.085824100944
30000000 0.080316205344
35000000 0.070077790926
40000000 0.06080147112969
45000000 0.05206934557908
50000000 0.0452288145224
55000000 0.04051955298699
60000000 0.03715369951305
65000000 0.03511635093685
70000000 0.03410874358121
75000000 0.03394274468335
80000000 0.0344309065788
90000000 0.03540121200448
100000000 0.03672271436338
110000000 0.03731110581787
120000000 0.03791323831152
130000000 0.03806238466888
140000000 0.03806614744264
150000000 0.03746403282838
160000000 0.03762938523604
180000000 0.0371851557
200000000 0.03625931919476
#Header 
#Target 83 215 0
#Product 82 210 0
#Datapoints 44
1000000 0
3000000 0
4000000 2.19347028918E-14
5000000 7.1046219695E-7
6000000 9.8790603504E-5
7000000 0.00129907010023
8000000 0.0072238892319
9000000 0.0249118964488
10000000 0.056736096384
11000000 0.086426603424
12000000 0.097850682936
13000000 0.0917287722
14000000 0.08116474093161
15000000 0.0733733989
16000000 0.06978490206045
17000000 0.069422899508
18000000 0.070560299173
19000000 0.072316400202
20000000 0.070788097776
22000000 0.070123593392
24000000 0.068577595552
26000000 0.066280895706
28000000 0.062760892752
30000000 0.059306294816
35000000 0.050245005954
40000000 0.04245947856006
45000000 0.03689856564148
50000000 0.0330497342408
55000000 0.03047829605667
60000000 0.02879694850764
65000000 0.02804470375935
70000000 0.02813310569279
75000000 0.02838841974329
80000000 0.02858551095045
90000000 0.02941607164608
100000000 0.02971204770165
110000000 0.03003161569384
120000000 0.0298282299744
130000000 0.0293029322157
140000000 0.02911229105818
150000000 0.02880209705271
160000000 0.0280965650706
180000000 0.02707778175125
200000000 0.0264238790664
#Header 
#Target 83 215 0
#Product 82 211 0
#Datapoints 45
1000000 0
2000000 0
3000000 3.3145311045E-11
4000000 2.19295026936E-8
5000000 1.53390008497E-6
6000000 1.73038983992E-5
7000000 9.4577001414E-5
8000000 0.00035017802325
9000000 0.00096378600528
10000000 0.002059779552
11000000 0.003648328929
12000000 0.0055921903146
13000000 0.007702020348
14000000 0.009768041128496
15000000 0.011981304044
16000000 0.015377598758331
17000000 0.028548601399
18000000 0.035474395047
19000000 0.0395077047
20000000 0.022460103632
22000000 0.018804801152
24000000 0.01670679393
26000000 0.0148788002616
28000000 0.01325429991
30000000 0.0118706993504
35000000 0.0093145504738
40000000 0.008570625456591
45000000 0.008664031769084
50000000 0.009149500975216
55000000 0.010523464947765
60000000 0.012505334825668
65000000 0.014748292789755
70000000 0.016810329177319
75000000 0.018650654767243
80000000 0.02016005164737
90000000 0.02266286546272
100000000 0.02406679474129
110000000 0.02473114349504
120000000 0.0249471493128
130000000 0.02497264986216
140000000 0.02452705738228
150000000 0.02428827511769
160000000 0.02380697080424
180000000 0.0230907358855
200000000 0.0221455820049
#Header 
#Target 83 215 0
#Product 82 212 0
#Datapoints 45
1000000 0
2000000 8.964880616812E-14
3000000 2.16561989574E-9
4000000 7.61692035744E-7
5000000 1.07273009074E-5
6000000 2.9671998084E-5
7000000 7.2020998868E-5
8000000 0.000169182013176
9000000 0.000359982039696
10000000 0.00062442705648
11000000 0.000979565013
12000000 0.0013659899211
13000000 0.0017054800026
14000000 0.0020203807048146
15000000 0.00244430021708
16000000 0.0036828205788273
17000000 0.010608304285
18000000 0.011807202043
19000000 0.0115962003052
20000000 0.0036720402464
22000000 0.0019831897088
24000000 0.00137469008823
26000000 0.00101979993516
28000000 0.0008484150836
30000000 0.00096957807584
35000000 0.0018257199103
40000000 0.002845657642728
45000000 0.004181185929306
50000000 0.006339637686728
55000000 0.008926258644072
60000000 0.011506438828319
65000000 0.01375860006516
70000000 0.015769139214409
75000000 0.017517768541894
80000000 0.019011571561365
90000000 0.02076401672128
100000000 0.02179180127793
110000000 0.02195958351811
120000000 0.02182620650496
130000000 0.02157654623696
140000000 0.02121197574072
150000000 0.02067162793192
160000000 0.02017519007556
180000000 0.01906652586075
200000000 0.01826125179694
#Header 
#Target 83 215 0
#Product 82 213 0
#Datapoints 36
1000000 0
11000000 0
12000000 1.7246198592E-15
13000000 9.23737602E-14
14000000 2.398747416307E-12
15000000 3.6597492048E-11
16000000 3.731171840874E-10
17000000 2.7813398272E-9
18000000 1.618479629E-8
19000000 7.7188401236E-8
20000000 2.8527693904E-7
22000000 3.2342003452E-6
24000000 2.4657493026E-5
26000000 0.000103123995324
28000000 0.0002800720364
30000000 0.00051317200944
35000000 0.00120474004222
40000000 0.002753949373164
45000000 0.005290395079144
50000000 0.008030204703608
55000000 0.010662163833321
60000000 0.012924831167166
65000000 0.01491009182843
70000000 0.016619529864814
75000000 0.017992663712795
80000000 0.018853773308295
90000000 0.02011562983136
100000000 0.02059726187972
110000000 0.02067507917761
120000000 0.02047899698416
130000000 0.01983374934112
140000000 0.01936041158068
150000000 0.01869143831442
160000000 0.0181781682082
180000000 0.0169331246622
200000000 0.015961544587824
#Header 
#Target 83 215 0
#Product 82 214 0
#Datapoints 33
1000000 0
14000000 0
15000000 1.8978926568E-15
16000000 4.743928492638E-15
17000000 1.672919946E-14
18000000 8.65067151E-14
19000000 4.312633598E-13
20000000 3.0486892816E-9
22000000 1.21805007168E-7
24000000 1.9596295472E-6
26000000 1.54122986748E-5
28000000 7.3935206232E-5
30000000 0.0002365909448
35000000 0.0013865000435
40000000 0.003394638293049
45000000 0.005607364183118
50000000 0.007700114736712
55000000 0.009454246943526
60000000 0.010881042295722
65000000 0.01198931394803
70000000 0.012875367156338
75000000 0.013475621050715
80000000 0.01407925811628
90000000 0.014653987335904
100000000 0.014721229083033
110000000 0.014533293992732
120000000 0.014102633326496
130000000 0.013763678429358
140000000 0.013238893904256
150000000 0.01282322080922
160000000 0.012284310173096
180000000 0.011563552834675
200000000 0.010667299924992
#Header 
#Target 83 215 0
#Product 83 195 0
#Datapoints 7
1000000 0
130000000 0
140000000 2.06657608413E-5
150000000 0.002132333133952
160000000 0.008364934464536
180000000 0.0108539501112
200000000 0.00620286313015
#Header 
#Target 83 215 0
#Product 83 196 0
#Datapoints 8
1000000 0
120000000 0
130000000 3.30238732824E-6
140000000 0.0003563477933754
150000000 0.001882926672889
160000000 0.003517131595536
180000000 0.0032047683144
200000000 0.004259019958582
#Header 
#Target 83 215 0
#Product 83 197 0
#Datapoints 9
1000000 0
110000000 0
120000000 8.769135435632E-7
130000000 0.0006040406441498
140000000 0.004949735127868
150000000 0.012895389924947
160000000 0.014862401259992
180000000 0.0178139852195
200000000 0.01371077699668
#Header 
#Target 83 215 0
#Product 83 198 0
#Datapoints 10
1000000 0
100000000 0
110000000 1.2901628646917E-8
120000000 5.190399365008E-5
130000000 0.000591516469401
140000000 0.002244996416226
150000000 0.003733928539316
160000000 0.004494629883536
180000000 0.003762099470025
200000000 0.003668443539326
#Header 
#Target 83 215 0
#Product 83 199 0
#Datapoints 11
1000000 0
90000000 0
100000000 2.047117475401E-9
110000000 4.523644970523E-5
120000000 0.0012479270804
130000000 0.007969355117152
140000000 0.014747780354604
150000000 0.015824645183177
160000000 0.015364307388248
180000000 0.0163963790212
200000000 0.01990470708736
#Header 
#Target 83 215 0
#Product 83 200 0
#Datapoints 11
1000000 0
90000000 0
100000000 7.445510148794E-6
110000000 0.0005390753409166
120000000 0.005509622774656
130000000 0.012490775343046
140000000 0.01602354640136
150000000 0.017322559844869
160000000 0.016782077683436
180000000 0.016301657658325
200000000 0.013850619982358
#Header 
#Target 83 215 0
#Product 83 201 0
#Datapoints 12
1000000 0
80000000 0
90000000 6.091419072256E-7
100000000 0.00018417660225551
110000000 0.003273798300454
120000000 0.011520111103072
130000000 0.01910262876808
140000000 0.02163872840328
150000000 0.02108233459491
160000000 0.02218482309784
180000000 0.022577961477
200000000 0.0232235767583
#Header 
#Target 83 215 0
#Product 83 202 0
#Datapoints 14
1000000 0
70000000 0
75000000 1.68417785153E-12
80000000 1.559203164099E-8
90000000 5.846315976704E-5
100000000 0.002181080899507
110000000 0.012304578385562
120000000 0.02456529087584
130000000 0.02999837164324
140000000 0.0317315970008
150000000 0.03338170278131
160000000 0.03260372405628
180000000 0.030894054457
200000000 0.02831944075328
#Header 
#Target 83 215 0
#Product 83 203 0
#Datapoints 15
1000000 0
65000000 0
70000000 1.340435487606E-10
75000000 1.8494156546807E-7
80000000 1.1967993391005E-5
90000000 0.0010537304510656
100000000 0.009383011251325
110000000 0.02391791144054
120000000 0.03246824845264
130000000 0.0360213675393
140000000 0.03744135098922
150000000 0.03868227795798
160000000 0.03890972961772
180000000 0.03524178863425
200000000 0.03283526879872
#Header 
#Target 83 215 0
#Product 83 204 0
#Datapoints 17
1000000 0
55000000 0
60000000 2.29969823807E-14
65000000 2.61935138101E-9
70000000 1.1861679741341E-6
75000000 5.128451509588E-5
80000000 0.0004897955357865
90000000 0.007511858432512
100000000 0.02622561475482
110000000 0.04009757025978
120000000 0.04465875752624
130000000 0.04641633248824
140000000 0.0483394429431
150000000 0.0459604265563
160000000 0.04506563211176
180000000 0.044245506042
200000000 0.04176451797232
#Header 
#Target 83 215 0
#Product 83 205 0
#Datapoints 18
1000000 0
50000000 0
55000000 4.13064464274E-12
60000000 5.78184942275E-8
65000000 1.120781971995E-5
70000000 0.00019941496420822
75000000 0.0012570533677566
80000000 0.004912944955275
90000000 0.0239465294656
100000000 0.04360661087055
110000000 0.05161381739236
120000000 0.05613317140288
130000000 0.05649626535982
140000000 0.0534997839456
150000000 0.05408061132099
160000000 0.05247778044392
180000000 0.051152580474
200000000 0.05252051772452
#Header 
#Target 83 215 0
#Product 83 206 0
#Datapoints 19
1000000 0
45000000 0
50000000 2.4476651004E-10
55000000 9.253230057225E-7
60000000 7.297260768513E-5
65000000 0.0007129088893735
70000000 0.003440554938037
75000000 0.01090565533741
80000000 0.0243119755125
90000000 0.05077677220672
100000000 0.0642142743039
110000000 0.06957302718391
120000000 0.06905448209088
130000000 0.06594346494164
140000000 0.06687074602996
150000000 0.06480838555347
160000000 0.06593240222608
180000000 0.063009976876
200000000 0.0605919366797
#Header 
#Target 83 215 0
#Product 83 207 0
#Datapoints 21
1000000 0
35000000 0
40000000 6.41093315982E-14
45000000 4.564205659572E-8
50000000 1.971866011604E-5
55000000 0.0003714356654316
60000000 0.002134628231041
65000000 0.00778562339536
70000000 0.02062009041826
75000000 0.03846248657779
80000000 0.054595057356
90000000 0.07422081327136
100000000 0.08134680403911
110000000 0.0820442903624
120000000 0.0804102089648
130000000 0.08192531877816
140000000 0.08131182440678
150000000 0.08130653156636
160000000 0.07775349593856
180000000 0.0755941740485
200000000 0.0752681366267
#Header 
#Target 83 215 0
#Product 83 208 0
#Datapoints 22
1000000 0
30000000 0
35000000 1.1101389728E-10
40000000 2.668318997649E-6
45000000 0.000216200762694
50000000 0.0017272767202512
55000000 0.006996867136875
60000000 0.02159698338458
65000000 0.0462537754822
70000000 0.07118426759504
75000000 0.0894691238817
80000000 0.1008162533577
90000000 0.10992890148128
100000000 0.10955400257844
110000000 0.10707911712076
120000000 0.10732026015568
130000000 0.10434757303828
140000000 0.10185633208278
150000000 0.09868925850296
160000000 0.09875920280772
180000000 0.0964107223625
200000000 0.09304104318974
#Header 
#Target 83 215 0
#Product 83 209 0
#Datapoints 25
1000000 0
24000000 0
26000000 1.1718686466E-12
28000000 1.3120198776E-9
30000000 1.9084603392E-7
35000000 0.00011690199664
40000000 0.0014953493925699
45000000 0.006217153511224
50000000 0.02141765380912
55000000 0.051632538111
60000000 0.08573654338319
65000000 0.11057620545735
70000000 0.12482874250155
75000000 0.13323823993306
80000000 0.13735261654755
90000000 0.13774512278912
100000000 0.137089744728
110000000 0.13548773619681
120000000 0.13119077166624
130000000 0.1276650996764
140000000 0.12301313626268
150000000 0.12018791104989
160000000 0.11530152406344
180000000 0.11047586927775
200000000 0.10555825585006
#Header 
#Target 83 215 0
#Product 83 210 0
#Datapoints 28
1000000 0
19000000 0
20000000 1.504562048E-15
22000000 4.132225788E-11
24000000 2.6988795764E-8
26000000 1.7772994488E-6
28000000 3.0696897672E-5
30000000 0.000167099992288
35000000 0.00114238996014
40000000 0.00351019796394
45000000 0.011211388475508
50000000 0.02263545844248
55000000 0.0333326954961
60000000 0.03948208079943
65000000 0.0422373949639
70000000 0.04482923552135
75000000 0.04742567615504
80000000 0.0494110569339
90000000 0.0494910989664
100000000 0.04787671208965
110000000 0.04703299330021
120000000 0.04541473517152
130000000 0.04357609477078
140000000 0.04257161170384
150000000 0.04083728358645
160000000 0.04065220950388
180000000 0.03760979646025
200000000 0.03466860071016
#Header 
#Target 83 215 0
#Product 83 211 0
#Datapoints 33
1000000 0
14000000 0
15000000 3.0110336404E-13
16000000 5.576420065563E-11
17000000 3.2010002274E-9
18000000 7.9022196682E-8
19000000 1.02294005698E-6
20000000 7.8689104448E-6
22000000 0.0001506900606
24000000 0.00080105099311
26000000 0.0020696693214
28000000 0.0037365506772
30000000 0.005663360872
35000000 0.016687198957
40000000 0.04706056985739
45000000 0.0807305280355
50000000 0.10242580461336
55000000 0.11480460638031
60000000 0.1222253536125
65000000 0.12726807046215
70000000 0.12978266289861
75000000 0.1307632892437
80000000 0.13031573646075
90000000 0.1270194154656
100000000 0.12134146077531
110000000 0.11671031342416
120000000 0.11099573470128
130000000 0.10632410460672
140000000 0.10168339783964
150000000 0.09738285659458
160000000 0.09392433216972
180000000 0.0864843924595
200000000 0.0820200328047
#Header 
#Target 83 215 0
#Product 83 212 0
#Datapoints 38
1000000 0
9000000 0
10000000 2.825702928E-14
11000000 2.2413379842E-11
12000000 2.4513901641E-9
13000000 8.314381794E-8
14000000 1.3139802894628E-6
15000000 1.19612002672E-5
16000000 6.8041209759687E-5
17000000 0.00025215600445
18000000 0.0006352670051
19000000 0.00123590006622
20000000 0.0020137099728
22000000 0.003826860284
24000000 0.0055797007526
26000000 0.0077734996008
28000000 0.0120568001272
30000000 0.020352299696
35000000 0.055762895474
40000000 0.08734445717856
45000000 0.1056269023702
50000000 0.11526377859744
55000000 0.1198656016866
60000000 0.12259835803987
65000000 0.12424509935125
70000000 0.12315274996611
75000000 0.1203334145072
80000000 0.1194499406958
90000000 0.11273182749696
100000000 0.10636814135583
110000000 0.10011668213223
120000000 0.09454313261536
130000000 0.08934668193594
140000000 0.08443556910174
150000000 0.08074439227048
160000000 0.0761080523788
180000000 0.07051036555825
200000000 0.06469143512284
#Header 
#Target 83 215 0
#Product 83 213 0
#Datapoints 42
1000000 0
5000000 0
6000000 5.7368646656E-14
7000000 3.38931989956E-11
8000000 3.1684906935E-9
9000000 1.21986994608E-7
10000000 1.662580256E-6
11000000 1.32656995296E-5
12000000 6.8169603672E-5
13000000 0.0002330440032
14000000 0.00057017610997197
15000000 0.00109905010888
16000000 0.0017959302593202
17000000 0.0026472298465
18000000 0.0037314696523
19000000 0.0052143501292
20000000 0.0073661000592
22000000 0.014886904948
24000000 0.028330099479
26000000 0.04697460162
28000000 0.068118099848
30000000 0.088768999392
35000000 0.130714004564
40000000 0.15178391942304
45000000 0.1626108277446
50000000 0.16499868325656
55000000 0.16541243815635
60000000 0.16398412797166
65000000 0.16281682521
70000000 0.15960437187032
75000000 0.15478795000499
80000000 0.1496794216527
90000000 0.1392740729072
100000000 0.13017606816297
110000000 0.12173989984556
120000000 0.11376133205008
130000000 0.10609615306004
140000000 0.1004198247261
150000000 0.09442971276183
160000000 0.08993984936716
180000000 0.08116437109425
200000000 0.0743103114978
#Header 
#Target 83 215 0
#Product 83 214 0
#Datapoints 41
1000000 0
6000000 0
7000000 2.3494499371E-12
8000000 4.6984809168E-10
9000000 4.1816004132E-8
10000000 1.14913997648E-6
11000000 1.47578006961E-5
12000000 0.000108887982912
13000000 0.00050807705316
14000000 0.001603690484455
15000000 0.00378000973244
16000000 0.0073083405520227
17000000 0.012333201902
18000000 0.018819099364
19000000 0.026518406004
20000000 0.035827297552
22000000 0.05465360484
24000000 0.071497898392
26000000 0.085750407234
28000000 0.097255803904
30000000 0.105956002304
35000000 0.11865100819
40000000 0.12452794122108
45000000 0.12340087806752
50000000 0.12503274677
55000000 0.12511959250329
60000000 0.12211835897834
65000000 0.11897814731245
70000000 0.11458782971787
75000000 0.11058554581366
80000000 0.10743914565885
90000000 0.09923870394816
100000000 0.09116653417957
110000000 0.08376774843823
120000000 0.07758881761488
130000000 0.07332082444258
140000000 0.06768675150652
150000000 0.06436500350645
160000000 0.05988295429012
180000000 0.054053134601
200000000 0.04958812045742
#Header 
#Target 83 215 0
#Product 83 215 0
#Datapoints 43
1000000 0
4000000 0
5000000 6.1185589663E-14
6000000 2.84226978552E-11
7000000 2.57117986349E-9
8000000 8.4493498617E-8
9000000 1.37249991472E-6
10000000 1.27221998512E-5
11000000 7.4125783998E-5
12000000 0.000294692018994
13000000 0.0008606637882
14000000 0.0019686705504637
15000000 0.003712009909
16000000 0.0060141009122694
17000000 0.0086490201543
18000000 0.0113251001578
19000000 0.013845494926
20000000 0.016010098976
22000000 0.019250599076
24000000 0.021505897293
26000000 0.022926904854
28000000 0.023827497008
30000000 0.024200703904
35000000 0.023348092196
40000000 0.02182868376537
45000000 0.02101767103956
50000000 0.02038685935052
55000000 0.019587135147426
60000000 0.017384306783276
65000000 0.01640988216671
70000000 0.014697949281838
75000000 0.013894316976957
80000000 0.012366687489495
90000000 0.010483204300576
100000000 0.008944052027562
110000000 0.007548734111393
120000000 0.006331472365504
130000000 0.005426140229796
140000000 0.004560328805716
150000000 0.003949080877474
160000000 0.003414531734172
180000000 0.002617943794175
200000000 0.002062510460404
#Header 
#Target 83 215 0
#Product 84 196 0
#Datapoints 7
1000000 0
130000000 0
140000000 6.50843497354E-10
150000000 0.0013312898697147
160000000 0.013504395709584
180000000 0.003298719798275
200000000 0.00180055446189
#Header 
#Target 83 215 0
#Product 84 197 0
#Datapoints 7
1000000 0
130000000 0
140000000 0.00011079129234472
150000000 0.0011611978063133
160000000 0.0008718127071316
180000000 0.0002565446795
200000000 0.0003330013142356
#Header 
#Target 83 215 0
#Product 84 198 0
#Datapoints 8
1000000 0
120000000 0
130000000 0.001007134159317
140000000 0.02410649987014
150000000 0.03088264033447
160000000 0.013108428633924
180000000 0.0055404202257
200000000 0.005950775685172
#Header 
#Target 83 215 0
#Product 84 199 0
#Datapoints 9
1000000 0
110000000 0
120000000 5.39365862464E-5
130000000 0.0014552693282842
140000000 0.001933281666288
150000000 0.0009603488423628
160000000 0.000594731898618
180000000 0.0006692558147
200000000 0.0005103759871526
#Header 
#Target 83 215 0
#Product 84 200 0
#Datapoints 10
1000000 0
100000000 0
110000000 0.00018406673248402
120000000 0.018658464901648
130000000 0.04985403013448
140000000 0.02925863549642
150000000 0.012746257740132
160000000 0.008980954599136
180000000 0.0071738725
200000000 0.004181156933354
#Header 
#Target 83 215 0
#Product 84 201 0
#Datapoints 11
1000000 0
90000000 0
100000000 8.367878162367E-6
110000000 0.0013540976553811
120000000 0.003860314064464
130000000 0.002448286358232
140000000 0.0013204307055628
150000000 0.0010640921943079
160000000 0.0010980673505568
180000000 0.000840881090775
200000000 0.0006266571121186
#Header 
#Target 83 215 0
#Product 84 202 0
#Datapoints 12
1000000 0
80000000 0
90000000 3.735964159872E-6
100000000 0.010468422154415
110000000 0.07972848516937
120000000 0.07221451647696
130000000 0.03034218960058
140000000 0.017230635824876
150000000 0.015113173428179
160000000 0.0130391671722
180000000 0.0083060985508
200000000 0.006247831551212
#Header 
#Target 83 215 0
#Product 84 203 0
#Datapoints 13
1000000 0
75000000 0
80000000 4.108728929775E-8
90000000 0.001174096903392
100000000 0.0114832761773
110000000 0.009692126445905
120000000 0.004805774765792
130000000 0.003625721527714
140000000 0.003525020486722
150000000 0.003031369892938
160000000 0.002446708538716
180000000 0.0017394735361975
200000000 0.0014639032645074
#Header 
#Target 83 215 0
#Product 84 204 0
#Datapoints 15
1000000 0
65000000 0
70000000 5.37963601846E-11
75000000 2.626324458058E-5
80000000 0.00239617857564
90000000 0.0846238092112
100000000 0.13064304523016
110000000 0.05821775976756
120000000 0.02921571992768
130000000 0.0234475172217
140000000 0.01969178816642
150000000 0.015621639210855
160000000 0.012789015014516
180000000 0.009095712699075
200000000 0.007456781045232
#Header 
#Target 83 215 0
#Product 84 205 0
#Datapoints 16
1000000 0
60000000 0
65000000 1.056572286235E-6
70000000 0.0007422634158432
75000000 0.016232187559889
80000000 0.07709707040385
90000000 0.15961149470112
100000000 0.0708513632149
110000000 0.03560103877163
120000000 0.027102835188
130000000 0.02197055876158
140000000 0.01754262835147
150000000 0.0144693673235
160000000 0.0122380377587
180000000 0.009336149410225
200000000 0.006840645968206
#Header 
#Target 83 215 0
#Product 84 206 0
#Datapoints 18
1000000 0
50000000 0
55000000 8.73161185743E-9
60000000 0.0002278567629819
65000000 0.013599902062445
70000000 0.0947256408616
75000000 0.2147961182549
80000000 0.2459147453805
90000000 0.11447477134912
100000000 0.05314288403826
110000000 0.03753137771805
120000000 0.0291474226472
130000000 0.02313428310336
140000000 0.0183301525834
150000000 0.015120469908191
160000000 0.012980702785544
180000000 0.009755425513625
200000000 0.007916254557736
#Header 
#Target 83 215 0
#Product 84 207 0
#Datapoints 19
1000000 0
45000000 0
50000000 1.194997808376E-5
55000000 0.004584283917444
60000000 0.05049304336807
65000000 0.12211811205275
70000000 0.12726170933843
75000000 0.08272290381613
80000000 0.04797407068395
90000000 0.03110102612064
100000000 0.02333234357644
110000000 0.018360275917123
120000000 0.014044941237184
130000000 0.01216955050168
140000000 0.009615867599872
150000000 0.008520953491996
160000000 0.007275612512896
180000000 0.00581459863375
200000000 0.004785976252764
#Header 
#Target 83 215 0
#Product 84 208 0
#Datapoints 21
1000000 0
35000000 0
40000000 2.419649263677E-7
45000000 0.003313496200358
50000000 0.09971369697248
55000000 0.3557807763741
60000000 0.4608086670182
65000000 0.330433622926
70000000 0.18339012980628
75000000 0.11250050803197
80000000 0.0815500998849
90000000 0.05567972932256
100000000 0.04093752927585
110000000 0.03138110196906
120000000 0.02518230134992
130000000 0.02064616731892
140000000 0.017305310230912
150000000 0.015038306924317
160000000 0.013275830567012
180000000 0.010386145384925
200000000 0.008749058482744
#Header 
#Target 83 215 0
#Product 84 209 0
#Datapoints 22
1000000 0
30000000 0
35000000 0.00036933490308
40000000 0.08209095345873
45000000 0.4529565521508
50000000 0.6260377300944
55000000 0.4263975840663
60000000 0.2268879041057
65000000 0.13778800329485
70000000 0.10194296304963
75000000 0.08173531195205
80000000 0.0686877116394
90000000 0.05000289749728
100000000 0.03845444619456
110000000 0.03120221007448
120000000 0.02580320968368
130000000 0.02204523893572
140000000 0.0194526809449
150000000 0.016936438205777
160000000 0.015291849435772
180000000 0.0127477544666
200000000 0.010723337734404
#Header 
#Target 83 215 0
#Product 84 210 0
#Datapoints 26
1000000 0
22000000 0
24000000 9.3438710642E-9
26000000 0.000164068992468
28000000 0.0072692707548
30000000 0.061925597984
35000000 0.55090098492
40000000 0.7973005717086
45000000 0.5059554734292
50000000 0.245556446312
55000000 0.1479474882963
60000000 0.11403439853028
65000000 0.0941263083186
70000000 0.08002398665872
75000000 0.06903188606796
80000000 0.06008616815295
90000000 0.0474069627248
100000000 0.03901062682956
110000000 0.03282758221111
120000000 0.02846202074144
130000000 0.02513320574908
140000000 0.02215976065586
150000000 0.01999083964356
160000000 0.01799567213184
180000000 0.01526862876695
200000000 0.013243302513048
#Header 
#Target 83 215 0
#Product 84 211 0
#Datapoints 28
1000000 0
19000000 0
20000000 9.3559003456E-5
22000000 0.019693894244
24000000 0.156800992033
26000000 0.40633794366
28000000 0.61145899596
30000000 0.67300293952
35000000 0.33920993964
40000000 0.12007093844442
45000000 0.07588323601426
50000000 0.06176948036824
55000000 0.05232921446907
60000000 0.04516354995304
65000000 0.0397369152461
70000000 0.0350945451806
75000000 0.03146848925081
80000000 0.0279582143415
90000000 0.02279915542016
100000000 0.019089530335653
110000000 0.016331243741606
120000000 0.014144726444992
130000000 0.012451485304544
140000000 0.011133111107114
150000000 0.010043996263759
160000000 0.009155910738884
180000000 0.0077655945005
200000000 0.006660706815202
#Header 
#Target 83 215 0
#Product 84 212 0
#Datapoints 34
1000000 0
13000000 0
14000000 0.00028272801242084
15000000 0.00697536997996
16000000 0.044537508556704
17000000 0.14227904488
18000000 0.29828598358
19000000 0.47226198936
20000000 0.62937003536
22000000 0.7516910558
24000000 0.68327000722
26000000 0.50156302614
28000000 0.31932506024
30000000 0.20280697216
35000000 0.108786008188
40000000 0.08533476794439
45000000 0.07176343180532
50000000 0.06133238919072
55000000 0.05368812746913
60000000 0.04689435039972
65000000 0.04120101465045
70000000 0.0365295323962
75000000 0.03243377155046
80000000 0.0291161881095
90000000 0.02350242831104
100000000 0.019500411219148
110000000 0.016639817891699
120000000 0.014505973301248
130000000 0.012744815831176
140000000 0.01139042366447
150000000 0.010234507645556
160000000 0.009332268910848
180000000 0.00785596779675
200000000 0.00680781166421
#Header 
#Target 83 215 0
#Product 84 213 0
#Datapoints 39
1000000 0
8000000 0
9000000 0.000163294986592
10000000 0.014013797648
11000000 0.080050008465
12000000 0.19881396864
13000000 0.31970398962
14000000 0.40037211036664
15000000 0.439441048672
16000000 0.43678307188758
17000000 0.38492095355
18000000 0.31125201653
19000000 0.23167402144
20000000 0.17019595488
22000000 0.09072300232
24000000 0.062136301637
26000000 0.05236500021
28000000 0.04790099796
30000000 0.044429401728
35000000 0.038205502192
40000000 0.0332080911201
45000000 0.02891626763152
50000000 0.02524534998408
55000000 0.02235892502151
60000000 0.01956699732014
65000000 0.017114578078425
70000000 0.015166945304554
75000000 0.013449321939062
80000000 0.011953993098915
90000000 0.009665908179648
100000000 0.008080672336986
110000000 0.006891198159445
120000000 0.005938760178208
130000000 0.005246151556932
140000000 0.00469222337541
150000000 0.004224243335612
160000000 0.003824590482232
180000000 0.0032476925681
200000000 0.002810268748506
#Header 
#Target 83 215 0
#Product 84 214 0
#Datapoints 45
1000000 0
2000000 0
3000000 5.7988305706E-14
4000000 7.70278023954E-10
5000000 1.6570597516E-5
6000000 0.000371188016808
7000000 0.00256967998861
8000000 0.0100735009056
9000000 0.0273297974352
10000000 0.050876004048
11000000 0.063395690085
12000000 0.058112504892
13000000 0.04358399823
14000000 0.032123203258598
15000000 0.025658501708
16000000 0.022971503092974
17000000 0.021998698065
18000000 0.021716193928
19000000 0.021577799782
20000000 0.022144102096
22000000 0.021514495556
24000000 0.020566898172
26000000 0.019707994872
28000000 0.018588293356
30000000 0.0176780000736
35000000 0.0153506992782
40000000 0.013372094023935
45000000 0.011669188277514
50000000 0.010110080025136
55000000 0.008852718619899
60000000 0.007735009013486
65000000 0.00680489175262
70000000 0.005953099275318
75000000 0.005217761337863
80000000 0.004685708821425
90000000 0.003782162695584
100000000 0.003128527780941
110000000 0.002642829844694
120000000 0.002308240947584
130000000 0.002022145974134
140000000 0.001807734841427
150000000 0.0016173786442861
160000000 0.0014918967730264
180000000 0.00124527018393
200000000 0.0010736722649282
#Header 
#Target 83 215 0
#Product 84 215 0
#Datapoints 45
1000000 0
2000000 1.493868588838E-15
3000000 4.9549694344E-11
4000000 2.18377026162E-8
5000000 9.5306994299E-6
6000000 7.8610076672E-5
7000000 0.000260016984766
8000000 0.00067053586149
9000000 0.00151975011744
10000000 0.0029834604704
11000000 0.0050664891879
12000000 0.0074648187684
13000000 0.009647637582
14000000 0.011376700196865
15000000 0.0125398012168
16000000 0.013322203812447
17000000 0.013762297977
18000000 0.013922102753
19000000 0.013898199238
20000000 0.01372930112
22000000 0.0133526994204
24000000 0.0128160000801
26000000 0.0121604991396
28000000 0.011432900524
30000000 0.0107329997296
35000000 0.0092721794594
40000000 0.007827026694465
45000000 0.007224393918958
50000000 0.005905098292872
55000000 0.005407262111097
60000000 0.004472827065501
65000000 0.00406542083163
70000000 0.003388925070613
75000000 0.003111468532435
80000000 0.00265577391342
90000000 0.002134540250528
100000000 0.0017625296020265
110000000 0.0014984157889859
120000000 0.001309048156416
130000000 0.0011617779121234
140000000 0.001034497832501
150000000 0.0009284384700848
160000000 0.0008434113873484
180000000 0.000716264276495
200000000 0.0005892441300714
#Header 
#Target 83 215 0
#Product 84 216 0
#Datapoints 45
1000000 0
2000000 0
3000000 7.4169693649E-14
4000000 5.66419983516E-11
5000000 7.5088586573E-9
6000000 2.28219003712E-7
7000000 2.86367997566E-6
8000000 1.67511992472E-5
9000000 5.61618898E-5
10000000 0.00013033793696
11000000 0.000232758009729
12000000 0.000325692988128
13000000 0.00037218797502
14000000 0.00038162308242035
15000000 0.000373520963428
16000000 0.00035457901462146
17000000 0.00034257997016
18000000 0.00033378301398
19000000 0.00032630103034
20000000 0.00032113894848
22000000 0.00030827704348
24000000 0.00029891401229
26000000 0.00029181805566
28000000 0.00028358593216
30000000 0.00027601794752
35000000 0.0002580939361
40000000 0.0002399459340312
45000000 0.0002229967053862
50000000 0.0002145706790688
55000000 0.00019939333236669
60000000 0.00019032799985237
65000000 0.00017668573177755
70000000 0.00016750329237997
75000000 0.00015557894777885
80000000 0.0001475764585776
90000000 0.00012761942150944
100000000 0.00011374081330806
110000000 9.644868946917E-5
120000000 8.646053454896E-5
130000000 7.933153119606E-5
140000000 6.9483454777E-5
150000000 5.900826131129E-5
160000000 5.204484502516E-5
180000000 4.5156132921E-5
200000000 3.515046798294E-5
