#Header 
#Target 64 157 0
#Product 0 1 0
#Datapoints 45
1000000 0
2000000 7.2987858451E-10
3000000 1.2161246625E-6
4000000 8.195799106845E-5
5000000 0.0012851472099
6000000 0.009028041546485
7000000 0.03779589126
8000000 0.10595031645
9000000 0.2112487584
10000000 0.36159984046
11000000 0.6810938864
12000000 0.9630190287
13000000 1.186385364
14000000 1.3700902842
15000000 1.5232750784
16000000 1.651078065
17000000 1.762667739
18000000 1.960261684
19000000 2.25470998
20000000 2.516064376
22000000 2.83477254
24000000 3.066434631
26000000 3.199829736
28000000 3.357893493
30000000 3.67453168
35000000 4.209824736
40000000 4.642196721
45000000 4.844560682
50000000 5.0455422
55000000 5.209032684
60000000 5.36466348
65000000 5.482487268
70000000 5.6316792
75000000 5.758701634
80000000 5.90365528
90000000 6.221425679
100000000 6.519388536
110000000 6.82419522
120000000 7.121714103
130000000 7.395939552
140000000 7.641664875
150000000 7.86626985
160000000 8.08674675
180000000 8.644775636
200000000 9.257198728
#Header 
#Target 64 157 0
#Product 1 1 0
#Datapoints 45
1000000 0
2000000 2.0849578366E-19
3000000 6.73464825E-13
4000000 3.352594059213E-9
5000000 9.074302011E-7
6000000 4.890961986081E-5
7000000 0.000921717916
8000000 0.007608710252
9000000 0.0301992752
10000000 0.0664370681
11000000 0.099976392154
12000000 0.125979142
13000000 0.14967583112
14000000 0.17464634946
15000000 0.20173626128
16000000 0.229728707
17000000 0.2558474415
18000000 0.2781841586
19000000 0.296959536
20000000 0.3146294256
22000000 0.3464412485
24000000 0.3766570821
26000000 0.4064686386
28000000 0.4390301979
30000000 0.4746701216
35000000 0.5676656076
40000000 0.6635534022
45000000 0.7567425716
50000000 0.838528434
55000000 0.91045977
60000000 0.9750439908
65000000 1.0289840184
70000000 1.0773373464
75000000 1.1193715988
80000000 1.158840366
90000000 1.2267421852
100000000 1.285485618
110000000 1.341965981
120000000 1.3929984586
130000000 1.4390652324
140000000 1.48534425
150000000 1.527419975
160000000 1.567557
180000000 1.662132598
200000000 1.782279922
#Header 
#Target 64 157 0
#Product 1 2 0
#Datapoints 41
1000000 0
6000000 0
7000000 4.86948824E-15
8000000 1.709824699E-11
9000000 2.162184704E-9
10000000 1.0042366188E-7
11000000 1.698240789566E-6
12000000 1.5427034338E-5
13000000 8.913175768E-5
14000000 0.00035119921122
15000000 0.0010792531728
16000000 0.00247352885
17000000 0.004506751138
18000000 0.00703418766
19000000 0.009900832145
20000000 0.012974755388
22000000 0.0193481754
24000000 0.02562324583
26000000 0.03152103325
28000000 0.03592966341
30000000 0.041085534
35000000 0.05241030912
40000000 0.06185796106
45000000 0.06989146124
50000000 0.0753446052
55000000 0.08489121468
60000000 0.08726612994
65000000 0.0955742004
70000000 0.0973513548
75000000 0.10467446842
80000000 0.1068321908
90000000 0.10632789132
100000000 0.10630262204
110000000 0.103905007
120000000 0.10184469344
130000000 0.10049798876
140000000 0.09972860625
150000000 0.09789771475
160000000 0.0956370225
180000000 0.0974994216
200000000 0.10512345346
#Header 
#Target 64 157 0
#Product 1 3 0
#Datapoints 39
1000000 0
8000000 0
9000000 6.99388512E-19
10000000 6.076836552E-15
11000000 1.679623864111E-12
12000000 1.1521413748E-10
13000000 6.4592641456E-9
14000000 1.8063020844E-7
15000000 2.4374845904E-6
16000000 1.77136232E-5
17000000 7.548009343E-5
18000000 0.0002109356281
19000000 0.0004426195615
20000000 0.0007707219212
22000000 0.00166903083
24000000 0.002786125342
26000000 0.004010728034
28000000 0.005280857814
30000000 0.006515499352
35000000 0.00944267337
40000000 0.011928669035
45000000 0.013888562848
50000000 0.015600096495
55000000 0.017253591252
60000000 0.01897767498
65000000 0.02089214208
70000000 0.02301556488
75000000 0.02522599518
80000000 0.0275458814
90000000 0.03284618344
100000000 0.039932991
110000000 0.0455789275
120000000 0.05051081973
130000000 0.05450431516
140000000 0.05924295
150000000 0.06651526175
160000000 0.07514994
180000000 0.0886737782
200000000 0.10187203858
#Header 
#Target 64 157 0
#Product 2 3 0
#Datapoints 35
1000000 0
12000000 0
13000000 2.4442183544E-18
14000000 6.8332079772E-16
15000000 7.3947271616E-14
16000000 3.34531561E-12
17000000 7.626632134E-11
18000000 1.0398907379E-9
19000000 9.58165278E-9
20000000 6.513108616E-8
22000000 1.513110055E-6
24000000 1.607015657E-5
26000000 0.00010074484332
28000000 0.0003624556653
30000000 0.000829642914
35000000 0.002773809324
40000000 0.005299357166
45000000 0.007876499514
50000000 0.01030285782
55000000 0.012539089536
60000000 0.014328317322
65000000 0.015985037016
70000000 0.017430378
75000000 0.01887321346
80000000 0.020255711
90000000 0.02318078853
100000000 0.02641774244
110000000 0.0285812352
120000000 0.03073848183
130000000 0.0329150024
140000000 0.03512091375
150000000 0.0373425745
160000000 0.0395812275
180000000 0.04355370572
200000000 0.04709980818
#Header 
#Target 64 157 0
#Product 2 4 0
#Datapoints 45
1000000 0
2000000 2.2898836575E-12
3000000 5.69351475E-11
4000000 8.49906216999E-10
5000000 9.047258358E-9
6000000 7.124101142378E-8
7000000 3.856595311E-7
8000000 1.729812216E-6
9000000 6.48824048E-6
10000000 2.119072262E-5
11000000 5.84005677182E-5
12000000 0.00014429621534
13000000 0.00031301720792
14000000 0.00059857431678
15000000 0.0010488739296
16000000 0.001669292755
17000000 0.002544700569
18000000 0.003897418822
19000000 0.00645381631
20000000 0.012913905144
22000000 0.0292082538
24000000 0.01762226752
26000000 0.014570542255
28000000 0.014342193492
30000000 0.014765546616
35000000 0.0160109586
40000000 0.01768625204
45000000 0.0192117683
50000000 0.02078479755
55000000 0.02194697832
60000000 0.02405593146
65000000 0.02919360204
70000000 0.03580553424
75000000 0.0391147261
80000000 0.0431002628
90000000 0.04820344173
100000000 0.04800840792
110000000 0.0516889925
120000000 0.0559679729
130000000 0.06056244596
140000000 0.06704845875
150000000 0.07396663975
160000000 0.080152545
180000000 0.09478724262
200000000 0.1127501681
#Header 
#Target 64 157 0
#Product 58 131 0
#Datapoints 8
1000000 0
120000000 0
130000000 2.897090528E-11
140000000 1.7640601875E-8
150000000 8.7944796525E-7
160000000 1.11083994E-5
180000000 0.00017444596736
200000000 0.00052579199928
#Header 
#Target 64 157 0
#Product 58 132 0
#Datapoints 9
1000000 0
110000000 0
120000000 3.013728669E-12
130000000 5.043969406E-9
140000000 2.4589699875E-7
150000000 3.7356898525E-6
160000000 2.22423975E-5
180000000 0.00018623196298
200000000 0.00037853796142
#Header 
#Target 64 157 0
#Product 59 132 0
#Datapoints 9
1000000 0
110000000 0
120000000 4.020874102E-13
130000000 7.566210306E-9
140000000 3.8692704375E-7
150000000 4.0518800825E-6
160000000 3.91450065E-5
180000000 0.00083698895756
200000000 0.0017518795772
#Header 
#Target 64 157 0
#Product 59 133 0
#Datapoints 10
1000000 0
100000000 0
110000000 7.71836047E-14
120000000 5.769100603E-10
130000000 2.8117494508E-8
140000000 2.3594103E-7
150000000 2.026230705E-6
160000000 1.5839502E-5
180000000 0.000106874996242
200000000 0.000178938999
#Header 
#Target 64 157 0
#Product 59 134 0
#Datapoints 10
1000000 0
100000000 0
110000000 4.9390591E-11
120000000 2.3569796523E-8
130000000 5.0128708032E-7
140000000 3.326810175E-6
150000000 2.0832397475E-5
160000000 9.481780425E-5
180000000 0.0003926720392
200000000 0.00065917001196
#Header 
#Target 64 157 0
#Product 59 135 0
#Datapoints 11
1000000 0
90000000 0
100000000 2.739191372E-12
110000000 8.413379208E-9
120000000 3.7818000437E-7
130000000 2.3067205576E-6
140000000 9.1015806375E-6
150000000 4.238379465E-5
160000000 0.000130338993
180000000 0.0004042369401
200000000 0.00061123291778
#Header 
#Target 64 157 0
#Product 60 133 0
#Datapoints 8
1000000 0
120000000 0
130000000 4.918997252E-14
140000000 5.076410625E-9
150000000 3.85451002E-6
160000000 0.0001074090045
180000000 0.001533600355
200000000 0.00292555964
#Header 
#Target 64 157 0
#Product 60 134 0
#Datapoints 8
1000000 0
120000000 0
130000000 1.7965305944E-8
140000000 3.8470696875E-6
150000000 6.6306402175E-5
160000000 0.00053229906
180000000 0.0032514504974
200000000 0.0063827602024
#Header 
#Target 64 157 0
#Product 60 135 0
#Datapoints 9
1000000 0
110000000 0
120000000 3.14002801E-10
130000000 8.937109314E-7
140000000 1.8657405E-5
150000000 0.00017445595
160000000 0.0007608840225
180000000 0.0029733806172
200000000 0.0050864698994
#Header 
#Target 64 157 0
#Product 60 136 0
#Datapoints 10
1000000 0
100000000 0
110000000 4.41340859E-11
120000000 1.7408392666E-7
130000000 8.0717902084E-6
140000000 8.40986055E-5
150000000 0.00041856892675
160000000 0.0013128700275
180000000 0.0032636902676
200000000 0.0045318804776
#Header 
#Target 64 157 0
#Product 60 137 0
#Datapoints 11
1000000 0
90000000 0
100000000 6.103625588E-14
110000000 2.822030218E-9
120000000 7.1564195962E-7
130000000 1.2757400162E-5
140000000 7.1918890875E-5
150000000 0.00028735104875
160000000 0.0006042679725
180000000 0.00098330006348
200000000 0.0011748399098
#Header 
#Target 64 157 0
#Product 60 138 0
#Datapoints 12
1000000 0
80000000 0
90000000 1.1800190408E-15
100000000 4.104495728E-10
110000000 6.745180445E-7
120000000 1.5560692399E-5
130000000 0.000110572011248
140000000 0.00042814702125
150000000 0.00097675497625
160000000 0.00142492989
180000000 0.001901979891
200000000 0.0022737695492
#Header 
#Target 64 157 0
#Product 60 139 0
#Datapoints 12
1000000 0
80000000 0
90000000 3.16669772E-13
100000000 1.4561600798E-8
110000000 9.898799961E-7
120000000 8.6166195206E-6
130000000 2.7174897476E-5
140000000 4.7603102625E-5
150000000 6.6514093325E-5
160000000 8.968370025E-5
180000000 0.000132124013266
200000000 0.00015432498676
#Header 
#Target 64 157 0
#Product 60 140 0
#Datapoints 13
1000000 0
75000000 0
80000000 3.68082814E-13
90000000 1.12522997735E-8
100000000 2.7364401964E-6
110000000 5.294319699E-5
120000000 0.00020384293496
130000000 0.00035021105112
140000000 0.0004839310125
150000000 0.00065662008575
160000000 0.0008766059925
180000000 0.00103811005872
200000000 0.00096010501266
#Header 
#Target 64 157 0
#Product 60 141 0
#Datapoints 14
1000000 0
70000000 0
75000000 3.080742274E-13
80000000 4.77833984E-11
90000000 4.4670709491E-8
100000000 1.5955905096E-6
110000000 8.593830308E-6
120000000 1.46688999611E-5
130000000 1.941260364E-5
140000000 2.92509945E-5
150000000 3.96915992E-5
160000000 4.89514005E-5
180000000 6.0630802274E-5
200000000 6.8572995922E-5
#Header 
#Target 64 157 0
#Product 61 134 0
#Datapoints 7
1000000 0
130000000 0
140000000 9.3087203625E-8
150000000 4.7569798525E-6
160000000 5.357240475E-5
180000000 0.0003861389973
200000000 0.00135440014756
#Header 
#Target 64 157 0
#Product 61 136 0
#Datapoints 9
1000000 0
110000000 0
120000000 2.5034200884E-8
130000000 7.3201898964E-7
140000000 7.9663793625E-6
150000000 4.46392011E-5
160000000 0.0001772379375
180000000 0.0006192320141
200000000 0.00126353004702
#Header 
#Target 64 157 0
#Product 61 137 0
#Datapoints 11
1000000 0
90000000 0
100000000 1.667209264E-15
110000000 1.2606398601E-8
120000000 2.847410104E-6
130000000 4.566960296E-5
140000000 0.00018474197625
150000000 0.000636559094
160000000 0.00161296035
180000000 0.0043105695794
200000000 0.007762409876
#Header 
#Target 64 157 0
#Product 61 138 0
#Datapoints 11
1000000 0
90000000 0
100000000 2.791852684E-10
110000000 1.5157300656E-6
120000000 4.4058203476E-5
130000000 0.0001580260226
140000000 0.00040947001875
150000000 0.000983452071
160000000 0.002211869325
180000000 0.0052704207612
200000000 0.0067203305834
#Header 
#Target 64 157 0
#Product 61 139 0
#Datapoints 12
1000000 0
80000000 0
90000000 1.1178091383E-12
100000000 2.0442604784E-7
110000000 6.380619911E-6
120000000 1.6251900567E-5
130000000 3.045929846E-5
140000000 8.0472000375E-5
150000000 0.00023382304725
160000000 0.000458494035
180000000 0.00060588593282
200000000 0.00069640000258
#Header 
#Target 64 157 0
#Product 61 140 0
#Datapoints 13
1000000 0
75000000 0
80000000 7.61299812E-15
90000000 6.2258896326E-8
100000000 6.87286027E-6
110000000 3.258840537E-5
120000000 6.4992595059E-5
130000000 0.000128187003068
140000000 0.00034203004875
150000000 0.000763407928
160000000 0.001121530005
180000000 0.00137724995758
200000000 0.0017681997912
#Header 
#Target 64 157 0
#Product 61 141 0
#Datapoints 15
1000000 0
65000000 0
70000000 8.697270792E-15
75000000 3.650646338E-11
80000000 5.309730344E-9
90000000 7.6842397283E-6
100000000 0.000120445003204
110000000 0.0002946969875
120000000 0.00051263311113
130000000 0.00120777993756
140000000 0.00260059995
150000000 0.00358696089
160000000 0.003970530225
180000000 0.0036566903198
200000000 0.0042188700284
#Header 
#Target 64 157 0
#Product 61 142 0
#Datapoints 16
1000000 0
60000000 0
65000000 6.059277576E-14
70000000 1.981336392E-10
75000000 9.5302800194E-8
80000000 3.824820418E-6
90000000 0.000113720008183
100000000 0.00033295807424
110000000 0.000473365921
120000000 0.00114146992813
130000000 0.0022063507416
140000000 0.0029781399375
150000000 0.0031502800775
160000000 0.00328211985
180000000 0.0039970701078
200000000 0.0039196198942
#Header 
#Target 64 157 0
#Product 61 143 0
#Datapoints 18
1000000 0
50000000 0
55000000 1.2735791916E-13
60000000 1.8082193118E-9
65000000 1.20194005896E-7
70000000 2.1482794536E-6
75000000 1.7643905464E-5
80000000 7.099030852E-5
90000000 0.00025531798717
100000000 0.00031313197216
110000000 0.0005826710543
120000000 0.00112451994298
130000000 0.0015511399096
140000000 0.00186693975
150000000 0.0021730901875
160000000 0.002369719425
180000000 0.0024773105056
200000000 0.00215807035
#Header 
#Target 64 157 0
#Product 61 144 0
#Datapoints 19
1000000 0
45000000 0
50000000 3.145510935E-13
55000000 6.547659348E-10
60000000 7.4642888958E-8
65000000 2.228290236E-6
70000000 2.1926694384E-5
75000000 8.0583489724E-5
80000000 0.00015612400412
90000000 0.00022382002093
100000000 0.00032743903016
110000000 0.0005924169547
120000000 0.00086553692526
130000000 0.00111064993684
140000000 0.0012849299775
150000000 0.00144872006
160000000 0.00152115045
180000000 0.0015409199302
200000000 0.0016069494884
#Header 
#Target 64 157 0
#Product 61 145 0
#Datapoints 20
1000000 0
40000000 0
45000000 4.037805406E-11
50000000 6.620780322E-9
55000000 3.25464966E-7
60000000 3.643400805E-6
65000000 2.8618305696E-5
70000000 8.9068900704E-5
75000000 0.000136309991118
80000000 0.00015419400114
90000000 0.00017172900458
100000000 0.0002978120028
110000000 0.0004299440853
120000000 0.00058029794151
130000000 0.00067046101412
140000000 0.0007819850025
150000000 0.00086479908925
160000000 0.0008759120175
180000000 0.00103660999246
200000000 0.00124792001626
#Header 
#Target 64 157 0
#Product 61 146 0
#Datapoints 22
1000000 0
30000000 0
35000000 1.1689588404E-15
40000000 2.441994619E-11
45000000 5.3441000864E-9
50000000 2.235669966E-7
55000000 5.2539792216E-6
60000000 3.5295097596E-5
65000000 8.5658606784E-5
70000000 0.000112429000824
75000000 0.000113820996394
80000000 0.00011768699584
90000000 0.000158406989817
100000000 0.00027746700412
110000000 0.0004062459709
120000000 0.00046399403645
130000000 0.00052379291
140000000 0.00059186892375
150000000 0.00063962195425
160000000 0.0006459449475
180000000 0.0007601149934
200000000 0.00089613704856
#Header 
#Target 64 157 0
#Product 61 147 0
#Datapoints 24
1000000 0
26000000 0
28000000 4.836531123E-15
30000000 3.502740284E-13
35000000 6.95254482E-10
40000000 4.8344403339E-8
45000000 6.8531902484E-7
50000000 8.140770144E-6
55000000 3.2269099848E-5
60000000 5.4707607834E-5
65000000 5.992160814E-5
70000000 5.913840072E-5
75000000 5.944779935E-5
80000000 7.012710246E-5
90000000 0.000128907997481
100000000 0.0002101310758
110000000 0.0003011599415
120000000 0.00034681206609
130000000 0.00039047705092
140000000 0.00044897506875
150000000 0.000507841934
160000000 0.000578465925
180000000 0.0007035899787
200000000 0.00080808503308
#Header 
#Target 64 157 0
#Product 61 148 0
#Datapoints 26
1000000 0
22000000 0
24000000 7.173540543E-15
26000000 2.67631561E-13
28000000 4.835987565E-12
30000000 5.520360076E-11
35000000 1.22096994318E-8
40000000 5.3042407718E-7
45000000 4.6215901606E-6
50000000 1.2560500422E-5
55000000 1.70341004592E-5
60000000 1.8216301026E-5
65000000 1.7559606384E-5
70000000 1.83861006E-5
75000000 2.2710599882E-5
80000000 3.16234049E-5
90000000 5.9174994624E-5
100000000 8.5900804576E-5
110000000 0.00010186099378
120000000 0.000123377000642
130000000 0.000147468003136
140000000 0.00017169399
150000000 0.00020384097325
160000000 0.00024034506
180000000 0.0003027650717
200000000 0.00033155194178
#Header 
#Target 64 157 0
#Product 62 135 0
#Datapoints 6
1000000 0
140000000 0
150000000 4.682398275E-10
160000000 4.020499275E-7
180000000 7.5692098426E-5
200000000 0.00053952197982
#Header 
#Target 64 157 0
#Product 62 136 0
#Datapoints 7
1000000 0
130000000 0
140000000 1.0138795875E-9
150000000 1.16065987825E-6
160000000 2.738660475E-5
180000000 0.0005874349922
200000000 0.0018907002234
#Header 
#Target 64 157 0
#Product 62 137 0
#Datapoints 8
1000000 0
120000000 0
130000000 4.562578956E-10
140000000 1.26495003375E-6
150000000 4.806730235E-5
160000000 0.0003025319175
180000000 0.0016510904242
200000000 0.004432049907
#Header 
#Target 64 157 0
#Product 62 138 0
#Datapoints 9
1000000 0
110000000 0
120000000 7.12532611E-10
130000000 1.46353999172E-6
140000000 7.2510998625E-5
150000000 0.0005486090035
160000000 0.0014187700425
180000000 0.005018919934
200000000 0.0077932700418
#Header 
#Target 64 157 0
#Product 62 139 0
#Datapoints 10
1000000 0
100000000 0
110000000 3.33073281E-11
120000000 1.6445800357E-7
130000000 2.0828504208E-5
140000000 0.00020241394875
150000000 0.0006825480135
160000000 0.0013346300625
180000000 0.00260888978
200000000 0.0034741494272
#Header 
#Target 64 157 0
#Product 62 140 0
#Datapoints 11
1000000 0
90000000 0
100000000 1.2445990856E-11
110000000 1.3998399311E-7
120000000 5.6341898746E-5
130000000 0.00084129198556
140000000 0.0027233402625
150000000 0.00540715932
160000000 0.007930650825
180000000 0.010777299813
200000000 0.014946804166
#Header 
#Target 64 157 0
#Product 62 141 0
#Datapoints 12
1000000 0
80000000 0
90000000 1.903034381E-14
100000000 1.5250189972E-9
110000000 2.438080822E-6
120000000 4.7884694172E-5
130000000 0.0001811840036
140000000 0.00034354695375
150000000 0.000498111983
160000000 0.0005754749925
180000000 0.00083369207796
200000000 0.00102900006172
#Header 
#Target 64 157 0
#Product 62 142 0
#Datapoints 12
1000000 0
80000000 0
90000000 1.0378998533E-9
100000000 1.10739006868E-5
110000000 0.0005452950239
120000000 0.0028845094964
130000000 0.0053518795848
140000000 0.00682671015
150000000 0.0082021804975
160000000 0.009278410125
180000000 0.0123446003632
200000000 0.0110011995812
#Header 
#Target 64 157 0
#Product 62 143 0
#Datapoints 14
1000000 0
70000000 0
75000000 5.62071569E-15
80000000 5.86190832E-11
90000000 7.1463510592E-7
100000000 4.5698507028E-5
110000000 0.0002772699726
120000000 0.00050264296474
130000000 0.000627768049
140000000 0.0008778220425
150000000 0.00112488991725
160000000 0.00128536995
180000000 0.00131639000682
200000000 0.00129688999194
#Header 
#Target 64 157 0
#Product 62 144 0
#Datapoints 16
1000000 0
60000000 0
65000000 5.512057452E-11
70000000 7.6744193904E-8
75000000 3.5421792666E-6
80000000 2.660730256E-5
90000000 0.00042794300787
100000000 0.0025090406512
110000000 0.00594597932
120000000 0.00686508025
130000000 0.0080733808576
140000000 0.0103659001875
150000000 0.011537100575
160000000 0.011506799475
180000000 0.0108569008912
200000000 0.0123967000396
#Header 
#Target 64 157 0
#Product 62 145 0
#Datapoints 17
1000000 0
55000000 0
60000000 1.773137058E-12
65000000 3.3926995152E-9
70000000 2.2059791376E-7
75000000 4.8544999818E-6
80000000 5.526020616E-5
90000000 0.00096022496415
100000000 0.003124859892
110000000 0.004250870074
120000000 0.0050630499577
130000000 0.0062601001776
140000000 0.0070498393875
150000000 0.0071760696625
160000000 0.007203869475
180000000 0.0088373304334
200000000 0.0091559200644
#Header 
#Target 64 157 0
#Product 62 146 0
#Datapoints 19
1000000 0
45000000 0
50000000 1.0473687675E-11
55000000 5.2947203376E-8
60000000 1.27158007812E-6
65000000 6.180099768E-6
70000000 3.3335994552E-5
75000000 0.00015482899151
80000000 0.0005309980098
90000000 0.0022725507193
100000000 0.0033338295528
110000000 0.004090428859
120000000 0.0050270492804
130000000 0.0057294694068
140000000 0.0062537801625
150000000 0.0068742698125
160000000 0.007527960075
180000000 0.0083616501682
200000000 0.0088353795316
#Header 
#Target 64 157 0
#Product 62 147 0
#Datapoints 20
1000000 0
40000000 0
45000000 3.416174198E-15
50000000 2.49722316E-10
55000000 6.3943908144E-8
60000000 2.1485402598E-6
65000000 2.9498198976E-5
70000000 0.000155699012784
75000000 0.00056624297992
80000000 0.0012739900266
90000000 0.0023448706381
100000000 0.0027605503844
110000000 0.003303809999
120000000 0.0040347901524
130000000 0.0048513300548
140000000 0.0057609703125
150000000 0.00651212009
160000000 0.00675735
180000000 0.0078420398896
200000000 0.0076462494832
#Header 
#Target 64 157 0
#Product 62 148 0
#Datapoints 21
1000000 0
35000000 0
40000000 4.787275717E-12
45000000 9.8278905202E-9
50000000 2.280329595E-7
55000000 4.7006406324E-6
60000000 3.7175402946E-5
65000000 0.00019364795712
70000000 0.00062039894784
75000000 0.0011204899283
80000000 0.001465969972
90000000 0.0016760194401
100000000 0.0020816903248
110000000 0.002555460333
120000000 0.0032958898903
130000000 0.0040351294836
140000000 0.0047615299875
150000000 0.005585559065
160000000 0.006262879275
180000000 0.0065505898976
200000000 0.0074491002
#Header 
#Target 64 157 0
#Product 62 149 0
#Datapoints 22
1000000 0
30000000 0
35000000 8.275511556E-12
40000000 4.0577901507E-9
45000000 2.2255600676E-7
50000000 3.6174000375E-6
55000000 3.1928796852E-5
60000000 0.00019201697328
65000000 0.00048767999184
70000000 0.00070583706984
75000000 0.00080342098092
80000000 0.000804723928
90000000 0.00088230204174
100000000 0.00123257989704
110000000 0.001823539268
120000000 0.002489579603
130000000 0.0032919502556
140000000 0.0040607701875
150000000 0.0045393700725
160000000 0.004857960375
180000000 0.0055817092856
200000000 0.0059312599036
#Header 
#Target 64 157 0
#Product 62 150 0
#Datapoints 26
1000000 0
22000000 0
24000000 3.521920363E-15
26000000 1.0610586668E-12
28000000 6.265768923E-11
30000000 8.623165144E-10
35000000 1.62378998028E-8
40000000 2.3754297822E-7
45000000 3.7285802996E-6
50000000 4.431480219E-5
55000000 0.00017880902892
60000000 0.00032659007568
65000000 0.00039739493916
70000000 0.00040797197448
75000000 0.0004042530775
80000000 0.0004165850408
90000000 0.00059812801347
100000000 0.00110629007088
110000000 0.001805270713
120000000 0.0025587094876
130000000 0.0032494497724
140000000 0.0037500006375
150000000 0.004264840685
160000000 0.00468274095
180000000 0.0051040302348
200000000 0.0052619595546
#Header 
#Target 64 157 0
#Product 62 151 0
#Datapoints 29
1000000 0
18000000 0
19000000 1.0767299655E-14
20000000 1.2565595504E-13
22000000 4.90509759E-12
24000000 6.864797121E-11
26000000 5.410195084E-10
28000000 2.4291495111E-9
30000000 5.3708493348E-9
35000000 9.5185994436E-8
40000000 4.0769202211E-6
45000000 3.3828898688E-5
50000000 8.774630019E-5
55000000 0.00012033799902
60000000 0.000124689995298
65000000 0.000118573999416
70000000 0.000114293003496
75000000 0.000126548004954
80000000 0.0001707260454
90000000 0.00045688194175
100000000 0.00095820091824
110000000 0.0014819501128
120000000 0.0019666199301
130000000 0.002354769748
140000000 0.00267803055
150000000 0.0029006294875
160000000 0.0031017405
180000000 0.0033238297064
200000000 0.0034889693894
#Header 
#Target 64 157 0
#Product 62 152 0
#Datapoints 33
1000000 0
14000000 0
15000000 1.530241336E-15
16000000 1.193670075E-14
17000000 1.652779949E-13
18000000 1.910119641E-12
19000000 1.410013205E-11
20000000 6.532193892E-11
22000000 4.926396525E-10
24000000 2.0772400727E-9
26000000 9.526850574E-9
28000000 4.7006703996E-8
30000000 2.0594895448E-7
35000000 3.07698066E-6
40000000 1.42131002653E-5
45000000 2.7212006416E-5
50000000 3.211629426E-5
55000000 3.1268202504E-5
60000000 2.888839866E-5
65000000 3.2115606732E-5
70000000 5.1150002064E-5
75000000 0.00011697399867
80000000 0.0002462420618
90000000 0.00065521001378
100000000 0.0011218300398
110000000 0.0014914699485
120000000 0.0018207205394
130000000 0.0020763497004
140000000 0.002259699975
150000000 0.0024212896225
160000000 0.00248716935
180000000 0.002630859672
200000000 0.002641390262
#Header 
#Target 64 157 0
#Product 62 153 0
#Datapoints 37
1000000 0
10000000 0
11000000 6.85501598418E-15
12000000 9.605608991E-14
13000000 7.2502034192E-13
14000000 3.1668553422E-12
15000000 1.0881473248E-11
16000000 3.98932105E-11
17000000 1.351806265E-10
18000000 4.415076545E-10
19000000 1.3079798225E-9
20000000 3.0360798048E-9
22000000 1.3653700138E-8
24000000 3.5843900183E-8
26000000 7.8961909457E-8
28000000 1.6101594816E-7
30000000 2.964199716E-7
35000000 7.47363123E-7
40000000 1.03202006549E-6
45000000 1.05460001866E-6
50000000 9.8985898215E-7
55000000 1.31581006332E-6
60000000 5.7171298206E-6
65000000 3.1976805456E-5
70000000 9.5500892592E-5
75000000 0.00019235904052
80000000 0.0003071400262
90000000 0.00053891692662
100000000 0.00072978405224
110000000 0.0008722949157
120000000 0.00098026106843
130000000 0.00106568996244
140000000 0.00112604002875
150000000 0.0011636500365
160000000 0.0011980600575
180000000 0.00122579002462
200000000 0.00123373996018
#Header 
#Target 64 157 0
#Product 62 154 0
#Datapoints 23
1000000 0
28000000 0
30000000 3.315935764E-14
35000000 2.063044386E-11
40000000 6.525208452E-10
45000000 2.5505599544E-8
50000000 1.1319299856E-6
55000000 1.16267003844E-5
60000000 4.7207007738E-5
65000000 0.00010728799434
70000000 0.00018235798056
75000000 0.0002540099071
80000000 0.0003188670516
90000000 0.00041893494948
100000000 0.000495243104
110000000 0.0005409179675
120000000 0.00057812695906
130000000 0.00060576302876
140000000 0.00061975792125
150000000 0.00063653298475
160000000 0.0006429430425
180000000 0.00064429695302
200000000 0.00064202500262
#Header 
#Target 64 157 0
#Product 63 138 0
#Datapoints 7
1000000 0
130000000 0
140000000 3.1296798E-7
150000000 9.7369601075E-6
160000000 3.236039625E-5
180000000 0.00027541199784
200000000 0.00050514795802
#Header 
#Target 64 157 0
#Product 63 139 0
#Datapoints 8
1000000 0
120000000 0
130000000 6.0664805944E-6
140000000 6.313989825E-5
150000000 0.0001941469405
160000000 0.00052013811
180000000 0.0016854201252
200000000 0.0030630996504
#Header 
#Target 64 157 0
#Product 63 140 0
#Datapoints 9
1000000 0
110000000 0
120000000 2.9353602075E-6
130000000 0.000119524989924
140000000 0.00052033190625
150000000 0.00104391994
160000000 0.0022795497
180000000 0.0041641697006
200000000 0.007076240273
#Header 
#Target 64 157 0
#Product 63 141 0
#Datapoints 10
1000000 0
100000000 0
110000000 6.175309399E-7
120000000 3.0002796103E-5
130000000 0.00012310399518
140000000 0.00022826100375
150000000 0.000525822985
160000000 0.0007174879275
180000000 0.00122103006746
200000000 0.0013310500254
#Header 
#Target 64 157 0
#Product 63 142 0
#Datapoints 11
1000000 0
90000000 0
100000000 6.4963303144E-7
110000000 5.553340225E-5
120000000 0.00035668705142
130000000 0.00062685301728
140000000 0.001152879975
150000000 0.001820149385
160000000 0.0021770295
180000000 0.0035042801262
200000000 0.0030784302198
#Header 
#Target 64 157 0
#Product 63 143 0
#Datapoints 12
1000000 0
80000000 0
90000000 1.8012504332E-6
100000000 0.00030752395188
110000000 0.002566130217
120000000 0.0046946796505
130000000 0.0063532801404
140000000 0.010549500975
150000000 0.0120997000975
160000000 0.013410300225
180000000 0.014044092944
200000000 0.0131635991116
#Header 
#Target 64 157 0
#Product 63 144 0
#Datapoints 14
1000000 0
70000000 0
75000000 4.559584346E-10
80000000 5.519599788E-7
90000000 0.00037411398473
100000000 0.0037977498848
110000000 0.006097809427
120000000 0.0067784600905
130000000 0.0114414995952
140000000 0.015518104875
150000000 0.016811803775
160000000 0.016034499
180000000 0.014179206384
200000000 0.014466805946
#Header 
#Target 64 157 0
#Product 63 145 0
#Datapoints 16
1000000 0
60000000 0
65000000 3.60989784E-11
70000000 6.4287493032E-5
75000000 0.00144399995098
80000000 0.005586750534
90000000 0.0123441992736
100000000 0.0102976990896
110000000 0.007226009429
120000000 0.0098820899513
130000000 0.0134710996552
140000000 0.014854393125
150000000 0.0139385990975
160000000 0.01323349905
180000000 0.01442510447
200000000 0.01419570372
#Header 
#Target 64 157 0
#Product 63 146 0
#Datapoints 17
1000000 0
55000000 0
60000000 2.0872595766E-6
65000000 0.00168558995412
70000000 0.005956209168
75000000 0.0078665089708
80000000 0.009039359754
90000000 0.0094906991825
100000000 0.005878169346
110000000 0.006500799419
120000000 0.0097419093198
130000000 0.0112165007064
140000000 0.0115551993375
150000000 0.01146840007
160000000 0.011656900425
180000000 0.0123926005294
200000000 0.0125297008618
#Header 
#Target 64 157 0
#Product 63 147 0
#Datapoints 19
1000000 0
45000000 0
50000000 2.759934105E-12
55000000 2.5503098232E-6
60000000 0.00043316593914
65000000 0.0026383301208
70000000 0.0054261390288
75000000 0.0075746107304
80000000 0.007760028796
90000000 0.0050505603234
100000000 0.005689429566
110000000 0.008482600928
120000000 0.0108009996451
130000000 0.0122549005644
140000000 0.0133869996
150000000 0.0146712059
160000000 0.0152956935
180000000 0.01666989982
200000000 0.017832695666
#Header 
#Target 64 157 0
#Product 63 148 0
#Datapoints 20
1000000 0
40000000 0
45000000 1.5743797366E-9
50000000 8.642290986E-6
55000000 0.00024720403092
60000000 0.0019192497588
65000000 0.0053695590444
70000000 0.007072109688
75000000 0.0062950507868
80000000 0.005161330156
90000000 0.0051163794485
100000000 0.0084598791432
110000000 0.011079500292
120000000 0.012407500966
130000000 0.0137332998336
140000000 0.0148979025
150000000 0.015464999225
160000000 0.01544139975
180000000 0.016280806612
200000000 0.01763159604
#Header 
#Target 64 157 0
#Product 63 149 0
#Datapoints 22
1000000 0
30000000 0
35000000 7.753417308E-14
40000000 2.4283407404E-6
45000000 0.00037616693354
50000000 0.0013078099575
55000000 0.0039209498652
60000000 0.0062454708888
65000000 0.005982690456
70000000 0.0049637304864
75000000 0.0043356101724
80000000 0.004659959752
90000000 0.0075037495697
100000000 0.011358300118
110000000 0.014813400309
120000000 0.016788502745
130000000 0.018718005304
140000000 0.02101679775
150000000 0.023362802125
160000000 0.02463530025
180000000 0.024409206038
200000000 0.023801995806
#Header 
#Target 64 157 0
#Product 63 150 0
#Datapoints 23
1000000 0
28000000 0
30000000 9.76892682E-11
35000000 3.1874294556E-6
40000000 0.000122630008275
45000000 0.00151589006706
50000000 0.003834059589
55000000 0.0045083292588
60000000 0.004157249679
65000000 0.0037253692368
70000000 0.0036517104288
75000000 0.0042152092268
80000000 0.005138220468
90000000 0.0082992299717
100000000 0.0111011006324
110000000 0.013558899947
120000000 0.015498396613
130000000 0.015965395032
140000000 0.016475603625
150000000 0.017602495725
160000000 0.018798999
180000000 0.019883896816
200000000 0.019377296172
#Header 
#Target 64 157 0
#Product 63 151 0
#Datapoints 27
1000000 0
20000000 0
22000000 1.54183719E-10
24000000 1.6590799485E-7
26000000 7.5167403356E-6
28000000 4.1361902127E-5
30000000 7.4846497152E-5
35000000 0.0009146830212
40000000 0.0037782098188
45000000 0.0058766493536
50000000 0.0060234599835
55000000 0.0054034905384
60000000 0.0049331401284
65000000 0.0052906691592
70000000 0.0064212307824
75000000 0.0083471292934
80000000 0.010881100332
90000000 0.016185605518
100000000 0.021042698072
110000000 0.02412290646
120000000 0.026908001302
130000000 0.028981702684
140000000 0.0304161975
150000000 0.031093505825
160000000 0.0318376065
180000000 0.032576897234
200000000 0.032969495124
#Header 
#Target 64 157 0
#Product 63 152 0
#Datapoints 34
1000000 0
13000000 0
14000000 1.3128770556E-15
15000000 4.3002777728E-12
16000000 3.9258193E-10
17000000 9.0707394814E-9
18000000 3.6643094874E-8
19000000 1.18048010015E-7
20000000 4.816490616E-7
22000000 6.4874198985E-6
24000000 4.4021299023E-5
26000000 0.000207923039
28000000 0.00064955196987
30000000 0.00139681008772
35000000 0.003210459408
40000000 0.0036011503507
45000000 0.0031158692496
50000000 0.002563260714
55000000 0.0025207195524
60000000 0.0030299308974
65000000 0.0039182691816
70000000 0.0053586199632
75000000 0.0071618608618
80000000 0.009071080166
90000000 0.0122648995892
100000000 0.0145834999668
110000000 0.01605509342
120000000 0.016800003738
130000000 0.017927299676
140000000 0.01829239425
150000000 0.018638095325
160000000 0.018987897
180000000 0.019181600046
200000000 0.018543194604
#Header 
#Target 64 157 0
#Product 63 153 0
#Datapoints 42
1000000 0
5000000 0
6000000 1.658464926721E-13
7000000 9.8715379575E-11
8000000 7.9505592892E-9
9000000 1.6655198528E-7
10000000 1.02931986892E-6
11000000 1.3477700282443E-6
12000000 2.26250990971E-6
13000000 4.835429838E-6
14000000 1.16971985988E-5
15000000 3.01898027312E-5
16000000 7.7291193005E-5
17000000 0.00019954399099
18000000 0.00050187993183
19000000 0.0011928001165
20000000 0.0031323806472
22000000 0.0109313005505
24000000 0.0093060300697
26000000 0.0092859402084
28000000 0.009661919307
30000000 0.0096029098284
35000000 0.0077120993664
40000000 0.0057576596926
45000000 0.0052159805784
50000000 0.0063609602355
55000000 0.0082232397276
60000000 0.0109386002154
65000000 0.014306499774
70000000 0.017782107672
75000000 0.020747600718
80000000 0.02353680042
90000000 0.027536707357
100000000 0.030263293804
110000000 0.03173339693
120000000 0.033305198185
130000000 0.033625091372
140000000 0.033723100125
150000000 0.033982198625
160000000 0.03355799475
180000000 0.032843704404
200000000 0.032138907412
#Header 
#Target 64 157 0
#Product 63 154 0
#Datapoints 46
1000000 0
1000000 1.04504998032E-18
2000000 2.11108978294E-12
3000000 5.18811975E-11
4000000 7.6614213694431E-10
5000000 8.1171298362E-9
6000000 6.3709609830226E-8
7000000 3.4020200887E-7
8000000 1.4944197169E-6
9000000 5.371471056E-6
10000000 1.67432015054E-5
11000000 4.6280410406895E-5
12000000 0.000112282016368
13000000 0.000236425007072
14000000 0.000435155047668
15000000 0.000729845964288
16000000 0.00109793983
17000000 0.0015554004892
18000000 0.0021654495323
19000000 0.0032434897895
20000000 0.0058664597656
22000000 0.010391000424
24000000 0.0044056493195
26000000 0.0025119198038
28000000 0.0017550592548
30000000 0.00133422991864
35000000 0.0010449699975
40000000 0.0017584797831
45000000 0.0025493195774
50000000 0.004001859585
55000000 0.0063504895044
60000000 0.0087518393754
65000000 0.0109652990868
70000000 0.0128294997096
75000000 0.0145668004834
80000000 0.0159415001
90000000 0.01756939888
100000000 0.018464199292
110000000 0.01922579338
120000000 0.019495195706
130000000 0.019642794788
140000000 0.0195910065
150000000 0.0188910954
160000000 0.01902080025
180000000 0.018157696998
200000000 0.017136197248
#Header 
#Target 64 157 0
#Product 63 155 0
#Datapoints 33
1000000 0
14000000 0
15000000 7.357500912E-14
16000000 3.32764367E-12
17000000 7.584879435E-11
18000000 1.0342292611E-9
19000000 9.5284906325E-9
20000000 6.475789726E-8
22000000 1.504070507E-6
24000000 1.5971603895E-5
26000000 0.000100074995138
28000000 0.00035962500708
30000000 0.00081801601076
35000000 0.0024668099118
40000000 0.0047532699951
45000000 0.0083154891674
50000000 0.012395100384
55000000 0.0159829989252
60000000 0.019039504176
65000000 0.021634607844
70000000 0.023588896632
75000000 0.025154304814
80000000 0.02645329862
90000000 0.028214702564
100000000 0.029166697572
110000000 0.02925719485
120000000 0.028830299337
130000000 0.028166506108
140000000 0.02751310575
150000000 0.027121293575
160000000 0.02607249825
180000000 0.02428789706
200000000 0.022558694726
#Header 
#Target 64 157 0
#Product 63 156 0
#Datapoints 35
1000000 0
12000000 0
13000000 8.456140144E-15
14000000 6.3966479148E-14
15000000 2.0873730048E-13
16000000 6.43829589E-13
17000000 3.845629836E-12
18000000 2.481605778E-11
19000000 1.2082190105E-10
20000000 1.1927700666E-8
22000000 4.3445899025E-7
24000000 7.0810898899E-6
26000000 5.3294999956E-5
28000000 0.00022871305953
30000000 0.0006528310442
35000000 0.0030981298842
40000000 0.0065806605584
45000000 0.0098317101776
50000000 0.0124678011645
55000000 0.0144682995576
60000000 0.01609129995
65000000 0.017304001164
70000000 0.018221103768
75000000 0.019020095778
80000000 0.0194507092
90000000 0.020079098747
100000000 0.020128495176
110000000 0.01989010307
120000000 0.019455599646
130000000 0.018784200668
140000000 0.018254998125
150000000 0.0177154002
160000000 0.01706980425
180000000 0.01576500268
200000000 0.014517798036
#Header 
#Target 64 157 0
#Product 64 141 0
#Datapoints 8
1000000 0
120000000 0
130000000 2.1540702164E-9
140000000 1.1017600425E-5
150000000 0.00010116999715
160000000 0.0002035129425
180000000 0.00036874705014
200000000 0.0005124059923
#Header 
#Target 64 157 0
#Product 64 142 0
#Datapoints 9
1000000 0
110000000 0
120000000 1.05367004785E-7
130000000 9.4262510228E-5
140000000 0.00099950803875
150000000 0.002439449255
160000000 0.002556890325
180000000 0.0042432403748
200000000 0.0032701700864
#Header 
#Target 64 157 0
#Product 64 143 0
#Datapoints 10
1000000 0
100000000 0
110000000 3.78763931E-8
120000000 5.4169601465E-5
130000000 0.00074846594592
140000000 0.0024176894625
150000000 0.0027236607025
160000000 0.002857970025
180000000 0.002920830143
200000000 0.0026468202676
#Header 
#Target 64 157 0
#Product 64 144 0
#Datapoints 11
1000000 0
90000000 0
100000000 1.4689899754E-7
110000000 0.0001632549269
120000000 0.0029643197381
130000000 0.0116296001752
140000000 0.01499989725
150000000 0.015747094525
160000000 0.01549070475
180000000 0.012134101161
200000000 0.0128431999566
#Header 
#Target 64 157 0
#Product 64 145 0
#Datapoints 12
1000000 0
80000000 0
90000000 2.8936401941E-8
100000000 8.8147398508E-5
110000000 0.002621139294
120000000 0.0114787995595
130000000 0.016416791868
140000000 0.015747103125
150000000 0.013250000085
160000000 0.011755299525
180000000 0.0129047000082
200000000 0.0116941004146
#Header 
#Target 64 157 0
#Product 64 146 0
#Datapoints 13
1000000 0
75000000 0
80000000 1.971430718E-8
90000000 0.000123754001805
100000000 0.006500530306
110000000 0.03111200409
120000000 0.04388800087
130000000 0.043229597584
140000000 0.038049204375
150000000 0.035388895775
160000000 0.0364847025
180000000 0.03506410117
200000000 0.028595595416
#Header 
#Target 64 157 0
#Product 64 147 0
#Datapoints 15
1000000 0
65000000 0
70000000 1.3480193664E-10
75000000 5.7608193396E-7
80000000 4.465259142E-5
90000000 0.0038502502912
100000000 0.026986497208
110000000 0.04574250465
120000000 0.045835991005
130000000 0.042315605504
140000000 0.040678896375
150000000 0.0431439056
160000000 0.0429353925
180000000 0.035316503684
200000000 0.033876097424
#Header 
#Target 64 157 0
#Product 64 148 0
#Datapoints 17
1000000 0
55000000 0
60000000 2.100508938E-14
65000000 1.23665995404E-8
70000000 7.5456797808E-6
75000000 0.00027449703338
80000000 0.002163650328
90000000 0.0233389944
100000000 0.047679999128
110000000 0.04927680356
120000000 0.048182102899
130000000 0.046024506352
140000000 0.046237698
150000000 0.0441917953
160000000 0.042807399
180000000 0.039719694364
200000000 0.03758000362
#Header 
#Target 64 157 0
#Product 64 149 0
#Datapoints 18
1000000 0
50000000 0
55000000 1.0058486064E-11
60000000 7.898089617E-7
65000000 0.000119755003716
70000000 0.00122222998296
75000000 0.0062303200324
80000000 0.02054669922
90000000 0.05462150392
100000000 0.060014399656
110000000 0.05912320798
120000000 0.059497100208
130000000 0.058264797004
140000000 0.055872106875
150000000 0.055251399525
160000000 0.05294720025
180000000 0.051685203822
200000000 0.049231497158
#Header 
#Target 64 157 0
#Product 64 150 0
#Datapoints 19
1000000 0
45000000 0
50000000 2.048870889E-8
55000000 2.9441995548E-5
60000000 0.00071888903394
65000000 0.0044600904288
70000000 0.018009292224
75000000 0.039902298132
80000000 0.0595234904
90000000 0.070841798615
100000000 0.073971804812
110000000 0.07461560525
120000000 0.071210702892
130000000 0.07093300348
140000000 0.06861409425
150000000 0.065395607675
160000000 0.06618279975
180000000 0.061351495688
200000000 0.058194698692
#Header 
#Target 64 157 0
#Product 64 151 0
#Datapoints 21
1000000 0
35000000 0
40000000 4.216929121E-13
45000000 2.2384107252E-6
50000000 0.0002905859997
55000000 0.0021245100108
60000000 0.0113728001706
65000000 0.033918889968
70000000 0.056149504488
75000000 0.070643090214
80000000 0.07769420208
90000000 0.083943405669
100000000 0.084514287664
110000000 0.08203229956
120000000 0.081379001326
130000000 0.077401004924
140000000 0.077319610875
150000000 0.07723269055
160000000 0.07327639275
180000000 0.070037000768
200000000 0.068695294582
#Header 
#Target 64 157 0
#Product 64 152 0
#Datapoints 22
1000000 0
30000000 0
35000000 8.1981403452E-8
40000000 0.000126283004672
45000000 0.0014483899823
50000000 0.0082837699875
55000000 0.030665997336
60000000 0.061371795342
65000000 0.083049596136
70000000 0.09627269904
75000000 0.102981007608
80000000 0.1058000121
90000000 0.106689007104
100000000 0.10495900268
110000000 0.1018899954
120000000 0.097764002084
130000000 0.0970671025
140000000 0.0934928865
150000000 0.089259000575
160000000 0.08895591
180000000 0.084585996446
200000000 0.077417289118
#Header 
#Target 64 157 0
#Product 64 153 0
#Datapoints 25
1000000 0
24000000 0
26000000 6.336749504E-11
28000000 1.1933799903E-7
30000000 1.03580994352E-5
35000000 0.00087837796332
40000000 0.0046765301081
45000000 0.022670995016
50000000 0.05614680627
55000000 0.086119593468
60000000 0.102253999188
65000000 0.112413990888
70000000 0.114859989216
75000000 0.117477004012
80000000 0.11739700002
90000000 0.11524499343
100000000 0.110759998952
110000000 0.10651800365
120000000 0.104433988617
130000000 0.099524306492
140000000 0.09606960675
150000000 0.094457107025
160000000 0.09004530825
180000000 0.082671600914
200000000 0.077070103674
#Header 
#Target 64 157 0
#Product 64 154 0
#Datapoints 32
1000000 0
15000000 0
16000000 1.316223025E-14
17000000 2.443878813E-11
18000000 3.900229834E-9
19000000 1.0928299854E-7
20000000 1.828739612E-6
22000000 6.3236795145E-5
24000000 0.00042540805515
26000000 0.00120578003323
28000000 0.0023897607405
30000000 0.0043517807436
35000000 0.02218259979
40000000 0.067148499152
45000000 0.115168001592
50000000 0.14427199719
55000000 0.157212000504
60000000 0.162967006356
65000000 0.16400899926
70000000 0.164046997296
75000000 0.162933001834
80000000 0.16079499936
90000000 0.153600998674
100000000 0.14695899742
110000000 0.14067599457
120000000 0.132723015859
130000000 0.126719996768
140000000 0.12145199625
150000000 0.1154420056
160000000 0.11076999525
180000000 0.101430999376
200000000 0.093175505774
#Header 
#Target 64 157 0
#Product 64 155 0
#Datapoints 38
1000000 0
9000000 0
10000000 6.068637608E-15
11000000 1.678309094267E-12
12000000 1.1493492602E-10
13000000 6.43214968112E-9
14000000 1.7975196261E-7
15000000 2.42534978704E-6
16000000 1.7619000165E-5
17000000 7.5071993717E-5
18000000 0.00020994499295
19000000 0.00044338999
20000000 0.0007976740058
22000000 0.0022563600335
24000000 0.0060896304937
26000000 0.014902700048
28000000 0.029925793521
30000000 0.05041790144
35000000 0.107607990672
40000000 0.145091998034
45000000 0.163121996864
50000000 0.165768987555
55000000 0.16698500112
60000000 0.164225999454
65000000 0.163304998776
70000000 0.159848011176
75000000 0.1564119932
80000000 0.15210999422
90000000 0.141626007713
100000000 0.132481987004
110000000 0.1238379961
120000000 0.116111002728
130000000 0.109002006328
140000000 0.103829002875
150000000 0.098187700525
160000000 0.093317892
180000000 0.083858491528
200000000 0.075947303148
#Header 
#Target 64 157 0
#Product 64 156 0
#Datapoints 41
1000000 0
6000000 0
7000000 4.86948824E-15
8000000 1.775502839E-11
9000000 2.332230032E-8
10000000 1.39009981498E-6
11000000 6.04998887478E-6
12000000 3.57717038942E-5
13000000 0.000176746028368
14000000 0.000678060966924
15000000 0.00208198980688
16000000 0.0049451700155
17000000 0.0096333404949
18000000 0.016099504096
19000000 0.02427239506
20000000 0.035264600784
22000000 0.060716092615
24000000 0.089356009171
26000000 0.116375002037
28000000 0.138176999895
30000000 0.156539993912
35000000 0.18582209568
40000000 0.19650395766
45000000 0.19863502842
50000000 0.1934380224
55000000 0.19614194892
60000000 0.18908208264
65000000 0.185874021
70000000 0.17572298352
75000000 0.17145993338
80000000 0.1617989939
90000000 0.148615014084
100000000 0.136703002184
110000000 0.12672700126
120000000 0.118030006129
130000000 0.11084500586
140000000 0.103409002125
150000000 0.097520400025
160000000 0.0925491045
180000000 0.082557996752
200000000 0.07392700066
#Header 
#Target 64 157 0
#Product 64 157 0
#Datapoints 45
1000000 0
2000000 0
3000000 6.734700225E-13
4000000 3.352610610615E-9
5000000 9.0739802781E-7
6000000 4.8909401547186E-5
7000000 0.0009217109401
8000000 0.0076086602548
9000000 0.03019859872
10000000 0.066430485294
11000000 0.09996011918298
12000000 0.125932985273
13000000 0.149540988736
14000000 0.174237007428
15000000 0.200597014816
16000000 0.22704502535
17000000 0.25042704855
18000000 0.26870993855
19000000 0.2820630364
20000000 0.29155595728
22000000 0.3032779782
24000000 0.30761505008
26000000 0.30737797932
28000000 0.30687302292
30000000 0.3067670756
35000000 0.30233295144
40000000 0.30164091436
45000000 0.3017599722
50000000 0.3048059268
55000000 0.29576404464
60000000 0.2879900496
65000000 0.27150099696
70000000 0.25793090736
75000000 0.2386230335
80000000 0.2227479842
90000000 0.18749201819
100000000 0.155116004728
110000000 0.12674299684
120000000 0.102738007757
130000000 0.082876595728
140000000 0.066697093125
150000000 0.053704202875
160000000 0.043393701
180000000 0.029033393732
200000000 0.02058199974
#Header 
#Target 64 157 0
#Product 65 144 0
#Datapoints 9
1000000 0
110000000 0
120000000 5.755589581E-6
130000000 6.0212295208E-5
140000000 6.1075798875E-5
150000000 4.34650061E-5
160000000 4.13818005E-5
180000000 3.2518399256E-5
200000000 2.9757295426E-5
#Header 
#Target 64 157 0
#Product 65 145 0
#Datapoints 10
1000000 0
100000000 0
110000000 5.804339846E-5
120000000 0.00041441704899
130000000 0.00045363696316
140000000 0.00027604906875
150000000 0.00023757297025
160000000 0.000213307965
180000000 0.00015485102906
200000000 0.000120575003824
#Header 
#Target 64 157 0
#Product 65 146 0
#Datapoints 11
1000000 0
90000000 0
100000000 0.00036146400148
110000000 0.005053860518
120000000 0.0062113598785
130000000 0.0032721302616
140000000 0.0018492595875
150000000 0.00141217994825
160000000 0.001121309985
180000000 0.00075278299558
200000000 0.00071259791792
#Header 
#Target 64 157 0
#Product 65 147 0
#Datapoints 12
1000000 0
80000000 0
90000000 0.0004809619718
100000000 0.002574569654
110000000 0.00204405945
120000000 0.0012802600125
130000000 0.00108975005392
140000000 0.0009105270525
150000000 0.00073406300625
160000000 0.000622320015
180000000 0.0004877120612
200000000 0.00039968904112
#Header 
#Target 64 157 0
#Product 65 148 0
#Datapoints 14
1000000 0
70000000 0
75000000 2.0662406628E-6
80000000 0.0011554599208
90000000 0.0129581993192
100000000 0.0098547487944
110000000 0.005350029931
120000000 0.0043403206056
130000000 0.0035891298644
140000000 0.0028991898
150000000 0.002349719985
160000000 0.00205376985
180000000 0.0015440800214
200000000 0.0011773799061
#Header 
#Target 64 157 0
#Product 65 149 0
#Datapoints 15
1000000 0
65000000 0
70000000 0.00059306095464
75000000 0.0045589192122
80000000 0.008592680514
90000000 0.0064330699762
100000000 0.003582260552
110000000 0.00265518923
120000000 0.0020665093036
130000000 0.0016806196456
140000000 0.00139822999875
150000000 0.001209070034
160000000 0.0010334600175
180000000 0.000762700015
200000000 0.00060626904714
#Header 
#Target 64 157 0
#Product 65 150 0
#Datapoints 17
1000000 0
55000000 0
60000000 0.00019631099532
65000000 0.0054130299624
70000000 0.0159451995024
75000000 0.017368402688
80000000 0.012760199808
90000000 0.0063897899463
100000000 0.0044122494432
110000000 0.00347530943
120000000 0.0027093196004
130000000 0.0022328600764
140000000 0.001871710425
150000000 0.001601420225
160000000 0.00143854035
180000000 0.0010741399837
200000000 0.0008449739326
#Header 
#Target 64 157 0
#Product 65 151 0
#Datapoints 19
1000000 0
45000000 0
50000000 9.6157290825E-5
55000000 0.0147739997424
60000000 0.04797360645
65000000 0.059378389092
70000000 0.043570701888
75000000 0.02645339322
80000000 0.01685799804
90000000 0.0101843004874
100000000 0.0075637990456
110000000 0.005764070434
120000000 0.0045887692578
130000000 0.0036804503568
140000000 0.003078699975
150000000 0.0026822999
160000000 0.002336910225
180000000 0.0018972495248
200000000 0.0015435202698
#Header 
#Target 64 157 0
#Product 65 152 0
#Datapoints 20
1000000 0
40000000 0
45000000 0.010601299888
50000000 0.092714899455
55000000 0.112200998448
60000000 0.06289219992
65000000 0.030895793712
70000000 0.019436996712
75000000 0.0152559980536
80000000 0.01274669986
90000000 0.0096755307295
100000000 0.0075186904744
110000000 0.006218830321
120000000 0.0051944499362
130000000 0.004496940542
140000000 0.0039555594
150000000 0.0034744992625
160000000 0.00312593985
180000000 0.0025608100532
200000000 0.0021486296072
#Header 
#Target 64 157 0
#Product 65 153 0
#Datapoints 22
1000000 0
30000000 0
35000000 0.022876197318
40000000 0.38033494084
45000000 0.54435800812
50000000 0.3487730166
55000000 0.1618190031
60000000 0.09041599941
65000000 0.064700592912
70000000 0.051274801704
75000000 0.042394505894
80000000 0.03609279408
90000000 0.027626599255
100000000 0.022415797688
110000000 0.01857539892
120000000 0.015879304665
130000000 0.0138188993356
140000000 0.0122167992375
150000000 0.01090259964
160000000 0.01000929975
180000000 0.0082940404078
200000000 0.0070489200426
#Header 
#Target 64 157 0
#Product 65 154 0
#Datapoints 25
1000000 0
24000000 0
26000000 6.4703508187E-6
28000000 0.021847098798
30000000 0.098111387476
35000000 0.20520896994
40000000 0.10226099741
45000000 0.037842705878
50000000 0.021747296835
55000000 0.0162448993464
60000000 0.0132457005978
65000000 0.0111200995152
70000000 0.0095670793176
75000000 0.008407969769
80000000 0.007500519504
90000000 0.0061154503239
100000000 0.0051472007292
110000000 0.004422810231
120000000 0.0038453502087
130000000 0.003422539436
140000000 0.003070410525
150000000 0.002795019735
160000000 0.002531280225
180000000 0.0021361197578
200000000 0.0018179798754
#Header 
#Target 64 157 0
#Product 65 155 0
#Datapoints 31
1000000 0
16000000 0
17000000 0.0059980100193
18000000 0.116114004182
19000000 0.33757995925
20000000 0.54190005744
22000000 0.7670519312
24000000 0.88077807207
26000000 0.92991003272
28000000 0.88011904179
30000000 0.6305610312
35000000 0.21002096934
40000000 0.122866990388
45000000 0.09532209275
50000000 0.07853619744
55000000 0.066618307668
60000000 0.057612295554
65000000 0.05037509232
70000000 0.04452309876
75000000 0.039731306808
80000000 0.03573860652
90000000 0.029380604029
100000000 0.02469160416
110000000 0.02109080404
120000000 0.018342693439
130000000 0.016228602176
140000000 0.0145873011375
150000000 0.0132145016025
160000000 0.012050000925
180000000 0.0101177996668
200000000 0.0085829487834
#Header 
#Target 64 157 0
#Product 65 156 0
#Datapoints 38
1000000 0
9000000 0
10000000 0.0311085003354
11000000 0.21013605393785
12000000 0.359558031059
13000000 0.4636600112
14000000 0.537650041896
15000000 0.590026019184
16000000 0.6275909432
17000000 0.64899495714
18000000 0.57494096938
19000000 0.41304504395
20000000 0.26890402812
22000000 0.12754499386
24000000 0.082538097642
26000000 0.066971996875
28000000 0.06015220659
30000000 0.055916503128
35000000 0.047332291734
40000000 0.040568106409
45000000 0.034802392302
50000000 0.030172697775
55000000 0.02622470796
60000000 0.023247499968
65000000 0.020486402064
70000000 0.018159000888
75000000 0.0161539002018
80000000 0.014428000784
90000000 0.0117583005255
100000000 0.0098144701348
110000000 0.008423580628
120000000 0.0073188208716
130000000 0.0064916101832
140000000 0.0057828902625
150000000 0.00524758997
160000000 0.004824039675
180000000 0.0040456900092
200000000 0.003423559509
#Header 
#Target 64 157 0
#Product 65 157 0
#Datapoints 46
1000000 0
1000000 0
2000000 7.29875038689E-10
3000000 1.21612998375E-6
4000000 8.195550835815E-5
5000000 0.00128501993805
6000000 0.0090271109846627
7000000 0.0377892990345
8000000 0.105922999798
9000000 0.2111770032
10000000 0.293177011774
11000000 0.19551602880861
12000000 0.119303984196
13000000 0.081615511336
14000000 0.0630226975158
15000000 0.05533429588
16000000 0.05238729379
17000000 0.050949502966
18000000 0.050167305121
19000000 0.049490197515
20000000 0.048764395736
22000000 0.04720309687
24000000 0.045329898679
26000000 0.042835098824
28000000 0.04031889426
30000000 0.037978897884
35000000 0.032947197894
40000000 0.028156096346
45000000 0.024074908246
50000000 0.020958407415
55000000 0.017979998172
60000000 0.0159934997706
65000000 0.0138813004476
70000000 0.012299899584
75000000 0.010806698588
80000000 0.009628539364
90000000 0.0078306696629
100000000 0.0065325396908
110000000 0.005553549801
120000000 0.0048203895845
130000000 0.0042366993424
140000000 0.00380018925
150000000 0.003426909745
160000000 0.003105700575
180000000 0.0025771995368
200000000 0.0021911802072
#Header 
#Target 64 157 0
#Product 65 158 0
#Datapoints 46
1000000 0
1000000 0
2000000 2.01795011843E-11
3000000 1.939709475E-8
4000000 7.2545812877223E-7
5000000 5.5169801538E-6
6000000 1.7637703225376E-5
7000000 3.52350965025E-5
8000000 6.5820302493E-5
9000000 0.00013600700464
10000000 0.00024019102083
11000000 0.00035522505529202
12000000 0.000466528016002
13000000 0.000564403989992
14000000 0.000635490020682
15000000 0.000660581985424
16000000 0.0006286269444
17000000 0.00056765002534
18000000 0.00050771993255
19000000 0.00045815602005
20000000 0.00041738693892
22000000 0.0003565750275
24000000 0.00031833803079
26000000 0.00029218991543
28000000 0.00027408096813
30000000 0.00026022704608
35000000 0.00022780999332
40000000 0.00020473306001
45000000 0.0001938779627
50000000 0.0001799190801
55000000 0.000169864997088
60000000 0.000159413997336
65000000 0.00014753100564
70000000 0.000143127998496
75000000 0.000134934001852
80000000 0.0001222219992
90000000 0.000113718008435
100000000 0.000106245000108
110000000 8.632379964E-5
120000000 7.317850617E-5
130000000 7.0567688836E-5
140000000 6.7955896125E-5
150000000 6.3030398125E-5
160000000 5.722929675E-5
180000000 4.4374896734E-5
200000000 2.4898799288E-5
