#Header 
#Target 50 132 0
#Product 0 1 0
#Datapoints 45
1000000 0
2000000 4.8762806038E-7
3000000 0.00013482948248
4000000 0.00328327222
5000000 0.03069028086
6000000 0.136553973455
7000000 0.370072584
8000000 0.6974828446
9000000 1.055507067399
10000000 1.370339136
11000000 1.629965745895
12000000 1.84924962
13000000 2.102098712
14000000 2.426452936
15000000 2.77639632
16000000 3.092490125
17000000 3.357191409
18000000 3.55477805
19000000 3.71326029
20000000 3.886338722
22000000 4.27553058
24000000 4.687166085
26000000 4.973832637
28000000 5.127478395
30000000 5.280212769
35000000 5.775905979
40000000 6.108988701
45000000 6.353937366
50000000 6.513263916
55000000 6.618290514
60000000 6.73267728
65000000 6.776796598
70000000 6.856478997
75000000 6.902595196
80000000 6.974162856
90000000 7.1437938
100000000 7.312183417
110000000 7.5099906
120000000 7.71125034
130000000 7.91185024
140000000 8.102497176
150000000 8.294702847
160000000 8.47387026
180000000 8.833698191
200000000 9.224237919
#Header 
#Target 50 132 0
#Product 1 1 0
#Datapoints 45
1000000 0
2000000 0
3000000 1.1805889232E-17
4000000 2.2225978228E-14
5000000 2.30154611E-12
6000000 9.48187607602E-11
7000000 7.98395157E-8
8000000 5.940090916E-6
9000000 8.97250993542E-5
10000000 0.000528023808
11000000 0.001741989134424
12000000 0.00393660858
13000000 0.006899805241
14000000 0.01035969282
15000000 0.0144453276
16000000 0.019553315
17000000 0.0260003328
18000000 0.03386743796
19000000 0.04311785691
20000000 0.05371785132
22000000 0.07835445905
24000000 0.10712622671
26000000 0.1391413564
28000000 0.1726786674
30000000 0.2074248836
35000000 0.299472867
40000000 0.3889394948
45000000 0.4721664738
50000000 0.5452673019
55000000 0.6144679266
60000000 0.6706858284
65000000 0.7249148019
70000000 0.768679311
75000000 0.8092349412
80000000 0.843819768
90000000 0.903080776
100000000 0.9522071363
110000000 0.9932576625
120000000 1.028110737
130000000 1.0589151488
140000000 1.087489996
150000000 1.1147370923
160000000 1.14218136
180000000 1.1945031068
200000000 1.24431411
#Header 
#Target 50 132 0
#Product 1 2 0
#Datapoints 41
1000000 0
6000000 0
7000000 8.629658478E-15
8000000 1.0557390318E-10
9000000 1.701640850034E-8
10000000 7.25242176E-7
11000000 1.975921064167E-5
12000000 0.000181802232
13000000 0.0008413720484
14000000 0.00234433159
15000000 0.004730627025
16000000 0.007812880425
17000000 0.011367515294
18000000 0.01516215746
19000000 0.01902829383
20000000 0.0184428622
22000000 0.02561151665
24000000 0.03243323413
26000000 0.03873816877
28000000 0.04836175356
30000000 0.05258764038
35000000 0.06357334536
40000000 0.07241556725
45000000 0.07958990025
50000000 0.08463109536
55000000 0.09054615042
60000000 0.09321946914
65000000 0.09789487507
70000000 0.09976013151
75000000 0.10363625384
80000000 0.10533595752
90000000 0.10145206344
100000000 0.09827041581
110000000 0.09320661225
120000000 0.08886953718
130000000 0.08521966208
140000000 0.08221815744
150000000 0.07977785171
160000000 0.07799980734
180000000 0.07750360064
200000000 0.08155503213
#Header 
#Target 50 132 0
#Product 1 3 0
#Datapoints 42
1000000 0
5000000 0
6000000 1.958882591194E-16
7000000 9.880142517E-12
8000000 2.1062085162E-9
9000000 4.60623918174E-8
10000000 2.8234446336E-7
11000000 1.276344220604E-6
12000000 7.32623544E-6
13000000 3.991574503E-5
14000000 0.0001449999124
15000000 0.000375347025
16000000 0.000761386675
17000000 0.0012991273057
18000000 0.001963862448
19000000 0.002617919868
20000000 0.00344948779
22000000 0.005214924175
24000000 0.006994139102
26000000 0.00869938516
28000000 0.010331897247
30000000 0.011799190622
35000000 0.014720904927
40000000 0.016506784084
45000000 0.0176822373
50000000 0.01867551195
55000000 0.01955650486
60000000 0.0206520132
65000000 0.02183425298
70000000 0.02321716151
75000000 0.02472214192
80000000 0.0264128688
90000000 0.0302650816
100000000 0.03471268731
110000000 0.03705379425
120000000 0.03940071294
130000000 0.04174080768
140000000 0.04402908328
150000000 0.04628242939
160000000 0.04854258162
180000000 0.05346609063
200000000 0.05924118954
#Header 
#Target 50 132 0
#Product 2 3 0
#Datapoints 29
1000000 0
18000000 0
19000000 2.163728979E-18
20000000 3.154555236E-15
22000000 3.12917598E-11
24000000 1.0817580053E-8
26000000 5.517067098E-7
28000000 8.0987439E-6
30000000 5.528624257E-5
35000000 0.0005587023681
40000000 0.0015530801918
45000000 0.002712163335
50000000 0.003903736359
55000000 0.005058091844
60000000 0.006114278898
65000000 0.007043613055
70000000 0.007893951961
75000000 0.008700238652
80000000 0.009501478848
90000000 0.01113372208
100000000 0.012911535623
110000000 0.0141792975
120000000 0.01543338222
130000000 0.01668461568
140000000 0.01794472936
150000000 0.01921712817
160000000 0.02049705774
180000000 0.02303937853
200000000 0.0254539194
#Header 
#Target 50 132 0
#Product 2 4 0
#Datapoints 45
1000000 0
2000000 0
3000000 3.248605732E-20
4000000 4.767692772E-16
5000000 2.836498374E-13
6000000 2.835636550465E-11
7000000 8.484533127E-10
8000000 9.813993392E-9
9000000 6.59412108273E-8
10000000 2.901566016E-7
11000000 9.9193544791E-7
12000000 3.0330516E-6
13000000 9.073387199E-6
14000000 2.626227086E-5
15000000 6.878016765E-5
16000000 0.0001570814575
17000000 0.0003335706759
18000000 0.000682080828
19000000 0.001420591926
20000000 0.003327263744
22000000 0.00835288533
24000000 0.006470557021
26000000 0.005646700639
28000000 0.005657617104
30000000 0.005912441955
35000000 0.006736269141
40000000 0.007305647758
45000000 0.007912598736
50000000 0.008196377337
55000000 0.008498076572
60000000 0.008680610694
65000000 0.008943934456
70000000 0.009180151075
75000000 0.009500840748
80000000 0.00981212292
90000000 0.010677100408
100000000 0.011643404598
110000000 0.0123746247
120000000 0.013289490462
130000000 0.01421617536
140000000 0.01534866544
150000000 0.01710059457
160000000 0.01995397902
180000000 0.02779815927
200000000 0.03578673579
#Header 
#Target 50 132 0
#Product 46 108 0
#Datapoints 8
1000000 0
120000000 0
130000000 2.99599808E-11
140000000 2.6726101336E-8
150000000 1.6482697125E-6
160000000 1.970540442E-5
180000000 0.000122473004444
200000000 0.00026223904707
#Header 
#Target 50 132 0
#Product 46 109 0
#Datapoints 9
1000000 0
110000000 0
120000000 6.534149826E-14
130000000 1.518783616E-10
140000000 2.1898101968E-8
150000000 4.730350348E-7
160000000 2.2812195762E-6
180000000 8.6197098646E-6
200000000 1.4961497499E-5
#Header 
#Target 50 132 0
#Product 47 109 0
#Datapoints 9
1000000 0
110000000 0
120000000 2.496870108E-12
130000000 4.4363606272E-9
140000000 7.3077105016E-7
150000000 5.8482903589E-6
160000000 1.4615404164E-5
180000000 6.359149492E-5
200000000 0.00012798896799
#Header 
#Target 50 132 0
#Product 47 110 0
#Datapoints 10
1000000 0
100000000 0
110000000 3.08310165E-15
120000000 2.353448724E-10
130000000 1.10005001984E-7
140000000 1.3289593432E-6
150000000 3.9389495499E-6
160000000 7.5233903886E-6
180000000 3.1552993093E-5
200000000 5.7849204855E-5
#Header 
#Target 50 132 0
#Product 47 111 0
#Datapoints 10
1000000 0
100000000 0
110000000 1.630406475E-12
120000000 5.0672201658E-9
130000000 1.4205404032E-7
140000000 6.364039516E-7
150000000 1.313669523E-6
160000000 2.839699827E-6
180000000 7.9592305589E-6
200000000 1.5154300083E-5
#Header 
#Target 50 132 0
#Product 47 112 0
#Datapoints 11
1000000 0
90000000 0
100000000 1.1869298567E-14
110000000 1.92772017E-9
120000000 4.4640604338E-7
130000000 4.2877294848E-6
140000000 1.24516998288E-5
150000000 2.4971402771E-5
160000000 4.7264100624E-5
180000000 0.00010853000653
200000000 0.00014250204423
#Header 
#Target 50 132 0
#Product 47 113 0
#Datapoints 11
1000000 0
90000000 0
100000000 4.809349118E-12
110000000 7.1694198225E-9
120000000 1.6523900604E-7
130000000 6.6767704832E-7
140000000 1.3276404976E-6
150000000 2.2091498384E-6
160000000 3.7026498942E-6
180000000 6.9395807273E-6
200000000 8.2457999793E-6
#Header 
#Target 50 132 0
#Product 47 114 0
#Datapoints 12
1000000 0
80000000 0
90000000 1.454649456E-14
100000000 2.7631305849E-9
110000000 3.907949445E-7
120000000 3.7127303988E-6
130000000 9.9695997312E-6
140000000 1.5232303576E-5
150000000 2.2918096778E-5
160000000 3.2877195822E-5
180000000 4.517569748E-5
200000000 5.3386606143E-5
#Header 
#Target 50 132 0
#Product 47 115 0
#Datapoints 12
1000000 0
80000000 0
90000000 8.6042112E-12
100000000 5.3700296776E-9
110000000 9.9128496825E-8
120000000 3.682769892E-7
130000000 5.4245594368E-7
140000000 7.7140199872E-7
150000000 1.26745994531E-6
160000000 1.7398796166E-6
180000000 2.654209896E-6
200000000 3.9654601116E-6
#Header 
#Target 50 132 0
#Product 47 117 0
#Datapoints 14
1000000 0
70000000 0
75000000 1.42307886E-13
80000000 4.985179344E-11
90000000 3.2233106984E-8
100000000 5.118060094E-7
110000000 1.2783599505E-6
120000000 1.7081102622E-6
130000000 2.486739712E-6
140000000 3.5497202656E-6
150000000 4.8818397067E-6
160000000 5.762369313E-6
180000000 7.9206893984E-6
200000000 1.3514204574E-5
#Header 
#Target 50 132 0
#Product 47 119 0
#Datapoints 16
1000000 0
60000000 0
65000000 1.1616985258E-12
70000000 4.427849104E-10
75000000 1.8094498072E-8
80000000 1.7219902752E-7
90000000 1.16151993984E-6
100000000 1.7509095961E-6
110000000 2.3155900425E-6
120000000 3.7732304178E-6
130000000 5.6442193792E-6
140000000 7.393919172E-6
150000000 9.0317907856E-6
160000000 1.15777998396E-5
180000000 2.4030200586E-5
200000000 5.460439413E-5
#Header 
#Target 50 132 0
#Product 47 120 0
#Datapoints 17
1000000 0
55000000 0
60000000 6.411149598E-13
65000000 2.733126398E-10
70000000 1.04732991202E-8
75000000 7.5667107824E-8
80000000 2.14856064E-7
90000000 4.344830308E-7
100000000 5.8443901369E-7
110000000 9.9239696775E-7
120000000 1.5335596134E-6
130000000 2.0705300608E-6
140000000 2.550040488E-6
150000000 3.2734799448E-6
160000000 4.6628796942E-6
180000000 1.4217101314E-5
200000000 2.7472403322E-5
#Header 
#Target 50 132 0
#Product 47 121 0
#Datapoints 19
1000000 0
45000000 0
50000000 2.481524925E-15
55000000 9.680456168E-12
60000000 1.676149482E-9
65000000 2.9793000909E-8
70000000 1.3686499076E-7
75000000 2.8880101292E-7
80000000 3.8560403808E-7
90000000 4.7674500224E-7
100000000 8.2612601295E-7
110000000 1.384959555E-6
120000000 2.1680702712E-6
130000000 2.7945505152E-6
140000000 3.841069728E-6
150000000 6.563899827E-6
160000000 1.3115603448E-5
180000000 3.8445298392E-5
200000000 7.8800803068E-5
#Header 
#Target 50 132 0
#Product 47 122 0
#Datapoints 20
1000000 0
40000000 0
45000000 5.237720313E-16
50000000 3.680288571E-12
55000000 6.11933725E-10
60000000 8.9442000396E-9
65000000 2.8553495403E-8
70000000 4.3995405259E-8
75000000 4.8936795544E-8
80000000 5.0995809576E-8
90000000 9.2680003624E-8
100000000 2.0502700834E-7
110000000 4.0356097875E-7
120000000 6.0827996676E-7
130000000 8.5405701504E-7
140000000 1.6997105728E-6
150000000 4.479050326E-6
160000000 9.4179704706E-6
180000000 2.5424905359E-5
200000000 4.3026208407E-5
#Header 
#Target 50 132 0
#Product 47 123 0
#Datapoints 21
1000000 0
35000000 0
40000000 1.0250400939E-14
45000000 1.5291292737E-11
50000000 9.809397198E-10
55000000 8.3951698856E-9
60000000 2.1985209372E-8
65000000 3.0493298185E-8
70000000 3.1181295828E-8
75000000 3.5584500056E-8
80000000 5.0253202872E-8
90000000 1.2836299164E-7
100000000 2.8376799542E-7
110000000 4.60062E-7
120000000 6.4950407652E-7
130000000 1.382250112E-6
140000000 4.4824099488E-6
150000000 1.06507996767E-5
160000000 2.0734200432E-5
180000000 4.870409967E-5
200000000 7.1796693696E-5
#Header 
#Target 50 132 0
#Product 47 124 0
#Datapoints 22
1000000 0
30000000 0
35000000 2.237172561E-15
40000000 3.511734015E-12
45000000 2.088599625E-10
50000000 1.412549004E-9
55000000 2.727159718E-9
60000000 3.2832005178E-9
65000000 3.2845596046E-9
70000000 4.800199081E-9
75000000 1.05175002828E-8
80000000 1.9003598568E-8
90000000 5.4973898408E-8
100000000 1.113859915E-7
110000000 1.54794942E-7
120000000 3.7653594372E-7
130000000 1.686899392E-6
140000000 5.2177902152E-6
150000000 1.08120000392E-5
160000000 1.7374594842E-5
180000000 3.3185797414E-5
200000000 4.9994694906E-5
#Header 
#Target 50 132 0
#Product 48 110 0
#Datapoints 8
1000000 0
120000000 0
130000000 1.98557632E-11
140000000 1.8206695928E-7
150000000 1.9575200666E-5
160000000 0.00028796395824
180000000 0.001874410417
200000000 0.0042311701146
#Header 
#Target 50 132 0
#Product 48 111 0
#Datapoints 9
1000000 0
110000000 0
120000000 4.330208088E-15
130000000 3.2021997952E-9
140000000 9.0865894176E-7
150000000 2.1707403772E-5
160000000 0.00010589498775
180000000 0.0003977919419
200000000 0.00069446493753
#Header 
#Target 50 132 0
#Product 48 112 0
#Datapoints 9
1000000 0
110000000 0
120000000 5.245882962E-10
130000000 6.7229804032E-7
140000000 4.2217401808E-5
150000000 0.00033069099284
160000000 0.00104166990504
180000000 0.0031617506168
200000000 0.0040628499171
#Header 
#Target 50 132 0
#Product 48 113 0
#Datapoints 10
1000000 0
100000000 0
110000000 7.7748282E-13
120000000 1.20081998742E-8
130000000 1.5535696E-6
140000000 1.8140105248E-5
150000000 7.0093291799E-5
160000000 0.0001469530134
180000000 0.00030297994625
200000000 0.0003765290373
#Header 
#Target 50 132 0
#Product 48 114 0
#Datapoints 11
1000000 0
90000000 0
100000000 4.225720555E-15
110000000 4.36254066E-9
120000000 1.8025096368E-6
130000000 4.5315702016E-5
140000000 0.00026694900328
150000000 0.00068706093183
160000000 0.0011828699937
180000000 0.0017634096523
200000000 0.001957390149
#Header 
#Target 50 132 0
#Product 48 115 0
#Datapoints 11
1000000 0
90000000 0
100000000 1.598878722E-11
110000000 2.903570415E-8
120000000 1.4325399636E-6
130000000 1.0754900736E-5
140000000 3.2140396952E-5
150000000 6.3185493605E-5
160000000 8.9768199546E-5
180000000 0.000117510992084
200000000 0.00014779198629
#Header 
#Target 50 132 0
#Product 48 116 0
#Datapoints 12
1000000 0
80000000 0
90000000 4.839146E-13
100000000 1.3795999882E-8
110000000 2.4865596225E-6
120000000 3.5202198354E-5
130000000 0.00014349294208
140000000 0.00032200996416
150000000 0.00047965597623
160000000 0.00056321502912
180000000 0.0007051569252
200000000 0.00082040604516
#Header 
#Target 50 132 0
#Product 48 117 0
#Datapoints 12
1000000 0
80000000 0
90000000 3.228154904E-11
100000000 3.8636798704E-8
110000000 9.803259675E-7
120000000 5.1858491028E-6
130000000 1.3371595136E-5
140000000 2.2212199896E-5
150000000 2.9125496172E-5
160000000 3.4415897832E-5
180000000 5.1328195233E-5
200000000 8.2865594838E-5
#Header 
#Target 50 132 0
#Product 48 118 0
#Datapoints 13
1000000 0
75000000 0
80000000 3.429604152E-12
90000000 6.5305110104E-8
100000000 4.8963104911E-6
110000000 4.1605896375E-5
120000000 0.000128151009936
130000000 0.00022185099136
140000000 0.0002782809604
150000000 0.00032711895896
160000000 0.00039682903392
180000000 0.00062851600945
200000000 0.00100640001501
#Header 
#Target 50 132 0
#Product 48 119 0
#Datapoints 14
1000000 0
70000000 0
75000000 2.950088148E-12
80000000 1.0369890216E-9
90000000 6.0202503504E-7
100000000 9.5106901771E-6
110000000 3.8974896225E-5
120000000 7.5751195878E-5
130000000 9.981889856E-5
140000000 0.000115911991112
150000000 0.00013986299424
160000000 0.00018196405182
180000000 0.00032673903141
200000000 0.00049129096692
#Header 
#Target 50 132 0
#Product 48 120 0
#Datapoints 16
1000000 0
60000000 0
65000000 2.255951389E-14
70000000 7.884280133E-11
75000000 1.21014993764E-8
80000000 2.81380068E-7
90000000 7.4185792304E-6
100000000 4.2024898853E-5
110000000 9.4937293575E-5
120000000 0.000131249991924
130000000 0.00015617199488
140000000 0.00020831302416
150000000 0.00030115001192
160000000 0.00047344098744
180000000 0.00087639598656
200000000 0.0013700202789
#Header 
#Target 50 132 0
#Product 48 121 0
#Datapoints 17
1000000 0
55000000 0
60000000 1.5571194534E-14
65000000 1.026140042E-10
70000000 1.6754501484E-8
75000000 2.7040406988E-7
80000000 1.47519002088E-6
90000000 1.2908499656E-5
100000000 3.8833399444E-5
110000000 5.643349425E-5
120000000 6.5962095324E-5
130000000 8.7183695744E-5
140000000 0.00014160096368
150000000 0.00024766203816
160000000 0.00038068493382
180000000 0.0007102550015
200000000 0.00101698002042
#Header 
#Target 50 132 0
#Product 48 122 0
#Datapoints 18
1000000 0
50000000 0
55000000 1.106119199E-12
60000000 1.2427994418E-9
65000000 6.0203796946E-8
70000000 5.078649161E-7
75000000 2.1162301328E-6
80000000 6.6918796056E-6
90000000 2.7416194312E-5
100000000 4.5113893055E-5
110000000 5.247569835E-5
120000000 7.2126299658E-5
130000000 0.0001548269632
140000000 0.0003179889764
150000000 0.00055499498664
160000000 0.00081007799742
180000000 0.0013559302542
200000000 0.0017784801216
#Header 
#Target 50 132 0
#Product 48 123 0
#Datapoints 19
1000000 0
45000000 0
50000000 1.163569473E-12
55000000 6.207355502E-10
60000000 1.35330999762E-8
65000000 6.9088705093E-8
70000000 2.7615594704E-7
75000000 8.7692408216E-7
80000000 1.8324900216E-6
90000000 3.4315999744E-6
100000000 4.1498098873E-6
110000000 7.328960595E-6
120000000 2.450099637E-5
130000000 6.5217701504E-5
140000000 0.00012236300052
150000000 0.00018912799779
160000000 0.0002622380013
180000000 0.00038207100068
200000000 0.00048551695647
#Header 
#Target 50 132 0
#Product 48 124 0
#Datapoints 21
1000000 0
35000000 0
40000000 3.486996834E-15
45000000 2.973405624E-11
50000000 3.7030394994E-9
55000000 4.4638894492E-8
60000000 2.6107207308E-7
65000000 1.25972996479E-6
70000000 3.7250999339E-6
75000000 6.7071011672E-6
80000000 9.0160197984E-6
90000000 1.05626999608E-5
100000000 1.5259395662E-5
110000000 6.6218197725E-5
120000000 0.00020677894914
130000000 0.0004198899648
140000000 0.00068408002552
150000000 0.00094348396206
160000000 0.00115896001932
180000000 0.0015915999126
200000000 0.0019273296354
#Header 
#Target 50 132 0
#Product 48 125 0
#Datapoints 22
1000000 0
30000000 0
35000000 7.682526279E-15
40000000 3.035638679E-11
45000000 1.6758493689E-9
50000000 1.6917097083E-8
55000000 1.61020001912E-7
60000000 7.9484002038E-7
65000000 1.8164207257E-6
70000000 2.5596893228E-6
75000000 2.911839448E-6
80000000 3.0472301088E-6
90000000 4.4148898664E-6
100000000 3.4263599468E-5
110000000 0.00014489002125
120000000 0.00032449195602
130000000 0.00052822500224
140000000 0.00072802196384
150000000 0.0009292400488
160000000 0.00109258997022
180000000 0.0013352798967
200000000 0.0015505095021
#Header 
#Target 50 132 0
#Product 48 126 0
#Datapoints 23
1000000 0
28000000 0
30000000 3.675528138E-14
35000000 9.727487784E-12
40000000 2.619204579E-10
45000000 6.8155001166E-9
50000000 8.9322909336E-8
55000000 3.3754708726E-7
60000000 5.8588093242E-7
65000000 7.0494295504E-7
70000000 7.245030826E-7
75000000 7.2564994348E-7
80000000 1.0265599476E-6
90000000 1.6858601656E-5
100000000 9.6532594648E-5
110000000 0.00024231501225
120000000 0.0004062649827
130000000 0.00057719802496
140000000 0.00071464910288
150000000 0.00083347495543
160000000 0.00094297607298
180000000 0.00110597005453
200000000 0.00120623002032
#Header 
#Target 50 132 0
#Product 48 127 0
#Datapoints 23
1000000 0
28000000 0
30000000 2.009660558E-14
35000000 3.693487707E-11
40000000 3.4009293624E-9
45000000 3.1641503418E-8
50000000 8.5139895996E-8
55000000 1.15239003528E-7
60000000 1.20438007536E-7
65000000 1.14707005553E-7
70000000 1.32255995094E-7
75000000 7.3151600648E-7
80000000 5.2851104208E-6
90000000 4.9922104648E-5
100000000 0.00014103402999
110000000 0.000248742018
120000000 0.00034923402552
130000000 0.00044258595712
140000000 0.00051504396104
150000000 0.0005757009735
160000000 0.00062630401968
180000000 0.00070353107224
200000000 0.00075702595566
#Header 
#Target 50 132 0
#Product 48 128 0
#Datapoints 26
1000000 0
22000000 0
24000000 4.977026591E-15
26000000 3.086004111E-13
28000000 7.225503969E-12
30000000 7.785485878E-11
35000000 2.4896407284E-9
40000000 1.03759997863E-8
45000000 1.62966003984E-8
50000000 1.7676596835E-8
55000000 1.7292305632E-8
60000000 1.7154796764E-8
65000000 1.12150989404E-7
70000000 1.8028302793E-6
75000000 9.9269797396E-6
80000000 2.8173895632E-5
90000000 8.9429196168E-5
100000000 0.00015896097987
110000000 0.00022753401075
120000000 0.00028586101128
130000000 0.00032790005504
140000000 0.00036753996376
150000000 0.00039549603086
160000000 0.00042331194468
180000000 0.00045748301952
200000000 0.00048256002756
#Header 
#Target 50 132 0
#Product 48 129 0
#Datapoints 20
1000000 0
40000000 0
45000000 5.8158513E-13
50000000 5.126623326E-11
55000000 1.9539405464E-9
60000000 1.8393392262E-7
65000000 2.4053604612E-6
70000000 1.05020004238E-5
75000000 2.4692497284E-5
80000000 4.1765896512E-5
90000000 7.570289168E-5
100000000 0.00010532399472
110000000 0.000127406004525
120000000 0.00014344596822
130000000 0.0001576760256
140000000 0.00016995095688
150000000 0.00017702605232
160000000 0.0001829729871
180000000 0.00019483096814
200000000 0.00020101100604
#Header 
#Target 50 132 0
#Product 48 130 0
#Datapoints 20
1000000 0
40000000 0
45000000 1.1630694453E-14
50000000 1.69747605E-10
55000000 4.0770794546E-8
60000000 7.5231396912E-7
65000000 3.4484002883E-6
70000000 8.1201695495E-6
75000000 1.36837004024E-5
80000000 1.9112204016E-5
90000000 2.7242794592E-5
100000000 3.2995102805E-5
110000000 3.6382298625E-5
120000000 3.993679671E-5
130000000 4.1713701376E-5
140000000 4.260240876E-5
150000000 4.4879995822E-5
160000000 4.4757698958E-5
180000000 4.5841497108E-5
200000000 4.8069604284E-5
#Header 
#Target 50 132 0
#Product 49 111 0
#Datapoints 8
1000000 0
120000000 0
130000000 3.747327872E-10
140000000 2.2631403464E-5
150000000 0.0002990549504
160000000 0.00101306994624
180000000 0.0024077106839
200000000 0.0048027904782
#Header 
#Target 50 132 0
#Product 49 112 0
#Datapoints 8
1000000 0
120000000 0
130000000 1.00066995072E-6
140000000 2.0920003536E-5
150000000 8.9775098786E-5
160000000 0.0001436780115
180000000 0.00044224694499
200000000 0.00069702900813
#Header 
#Target 50 132 0
#Product 49 113 0
#Datapoints 9
1000000 0
110000000 0
120000000 2.638309977E-6
130000000 0.000110325992832
140000000 0.00064173107632
150000000 0.0013000500894
160000000 0.0021402500184
180000000 0.0048210799979
200000000 0.0080709204186
#Header 
#Target 50 132 0
#Product 49 114 0
#Datapoints 10
1000000 0
100000000 0
110000000 2.97232992E-8
120000000 4.2595694292E-6
130000000 3.9891593472E-5
140000000 0.000111689999352
150000000 0.00018307900611
160000000 0.00028025499114
180000000 0.00060381904617
200000000 0.00080564893344
#Header 
#Target 50 132 0
#Product 49 115 0
#Datapoints 11
1000000 0
90000000 0
100000000 1.518930567E-8
110000000 1.14328001025E-5
120000000 0.00021242297556
130000000 0.00099531803776
140000000 0.0017652002696
150000000 0.0022683399275
160000000 0.003296490354
180000000 0.0059646900054
200000000 0.0062077398513
#Header 
#Target 50 132 0
#Product 49 116 0
#Datapoints 12
1000000 0
80000000 0
90000000 2.096539224E-12
100000000 1.00520003605E-7
110000000 5.288289165E-6
120000000 4.8398591196E-5
130000000 9.2256503424E-5
140000000 9.8251299856E-5
150000000 0.0001496629538
160000000 0.00026102995398
180000000 0.00038040403221
200000000 0.00049130806881
#Header 
#Target 50 132 0
#Product 49 117 0
#Datapoints 12
1000000 0
80000000 0
90000000 1.15693998992E-7
100000000 2.937310684E-5
110000000 0.00058216907025
120000000 0.0016084904352
130000000 0.00187759936
140000000 0.0025333299232
150000000 0.0038818095332
160000000 0.0047919794994
180000000 0.0063023199551
200000000 0.0073365798168
#Header 
#Target 50 132 0
#Product 49 118 0
#Datapoints 14
1000000 0
70000000 0
75000000 1.56796948E-14
80000000 1.914225048E-10
90000000 5.9047396824E-7
100000000 3.2464097988E-5
110000000 0.00012204799785
120000000 0.00015223905858
130000000 0.0001932550272
140000000 0.00027775005048
150000000 0.00040553997971
160000000 0.00053123697936
180000000 0.00079778300797
200000000 0.00089669199711
#Header 
#Target 50 132 0
#Product 49 119 0
#Datapoints 15
1000000 0
65000000 0
70000000 8.126707274E-12
75000000 6.3239597736E-9
80000000 6.8470496208E-7
90000000 0.00016179993648
100000000 0.00122708000296
110000000 0.0019197198675
120000000 0.002294500332
130000000 0.003089090304
140000000 0.0043624300128
150000000 0.0056368491635
160000000 0.0068841902682
180000000 0.0072667996866
200000000 0.0082515794478
#Header 
#Target 50 132 0
#Product 49 120 0
#Datapoints 16
1000000 0
60000000 0
65000000 4.248813639E-12
70000000 4.1327798049E-9
75000000 7.876460116E-7
80000000 1.8955294704E-5
90000000 0.0002767579516
100000000 0.00049826699678
110000000 0.00053824509
120000000 0.00071490804288
130000000 0.00112939997696
140000000 0.0016201804224
150000000 0.0019661600226
160000000 0.0023960294964
180000000 0.0030665194405
200000000 0.0033138405027
#Header 
#Target 50 132 0
#Product 49 121 0
#Datapoints 18
1000000 0
50000000 0
55000000 2.645250702E-15
60000000 1.4559287274E-10
65000000 1.895090627E-7
70000000 1.6154801945E-5
75000000 0.00017618699392
80000000 0.00065403193392
90000000 0.0018149103232
100000000 0.0020896802346
110000000 0.00268549938
120000000 0.0039498606498
130000000 0.0051997801472
140000000 0.0063100705904
150000000 0.0078078898942
160000000 0.0085380100776
180000000 0.0100563006004
200000000 0.0105791988315
#Header 
#Target 50 132 0
#Product 49 122 0
#Datapoints 19
1000000 0
45000000 0
50000000 5.306360901E-16
55000000 1.4904790344E-10
60000000 2.0352102162E-7
65000000 9.4395596891E-6
70000000 6.4899398173E-5
75000000 0.00015505204988
80000000 0.000222308064
90000000 0.00023059401664
100000000 0.00030848498359
110000000 0.000488521062
120000000 0.00080972306544
130000000 0.00122335008384
140000000 0.0016206096632
150000000 0.0019194096808
160000000 0.0022902099012
180000000 0.0025681895817
200000000 0.0028986502779
#Header 
#Target 50 132 0
#Product 49 123 0
#Datapoints 20
1000000 0
40000000 0
45000000 6.146192976E-12
50000000 1.08298005747E-7
55000000 1.8043806308E-5
60000000 0.00023989794948
65000000 0.00086715003983
70000000 0.0015899006736
75000000 0.0019676403712
80000000 0.002031050052
90000000 0.0024359097256
100000000 0.0037018302097
110000000 0.00543163032
120000000 0.0072548798958
130000000 0.0093945202432
140000000 0.0108297985528
150000000 0.0123442003783
160000000 0.01313010153
180000000 0.014848094749
200000000 0.016328399412
#Header 
#Target 50 132 0
#Product 49 124 0
#Datapoints 21
1000000 0
35000000 0
40000000 1.733560408E-11
45000000 2.324489496E-7
50000000 2.5271905518E-5
55000000 0.00018673203074
60000000 0.00041101899636
65000000 0.00051285201988
70000000 0.00052039794188
75000000 0.0005140110248
80000000 0.00057302392464
90000000 0.00089336504296
100000000 0.0016548297738
110000000 0.0027455393925
120000000 0.0039971899752
130000000 0.0048528695552
140000000 0.00575750022
150000000 0.0062169698068
160000000 0.0067183695594
180000000 0.0078600409344
200000000 0.0079932390252
#Header 
#Target 50 132 0
#Product 49 125 0
#Datapoints 23
1000000 0
28000000 0
30000000 6.045249786E-14
35000000 5.0490799092E-8
40000000 2.925590576E-5
45000000 0.00042772801512
50000000 0.00132852009093
55000000 0.0020200301968
60000000 0.0021770698404
65000000 0.0020839701175
70000000 0.0021102804423
75000000 0.0024386492536
80000000 0.0029375202744
90000000 0.0048450903072
100000000 0.0076626010321
110000000 0.0105337000575
120000000 0.0129467998692
130000000 0.014765499904
140000000 0.01637579588
150000000 0.017416093555
160000000 0.018556800498
180000000 0.019453402279
200000000 0.020901396282
#Header 
#Target 50 132 0
#Product 49 126 0
#Datapoints 26
1000000 0
22000000 0
24000000 1.80846358E-14
26000000 4.44589703E-11
28000000 7.6643704875E-9
30000000 3.0241790787E-7
35000000 9.6673806315E-5
40000000 0.00077167196468
45000000 0.00144815011383
50000000 0.00153132991107
55000000 0.00137800008026
60000000 0.00124096998606
65000000 0.00138836002219
70000000 0.0016553995865
75000000 0.002044669466
80000000 0.0027947995704
90000000 0.0049906506624
100000000 0.0073328602459
110000000 0.009235390545
120000000 0.01048040076
130000000 0.0117434001408
140000000 0.0122707002656
150000000 0.013163701483
160000000 0.013535694522
180000000 0.014234399461
200000000 0.014248203138
#Header 
#Target 50 132 0
#Product 49 127 0
#Datapoints 32
1000000 0
15000000 0
16000000 2.69672075E-15
17000000 4.197618833E-13
18000000 2.995108512E-11
19000000 6.499736706E-10
20000000 1.29017001372E-8
22000000 1.2354699387E-6
24000000 1.888439824E-5
26000000 0.000128958999197
28000000 0.00041380104156
30000000 0.00086215700008
35000000 0.0019285505532
40000000 0.0021268600176
45000000 0.0018248700225
50000000 0.00147445995972
55000000 0.00155003002446
60000000 0.001850340156
65000000 0.0023115996203
70000000 0.0031979791475
75000000 0.004548580848
80000000 0.0061743590712
90000000 0.0093179993296
100000000 0.011779000044
110000000 0.0134327000475
120000000 0.014892005454
130000000 0.015372398976
140000000 0.01622309768
150000000 0.016364996896
160000000 0.016807794282
180000000 0.016797500844
200000000 0.017020201185
#Header 
#Target 50 132 0
#Product 49 128 0
#Datapoints 37
1000000 0
10000000 0
11000000 2.569505713624E-13
12000000 2.08119828E-11
13000000 6.555537965E-10
14000000 9.403949947E-9
15000000 9.739890189E-8
16000000 6.667969835E-7
17000000 4.1329604533E-6
18000000 2.2006895564E-5
19000000 9.673890411E-5
20000000 0.0003940200166
22000000 0.0019656098195
24000000 0.002275479702
26000000 0.0023332097648
28000000 0.0023637704877
30000000 0.0022416796637
35000000 0.0017017896258
40000000 0.00115336003111
45000000 0.00099455205507
50000000 0.00125496983754
55000000 0.00155035989088
60000000 0.0020637193542
65000000 0.0030538903017
70000000 0.0043562298337
75000000 0.0057014405952
80000000 0.0068083200864
90000000 0.0087433400808
100000000 0.0101561003117
110000000 0.0111771006075
120000000 0.011631600522
130000000 0.012100400448
140000000 0.0120971002432
150000000 0.0122541991325
160000000 0.0119125995426
180000000 0.0120285992681
200000000 0.0117724995804
#Header 
#Target 50 132 0
#Product 49 129 0
#Datapoints 45
1000000 0
2000000 0
3000000 3.1582899E-20
4000000 3.394291808E-16
5000000 2.29673313E-13
6000000 2.237005209945E-11
7000000 6.7072207482E-10
8000000 7.87748037E-9
9000000 5.3862809025615E-8
10000000 2.4179400576E-7
11000000 8.453649105796E-7
12000000 2.643250116E-6
13000000 8.0462392148E-6
14000000 2.3523103306E-5
15000000 6.1934200065E-5
16000000 0.00014165699325
17000000 0.00029865603629
18000000 0.00059554797046
19000000 0.00117456989805
20000000 0.0025159196972
22000000 0.0048409695435
24000000 0.0026603493627
26000000 0.0016019401866
28000000 0.00114783004965
30000000 0.00087580994852
35000000 0.00062014201254
40000000 0.00113385996517
45000000 0.0019078801854
50000000 0.0027424498398
55000000 0.0043314790318
60000000 0.0066182093502
65000000 0.0089888392413
70000000 0.0110994005935
75000000 0.0130532997196
80000000 0.0148557006072
90000000 0.017291298648
100000000 0.018910305155
110000000 0.01972839735
120000000 0.019773195618
130000000 0.019821300224
140000000 0.019881798424
150000000 0.0194808002
160000000 0.019213201476
180000000 0.018624498781
200000000 0.017796493572
#Header 
#Target 50 132 0
#Product 49 130 0
#Datapoints 28
1000000 0
19000000 0
20000000 1.2278295071E-15
22000000 1.3920190995E-11
24000000 5.0906404406E-9
26000000 2.9812804832E-7
28000000 4.9749597525E-6
30000000 3.4157209021E-5
35000000 0.00023439498894
40000000 0.0004070170484
45000000 0.00075099200337
50000000 0.0013598199771
55000000 0.0020497601958
60000000 0.0027024402468
65000000 0.0032328798707
70000000 0.0037350998032
75000000 0.004131639722
80000000 0.0044155097136
90000000 0.0048831804216
100000000 0.0051427603472
110000000 0.0051952405275
120000000 0.0052096205658
130000000 0.0051159602304
140000000 0.005020600104
150000000 0.0048454100224
160000000 0.0047647006452
180000000 0.0044718302865
200000000 0.0041632404372
#Header 
#Target 50 132 0
#Product 49 131 0
#Datapoints 27
1000000 0
20000000 0
22000000 7.06496391E-15
24000000 2.320058375E-12
26000000 7.049439735E-11
28000000 7.344587211E-10
30000000 2.3586696608E-8
35000000 2.0758892922E-5
40000000 0.00029995997088
45000000 0.00086685007458
50000000 0.00147654000249
55000000 0.0020419297068
60000000 0.0025206200754
65000000 0.0028968699835
70000000 0.003189269882
75000000 0.0035028704788
80000000 0.0036578305944
90000000 0.0039137003464
100000000 0.0040608796942
110000000 0.00408014055
120000000 0.0039967600872
130000000 0.0039244694144
140000000 0.0038604102032
150000000 0.003662830104
160000000 0.0035782793154
180000000 0.0033873401844
200000000 0.0031083000429
#Header 
#Target 50 132 0
#Product 50 112 0
#Datapoints 6
1000000 0
140000000 0
150000000 1.942609752E-7
160000000 8.3045102022E-5
180000000 0.0045916603909
200000000 0.0029308600503
#Header 
#Target 50 132 0
#Product 50 113 0
#Datapoints 7
1000000 0
130000000 0
140000000 6.2896200544E-9
150000000 3.2923702628E-6
160000000 8.4733806816E-5
180000000 0.000115794993677
200000000 0.00015170904684
#Header 
#Target 50 132 0
#Product 50 114 0
#Datapoints 8
1000000 0
120000000 0
130000000 2.5100002432E-8
140000000 2.4799704936E-5
150000000 0.00116724003439
160000000 0.0040523804766
180000000 0.0054244902349
200000000 0.0065516200464
#Header 
#Target 50 132 0
#Product 50 115 0
#Datapoints 9
1000000 0
110000000 0
120000000 3.4645600866E-9
130000000 9.3155995008E-6
140000000 0.00046727996408
150000000 0.0029318898264
160000000 0.0053541593478
180000000 0.0087553391902
200000000 0.009128370303
#Header 
#Target 50 132 0
#Product 50 116 0
#Datapoints 10
1000000 0
100000000 0
110000000 3.137658525E-10
120000000 3.9342194436E-6
130000000 0.00029046896512
140000000 0.0023929604008
150000000 0.0059184094811
160000000 0.0094428304542
180000000 0.013127997138
200000000 0.013971104004
#Header 
#Target 50 132 0
#Product 50 117 0
#Datapoints 11
1000000 0
90000000 0
100000000 1.673243866E-13
110000000 2.38741983E-7
120000000 2.6767298736E-5
130000000 0.0002574129856
140000000 0.0007902679748
150000000 0.0015509794624
160000000 0.0020998004958
180000000 0.0026167997207
200000000 0.0031237899888
#Header 
#Target 50 132 0
#Product 50 118 0
#Datapoints 11
1000000 0
90000000 0
100000000 2.1779297785E-7
110000000 8.1923495625E-5
120000000 0.00129810001464
130000000 0.005288979136
140000000 0.0116620005008
150000000 0.016358504148
160000000 0.018076496328
180000000 0.02162540009
200000000 0.020950700667
#Header 
#Target 50 132 0
#Product 50 119 0
#Datapoints 12
1000000 0
80000000 0
90000000 5.3955299736E-9
100000000 1.5647295391E-5
110000000 0.00046647994725
120000000 0.0024805504848
130000000 0.0065671798016
140000000 0.0101653000776
150000000 0.0116493996563
160000000 0.013123994418
180000000 0.014177097034
200000000 0.0120831002253
#Header 
#Target 50 132 0
#Product 50 120 0
#Datapoints 13
1000000 0
75000000 0
80000000 4.937307696E-10
90000000 1.14149997E-5
100000000 0.00063922199271
110000000 0.0044448096825
120000000 0.01343460453
130000000 0.022495700992
140000000 0.027468700888
150000000 0.031446896421
160000000 0.033393801978
180000000 0.029668396401
200000000 0.030064504041
#Header 
#Target 50 132 0
#Product 50 121 0
#Datapoints 15
1000000 0
65000000 0
70000000 4.332178092E-14
75000000 1.4324994012E-9
80000000 3.6906805008E-7
90000000 4.8582799616E-5
100000000 0.00042703101091
110000000 0.001521759375
120000000 0.0029062605108
130000000 0.0040498492544
140000000 0.004775900428
150000000 0.0050923299957
160000000 0.0048182299866
180000000 0.0049561500044
200000000 0.0049698298533
#Header 
#Target 50 132 0
#Product 50 122 0
#Datapoints 16
1000000 0
60000000 0
65000000 1.0482596384E-10
70000000 2.8213199707E-7
75000000 2.3573802336E-5
80000000 0.00028125696096
90000000 0.003700020428
100000000 0.016061197607
110000000 0.0312572052
120000000 0.04085400306
130000000 0.046002496128
140000000 0.046123895096
150000000 0.043935505484
160000000 0.043219400724
180000000 0.04163309624
200000000 0.037394507514
#Header 
#Target 50 132 0
#Product 50 123 0
#Datapoints 17
1000000 0
55000000 0
60000000 4.6824102276E-9
65000000 4.590019846E-6
70000000 0.00012039300522
75000000 0.0007325360728
80000000 0.0024389993592
90000000 0.0129642000696
100000000 0.028866895092
110000000 0.039909898125
120000000 0.044261093838
130000000 0.044687800832
140000000 0.043569199096
150000000 0.044012102017
160000000 0.042620298084
180000000 0.039467901626
200000000 0.037319999067
#Header 
#Target 50 132 0
#Product 50 124 0
#Datapoints 19
1000000 0
45000000 0
50000000 2.899957275E-11
55000000 6.763110115E-7
60000000 6.8055307824E-5
65000000 0.00068256792773
70000000 0.0026229304491
75000000 0.00731353014
80000000 0.017344500192
90000000 0.04355730132
100000000 0.061332807207
110000000 0.066430907775
120000000 0.066479196852
130000000 0.064582193152
140000000 0.06388899172
150000000 0.061376905419
160000000 0.060501303738
180000000 0.056547198051
200000000 0.055804607196
#Header 
#Target 50 132 0
#Product 50 125 0
#Datapoints 20
1000000 0
40000000 0
45000000 4.6302505956E-9
50000000 1.41719990823E-5
55000000 0.00033150104468
60000000 0.00156699004602
65000000 0.004969110012
70000000 0.013174200212
75000000 0.026065299932
80000000 0.038837007144
90000000 0.05579170324
100000000 0.060819001439
110000000 0.061160796
120000000 0.05999980401
130000000 0.058494204288
140000000 0.05616110116
150000000 0.05498590696
160000000 0.053027700192
180000000 0.051561998025
200000000 0.049338794973
#Header 
#Target 50 132 0
#Product 50 126 0
#Datapoints 22
1000000 0
30000000 0
35000000 7.095478383E-12
40000000 3.1541000781E-6
45000000 0.00026845202748
50000000 0.0017484298101
55000000 0.0059833695764
60000000 0.018317606664
65000000 0.039958900551
70000000 0.063044501733
75000000 0.080813201532
80000000 0.092496191328
90000000 0.098412805088
100000000 0.100430000405
110000000 0.096954594075
120000000 0.09376670037
130000000 0.090280195456
140000000 0.088717602328
150000000 0.084705591822
160000000 0.083114904798
180000000 0.079511000594
200000000 0.075495201795
#Header 
#Target 50 132 0
#Product 50 127 0
#Datapoints 24
1000000 0
26000000 0
28000000 4.907156871E-14
30000000 3.6860201019E-9
35000000 7.3922009049E-5
40000000 0.00109545014107
45000000 0.0039171898752
50000000 0.0132936006726
55000000 0.034183001726
60000000 0.057842207598
65000000 0.074877997336
70000000 0.083542508886
75000000 0.089420401168
80000000 0.091715698656
90000000 0.090835692688
100000000 0.088651295684
110000000 0.084471294825
120000000 0.080896001424
130000000 0.0783455904
140000000 0.075088701176
150000000 0.071971894303
160000000 0.069924299958
180000000 0.064416607889
200000000 0.06110529555
#Header 
#Target 50 132 0
#Product 50 128 0
#Datapoints 28
1000000 0
19000000 0
20000000 1.712725812E-13
22000000 1.602749609E-8
24000000 3.9467193593E-6
26000000 7.4165387089E-5
28000000 0.00036836697675
30000000 0.00095504194817
35000000 0.0032112396594
40000000 0.0093542297785
45000000 0.026670396669
50000000 0.048869999751
55000000 0.065449295798
60000000 0.075661501272
65000000 0.08139350581
70000000 0.084705700213
75000000 0.08621249406
80000000 0.08656109064
90000000 0.0850731986
100000000 0.08106630413
110000000 0.0782262963
120000000 0.074750295708
130000000 0.07068199488
140000000 0.067441095504
150000000 0.065177591389
160000000 0.062485294968
180000000 0.05871850443
200000000 0.054212396979
#Header 
#Target 50 132 0
#Product 50 129 0
#Datapoints 34
1000000 0
13000000 0
14000000 4.35413178E-14
15000000 2.38506021E-10
16000000 5.29701973E-8
17000000 1.4333204296E-6
18000000 1.5887206874E-5
19000000 7.394219913E-5
20000000 0.00023217105975
22000000 0.00085954993805
24000000 0.0018665500637
26000000 0.0030162300738
28000000 0.0043208798298
30000000 0.0062964000623
35000000 0.022101008598
40000000 0.053905005141
45000000 0.079039699893
50000000 0.091704501807
55000000 0.09672900433
60000000 0.098226300942
65000000 0.098009607556
70000000 0.097119907278
75000000 0.094961009388
80000000 0.091820399256
90000000 0.086115895424
100000000 0.079535209068
110000000 0.073388604375
120000000 0.068353898118
130000000 0.064320899456
140000000 0.059731606536
150000000 0.057210401667
160000000 0.053454794256
180000000 0.048724299362
200000000 0.045122196639
#Header 
#Target 50 132 0
#Product 50 130 0
#Datapoints 41
1000000 0
6000000 0
7000000 9.880024959E-12
8000000 2.10618989202E-9
9000000 4.6060207810599E-8
10000000 2.81882987136E-7
11000000 1.1722698295379E-6
12000000 5.546369772E-6
13000000 2.74806946E-5
14000000 0.000100133005592
15000000 0.0002639070081
16000000 0.00055155605225
17000000 0.00101866993985
18000000 0.0017594295304
19000000 0.0027681394479
20000000 0.0042086205735
22000000 0.008936720007
24000000 0.017476105649
26000000 0.030010297707
28000000 0.045092700285
30000000 0.060785493847
35000000 0.092809596168
40000000 0.109292001357
45000000 0.117359995389
50000000 0.120345991452
55000000 0.119018002368
60000000 0.117113994858
65000000 0.115291990886
70000000 0.111327006357
75000000 0.107276000132
80000000 0.104080012344
90000000 0.094332497896
100000000 0.086509894548
110000000 0.080316105975
120000000 0.074116694532
130000000 0.068349297024
140000000 0.065039006928
150000000 0.060236303417
160000000 0.0578017962
180000000 0.052022800412
200000000 0.046952001837
#Header 
#Target 50 132 0
#Product 50 131 0
#Datapoints 41
1000000 0
6000000 0
7000000 8.497366542E-15
8000000 9.387536188E-11
9000000 3.9467203240074E-8
10000000 1.77216989184E-6
11000000 3.0845605412571E-5
12000000 0.0002355229848
13000000 0.00101831991685
14000000 0.0028199296578
15000000 0.0058217702355
16000000 0.009933660365
17000000 0.014913797665
18000000 0.02045090457
19000000 0.026331002115
20000000 0.027985404559
22000000 0.03968070126
24000000 0.049672293486
26000000 0.056938204836
28000000 0.065214900243
30000000 0.067076895661
35000000 0.069099610968
40000000 0.067200700721
45000000 0.063648104793
50000000 0.05853450963
55000000 0.057748005826
60000000 0.052737304998
65000000 0.050119303182
70000000 0.045379400723
75000000 0.042844103316
80000000 0.038706492816
90000000 0.033257198936
100000000 0.028740103084
110000000 0.024945393375
120000000 0.02205070194
130000000 0.019810898048
140000000 0.01797779776
150000000 0.016459806354
160000000 0.015093197352
180000000 0.01309979659
200000000 0.0116064996606
#Header 
#Target 50 132 0
#Product 50 132 0
#Datapoints 44
1000000 0
3000000 0
4000000 2.2226097636E-14
5000000 2.301587962E-12
6000000 9.481891722422E-11
7000000 7.9838594829E-8
8000000 5.9399886656E-6
9000000 8.965941575814E-5
10000000 0.000524918980224
11000000 0.0017086498928874
12000000 0.003775169562
13000000 0.0063835704951
14000000 0.0090219695468
15000000 0.011405798991
16000000 0.013453002575
17000000 0.015158501318
18000000 0.016578503918
19000000 0.017787094626
20000000 0.018820204466
22000000 0.020358794075
24000000 0.02124510053
26000000 0.021679805773
28000000 0.021866799726
30000000 0.021957706643
35000000 0.022165705152
40000000 0.022463301495
45000000 0.022683092649
50000000 0.022666996275
55000000 0.022357007734
60000000 0.021740597466
65000000 0.020880701673
70000000 0.019828602688
75000000 0.018649702568
80000000 0.017394994944
90000000 0.014833200408
100000000 0.0123944995839
110000000 0.0102070999575
120000000 0.0083199798084
130000000 0.006736470272
140000000 0.0054348096952
150000000 0.0043821805708
160000000 0.003543159636
180000000 0.0023707301842
200000000 0.001686270612
#Header 
#Target 50 132 0
#Product 51 113 0
#Datapoints 6
1000000 0
140000000 0
150000000 3.2292896373E-6
160000000 0.0013908796164
180000000 0.00175278012
200000000 0.00070422199029
#Header 
#Target 50 132 0
#Product 51 114 0
#Datapoints 7
1000000 0
130000000 0
140000000 4.6406493752E-7
150000000 0.001930480583
160000000 0.0070325993988
180000000 0.0018484804823
200000000 0.0015033094986
#Header 
#Target 50 132 0
#Product 51 115 0
#Datapoints 8
1000000 0
120000000 0
130000000 8.8565589888E-7
140000000 0.0022584394464
150000000 0.0102832002233
160000000 0.0074433102516
180000000 0.002573349393
200000000 0.0024587593446
#Header 
#Target 50 132 0
#Product 51 116 0
#Datapoints 8
1000000 0
120000000 0
130000000 0.00058177392768
140000000 0.0032319900008
150000000 0.0027431898643
160000000 0.0015604201116
180000000 0.0013992200709
200000000 0.00100434997143
#Header 
#Target 50 132 0
#Product 51 117 0
#Datapoints 9
1000000 0
110000000 0
120000000 0.00096618093738
130000000 0.0109460001792
140000000 0.014901904872
150000000 0.0094831109014
160000000 0.0065928002706
180000000 0.0039522203732
200000000 0.0030227202447
#Header 
#Target 50 132 0
#Product 51 118 0
#Datapoints 10
1000000 0
100000000 0
110000000 0.00023117195925
120000000 0.0041283394002
130000000 0.0077460297984
140000000 0.0059687696888
150000000 0.0041898597514
160000000 0.0032422796406
180000000 0.002176220485
200000000 0.0018185300796
#Header 
#Target 50 132 0
#Product 51 119 0
#Datapoints 11
1000000 0
90000000 0
100000000 0.0001623179586
110000000 0.0075603297825
120000000 0.024516002148
130000000 0.022156199808
140000000 0.014209997232
150000000 0.0094385103238
160000000 0.006592949163
180000000 0.0050525701968
200000000 0.0038711595624
#Header 
#Target 50 132 0
#Product 51 120 0
#Datapoints 12
1000000 0
80000000 0
90000000 9.406728812E-6
100000000 0.0016946505646
110000000 0.0080052201675
120000000 0.0084895800282
130000000 0.0056738899712
140000000 0.00384510926
150000000 0.0030009903029
160000000 0.002716510293
180000000 0.0020049996972
200000000 0.0015537697773
#Header 
#Target 50 132 0
#Product 51 121 0
#Datapoints 13
1000000 0
75000000 0
80000000 3.4747200504E-6
90000000 0.0041721794088
100000000 0.03536310106
110000000 0.048126698775
120000000 0.030154399722
130000000 0.016840595584
140000000 0.0119183999064
150000000 0.0096864706705
160000000 0.0081225800928
180000000 0.0060291006003
200000000 0.0042944398302
#Header 
#Target 50 132 0
#Product 51 122 0
#Datapoints 14
1000000 0
70000000 0
75000000 3.1743603472E-5
80000000 0.0011033200188
90000000 0.017192896656
100000000 0.024558104396
110000000 0.0148118004
120000000 0.0090148695792
130000000 0.0069094601728
140000000 0.0055715598488
150000000 0.004573629726
160000000 0.004050529416
180000000 0.0028630495234
200000000 0.0021858301608
#Header 
#Target 50 132 0
#Product 51 123 0
#Datapoints 16
1000000 0
60000000 0
65000000 1.16978007163E-5
70000000 0.00140079995713
75000000 0.0150510997588
80000000 0.050706597456
90000000 0.095799796352
100000000 0.055302199043
110000000 0.02869279875
120000000 0.019548700044
130000000 0.014841703424
140000000 0.0120085002736
150000000 0.0102194997193
160000000 0.0080200399158
180000000 0.0059257302816
200000000 0.0045407798202
#Header 
#Target 50 132 0
#Product 51 124 0
#Datapoints 18
1000000 0
50000000 0
55000000 3.0694692618E-9
60000000 9.422970501E-5
65000000 0.0030065705902
70000000 0.0151830989515
75000000 0.026873294252
80000000 0.027187101792
90000000 0.0143629004688
100000000 0.0078551403777
110000000 0.0060913896975
120000000 0.0048125504844
130000000 0.0038172202112
140000000 0.0031665301304
150000000 0.0026438099207
160000000 0.002256079473
180000000 0.0016439697131
200000000 0.0013534702584
#Header 
#Target 50 132 0
#Product 51 125 0
#Datapoints 19
1000000 0
45000000 0
50000000 0.0001887580266
55000000 0.014053400427
60000000 0.092175900978
65000000 0.19153700559
70000000 0.20958697266
75000000 0.15520504468
80000000 0.099532295208
90000000 0.046239496472
100000000 0.031055294774
110000000 0.022285104075
120000000 0.017099104182
130000000 0.013774498176
140000000 0.0114055997984
150000000 0.0093743701534
160000000 0.0081144200322
180000000 0.0063335800897
200000000 0.0050515502037
#Header 
#Target 50 132 0
#Product 51 126 0
#Datapoints 21
1000000 0
35000000 0
40000000 7.1138690708E-8
45000000 0.0034422700032
50000000 0.054561596823
55000000 0.14649600445
60000000 0.1759169811
65000000 0.127964997374
70000000 0.076501094681
75000000 0.045344795748
80000000 0.030892906872
90000000 0.01849840356
100000000 0.0127035002577
110000000 0.00921831939
120000000 0.007222420665
130000000 0.005856820608
140000000 0.0049012594904
150000000 0.0042128399894
160000000 0.0036528302448
180000000 0.002904520627
200000000 0.0023658196692
#Header 
#Target 50 132 0
#Product 51 127 0
#Datapoints 22
1000000 0
30000000 0
35000000 0.0045784495566
40000000 0.154758989808
45000000 0.42531507312
50000000 0.45429404952
55000000 0.28202496056
60000000 0.153311001564
65000000 0.093928899091
70000000 0.069428108426
75000000 0.05629420944
80000000 0.046257708744
90000000 0.033686397576
100000000 0.026432997619
110000000 0.02138500485
120000000 0.017782303686
130000000 0.015270803072
140000000 0.013231004008
150000000 0.0117544006837
160000000 0.0107264002896
180000000 0.0089834092701
200000000 0.0076132896099
#Header 
#Target 50 132 0
#Product 51 128 0
#Datapoints 25
1000000 0
24000000 0
26000000 4.1197295299E-5
28000000 0.0057370494822
30000000 0.049771901328
35000000 0.33356198556
40000000 0.40935107028
45000000 0.24214302672
50000000 0.122917000305
55000000 0.076327097574
60000000 0.056454110244
65000000 0.044894402057
70000000 0.03685490102
75000000 0.03149579734
80000000 0.027060402888
90000000 0.021111195456
100000000 0.017402301539
110000000 0.014709906
120000000 0.012738400914
130000000 0.0111882996864
140000000 0.0099341091672
150000000 0.0089834006415
160000000 0.0081292297788
180000000 0.0068563903454
200000000 0.0058825589355
#Header 
#Target 50 132 0
#Product 51 129 0
#Datapoints 30
1000000 0
17000000 0
18000000 0.0015346495254
19000000 0.021555006924
20000000 0.083995602341
22000000 0.32893599885
24000000 0.58967000185
26000000 0.7384450223
28000000 0.78559202001
30000000 0.73093999031
35000000 0.34982593461
40000000 0.154949006531
45000000 0.103339992546
50000000 0.082253498877
55000000 0.068554403886
60000000 0.058292495982
65000000 0.050363708748
70000000 0.044368694697
75000000 0.039335993144
80000000 0.035179595352
90000000 0.028770099904
100000000 0.023980101033
110000000 0.020432201625
120000000 0.017672601642
130000000 0.015510804608
140000000 0.013790793664
150000000 0.0123604002958
160000000 0.011293999569
180000000 0.0095445100422
200000000 0.0082196304489
#Header 
#Target 50 132 0
#Product 51 130 0
#Datapoints 36
1000000 0
11000000 0
12000000 0.001092780288
13000000 0.018830695463
14000000 0.07146479824
15000000 0.15471694305
16000000 0.24817702625
17000000 0.33655704225
18000000 0.41036899464
19000000 0.46388399907
20000000 0.49249791976
22000000 0.45332905675
24000000 0.34124295512
26000000 0.23309900231
28000000 0.1630089297
30000000 0.123819989622
35000000 0.087673602717
40000000 0.071693095564
45000000 0.059562696501
50000000 0.050658400905
55000000 0.04357129742
60000000 0.038051294526
65000000 0.033784003166
70000000 0.029681300032
75000000 0.02648900464
80000000 0.023769107856
90000000 0.018974497464
100000000 0.015667503922
110000000 0.0132017000625
120000000 0.0113109994554
130000000 0.0097888602752
140000000 0.0087215207656
150000000 0.0079230096393
160000000 0.0071163400176
180000000 0.0059973996778
200000000 0.0051146003844
#Header 
#Target 50 132 0
#Product 51 131 0
#Datapoints 44
1000000 0
3000000 0
4000000 0.00029828103474
5000000 0.0097654485308
6000000 0.058324607696938
7000000 0.174143994696
8000000 0.332630995348
9000000 0.51148910978523
10000000 0.668833014528
11000000 0.7982940658069
12000000 0.8945360112
13000000 0.90082389828
14000000 0.80027001612
15000000 0.64783807695
16000000 0.50270495025
17000000 0.37588697275
18000000 0.28605005572
19000000 0.22892498421
20000000 0.1933279628
22000000 0.1561209758
24000000 0.138606990137
26000000 0.126976999811
28000000 0.117403999398
30000000 0.109292000741
35000000 0.090557806734
40000000 0.076027892498
45000000 0.064470207354
50000000 0.055286803137
55000000 0.047818703344
60000000 0.041602106868
65000000 0.036925599766
70000000 0.03222489839
75000000 0.028123807096
80000000 0.024861094128
90000000 0.019777296968
100000000 0.016177400176
110000000 0.0134429992875
120000000 0.0115192009308
130000000 0.0102575000576
140000000 0.0089344099376
150000000 0.0080447307709
160000000 0.0072699603822
180000000 0.006057919733
200000000 0.0051848006106
#Header 
#Target 50 132 0
#Product 51 132 0
#Datapoints 46
1000000 0
1000000 6.3311097958E-13
2000000 4.87420020358E-7
3000000 0.000134730995344
4000000 0.00268272998336
5000000 0.0111194004902
6000000 0.019732100015054
7000000 0.02139340077
8000000 0.0275372998946
9000000 0.026258504392458
10000000 0.0253919017728
11000000 0.025478301180656
12000000 0.02561969646
13000000 0.025761897186
14000000 0.025624794048
15000000 0.0257976963
16000000 0.02506030395
17000000 0.024533100478
18000000 0.023904802782
19000000 0.023614794546
20000000 0.023039005647
22000000 0.02133619278
24000000 0.019909204436
26000000 0.018102799178
28000000 0.016693991946
30000000 0.0155341005966
35000000 0.0129511987506
40000000 0.0114759996773
45000000 0.0093641800203
50000000 0.0080850808827
55000000 0.0066907302142
60000000 0.006026809488
65000000 0.0053553306313
70000000 0.0044924501386
75000000 0.004114620944
80000000 0.0034390100664
90000000 0.0026951000232
100000000 0.0021692500949
110000000 0.0018464997375
120000000 0.0015392502558
130000000 0.0013322405632
140000000 0.00123066994336
150000000 0.00108435000918
160000000 0.00097929408384
180000000 0.0008052750441
200000000 0.00071659393416
#Header 
#Target 50 132 0
#Product 51 133 0
#Datapoints 46
1000000 0
1000000 0
2000000 4.33759983413E-11
3000000 1.08458001156E-8
4000000 1.95642007664E-7
5000000 9.873650599E-7
6000000 2.4122308305832E-6
7000000 3.8898394353E-6
8000000 0.000325989028472
9000000 0.00053282511338268
10000000 0.000697606025472
11000000 0.00079076608408747
12000000 0.000792887994
13000000 0.00073304603191
14000000 0.00065061100378
15000000 0.00057424804695
16000000 0.00051978996175
17000000 0.00048187504813
18000000 0.00044748407082
19000000 0.00042275198883
20000000 0.00040143603934
22000000 0.00035898602215
24000000 0.00032825596607
26000000 0.0003077369175
28000000 0.00029134303083
30000000 0.00027588506909
35000000 0.00024329908701
40000000 0.00022603993175
45000000 0.00020270894364
50000000 0.0001945030782
55000000 0.0001737309947
60000000 0.00016701292944
65000000 0.0001497630108
70000000 0.000144637998668
75000000 0.000130070998344
80000000 0.000123980011992
90000000 0.000107252996032
100000000 9.3403506833E-5
110000000 8.09460972E-5
120000000 7.1185100184E-5
130000000 6.2915801472E-5
140000000 5.5695498088E-5
150000000 4.9671401007E-5
160000000 4.5071899776E-5
180000000 3.6103603413E-5
200000000 2.7698694075E-5
