#Header 
#Target 61 128 0
#Product 0 1 0
#Datapoints 38
1000000 0
9000000 0
10000000 2.146921368E-5
11000000 0.001071095634
12000000 0.0034431582176
13000000 0.0064954274288
14000000 0.010039175359
15000000 0.013362172942
16000000 0.016995392832
17000000 0.0211041949
18000000 0.02602650456
19000000 0.031917534
20000000 0.0386950144
22000000 0.054355698
24000000 0.07298338006
26000000 0.0952179642
28000000 0.12051690629
30000000 0.1482929361
35000000 0.224140422
40000000 0.3066386742
45000000 0.3915435705
50000000 0.4734002997
55000000 0.5472885006
60000000 0.6153459496
65000000 0.6759465908
70000000 0.7336300851
75000000 0.785672388
80000000 0.8340050244
90000000 0.9274235264
100000000 1.0087668027
110000000 1.0887599184
120000000 1.200377684
130000000 1.31693874
140000000 1.437548502
150000000 1.565205954
160000000 1.702192765
180000000 2.002611729
200000000 2.343361524
#Header 
#Target 61 128 0
#Product 1 1 0
#Datapoints 45
1000000 0
2000000 9.0321337666E-14
3000000 1.653621966E-7
4000000 6.3223917096E-5
5000000 0.001304482178
6000000 0.01049240325
7000000 0.04896778968
8000000 0.1499024664
9000000 0.327596202
10000000 0.566279232
11000000 0.829611783
12000000 1.0872883856
13000000 1.327445512
14000000 1.5402538979
15000000 1.7194247044
16000000 1.8714331152
17000000 2.018220354
18000000 2.181090016
19000000 2.37421932
20000000 2.59007516
22000000 3.002263784
24000000 3.307289108
26000000 3.562533516
28000000 3.79407204
30000000 4.030272558
35000000 4.427056656
40000000 4.580187342
45000000 4.736015283
50000000 4.848904608
55000000 4.911009174
60000000 4.967997141
65000000 4.986477548
70000000 5.015815083
75000000 5.02912822
80000000 5.050887144
90000000 5.094793984
100000000 5.131138767
110000000 5.181875415
120000000 5.285112932
130000000 5.382882228
140000000 5.475576942
150000000 5.56663614
160000000 5.660236283
180000000 5.85866227
200000000 6.0799851
#Header 
#Target 61 128 0
#Product 1 2 0
#Datapoints 37
1000000 0
10000000 0
11000000 9.24850899E-16
12000000 6.452191552E-12
13000000 1.5508688824E-9
14000000 5.7709333603E-8
15000000 1.1449445566E-6
16000000 1.1842021488E-5
17000000 7.344410504E-5
18000000 0.000296674098
19000000 0.000840698892
20000000 0.001799437224
22000000 0.00487958582
24000000 0.008949486944
26000000 0.013442072424
28000000 0.01802558142
30000000 0.02238827325
35000000 0.0323531076
40000000 0.04174357406
45000000 0.05010116004
50000000 0.05742741093
55000000 0.0652539072
60000000 0.06955636706
65000000 0.0768503814
70000000 0.08057253303
75000000 0.0867947356
80000000 0.09017211756
90000000 0.09120286392
100000000 0.09215570676
110000000 0.09078817557
120000000 0.0903554454
130000000 0.0910280529
140000000 0.09201123306
150000000 0.09396887565
160000000 0.09713833025
180000000 0.10629610788
200000000 0.1209236616
#Header 
#Target 61 128 0
#Product 1 3 0
#Datapoints 29
1000000 0
18000000 0
19000000 9.09210456E-19
20000000 3.247640624E-14
22000000 1.700088162E-9
24000000 6.001007626E-7
26000000 1.545150528E-5
28000000 8.751695513E-5
30000000 0.0002436732987
35000000 0.000949406667
40000000 0.001904925471
45000000 0.002976866544
50000000 0.004115015457
55000000 0.005257035618
60000000 0.006406429151
65000000 0.007563439572
70000000 0.008806016682
75000000 0.0101086303
80000000 0.011517404628
90000000 0.01467271624
100000000 0.01840968303
110000000 0.02139515406
120000000 0.02420528748
130000000 0.02718989514
140000000 0.03033438222
150000000 0.03360111027
160000000 0.03707300844
180000000 0.04425613393
200000000 0.05181762096
#Header 
#Target 61 128 0
#Product 2 3 0
#Datapoints 41
1000000 0
6000000 0
7000000 8.066393964E-18
8000000 6.2435637E-15
9000000 5.885243982E-13
10000000 1.4120098488E-11
11000000 1.385149437E-10
12000000 7.699278528E-10
13000000 3.1654822136E-9
14000000 1.1953147611E-8
15000000 4.6675155042E-8
16000000 1.9096955152E-7
17000000 7.763338292E-7
18000000 2.966354916E-6
19000000 1.03042797E-5
20000000 3.206695248E-5
22000000 0.0002156295759
24000000 0.0008265194236
26000000 0.002060214156
28000000 0.004093168893
30000000 0.006689745258
35000000 0.014357762232
40000000 0.02215060517
45000000 0.02929278261
50000000 0.03555035877
55000000 0.04030999872
60000000 0.04436957871
65000000 0.04771497848
70000000 0.05096831994
75000000 0.0540278926
80000000 0.05721296688
90000000 0.06388048184
100000000 0.07133625153
110000000 0.07571022948
120000000 0.07891384292
130000000 0.08223735846
140000000 0.08575627932
150000000 0.08947206099
160000000 0.09308975754
180000000 0.10052103746
200000000 0.10767035076
#Header 
#Target 61 128 0
#Product 2 4 0
#Datapoints 45
1000000 0
2000000 1.2848071194E-13
3000000 1.711541097E-9
4000000 1.0697229786E-7
5000000 1.041919758E-6
6000000 6.80679727E-6
7000000 3.176774937E-5
8000000 0.00010459188018
9000000 0.0002492182715
10000000 0.00046574679
11000000 0.000737047521
12000000 0.0010526005232
13000000 0.0014435551336
14000000 0.0019806938248
15000000 0.0027483805974
16000000 0.0038238199032
17000000 0.005279286283
18000000 0.007190420552
19000000 0.00958005114
20000000 0.0125614064
22000000 0.02453114654
24000000 0.03761972146
26000000 0.03410539368
28000000 0.0379822674
30000000 0.04307422839
35000000 0.05609000364
40000000 0.06780124782
45000000 0.07776857136
50000000 0.08464557753
55000000 0.08939144442
60000000 0.09313471495
65000000 0.09522729268
70000000 0.09781743942
75000000 0.0989408224
80000000 0.10013569788
90000000 0.10357329752
100000000 0.10551423804
110000000 0.10883031717
120000000 0.12058150456
130000000 0.1319455662
140000000 0.1441390596
150000000 0.1570882209
160000000 0.1682350254
180000000 0.1859865306
200000000 0.1986531288
#Header 
#Target 61 128 0
#Product 52 104 0
#Datapoints 10
1000000 0
100000000 0
110000000 1.9007391E-15
120000000 2.355410112E-14
130000000 1.51509939E-13
140000000 1.490621286E-12
150000000 1.212289377E-11
160000000 8.249593391E-11
180000000 1.4938005879E-9
200000000 9.12026955E-9
#Header 
#Target 61 128 0
#Product 52 105 0
#Datapoints 11
1000000 0
90000000 0
100000000 4.186893417E-14
110000000 3.092472756E-13
120000000 1.761318592E-12
130000000 1.255793814E-11
140000000 1.0785993258E-10
150000000 6.713679102E-10
160000000 3.2943302444E-9
180000000 3.4758902213E-8
200000000 1.6860704448E-7
#Header 
#Target 61 128 0
#Product 52 106 0
#Datapoints 13
1000000 0
75000000 0
80000000 1.503156876E-14
90000000 9.082888976E-13
100000000 6.46415454E-12
110000000 2.499543081E-11
120000000 1.55332298E-10
130000000 1.1291200098E-9
140000000 6.8495406414E-9
150000000 3.4919502891E-8
160000000 1.3686405174E-7
180000000 1.03006999794E-6
200000000 3.884529306E-6
#Header 
#Target 61 128 0
#Product 52 107 0
#Datapoints 15
1000000 0
65000000 0
70000000 4.336245063E-15
75000000 7.87112242E-14
80000000 7.719976068E-13
90000000 1.1604589584E-11
100000000 4.879274022E-11
110000000 2.960792553E-10
120000000 2.6000303472E-9
130000000 1.3412201502E-8
140000000 6.123729552E-8
150000000 2.6664299415E-7
160000000 9.0797192707E-7
180000000 5.4515498036E-6
200000000 1.7369894808E-5
#Header 
#Target 61 128 0
#Product 52 108 0
#Datapoints 18
1000000 0
50000000 0
55000000 3.261573144E-14
60000000 8.690729813E-13
65000000 1.248999648E-11
70000000 7.033578129E-11
75000000 2.21755742E-10
80000000 4.743271356E-10
90000000 8.85701992E-10
100000000 9.0006100218E-9
110000000 3.6886294176E-8
120000000 1.5896004564E-7
130000000 5.2816894416E-7
140000000 1.859110221E-6
150000000 6.6701306295E-6
160000000 1.7740798998E-5
180000000 7.4511296977E-5
200000000 0.0001839250224
#Header 
#Target 61 128 0
#Product 52 109 0
#Datapoints 21
1000000 0
35000000 0
40000000 3.668010513E-15
45000000 2.282020692E-13
50000000 5.601270999E-12
55000000 5.746868136E-11
60000000 2.597889639E-10
65000000 5.685950192E-10
70000000 8.152737012E-10
75000000 1.011988836E-9
80000000 2.55665067E-9
90000000 7.2504803728E-8
100000000 2.9500402239E-7
110000000 6.3998597142E-7
120000000 2.3757696996E-6
130000000 8.9142001782E-6
140000000 2.7225399288E-5
150000000 7.8856402131E-5
160000000 0.00018943595736
180000000 0.0006314030355
200000000 0.001373500422
#Header 
#Target 61 128 0
#Product 52 110 0
#Datapoints 20
1000000 0
40000000 0
45000000 1.4072186319E-14
50000000 8.614730031E-13
55000000 5.17585215E-11
60000000 1.3350187155E-9
65000000 1.571130704E-8
70000000 8.0334399303E-8
75000000 2.77893925E-7
80000000 6.9069007608E-7
90000000 2.0031397512E-6
100000000 3.4148200881E-6
110000000 9.9007209516E-6
120000000 3.4321997204E-5
130000000 8.4775993608E-5
140000000 0.00020535905952
150000000 0.000492051963
160000000 0.00100043996065
180000000 0.0026450394031
200000000 0.0044651802888
#Header 
#Target 61 128 0
#Product 52 111 0
#Datapoints 20
1000000 0
40000000 0
45000000 1.552094022E-13
50000000 2.009817078E-11
55000000 8.743849326E-10
60000000 1.7037604767E-8
65000000 1.21083005628E-7
70000000 4.1452691184E-7
75000000 7.700909806E-7
80000000 1.12042004796E-6
90000000 2.0941999624E-6
100000000 9.5530601964E-6
110000000 3.1542396603E-5
120000000 9.2967006616E-5
130000000 0.00022718201286
140000000 0.00058627599498
150000000 0.0013624293735
160000000 0.0026575595501
180000000 0.0065559297548
200000000 0.0096177792396
#Header 
#Target 61 128 0
#Product 52 112 0
#Datapoints 18
1000000 0
50000000 0
55000000 1.525298268E-14
60000000 1.678005291E-12
65000000 7.23793798E-11
70000000 2.6139699189E-9
75000000 5.290519904E-8
80000000 6.7483402008E-7
90000000 1.5789604712E-5
100000000 5.4805398996E-5
110000000 9.7355093301E-5
120000000 0.00026268700084
130000000 0.00071989892106
140000000 0.0016326403992
150000000 0.0033863096904
160000000 0.0057983102086
180000000 0.0111184997977
200000000 0.014960902488
#Header 
#Target 61 128 0
#Product 52 113 0
#Datapoints 19
1000000 0
45000000 0
50000000 2.811788898E-14
55000000 7.977080478E-12
60000000 9.700798901E-10
65000000 3.3632706224E-8
70000000 5.2619694984E-7
75000000 3.67227963E-6
80000000 1.34535010128E-5
90000000 4.4925700736E-5
100000000 5.73568014E-5
110000000 0.00012802700574
120000000 0.00043898404088
130000000 0.00099272800662
140000000 0.001941190197
150000000 0.0035951299566
160000000 0.0057748699593
180000000 0.0102010003949
200000000 0.012492701172
#Header 
#Target 61 128 0
#Product 52 114 0
#Datapoints 17
1000000 0
55000000 0
60000000 1.102048767E-15
65000000 3.086057E-13
70000000 3.589641756E-11
75000000 1.740749838E-9
80000000 4.655980032E-8
90000000 6.5913303344E-6
100000000 9.1819196457E-5
110000000 0.0002334040332
120000000 0.0005338100504
130000000 0.00102523987698
140000000 0.0020245092792
150000000 0.0035015095908
160000000 0.0049473104421
180000000 0.0075559894486
200000000 0.0089471296488
#Header 
#Target 61 128 0
#Product 52 115 0
#Datapoints 17
1000000 0
55000000 0
60000000 2.793567176E-14
65000000 7.416144268E-12
70000000 7.886238129E-10
75000000 3.10271012E-8
80000000 5.2582901676E-7
90000000 1.4106801968E-5
100000000 3.7967095953E-5
110000000 4.5918596028E-5
120000000 9.2165097508E-5
130000000 0.0002089489791
140000000 0.00037073699238
150000000 0.0005557749444
160000000 0.00075446504471
180000000 0.00105294997656
200000000 0.0011339999748
#Header 
#Target 61 128 0
#Product 52 116 0
#Datapoints 14
1000000 0
70000000 0
75000000 1.144048824E-13
80000000 1.543046064E-11
90000000 1.5950895408E-8
100000000 9.6705398904E-7
110000000 6.9506095431E-6
120000000 2.5162306356E-5
130000000 5.1124996908E-5
140000000 8.1359700738E-5
150000000 0.000112658000169
160000000 0.00014036601943
180000000 0.00017790503654
200000000 0.00019293293964
#Header 
#Target 61 128 0
#Product 52 117 0
#Datapoints 14
1000000 0
70000000 0
75000000 1.89379356E-13
80000000 2.131740192E-11
90000000 1.06510998832E-8
100000000 1.5953694936E-7
110000000 3.2115400218E-7
120000000 7.4275605624E-7
130000000 1.2600099714E-6
140000000 1.879549914E-6
150000000 2.8531396686E-6
160000000 3.9033395388E-6
180000000 5.3126497914E-6
200000000 5.2915305072E-6
#Header 
#Target 61 128 0
#Product 52 118 0
#Datapoints 12
1000000 0
80000000 0
90000000 1.0863092352E-13
100000000 1.341118731E-10
110000000 6.378060087E-9
120000000 5.7691398424E-8
130000000 2.254479663E-7
140000000 4.9358603316E-7
150000000 8.091080361E-7
160000000 8.614270483E-7
180000000 8.9939198525E-7
200000000 9.23124993E-7
#Header 
#Target 61 128 0
#Product 53 107 0
#Datapoints 10
1000000 0
100000000 0
110000000 1.1705796849E-14
120000000 4.27823462E-13
130000000 4.11335178E-12
140000000 2.660730396E-11
150000000 1.48168566E-10
160000000 6.123993083E-10
180000000 4.214950074E-9
200000000 1.5684394152E-8
#Header 
#Target 61 128 0
#Product 53 108 0
#Datapoints 12
1000000 0
80000000 0
90000000 2.068221512E-13
100000000 1.344853482E-11
110000000 7.173666258E-11
120000000 3.271191E-10
130000000 1.2624605268E-9
140000000 5.1226799904E-9
150000000 1.8480201714E-8
160000000 5.262540673E-8
180000000 2.419480135E-7
200000000 6.1519396176E-7
#Header 
#Target 61 128 0
#Product 53 109 0
#Datapoints 13
1000000 0
75000000 0
80000000 1.3087389384E-14
90000000 7.032860072E-12
100000000 2.425239084E-10
110000000 9.46694874E-10
120000000 4.184619428E-9
130000000 2.368830567E-8
140000000 1.06275000858E-7
150000000 3.8151196278E-7
160000000 1.0182299855E-6
180000000 3.9728704478E-6
200000000 9.1812206052E-6
#Header 
#Target 61 128 0
#Product 53 110 0
#Datapoints 16
1000000 0
60000000 0
65000000 3.656657056E-14
70000000 1.62033822E-12
75000000 3.38102114E-11
80000000 4.029818016E-10
90000000 7.7420897176E-9
100000000 1.9399695576E-8
110000000 5.3275504404E-8
120000000 2.9587804972E-7
130000000 1.04112002694E-6
140000000 3.0507004662E-6
150000000 8.4033097863E-6
160000000 1.8993594516E-5
180000000 5.7650702262E-5
200000000 0.000104274000852
#Header 
#Target 61 128 0
#Product 53 111 0
#Datapoints 19
1000000 0
45000000 0
50000000 4.672908897E-14
55000000 3.370147542E-12
60000000 9.340731219E-11
65000000 1.0243491024E-9
70000000 5.2541705016E-9
75000000 1.676019498E-8
80000000 3.7868495544E-8
90000000 6.9338507168E-8
100000000 2.7929497344E-7
110000000 1.19819008761E-6
120000000 4.1114401196E-6
130000000 1.11208996458E-5
140000000 3.284700051E-5
150000000 8.1479906157E-5
160000000 0.00016331594253
180000000 0.00042245400156
200000000 0.00060590605404
#Header 
#Target 61 128 0
#Product 53 112 0
#Datapoints 21
1000000 0
35000000 0
40000000 1.787822395E-13
45000000 1.2120797094E-11
50000000 3.858748059E-10
55000000 5.2053501882E-9
60000000 3.0221504687E-8
65000000 9.54283005E-8
70000000 1.6663704912E-7
75000000 1.810319882E-7
80000000 2.017129686E-7
90000000 2.1291707976E-6
100000000 1.12477001634E-5
110000000 2.2147104045E-5
120000000 6.0113198772E-5
130000000 0.00017363293206
140000000 0.000413371017
150000000 0.00087748395969
160000000 0.0015248396046
180000000 0.003021139886
200000000 0.0039148203528
#Header 
#Target 61 128 0
#Product 53 113 0
#Datapoints 19
1000000 0
45000000 0
50000000 6.753490824E-14
55000000 7.457095788E-12
60000000 4.378410755E-10
65000000 1.530979554E-8
70000000 2.5064594406E-7
75000000 2.026679326E-6
80000000 9.4137003228E-6
90000000 4.4652298768E-5
100000000 5.9784600702E-5
110000000 0.000120945995661
120000000 0.00038218395776
130000000 0.00087244392858
140000000 0.0016798895076
150000000 0.0031412700345
160000000 0.0050239704073
180000000 0.0087453402189
200000000 0.0101311998144
#Header 
#Target 61 128 0
#Product 53 114 0
#Datapoints 22
1000000 0
30000000 0
35000000 2.584466082E-20
40000000 1.0877194755E-15
45000000 6.93392889E-13
50000000 1.2679693029E-10
55000000 7.6316904486E-9
60000000 1.8636501405E-7
65000000 1.762739914E-6
70000000 7.3907900883E-6
75000000 1.634510484E-5
80000000 2.3191197564E-5
90000000 2.601839856E-5
100000000 8.0849995224E-5
110000000 0.00023042004102
120000000 0.00054138102964
130000000 0.00096958497144
140000000 0.001824549906
150000000 0.0030941900769
160000000 0.0044168898098
180000000 0.0071019706902
200000000 0.008260939302
#Header 
#Target 61 128 0
#Product 53 115 0
#Datapoints 18
1000000 0
50000000 0
55000000 2.900101464E-13
60000000 4.873507466E-11
65000000 3.11400076E-9
70000000 9.1261507212E-8
75000000 1.78340008E-6
80000000 2.1028603092E-5
90000000 0.00037228702504
100000000 0.00089034405108
110000000 0.00121215993774
120000000 0.0022288897268
130000000 0.0043861698462
140000000 0.0073011299928
150000000 0.0102630999471
160000000 0.013666502278
180000000 0.017945605071
200000000 0.01825349946
#Header 
#Target 61 128 0
#Product 53 116 0
#Datapoints 19
1000000 0
45000000 0
50000000 1.786942821E-13
55000000 1.004619576E-10
60000000 1.36063001422E-8
65000000 6.4692598776E-7
70000000 1.07076005397E-5
75000000 7.136599198E-5
80000000 0.00022869399876
90000000 0.00053116801024
100000000 0.00054146802711
110000000 0.0009069449721
120000000 0.0021424005812
130000000 0.0037280798928
140000000 0.0053785597446
150000000 0.006753449508
160000000 0.008027509438
180000000 0.0094406204705
200000000 0.0091868005656
#Header 
#Target 61 128 0
#Product 53 117 0
#Datapoints 17
1000000 0
55000000 0
60000000 3.360534412E-15
65000000 2.189868928E-12
70000000 3.655836594E-10
75000000 2.02091991E-8
80000000 4.623320154E-7
90000000 3.4889494808E-5
100000000 0.00026771896095
110000000 0.00052173903822
120000000 0.00094385298392
130000000 0.0013264504512
140000000 0.0018187200534
150000000 0.0024094493982
160000000 0.0028302195883
180000000 0.0029862696347
200000000 0.0027599004888
#Header 
#Target 61 128 0
#Product 53 118 0
#Datapoints 17
1000000 0
55000000 0
60000000 4.378936103E-15
65000000 2.178115264E-12
70000000 2.917475667E-10
75000000 1.284220083E-8
80000000 2.2655094072E-7
90000000 6.6441104912E-6
100000000 2.0809504692E-5
110000000 2.3866994742E-5
120000000 3.693959852E-5
130000000 5.9814601242E-5
140000000 9.1305004296E-5
150000000 0.00011173299033
160000000 0.00012803902553
180000000 0.00012460497586
200000000 0.00012176304924
#Header 
#Target 61 128 0
#Product 53 119 0
#Datapoints 14
1000000 0
70000000 0
75000000 2.34194286E-13
80000000 3.717760872E-11
90000000 2.6971796488E-8
100000000 8.8717505547E-7
110000000 4.6457194842E-6
120000000 1.4196600176E-5
130000000 2.4284402958E-5
140000000 3.3449097408E-5
150000000 3.8769895866E-5
160000000 3.6213198502E-5
180000000 3.4509300506E-5
200000000 2.8724104248E-5
#Header 
#Target 61 128 0
#Product 53 120 0
#Datapoints 14
1000000 0
70000000 0
75000000 1.004389996E-14
80000000 1.53046914E-12
90000000 8.224988744E-10
100000000 1.5050294301E-8
110000000 3.7778399409E-8
120000000 1.05997994652E-7
130000000 1.8252305118E-7
140000000 2.4051496086E-7
150000000 2.5615803564E-7
160000000 2.3920394589E-7
180000000 2.2195699293E-7
200000000 2.1907702152E-7
#Header 
#Target 61 128 0
#Product 54 109 0
#Datapoints 12
1000000 0
80000000 0
90000000 7.440709192E-16
100000000 1.538189532E-13
110000000 9.69299307E-13
120000000 4.756903008E-12
130000000 3.149896578E-11
140000000 2.158293216E-10
150000000 9.697680252E-10
160000000 3.0571101873E-9
180000000 1.3603796954E-8
200000000 3.5757504804E-8
#Header 
#Target 61 128 0
#Product 54 110 0
#Datapoints 15
1000000 0
65000000 0
70000000 1.466560989E-15
75000000 4.26536068E-14
80000000 7.26569868E-13
90000000 2.3267104E-11
100000000 9.123442419E-11
110000000 2.509700196E-10
120000000 1.3586105016E-9
130000000 6.1131502416E-9
140000000 1.9463702292E-8
150000000 5.5034099835E-8
160000000 1.2748396661E-7
180000000 4.0437895362E-7
200000000 8.0967992616E-7
#Header 
#Target 61 128 0
#Product 54 111 0
#Datapoints 17
1000000 0
55000000 0
60000000 2.439759891E-14
65000000 7.89900956E-13
70000000 8.280834966E-12
75000000 4.49514848E-11
80000000 1.64772924E-10
90000000 5.452559448E-10
100000000 1.5718603578E-9
110000000 9.1001604375E-9
120000000 4.2085407672E-8
130000000 1.16458005984E-7
140000000 3.6128704716E-7
150000000 9.7362092061E-7
160000000 2.1053894485E-6
180000000 5.8829501488E-6
200000000 8.9913805212E-6
#Header 
#Target 61 128 0
#Product 54 112 0
#Datapoints 21
1000000 0
35000000 0
40000000 1.709504861E-14
45000000 1.4898787455E-12
50000000 3.646185294E-11
55000000 3.986421318E-10
60000000 1.8413797632E-9
65000000 5.002610028E-9
70000000 7.5026292372E-9
75000000 8.877469608E-9
80000000 1.1150598432E-8
90000000 8.7398692416E-8
100000000 3.9880001103E-7
110000000 7.8125694939E-7
120000000 1.9745303072E-6
130000000 5.8818801714E-6
140000000 1.467259872E-5
150000000 3.0948199581E-5
160000000 5.5197300496E-5
180000000 0.000114852996498
200000000 0.000151501938
#Header 
#Target 61 128 0
#Product 54 113 0
#Datapoints 25
1000000 0
24000000 0
26000000 1.1398188996E-15
28000000 1.3571299852E-14
30000000 1.2118590918E-13
35000000 9.169784976E-12
40000000 2.106765551E-10
45000000 1.4360786712E-9
50000000 5.0185197108E-9
55000000 9.4092909288E-9
60000000 1.3672400595E-8
65000000 1.42962998516E-8
70000000 2.166950124E-8
75000000 1.1548599264E-7
80000000 5.202730326E-7
90000000 3.2441306912E-6
100000000 5.0013700266E-6
110000000 9.4050200982E-6
120000000 3.060429658E-5
130000000 7.350520437E-5
140000000 0.00014571098256
150000000 0.00027554201922
160000000 0.00044748400866
180000000 0.00078601701123
200000000 0.00095793500208
#Header 
#Target 61 128 0
#Product 54 114 0
#Datapoints 21
1000000 0
35000000 0
40000000 8.890607654E-14
45000000 7.117826073E-12
50000000 4.827432267E-10
55000000 1.8096707556E-8
60000000 2.5232406068E-7
65000000 1.6792298432E-6
70000000 5.7563602407E-6
75000000 1.2374200612E-5
80000000 1.8864099252E-5
90000000 2.284899792E-5
100000000 5.8136796888E-5
110000000 0.0001493639343
120000000 0.00034115603808
130000000 0.00061230902052
140000000 0.00113442001002
150000000 0.0019177099344
160000000 0.0027497601989
180000000 0.0042783399674
200000000 0.0049087200036
#Header 
#Target 61 128 0
#Product 54 115 0
#Datapoints 23
1000000 0
28000000 0
30000000 2.734131042E-14
35000000 1.934990178E-11
40000000 2.7617500467E-9
45000000 1.02645005526E-7
50000000 1.25503001955E-6
55000000 6.2546206716E-6
60000000 1.7210196178E-5
65000000 2.849629744E-5
70000000 3.44503062E-5
75000000 3.292090878E-5
80000000 3.8373094464E-5
90000000 0.00025988801832
100000000 0.00067655806185
110000000 0.00102400009401
120000000 0.0018646004872
130000000 0.0036028699104
140000000 0.0059688499248
150000000 0.0086076598491
160000000 0.0112024005678
180000000 0.01474240095
200000000 0.015210395256
#Header 
#Target 61 128 0
#Product 54 116 0
#Datapoints 21
1000000 0
35000000 0
40000000 6.842513073E-15
45000000 3.769660077E-12
50000000 4.850707629E-10
55000000 2.2902095532E-8
60000000 6.7696795663E-7
65000000 1.26058003188E-5
70000000 0.000105649007832
75000000 0.0004379360104
80000000 0.0010370199606
90000000 0.0020556999232
100000000 0.0022966198023
110000000 0.0037058305242
120000000 0.0074101205684
130000000 0.0119331003576
140000000 0.016117102524
150000000 0.020398299831
160000000 0.024562999682
180000000 0.028671304987
200000000 0.028409097444
#Header 
#Target 61 128 0
#Product 54 117 0
#Datapoints 22
1000000 0
30000000 0
35000000 9.4209918E-15
40000000 3.174009903E-11
45000000 1.34580997455E-8
50000000 1.16908999215E-6
55000000 2.8354101414E-5
60000000 0.00023317906619
65000000 0.00079492694372
70000000 0.0015141294693
75000000 0.001936419968
80000000 0.0019638597024
90000000 0.0020742798664
100000000 0.0050178200871
110000000 0.0088543595484
120000000 0.014876499264
130000000 0.020437306464
140000000 0.026198398914
150000000 0.031528495947
160000000 0.034563395763
180000000 0.035991994642
200000000 0.03428499774
#Header 
#Target 61 128 0
#Product 54 118 0
#Datapoints 19
1000000 0
45000000 0
50000000 1.572025698E-12
55000000 5.842994796E-10
60000000 5.3316999393E-8
65000000 1.7182301136E-6
70000000 2.8058596308E-5
75000000 0.0002558449514
80000000 0.00127576000224
90000000 0.006702100104
100000000 0.0099810309882
110000000 0.0118969007034
120000000 0.015826600636
130000000 0.021812497548
140000000 0.027778104894
150000000 0.03164139849
160000000 0.033034495871
180000000 0.031726000183
200000000 0.029247901284
#Header 
#Target 61 128 0
#Product 54 119 0
#Datapoints 20
1000000 0
40000000 0
45000000 2.278650417E-13
50000000 4.44765048E-10
55000000 1.17775993326E-7
60000000 6.7880200487E-6
65000000 0.000110077010056
70000000 0.00067875899823
75000000 0.001911179762
80000000 0.0031667504736
90000000 0.0035395999688
100000000 0.0032035704303
110000000 0.0045868302135
120000000 0.0077611902544
130000000 0.0109772998542
140000000 0.013129794138
150000000 0.01379220102
160000000 0.013482195181
180000000 0.012277603361
200000000 0.0110792991876
#Header 
#Target 61 128 0
#Product 54 120 0
#Datapoints 18
1000000 0
50000000 0
55000000 1.2304995078E-15
60000000 3.017817807E-12
65000000 1.1037986856E-9
70000000 8.5761509148E-8
75000000 2.03357997E-6
80000000 2.15468028E-5
90000000 0.00046039498624
100000000 0.0016347506613
110000000 0.0024561003885
120000000 0.0034428798888
130000000 0.0038518097748
140000000 0.0038428895976
150000000 0.003662600487
160000000 0.0034779900142
180000000 0.0031853202079
200000000 0.0028861600824
#Header 
#Target 61 128 0
#Product 54 121 0
#Datapoints 18
1000000 0
50000000 0
55000000 4.711121832E-14
60000000 8.905451215E-11
65000000 2.0794305792E-8
70000000 9.6924192804E-7
75000000 1.2089699762E-5
80000000 6.1451597808E-5
90000000 0.00022792598136
100000000 0.00024478904148
110000000 0.00023713499385
120000000 0.0002504810396
130000000 0.0002529149733
140000000 0.00023501594838
150000000 0.00021832304949
160000000 0.00020028001643
180000000 0.00018617695402
200000000 0.00017396002344
#Header 
#Target 61 128 0
#Product 55 112 0
#Datapoints 12
1000000 0
80000000 0
90000000 2.338829808E-13
100000000 1.432296804E-11
110000000 5.891346663E-11
120000000 1.920510196E-10
130000000 6.671884386E-10
140000000 2.1432695166E-9
150000000 5.414390436E-9
160000000 1.0554899459E-8
180000000 2.6122903691E-8
200000000 3.7047901296E-8
#Header 
#Target 61 128 0
#Product 55 113 0
#Datapoints 16
1000000 0
60000000 0
65000000 9.491919112E-16
70000000 1.2118089186E-13
75000000 5.25292948E-12
80000000 8.388088836E-11
90000000 1.595989724E-9
100000000 2.8882004016E-9
110000000 5.70584022E-9
120000000 2.081590126E-8
130000000 5.880700599E-8
140000000 1.2019200423E-7
150000000 2.3787304827E-7
160000000 4.0713100779E-7
180000000 7.753659867E-7
200000000 1.02337991616E-6
#Header 
#Target 61 128 0
#Product 55 114 0
#Datapoints 19
1000000 0
45000000 0
50000000 5.357475738E-15
55000000 2.558475288E-13
60000000 1.370749676E-11
65000000 5.100067492E-10
70000000 6.3104599206E-9
75000000 3.229540648E-8
80000000 8.021849916E-8
90000000 1.15359003424E-7
100000000 2.3314704399E-7
110000000 7.7969301246E-7
120000000 2.1894802996E-6
130000000 4.3284597048E-6
140000000 8.782730388E-6
150000000 1.5936201879E-5
160000000 2.323759724E-5
180000000 3.9676699676E-5
200000000 4.7392195116E-5
#Header 
#Target 61 128 0
#Product 55 115 0
#Datapoints 22
1000000 0
30000000 0
35000000 1.3092499926E-15
40000000 5.245110073E-13
45000000 5.647846929E-11
50000000 2.433869736E-9
55000000 3.9523901178E-8
60000000 2.5606307914E-7
65000000 7.3172507252E-7
70000000 1.06563002508E-6
75000000 9.544319692E-7
80000000 8.4002700504E-7
90000000 4.8740804E-6
100000000 1.7936003109E-5
110000000 2.9143506003E-5
120000000 5.3251200112E-5
130000000 0.000105599002716
140000000 0.00018774398508
150000000 0.00026758195659
160000000 0.00035719200894
180000000 0.0004852109683
200000000 0.00052703794332
#Header 
#Target 61 128 0
#Product 55 116 0
#Datapoints 29
1000000 0
18000000 0
19000000 1.91983176E-20
20000000 1.7137414E-19
22000000 9.007425129E-18
24000000 1.1973289672E-14
26000000 2.223602148E-13
28000000 2.916848682E-12
30000000 2.75347008E-11
35000000 2.6182100406E-9
40000000 7.3506604034E-8
45000000 6.8269099266E-7
50000000 2.5832492808E-6
55000000 4.2883107114E-6
60000000 4.1661103317E-6
65000000 3.0435493556E-6
70000000 3.6352206963E-6
75000000 1.3635899668E-5
80000000 5.5348302996E-5
90000000 0.0001823930416
100000000 0.00021603304242
110000000 0.00032041803186
120000000 0.0006206730464
130000000 0.0010632999951
140000000 0.001522970235
150000000 0.0020076999384
160000000 0.0024784395246
180000000 0.0031188996653
200000000 0.0031736500572
#Header 
#Target 61 128 0
#Product 55 117 0
#Datapoints 22
1000000 0
30000000 0
35000000 8.437579194E-14
40000000 2.397358536E-11
45000000 1.5553100133E-9
50000000 6.4003207329E-8
55000000 2.15088939E-6
60000000 2.9701702027E-5
65000000 0.00016372493852
70000000 0.00042516498222
75000000 0.0006238260688
80000000 0.00065541602424
90000000 0.00062176301432
100000000 0.00124334994423
110000000 0.0021710296344
120000000 0.0035911204736
130000000 0.004658140173
140000000 0.0057841699788
150000000 0.006694379835
160000000 0.0073662707417
180000000 0.0078431304176
200000000 0.0079410192372
#Header 
#Target 61 128 0
#Product 55 118 0
#Datapoints 26
1000000 0
22000000 0
24000000 1.919687618E-19
26000000 2.272002444E-17
28000000 2.515490813E-14
30000000 9.476739177E-13
35000000 1.4135196636E-9
40000000 2.9703096696E-7
45000000 1.3748699835E-5
50000000 0.00017237804622
55000000 0.00072248000292
60000000 0.00138057995859
65000000 0.0014952705976
70000000 0.00123947006166
75000000 0.0009821410972
80000000 0.00114054008244
90000000 0.0045011400336
100000000 0.0084705696729
110000000 0.0106353999594
120000000 0.013368000184
130000000 0.017145798588
140000000 0.02106949992
150000000 0.023629004451
160000000 0.02441800322
180000000 0.02356270468
200000000 0.02197960296
#Header 
#Target 61 128 0
#Product 55 119 0
#Datapoints 21
1000000 0
35000000 0
40000000 1.790405112E-13
45000000 1.681108149E-10
50000000 2.8307206185E-8
55000000 1.2832200342E-6
60000000 2.9421297532E-5
65000000 0.00038489706216
70000000 0.0023595205428
75000000 0.007023860172
80000000 0.012509099928
90000000 0.016211098288
100000000 0.015831398337
110000000 0.019066793949
120000000 0.025862004256
130000000 0.032504895606
140000000 0.036053394732
150000000 0.036942300447
160000000 0.035998095055
180000000 0.032804702615
200000000 0.030226898856
#Header 
#Target 61 128 0
#Product 55 120 0
#Datapoints 22
1000000 0
30000000 0
35000000 5.873350362E-14
40000000 3.795981901E-10
45000000 2.0246799741E-7
50000000 1.711350048E-5
55000000 0.00032231195268
60000000 0.0017593204056
65000000 0.00390496041
70000000 0.0049703000922
75000000 0.004377299164
80000000 0.0033689594628
90000000 0.0030859697176
100000000 0.0055823494758
110000000 0.0086982194598
120000000 0.0124199994952
130000000 0.014435198814
140000000 0.015259697862
150000000 0.015224301846
160000000 0.015019899206
180000000 0.014438102902
200000000 0.013770195684
#Header 
#Target 61 128 0
#Product 55 121 0
#Datapoints 19
1000000 0
45000000 0
50000000 3.025633149E-12
55000000 2.1505896402E-9
60000000 2.3572496097E-7
65000000 6.2899905744E-6
70000000 6.8985295749E-5
75000000 0.0004141910374
80000000 0.00136942003704
90000000 0.0040086804408
100000000 0.0052657204533
110000000 0.0061277797161
120000000 0.0065508902756
130000000 0.006481919385
140000000 0.0062415595332
150000000 0.0059902104951
160000000 0.0057717106161
180000000 0.0054120695507
200000000 0.005093380614
#Header 
#Target 61 128 0
#Product 55 122 0
#Datapoints 20
1000000 0
40000000 0
45000000 2.696279916E-13
50000000 1.1209798785E-9
55000000 3.3810094116E-7
60000000 1.45658001073E-5
65000000 0.0001538030312
70000000 0.00064133305074
75000000 0.001350329991
80000000 0.0017950093092
90000000 0.0016203594512
100000000 0.00123836002656
110000000 0.00110235000888
120000000 0.00099502801728
130000000 0.00090952407498
140000000 0.00084567799812
150000000 0.00079167900357
160000000 0.0007544840056
180000000 0.00069578701978
200000000 0.0006474359514
#Header 
#Target 61 128 0
#Product 56 114 0
#Datapoints 17
1000000 0
55000000 0
60000000 5.506493434E-15
65000000 2.463631352E-13
70000000 3.434699223E-12
75000000 2.41787518E-11
80000000 1.138619784E-10
90000000 3.519567856E-10
100000000 5.121848079E-10
110000000 1.6285400631E-9
120000000 5.9924696788E-9
130000000 1.3330395276E-8
140000000 2.6981704284E-8
150000000 5.2285705992E-8
160000000 8.6011294993E-8
180000000 1.5250698683E-7
200000000 1.953990276E-7
#Header 
#Target 61 128 0
#Product 56 115 0
#Datapoints 20
1000000 0
40000000 0
45000000 1.1221487892E-15
50000000 2.281238793E-13
55000000 9.1261263E-12
60000000 1.2951593953E-10
65000000 9.372870052E-10
70000000 3.2698303065E-9
75000000 5.445860102E-9
80000000 5.470899678E-9
90000000 8.5064505232E-9
100000000 6.0374203071E-8
110000000 1.4661905484E-7
120000000 3.158470018E-7
130000000 6.3298497126E-7
140000000 1.289300502E-6
150000000 2.056440048E-6
160000000 2.9923001745E-6
180000000 4.4393900413E-6
200000000 5.2360601664E-6
#Header 
#Target 61 128 0
#Product 56 116 0
#Datapoints 25
1000000 0
24000000 0
26000000 4.538852772E-15
28000000 5.974167771E-14
30000000 4.993348131E-13
35000000 4.69268712E-11
40000000 9.617530522E-10
45000000 7.1318703834E-9
50000000 2.4856104783E-8
55000000 5.837420631E-8
60000000 7.8200399273E-8
65000000 6.6236304264E-8
70000000 5.6763906804E-8
75000000 1.0355399124E-7
80000000 3.894619542E-7
90000000 2.1587000456E-6
100000000 3.0470606088E-6
110000000 4.2813197211E-6
120000000 8.218649626E-6
130000000 1.5489000246E-5
140000000 2.3173299642E-5
150000000 3.228080115E-5
160000000 4.248350444E-5
180000000 5.6424297181E-5
200000000 5.912860674E-5
#Header 
#Target 61 128 0
#Product 56 117 0
#Datapoints 35
1000000 0
12000000 0
13000000 1.6179348496E-15
14000000 1.2329485135E-14
15000000 7.6959563872E-14
16000000 4.0467557768E-13
17000000 1.741286973E-12
18000000 6.658939112E-12
19000000 2.19309486E-11
20000000 6.397563264E-11
22000000 4.139595251E-10
24000000 1.9089798656E-9
26000000 6.2281697292E-9
28000000 1.6563293208E-8
30000000 3.566419626E-8
35000000 1.35826991058E-7
40000000 3.4310395102E-7
45000000 5.5152902685E-7
50000000 5.1464596968E-7
55000000 3.8047005858E-7
60000000 6.3425599679E-7
65000000 2.8420503592E-6
70000000 1.13819011209E-5
75000000 2.792779794E-5
80000000 4.2925096956E-5
90000000 4.5205202896E-5
100000000 6.6762105345E-5
110000000 0.000125319998733
120000000 0.0002260389802
130000000 0.0003170739447
140000000 0.00039724398186
150000000 0.00048194298009
160000000 0.00057327804066
180000000 0.00070009597215
200000000 0.00075178996788
#Header 
#Target 61 128 0
#Product 56 118 0
#Datapoints 26
1000000 0
22000000 0
24000000 4.847578104E-15
26000000 1.2884096916E-13
28000000 1.981778051E-12
30000000 2.179589097E-11
35000000 2.3502202812E-9
40000000 1.27117986644E-7
45000000 2.7363801969E-6
50000000 2.199000174E-5
55000000 8.4731309586E-5
60000000 0.00018894301343
65000000 0.00025585695564
70000000 0.00024623001792
75000000 0.000205697935
80000000 0.0002026690362
90000000 0.0004904999736
100000000 0.00098507502042
110000000 0.0012954604434
120000000 0.0016982497752
130000000 0.0021291394518
140000000 0.0025655897712
150000000 0.0028927306317
160000000 0.003028319827
180000000 0.0031099203592
200000000 0.0030345503664
#Header 
#Target 61 128 0
#Product 56 119 0
#Datapoints 32
1000000 0
15000000 0
16000000 2.8399979432E-15
17000000 2.955187965E-14
18000000 2.961100156E-13
19000000 2.52658692E-12
20000000 1.740738736E-11
22000000 5.210926921E-10
24000000 8.8501705258E-9
26000000 8.8201212672E-8
28000000 6.1226096624E-7
30000000 3.0300296826E-6
35000000 5.2090593192E-5
40000000 0.00027614604241
45000000 0.00068795206683
50000000 0.00105163002846
55000000 0.00104457991584
60000000 0.00078014601197
65000000 0.00064007904636
70000000 0.00090381405771
75000000 0.001966729806
80000000 0.0038332596492
90000000 0.0069446002808
100000000 0.0076244796498
110000000 0.0086380298196
120000000 0.010713999318
130000000 0.013255200666
140000000 0.015061700304
150000000 0.015673202064
160000000 0.015813104489
180000000 0.015487198405
200000000 0.014931000252
#Header 
#Target 61 128 0
#Product 56 120 0
#Datapoints 24
1000000 0
26000000 0
28000000 1.425699154E-14
30000000 7.999517814E-13
35000000 1.4517894072E-9
40000000 2.3665107433E-7
45000000 8.3618799558E-6
50000000 0.00016111095309
55000000 0.0016014494832
60000000 0.0066405811325
65000000 0.014283100026
70000000 0.020720803302
75000000 0.02242159716
80000000 0.020896496964
90000000 0.019353898312
100000000 0.024327706119
110000000 0.030526905066
120000000 0.037222898284
130000000 0.039909604998
140000000 0.040657792302
150000000 0.040245099609
160000000 0.039425197422
180000000 0.037666001473
200000000 0.036010395288
#Header 
#Target 61 128 0
#Product 56 121 0
#Datapoints 27
1000000 0
20000000 0
22000000 1.619449359E-14
24000000 3.42126857E-12
26000000 2.857177896E-10
28000000 1.18096004147E-8
30000000 2.5689498153E-7
35000000 6.5527008624E-5
40000000 0.0019710698984
45000000 0.0134766991698
50000000 0.032609095083
55000000 0.04410220284
60000000 0.044569604961
65000000 0.036311605356
70000000 0.028148495094
75000000 0.02524899654
80000000 0.03147129642
90000000 0.06126259524
100000000 0.081570894546
110000000 0.090732809589
120000000 0.094276703752
130000000 0.09210469446
140000000 0.087807698082
150000000 0.08404299774
160000000 0.080718694667
180000000 0.075640403516
200000000 0.071502796512
#Header 
#Target 61 128 0
#Product 56 122 0
#Datapoints 22
1000000 0
30000000 0
35000000 1.692540564E-13
40000000 1.3317295018E-9
45000000 5.8586209317E-7
50000000 3.6804099108E-5
55000000 0.00066240896172
60000000 0.0058062497063
65000000 0.025036197368
70000000 0.059994507645
75000000 0.09378411218
80000000 0.114779000808
90000000 0.120602995688
100000000 0.115498006086
110000000 0.111043998924
120000000 0.103897006268
130000000 0.097165598502
140000000 0.09141200229
150000000 0.086694809799
160000000 0.082997600413
180000000 0.076683202952
200000000 0.071985599112
#Header 
#Target 61 128 0
#Product 56 123 0
#Datapoints 23
1000000 0
28000000 0
30000000 9.92623692E-15
35000000 2.0132796354E-9
40000000 4.567930633E-6
45000000 0.00055553306334
50000000 0.009012109899
55000000 0.037833504264
60000000 0.069439404165
65000000 0.07851569986
70000000 0.070013092113
75000000 0.05480350704
80000000 0.04291989462
90000000 0.031302298496
100000000 0.026892094371
110000000 0.024404002059
120000000 0.022229704288
130000000 0.020688197256
140000000 0.019534194216
150000000 0.018606800511
160000000 0.017706500318
180000000 0.016329899109
200000000 0.015181497156
#Header 
#Target 61 128 0
#Product 57 116 0
#Datapoints 15
1000000 0
65000000 0
70000000 7.374400542E-16
75000000 9.20816776E-14
80000000 2.510652888E-12
90000000 9.090338768E-11
100000000 2.553342363E-10
110000000 4.476971634E-10
120000000 9.1962112E-10
130000000 1.946519856E-9
140000000 3.6286304694E-9
150000000 5.539719705E-9
160000000 7.8037805976E-9
180000000 1.1929398842E-8
200000000 1.4337100512E-8
#Header 
#Target 61 128 0
#Product 57 117 0
#Datapoints 18
1000000 0
50000000 0
55000000 7.96300848E-14
60000000 5.401073602E-12
65000000 1.612844688E-10
70000000 1.8041091876E-9
75000000 7.779890074E-9
80000000 1.5852693852E-8
90000000 1.980409788E-8
100000000 2.9120698155E-8
110000000 5.6621206329E-8
120000000 1.11656996132E-7
130000000 1.8012295944E-7
140000000 2.4474101718E-7
150000000 3.1753995858E-7
160000000 4.1240599985E-7
180000000 5.6388500898E-7
200000000 6.5291596524E-7
#Header 
#Target 61 128 0
#Product 57 118 0
#Datapoints 22
1000000 0
30000000 0
35000000 7.446586818E-15
40000000 1.630381161E-12
45000000 4.919223432E-11
50000000 8.393748201E-10
55000000 1.928210727E-8
60000000 1.7481407083E-7
65000000 4.7856296124E-7
70000000 5.8006999818E-7
75000000 4.926919616E-7
80000000 4.2939500232E-7
90000000 8.4552696424E-7
100000000 2.2763703255E-6
110000000 3.7566497406E-6
120000000 5.7223703944E-6
130000000 7.4916195852E-6
140000000 9.2505504246E-6
150000000 1.08576003783E-5
160000000 1.18816001785E-5
180000000 1.3746602662E-5
200000000 1.4742304416E-5
#Header 
#Target 61 128 0
#Product 57 119 0
#Datapoints 26
1000000 0
22000000 0
24000000 1.213759739E-14
26000000 4.492954548E-13
28000000 6.229529482E-12
30000000 7.299677502E-11
35000000 1.17832985028E-8
40000000 4.3274796803E-7
45000000 3.9782306688E-6
50000000 1.1064499134E-5
55000000 1.22931999972E-5
60000000 8.9042998273E-6
65000000 6.8890198052E-6
70000000 7.0671501954E-6
75000000 1.3085199676E-5
80000000 2.9224302348E-5
90000000 6.1540990728E-5
100000000 7.8810610026E-5
110000000 9.4521995739E-5
120000000 0.000114099994052
130000000 0.00013819003716
140000000 0.00015954301512
150000000 0.00017506803327
160000000 0.0001871729691
180000000 0.00019972001942
200000000 0.00021013098708
#Header 
#Target 61 128 0
#Product 57 120 0
#Datapoints 36
1000000 0
11000000 0
12000000 1.9491056656E-14
13000000 2.478700192E-13
14000000 2.3898382322E-12
15000000 1.8027402564E-11
16000000 1.0769239448E-10
17000000 5.572152929E-10
18000000 2.3325600816E-9
19000000 8.701350108E-9
20000000 2.8113797816E-8
22000000 2.1671706267E-7
24000000 1.1813700228E-6
26000000 4.5196594584E-6
28000000 1.36971000133E-5
30000000 3.3130697088E-5
35000000 0.000122128992612
40000000 0.00015940006809
45000000 0.000112366002051
50000000 7.7971300422E-5
55000000 7.072500552E-5
60000000 0.000118633997802
65000000 0.00034769397884
70000000 0.00073581488424
75000000 0.0009924459374
80000000 0.00104012005476
90000000 0.00102779989144
100000000 0.0011448199545
110000000 0.0013809497103
120000000 0.0016135001784
130000000 0.0017877296262
140000000 0.0018959794986
150000000 0.0019806504471
160000000 0.0020307403038
180000000 0.0020407094557
200000000 0.002075940258
#Header 
#Target 61 128 0
#Product 57 121 0
#Datapoints 27
1000000 0
20000000 0
22000000 1.073469114E-14
24000000 8.736631696E-13
26000000 2.432175408E-11
28000000 4.642918797E-10
30000000 5.1925700403E-9
35000000 5.2662505236E-7
40000000 2.4732799655E-5
45000000 0.00051009696306
50000000 0.0029367904068
55000000 0.0064943097666
60000000 0.0078282601642
65000000 0.0068714008324
70000000 0.0057951193221
75000000 0.005254390364
80000000 0.005361090264
90000000 0.0071895594288
100000000 0.0090921206592
110000000 0.0103578998142
120000000 0.0110825013684
130000000 0.0112869000432
140000000 0.0113471996514
150000000 0.011242000029
160000000 0.0111892994382
180000000 0.0108781999072
200000000 0.0106672998516
#Header 
#Target 61 128 0
#Product 57 122 0
#Datapoints 33
1000000 0
14000000 0
15000000 2.9174652738E-15
16000000 2.0935176504E-14
17000000 3.582123764E-13
18000000 6.06967676E-12
19000000 8.47249128E-11
20000000 8.508164336E-10
22000000 4.4386099969E-8
24000000 1.05663003652E-6
26000000 1.3605003048E-5
28000000 0.00011021698952
30000000 0.00059186004078
35000000 0.0093657993
40000000 0.030223894861
45000000 0.037113707964
50000000 0.026779093734
55000000 0.017354095884
60000000 0.0128877014211
65000000 0.012714000286
70000000 0.017508506229
75000000 0.02719989356
80000000 0.0358048008
90000000 0.04238169124
100000000 0.044670604482
110000000 0.044909004675
120000000 0.0433373996
130000000 0.041701302846
140000000 0.040380605604
150000000 0.039025595895
160000000 0.037839692631
180000000 0.036288395928
200000000 0.03493219842
#Header 
#Target 61 128 0
#Product 57 123 0
#Datapoints 25
1000000 0
24000000 0
26000000 9.944095056E-16
28000000 3.053510614E-13
30000000 2.948763126E-11
35000000 1.05628009938E-7
40000000 2.2344801602E-5
45000000 0.00070491698265
50000000 0.0079370295708
55000000 0.039605498094
60000000 0.09384670742
65000000 0.132173999204
70000000 0.140659000056
75000000 0.13400599204
80000000 0.126140999484
90000000 0.116936996232
100000000 0.11044199784
110000000 0.10398699069
120000000 0.097107399796
130000000 0.091275099438
140000000 0.086417700126
150000000 0.082336202793
160000000 0.078813197684
180000000 0.073022698055
200000000 0.068253704316
#Header 
#Target 61 128 0
#Product 57 124 0
#Datapoints 26
1000000 0
22000000 0
24000000 6.12153808E-13
26000000 2.255173992E-10
28000000 2.6071698081E-8
30000000 1.14321998988E-6
35000000 0.0006718229793
40000000 0.019294403819
45000000 0.085755703698
50000000 0.133506001233
55000000 0.11894500278
60000000 0.082913500483
65000000 0.057388503224
70000000 0.045437100309
75000000 0.03962859552
80000000 0.036434795388
90000000 0.032424706832
100000000 0.029738198982
110000000 0.027842101383
120000000 0.025789306884
130000000 0.024038195394
140000000 0.022613404008
150000000 0.021429400707
160000000 0.020260206122
180000000 0.01830270234
200000000 0.016683497796
#Header 
#Target 61 128 0
#Product 58 118 0
#Datapoints 19
1000000 0
45000000 0
50000000 3.457344921E-15
55000000 3.886544094E-13
60000000 1.542888704E-11
65000000 2.096199716E-10
70000000 6.84742824E-10
75000000 1.051579914E-9
80000000 1.1303790624E-9
90000000 1.4729696352E-9
100000000 3.4140797364E-9
110000000 6.7323001473E-9
120000000 1.3270493896E-8
130000000 1.9474502406E-8
140000000 2.6247901392E-8
150000000 3.2390993739E-8
160000000 3.9310707462E-8
180000000 5.0326301366E-8
200000000 5.9948005068E-8
#Header 
#Target 61 128 0
#Product 58 119 0
#Datapoints 22
1000000 0
30000000 0
35000000 4.589911326E-14
40000000 1.3830494322E-11
45000000 3.170574972E-10
50000000 3.8728697367E-9
55000000 2.5151193588E-8
60000000 5.2425002268E-8
65000000 5.079419358E-8
70000000 4.0720099923E-8
75000000 3.83547944E-8
80000000 5.0785397736E-8
90000000 2.0815501616E-7
100000000 4.5731999601E-7
110000000 6.9161905092E-7
120000000 9.7895601056E-7
130000000 1.23797989158E-6
140000000 1.5169995468E-6
150000000 1.7496195444E-6
160000000 1.9594896269E-6
180000000 2.3421203242E-6
200000000 2.6208101388E-6
#Header 
#Target 61 128 0
#Product 58 120 0
#Datapoints 33
1000000 0
14000000 0
15000000 1.378766476E-15
16000000 2.695538252E-14
17000000 4.032011973E-13
18000000 5.275682524E-12
19000000 3.36441798E-11
20000000 1.476227872E-10
22000000 1.636039404E-9
24000000 6.2564092274E-9
26000000 2.038569888E-8
28000000 4.226230085E-8
30000000 8.5840295883E-8
35000000 3.7735907022E-7
40000000 1.04800997769E-6
45000000 1.39785001635E-6
50000000 1.05073000806E-6
55000000 8.0161690332E-7
60000000 7.6225003235E-7
65000000 1.17128012924E-6
70000000 3.0052698039E-6
75000000 6.371180102E-6
80000000 9.3856907244E-6
90000000 1.28512002584E-5
100000000 1.595939604E-5
110000000 1.8781100829E-5
120000000 2.2429205612E-5
130000000 2.6596702956E-5
140000000 3.09270036E-5
150000000 3.4323703635E-5
160000000 3.7764996386E-5
180000000 4.2077101898E-5
200000000 4.51902066E-5
#Header 
#Target 61 128 0
#Product 58 121 0
#Datapoints 43
1000000 0
4000000 0
5000000 1.027039326E-14
6000000 6.59784139E-13
7000000 2.1997466784E-11
8000000 3.5452101744E-10
9000000 3.0178397163E-9
10000000 1.50338991528E-8
11000000 5.020732269E-8
12000000 1.26074015488E-7
13000000 2.6159896192E-7
14000000 4.79211000417E-7
15000000 7.98906032262E-7
16000000 1.2733104956E-6
17000000 2.0087703498E-6
18000000 3.091369946E-6
19000000 4.655139852E-6
20000000 6.7446803736E-6
22000000 1.721089792E-5
24000000 2.8301403268E-5
26000000 2.4926206248E-5
28000000 2.6735300614E-5
30000000 2.7648605178E-5
35000000 2.0117901738E-5
40000000 1.38873991913E-5
45000000 1.36213004442E-5
50000000 2.2876894359E-5
55000000 6.2737898928E-5
60000000 0.00015089993801
65000000 0.00022275296264
70000000 0.00023749096347
75000000 0.0002326229244
80000000 0.00022743602964
90000000 0.00024836297416
100000000 0.0003035270409
110000000 0.00037002991017
120000000 0.00044306002752
130000000 0.00048834097008
140000000 0.00053374505742
150000000 0.0005618479269
160000000 0.00058495492965
180000000 0.000603379016
200000000 0.00061188696828
#Header 
#Target 61 128 0
#Product 58 122 0
#Datapoints 34
1000000 0
13000000 0
14000000 4.7515698436E-15
15000000 9.61262007E-14
16000000 1.3224059376E-12
17000000 1.313471172E-11
18000000 1.0072399036E-10
19000000 6.11648202E-10
20000000 3.0410999152E-9
22000000 4.6624699749E-8
24000000 4.1319004252E-7
26000000 2.9342995572E-6
28000000 1.545589947E-5
30000000 5.819090976E-5
35000000 0.00051326802582
40000000 0.0016347195284
45000000 0.0032122899891
50000000 0.0037601302608
55000000 0.0033478700778
60000000 0.0028446704027
65000000 0.002555370428
70000000 0.0024975704601
75000000 0.002730550622
80000000 0.0031824903072
90000000 0.004067350252
100000000 0.0047797198131
110000000 0.005208710901
120000000 0.0054037099776
130000000 0.0054297595872
140000000 0.0054182803254
150000000 0.0053532406902
160000000 0.0052923503321
180000000 0.005100490119
200000000 0.0049696395336
#Header 
#Target 61 128 0
#Product 58 123 0
#Datapoints 40
1000000 0
7000000 0
8000000 1.50356781E-13
9000000 1.1494498177E-11
10000000 4.2628304724E-10
11000000 8.875170045E-9
12000000 1.15342974752E-7
13000000 1.01913000888E-6
14000000 6.30254967745E-6
15000000 2.78214016498E-5
16000000 9.36198950808E-5
17000000 0.0002517669671
18000000 0.0005646100208
19000000 0.0011137299624
20000000 0.0019765201392
22000000 0.0051947506951
24000000 0.0112838003636
26000000 0.018153500904
28000000 0.025443396649
30000000 0.032079601914
35000000 0.038761207056
40000000 0.028233202285
45000000 0.018579696957
50000000 0.0144069007212
55000000 0.0140707990008
60000000 0.018387705348
65000000 0.025918903296
70000000 0.03289320693
75000000 0.03655450022
80000000 0.0378718992
90000000 0.039292402856
100000000 0.039676001877
110000000 0.038808796674
120000000 0.03737690176
130000000 0.036211207254
140000000 0.035090005104
150000000 0.034070200866
160000000 0.03321319924
180000000 0.031842400352
200000000 0.030612405348
#Header 
#Target 61 128 0
#Product 58 124 0
#Datapoints 31
1000000 0
16000000 0
17000000 1.111744838E-15
18000000 4.24246802E-14
19000000 9.72372324E-13
20000000 1.485390392E-11
22000000 1.3697896863E-9
24000000 5.1981900554E-8
26000000 1.03283003184E-6
28000000 1.26013006581E-5
30000000 9.6559504356E-5
35000000 0.0032427198012
40000000 0.031450595862
45000000 0.10706000586
50000000 0.18747797457
55000000 0.2299819266
60000000 0.23207204121
65000000 0.21938602764
70000000 0.21004795926
75000000 0.2029139836
80000000 0.19723301016
90000000 0.18487306656
100000000 0.17428604853
110000000 0.16433202828
120000000 0.1527579438
130000000 0.14276494986
140000000 0.13405103028
150000000 0.12653995926
160000000 0.119858995659
180000000 0.108864002084
200000000 0.100068994536
#Header 
#Target 61 128 0
#Product 58 125 0
#Datapoints 36
1000000 0
11000000 0
12000000 3.2100768464E-15
13000000 3.3560594576E-13
14000000 1.1426781503E-11
15000000 3.1235918328E-10
16000000 8.51641055584E-9
17000000 1.6325803636E-7
18000000 1.9562999624E-6
19000000 1.745420226E-5
20000000 0.00010770699832
22000000 0.0019554307018
24000000 0.015644899722
26000000 0.06772469934
28000000 0.17974298573
30000000 0.33201507501
35000000 0.60321693564
40000000 0.61145197957
45000000 0.45885500238
50000000 0.29452094718
55000000 0.20698698246
60000000 0.16969397085
65000000 0.15195903112
70000000 0.140569001793
75000000 0.13146001612
80000000 0.123750996516
90000000 0.111577005848
100000000 0.101319004119
110000000 0.093057003342
120000000 0.084135299556
130000000 0.07677870561
140000000 0.070597995444
150000000 0.065316898218
160000000 0.060926001292
180000000 0.05328369802
200000000 0.047481493164
#Header 
#Target 61 128 0
#Product 59 121 0
#Datapoints 21
1000000 0
35000000 0
40000000 2.788617768E-15
45000000 5.525588331E-12
50000000 2.852379222E-10
55000000 3.4745195364E-9
60000000 2.8846493855E-8
65000000 9.448260588E-8
70000000 1.7136803313E-7
75000000 2.464139778E-7
80000000 2.97307968E-7
90000000 3.6192398648E-7
100000000 4.2380199147E-7
110000000 5.3423798283E-7
120000000 7.1555195448E-7
130000000 8.808970299E-7
140000000 1.08709998966E-6
150000000 1.224349893E-6
160000000 1.3542193717E-6
180000000 1.466580473E-6
200000000 1.525159986E-6
#Header 
#Target 61 128 0
#Product 59 122 0
#Datapoints 26
1000000 0
22000000 0
24000000 7.492944062E-15
26000000 1.183849986E-12
28000000 5.885077154E-11
30000000 1.0341799053E-9
35000000 5.5087104402E-8
40000000 3.1655406813E-7
45000000 1.26938996256E-6
50000000 4.4076204336E-6
55000000 6.6905395704E-6
60000000 7.241659506E-6
65000000 7.401610632E-6
70000000 7.3852094286E-6
75000000 7.39132998E-6
80000000 7.8496996368E-6
90000000 1.15457996584E-5
100000000 1.9088695074E-5
110000000 2.6203998105E-5
120000000 3.2474896476E-5
130000000 3.6537205002E-5
140000000 3.9526202964E-5
150000000 4.0969304298E-5
160000000 4.217179707E-5
180000000 4.1794395447E-5
200000000 4.1457599568E-5
#Header 
#Target 61 128 0
#Product 59 123 0
#Datapoints 33
1000000 0
14000000 0
15000000 3.4986883328E-14
16000000 1.5115943744E-12
17000000 2.735298727E-11
18000000 4.034819208E-10
19000000 3.893399466E-9
20000000 2.5354898848E-8
22000000 4.6743104205E-7
24000000 3.3658502972E-6
26000000 1.4419104636E-5
28000000 4.3236702641E-5
30000000 9.9677207184E-5
35000000 0.00029168294298
40000000 0.00029840100129
45000000 0.00024844199358
50000000 0.00021626298132
55000000 0.0001958850177
60000000 0.00018989097471
65000000 0.0002236530686
70000000 0.00029621294712
75000000 0.000394484946
80000000 0.000485698944
90000000 0.00064524699904
100000000 0.00076619195388
110000000 0.00082246999341
120000000 0.00083085504744
130000000 0.00082597603878
140000000 0.00081397405146
150000000 0.00079286405913
160000000 0.00077270300549
180000000 0.00072818710227
200000000 0.00069421502808
#Header 
#Target 61 128 0
#Product 59 124 0
#Datapoints 44
1000000 0
3000000 0
4000000 2.7482546808E-15
5000000 1.17041948E-12
6000000 1.269829477E-10
7000000 6.4222986078E-9
8000000 1.5638694732E-7
9000000 1.84243990441E-6
10000000 1.20223987836E-5
11000000 5.118968295E-5
12000000 0.000156732004432
13000000 0.000382759000088
14000000 0.00079388701378
15000000 0.00144765007984
16000000 0.00237633991936
17000000 0.0035849296476
18000000 0.0050661205504
19000000 0.00675357045
20000000 0.0086219990176
22000000 0.015451098023
24000000 0.021571402812
26000000 0.013688795556
28000000 0.0107484000162
30000000 0.008898570096
35000000 0.0059307402594
40000000 0.0043950199692
45000000 0.0041771008602
50000000 0.0052860299133
55000000 0.0075738003456
60000000 0.0094000196594
65000000 0.0102683004736
70000000 0.0108550993509
75000000 0.011290699962
80000000 0.0113866987032
90000000 0.0113556005304
100000000 0.0110950003158
110000000 0.0107416006836
120000000 0.0102408992664
130000000 0.0097908303366
140000000 0.0094083295356
150000000 0.0090783898452
160000000 0.0088049795977
180000000 0.0083065897194
200000000 0.00794364984
#Header 
#Target 61 128 0
#Product 59 125 0
#Datapoints 35
1000000 0
12000000 0
13000000 2.0847038664E-15
14000000 1.8428985842E-13
15000000 6.938005509E-12
16000000 1.32268334E-10
17000000 1.6694203121E-9
18000000 1.550320422E-8
19000000 1.0964600262E-7
20000000 6.1757999328E-7
22000000 1.12319997968E-5
24000000 0.00011127899752
26000000 0.00065848804488
28000000 0.0027803197004
30000000 0.0094083795114
35000000 0.060604102548
40000000 0.116889994383
45000000 0.131005000869
50000000 0.130096995156
55000000 0.12927699447
60000000 0.127985002493
65000000 0.126359003576
70000000 0.124125993711
75000000 0.12164399724
80000000 0.118637003376
90000000 0.111251009968
100000000 0.104516993538
110000000 0.098122401879
120000000 0.090427405244
130000000 0.083896598592
140000000 0.0782144094
150000000 0.073292500359
160000000 0.068899599002
180000000 0.06157790666
200000000 0.055776800772
#Header 
#Target 61 128 0
#Product 59 126 0
#Datapoints 39
1000000 0
8000000 0
9000000 3.717444447E-13
10000000 2.4762996168E-10
11000000 3.7859700123E-8
12000000 1.85707977456E-6
13000000 4.0457802712E-5
14000000 0.000456241038652
15000000 0.0030100699803
16000000 0.0133422997576
17000000 0.042835895735
18000000 0.102883010384
19000000 0.2027070276
20000000 0.33417706352
22000000 0.60821801629
24000000 0.78391106974
26000000 0.83614901244
28000000 0.76500103328
30000000 0.62516805498
35000000 0.3235369632
40000000 0.21843306634
45000000 0.18419002245
50000000 0.16287403941
55000000 0.1497560337
60000000 0.139399997325
65000000 0.130595003916
70000000 0.121959000954
75000000 0.11372499652
80000000 0.106230995484
90000000 0.092879890376
100000000 0.081998200209
110000000 0.07300740177
120000000 0.064439398144
130000000 0.05759919648
140000000 0.051985594938
150000000 0.047176197588
160000000 0.043297602933
180000000 0.0370637963
200000000 0.032423796636
#Header 
#Target 61 128 0
#Product 60 122 0
#Datapoints 21
1000000 0
35000000 0
40000000 3.289858943E-14
45000000 2.369198472E-11
50000000 7.12491315E-10
55000000 7.5816602874E-9
60000000 2.2621105462E-8
65000000 3.7509197128E-8
70000000 5.0225596236E-8
75000000 6.011620378E-8
80000000 6.3582009744E-8
90000000 6.8663099848E-8
100000000 8.2460504316E-8
110000000 1.04140007304E-7
120000000 1.3280297932E-7
130000000 1.505939547E-7
140000000 1.690249572E-7
150000000 1.7879995731E-7
160000000 1.8679399284E-7
180000000 1.871959446E-7
200000000 1.8329603628E-7
#Header 
#Target 61 128 0
#Product 60 123 0
#Datapoints 25
1000000 0
24000000 0
26000000 1.0582096512E-14
28000000 1.050349707E-10
30000000 3.8991107154E-9
35000000 5.2511792916E-8
40000000 3.1193802133E-7
45000000 8.1831894732E-7
50000000 1.0879398912E-6
55000000 1.18932998022E-6
60000000 1.19709998064E-6
65000000 1.16638003248E-6
70000000 1.1719399581E-6
75000000 1.3832199296E-6
80000000 1.9700900532E-6
90000000 3.7053699872E-6
100000000 5.7972890148E-6
110000000 7.1152000926E-6
120000000 8.015009244E-6
130000000 8.3109803766E-6
140000000 8.413710231E-6
150000000 8.3723198754E-6
160000000 8.3542695808E-6
180000000 7.8119204222E-6
200000000 7.5020600172E-6
#Header 
#Target 61 128 0
#Product 60 124 0
#Datapoints 37
1000000 0
10000000 0
11000000 7.05342897E-12
12000000 7.4198504128E-10
13000000 3.14345972648E-8
14000000 5.9093299813E-7
15000000 3.24049043638E-6
16000000 7.71869021352E-6
17000000 1.3433198278E-5
18000000 2.0035799336E-5
19000000 2.719809906E-5
20000000 3.5148897392E-5
22000000 5.3830396283E-5
24000000 7.43960027E-5
26000000 9.1260089856E-5
28000000 0.000100987004943
30000000 0.000102043995897
35000000 9.024400572E-5
40000000 7.9274199249E-5
45000000 6.893800149E-5
50000000 6.2615805021E-5
55000000 6.7593004026E-5
60000000 9.2840709779E-5
65000000 0.000128585991612
70000000 0.00016721302095
75000000 0.0002046329758
80000000 0.00022889503584
90000000 0.00026163399584
100000000 0.00027483702684
110000000 0.00027350497017
120000000 0.00026224702724
130000000 0.00024932704464
140000000 0.0002369040102
150000000 0.00022535904222
160000000 0.00021514004031
180000000 0.00019524305336
200000000 0.00018107701248
#Header 
#Target 61 128 0
#Product 60 125 0
#Datapoints 46
1000000 0
1000000 0
2000000 1.2847697926E-13
3000000 1.7115000624E-9
4000000 1.06972005564E-7
5000000 1.0419300696E-6
6000000 6.8063901465E-6
7000000 3.176109927E-5
8000000 0.000104434993368
9000000 0.00024736594231
10000000 0.00045369117396
11000000 0.0006857310285
12000000 0.00089540776928
13000000 0.00105893013728
14000000 0.00117816988067
15000000 0.00126628959822
16000000 0.00134013003784
17000000 0.0014182896575
18000000 0.0015224498184
19000000 0.001658880366
20000000 0.00188637028
22000000 0.0037084007196
24000000 0.0044653498174
26000000 0.001980020058
28000000 0.0013993805144
30000000 0.00122635996254
35000000 0.001612680696
40000000 0.0025798192811
45000000 0.0039617193171
50000000 0.0053938401384
55000000 0.0063442207596
60000000 0.0069230301068
65000000 0.0072175793664
70000000 0.0072667991133
75000000 0.007206850614
80000000 0.0070498999716
90000000 0.0066679295816
100000000 0.0062634202518
110000000 0.005903379933
120000000 0.0054916004264
130000000 0.0051457706448
140000000 0.0048696799536
150000000 0.0046364493123
160000000 0.0044342794821
180000000 0.0041180001278
200000000 0.0038720406564
#Header 
#Target 61 128 0
#Product 60 126 0
#Datapoints 40
1000000 0
7000000 0
8000000 6.23597202E-15
9000000 5.88511194E-13
10000000 1.4119999164E-11
11000000 1.385100234E-10
12000000 7.700241136E-10
13000000 3.43210992704E-9
14000000 1.82475034805E-6
15000000 9.3869708414E-5
16000000 0.00056138497624
17000000 0.0015984098733
18000000 0.0034603205868
19000000 0.00658720029
20000000 0.0114441999104
22000000 0.026947899792
24000000 0.04911040839
26000000 0.076182200424
28000000 0.105848003943
30000000 0.133994003538
35000000 0.17359601358
40000000 0.18751406231
45000000 0.19361301177
50000000 0.19420994835
55000000 0.19187693466
60000000 0.18658697358
65000000 0.182829972
70000000 0.17626599639
75000000 0.170718035
80000000 0.164177976
90000000 0.15136695224
100000000 0.14001502317
110000000 0.13009802208
120000000 0.118942997096
130000000 0.109577004198
140000000 0.101561999274
150000000 0.09460119825
160000000 0.088479894178
180000000 0.078442295615
200000000 0.070387901976
#Header 
#Target 61 128 0
#Product 60 127 0
#Datapoints 45
1000000 0
2000000 0
3000000 6.472809873E-13
4000000 1.54536018312E-8
5000000 5.256150376E-6
6000000 0.0002866350438
7000000 0.0047351416374
8000000 0.031476599892
9000000 0.107862997128
10000000 0.235761008544
11000000 0.38416503636
12000000 0.525524003184
13000000 0.651744034776
14000000 0.759706055295
15000000 0.845420028196
16000000 0.904255968792
17000000 0.93042499497
18000000 0.91748795936
19000000 0.8585109786
20000000 0.76143097368
22000000 0.53051596193
24000000 0.36269697188
26000000 0.28015794348
28000000 0.24393600902
30000000 0.22722702297
35000000 0.20377100436
40000000 0.18580902122
45000000 0.17031497475
50000000 0.16196001207
55000000 0.15208802808
60000000 0.140665998447
65000000 0.130624993044
70000000 0.120421996038
75000000 0.11124899442
80000000 0.102791006148
90000000 0.08843179772
100000000 0.076881195429
110000000 0.067496694609
120000000 0.0588540986
130000000 0.051876104034
140000000 0.04622700021
150000000 0.04162159755
160000000 0.037739501839
180000000 0.031737703042
200000000 0.0274313025
#Header 
#Target 61 128 0
#Product 61 125 0
#Datapoints 22
1000000 0
30000000 0
35000000 4.350729108E-11
40000000 7.0163105194E-9
45000000 6.0425795286E-8
50000000 4.7236304109E-7
55000000 1.21503994878E-6
60000000 1.9346698936E-6
65000000 2.4466303108E-6
70000000 2.6979398757E-6
75000000 2.838210202E-6
80000000 2.8459296072E-6
90000000 2.6984995576E-6
100000000 2.4660798399E-6
110000000 2.2284296262E-6
120000000 1.979639596E-6
130000000 1.7674903176E-6
140000000 1.5915299934E-6
150000000 1.452010443E-6
160000000 1.3267103811E-6
180000000 1.12254997371E-6
200000000 9.8166098436E-7
#Header 
#Target 61 128 0
#Product 61 126 0
#Datapoints 28
1000000 0
19000000 0
20000000 1.50084412E-14
22000000 6.782519903E-10
24000000 1.7673406596E-7
26000000 2.650360122E-6
28000000 6.9696602041E-6
30000000 1.09139988744E-5
35000000 3.9753200256E-5
40000000 7.3428301429E-5
45000000 9.151839462E-5
50000000 9.7627403235E-5
55000000 9.6656405016E-5
60000000 9.3942510465E-5
65000000 8.352029764E-5
70000000 7.9726893264E-5
75000000 7.202449736E-5
80000000 6.6716098956E-5
90000000 5.5675102784E-5
100000000 4.7017004688E-5
110000000 4.0235192034E-5
120000000 3.4639706464E-5
130000000 3.0331502154E-5
140000000 2.6826599814E-5
150000000 2.3968603191E-5
160000000 2.1764903706E-5
180000000 1.8237903835E-5
200000000 1.5733199832E-5
#Header 
#Target 61 128 0
#Product 61 127 0
#Datapoints 36
1000000 0
11000000 0
12000000 9.890457456E-12
13000000 1.24539990688E-8
14000000 2.54341021282E-5
15000000 0.000496845939776
16000000 0.00188678972944
17000000 0.0040747294128
18000000 0.0068840401616
19000000 0.009967089528
20000000 0.012808397592
22000000 0.01656730359
24000000 0.018366005026
26000000 0.01946040306
28000000 0.02022009396
30000000 0.02059919925
35000000 0.02097410667
40000000 0.020716495572
45000000 0.020085700596
50000000 0.019106106903
55000000 0.018827993706
60000000 0.01706330304
65000000 0.01694169672
70000000 0.015438901455
75000000 0.0151723038
80000000 0.013913398584
90000000 0.012598300064
100000000 0.0115035002538
110000000 0.0105825997821
120000000 0.0096311098444
130000000 0.008835160062
140000000 0.0081953396916
150000000 0.0075992896278
160000000 0.0070765096961
180000000 0.0062388605321
200000000 0.0055675102812
#Header 
#Target 61 128 0
#Product 61 128 0
#Datapoints 46
1000000 0
1000000 0
2000000 9.03147961443E-14
3000000 1.6535700693E-7
4000000 6.31928021868E-5
5000000 0.0012939799456
6000000 0.0099187498305
7000000 0.0394974000036
8000000 0.086948792136
9000000 0.111857993859
10000000 0.09473009946
11000000 0.06119520246
12000000 0.0359880966624
13000000 0.0232737017344
14000000 0.018354604582
15000000 0.016961201795
16000000 0.0167565015376
17000000 0.016758496136
18000000 0.016736603632
19000000 0.0166473945
20000000 0.016470697688
22000000 0.015831401504
24000000 0.014635799992
26000000 0.0133603999512
28000000 0.0122551005863
30000000 0.0113353016631
35000000 0.0093477094062
40000000 0.00773366987
45000000 0.0062618091768
50000000 0.0061102504164
55000000 0.0051011096112
60000000 0.0046643401598
65000000 0.0040083393584
70000000 0.0036624802365
75000000 0.003175450086
80000000 0.00291444963
90000000 0.0023475995088
100000000 0.0019205699676
110000000 0.0015740604036
120000000 0.0012887195508
130000000 0.00107298989436
140000000 0.00091224394446
150000000 0.00078015999009
160000000 0.00067626502047
180000000 0.00052734707063
200000000 0.00042848094408
#Header 
#Target 61 128 0
#Product 62 126 0
#Datapoints 21
1000000 0
35000000 0
40000000 7.2588306315E-9
45000000 6.379630995E-8
50000000 1.33027008588E-7
55000000 1.8117498084E-7
60000000 2.0526397056E-7
65000000 2.14597994E-7
70000000 2.1327698268E-7
75000000 2.044919346E-7
80000000 1.93026036E-7
90000000 1.7146101168E-7
100000000 1.5044500818E-7
110000000 1.3256303097E-7
120000000 1.1556199072E-7
130000000 1.01856001608E-7
140000000 9.0211798836E-8
150000000 8.1484495989E-8
160000000 7.3817896867E-8
180000000 6.1571895161E-8
200000000 5.261129706E-8
#Header 
#Target 61 128 0
#Product 62 127 0
#Datapoints 25
1000000 0
24000000 0
26000000 4.3319596668E-7
28000000 3.4649200872E-6
30000000 1.35890010207E-5
35000000 4.3158297864E-5
40000000 5.9260695358E-5
45000000 6.4779396699E-5
50000000 6.4165509021E-5
55000000 6.0911197068E-5
60000000 5.6322894719E-5
65000000 5.1658808084E-5
70000000 4.6891596159E-5
75000000 4.243200668E-5
80000000 3.8341603728E-5
90000000 3.1631695368E-5
100000000 2.6502202203E-5
110000000 2.2508503254E-5
120000000 1.9182899824E-5
130000000 1.6551404292E-5
140000000 1.4560498524E-5
150000000 1.2898001649E-5
160000000 1.15483993716E-5
180000000 9.5804002721E-6
200000000 8.0987806788E-6
#Header 
#Target 61 128 0
#Product 62 128 0
#Datapoints 38
1000000 0
9000000 0
10000000 2.1431900964E-5
11000000 0.0010702301085
12000000 0.00343678971632
13000000 0.0064794998596
14000000 0.0099815298825
15000000 0.0127244029824
16000000 0.0144877994888
17000000 0.015407202549
18000000 0.015849503628
19000000 0.01603869828
20000000 0.01604450628
22000000 0.015548500849
24000000 0.0146091021
26000000 0.01361100264
28000000 0.0126799006576
30000000 0.0118255988127
35000000 0.009316670616
40000000 0.0077405401958
45000000 0.0064822790862
50000000 0.0054657508743
55000000 0.0044052603846
60000000 0.0035492700589
65000000 0.003256009796
70000000 0.0027126297864
75000000 0.00243207043
80000000 0.0020965400244
90000000 0.0016673592712
100000000 0.0013656704298
110000000 0.00114927005763
120000000 0.0009634429992
130000000 0.00081602593236
140000000 0.00070328702952
150000000 0.00061520301492
160000000 0.00054399699185
180000000 0.00043825795972
200000000 0.00036242000424
#Header 
#Target 61 128 0
#Product 62 129 0
#Datapoints 46
1000000 0
1000000 0
2000000 9.32951918171E-10
3000000 1.03979998809E-6
4000000 9.7584919524E-6
5000000 2.17320936E-5
6000000 4.2384499535E-5
7000000 6.9390424116E-5
8000000 8.9361404316E-5
9000000 9.1722293083E-5
10000000 8.5219594704E-5
11000000 9.026030916E-5
12000000 0.000137168016064
13000000 0.000265451034792
14000000 0.000471099011853
15000000 0.000668460973036
16000000 0.0008012290044
17000000 0.00084835697207
18000000 0.00080073502068
19000000 0.00067868097
20000000 0.00056099798904
22000000 0.00040286494804
24000000 0.00031992003396
26000000 0.00027250698396
28000000 0.00024320796709
30000000 0.00022349098209
35000000 0.00018896101686
40000000 0.00015811199397
45000000 0.00014109798588
50000000 0.000130915998819
55000000 0.000119042000634
60000000 0.000111816002272
65000000 0.000102796997992
70000000 9.4763509731E-5
75000000 8.954390338E-5
80000000 8.4722698272E-5
90000000 6.959860208E-5
100000000 6.5605995357E-5
110000000 5.6725895778E-5
120000000 4.4006795272E-5
130000000 3.8400603822E-5
140000000 3.6630202992E-5
150000000 3.4041197034E-5
160000000 3.0918400162E-5
180000000 2.433459538E-5
200000000 1.6619396556E-5
