#Header 
#Target 69 160 1
#Product 0 1 0
#Datapoints 45
1000000 0
2000000 0
3000000 3.057734886E-10
4000000 9.917436075E-6
5000000 0.0003041203266
6000000 0.00284874144
7000000 0.0149909615
8000000 0.052523868124
9000000 0.13405530066
10000000 0.26016485607
11000000 0.40303171545
12000000 0.53523582048
13000000 0.6500050490115
14000000 0.790826333015
15000000 1.077260286102
16000000 1.3505961294
17000000 1.586700792
18000000 1.785530894
19000000 1.941646556
20000000 2.050199488
22000000 2.1895687
24000000 2.409327648
26000000 2.69424288
28000000 3.01548852
30000000 3.227525952
35000000 3.449564658
40000000 3.739618692
45000000 4.01061416
50000000 4.179438525
55000000 4.365718538
60000000 4.5002034
65000000 4.629040625
70000000 4.7215334
75000000 4.826232258
80000000 4.913406724
90000000 5.107363968
100000000 5.27800803
110000000 5.451904926
120000000 5.6082832
130000000 5.749357992
140000000 5.888971629
150000000 6.041741877
160000000 6.253285944
180000000 6.678974984
200000000 7.111843767
#Header 
#Target 69 160 1
#Product 1 1 0
#Datapoints 45
1000000 0
2000000 5.5346603235E-20
3000000 2.813980664E-13
4000000 9.257384292E-10
5000000 2.041084521E-7
6000000 7.9539168E-6
7000000 9.00300237E-5
8000000 0.00048313856794
9000000 0.001575576474
10000000 0.003761577435
11000000 0.007457164715
12000000 0.013445947296
13000000 0.0249983032117
14000000 0.04415803888846
15000000 0.0622600276753
16000000 0.08313820767
17000000 0.10626581445
18000000 0.1295359904
19000000 0.1516085468
20000000 0.173303264
22000000 0.2202169656
24000000 0.2797190448
26000000 0.350230902
28000000 0.41833152
30000000 0.4844803712
35000000 0.6754584348
40000000 0.8786498016
45000000 1.0162000478
50000000 1.1904063
55000000 1.3066361798
60000000 1.4154201306
65000000 1.5104587355
70000000 1.5986762625
75000000 1.675525489
80000000 1.732372038
90000000 1.83709876
100000000 1.924466994
110000000 2.002462839
120000000 2.0722312
130000000 2.137358496
140000000 2.200388283
150000000 2.265967653
160000000 2.349850744
180000000 2.514830144
200000000 2.692083696
#Header 
#Target 69 160 1
#Product 1 2 0
#Datapoints 40
1000000 0
7000000 0
8000000 9.305670465E-17
9000000 5.074318836E-13
10000000 1.1558730197E-10
11000000 9.058627305E-9
12000000 3.0005776512E-7
13000000 4.609825314458E-6
14000000 3.918925546978E-5
15000000 0.0002071973211763
16000000 0.00072734953998
17000000 0.001804553985
18000000 0.003465071786
19000000 0.00561078588
20000000 0.008115731776
22000000 0.01374806348
24000000 0.01966539744
26000000 0.0255053974
28000000 0.0320584608
30000000 0.03734004736
35000000 0.04924027008
40000000 0.05953511232
45000000 0.0686264313
50000000 0.075411218
55000000 0.08484391428
60000000 0.08939264796
65000000 0.09366236165
70000000 0.10087215375
75000000 0.10482454782
80000000 0.11088332088
90000000 0.11037359144
100000000 0.11046526503
110000000 0.1081224339
120000000 0.105994464
130000000 0.1037571612
140000000 0.10117386828
150000000 0.09920175561
160000000 0.09910226972
180000000 0.10081398039
200000000 0.10450442331
#Header 
#Target 69 160 1
#Product 1 3 0
#Datapoints 36
1000000 0
11000000 0
12000000 6.215409792E-19
13000000 1.518170250415E-14
14000000 2.834761869294E-11
15000000 2.537202393908E-9
16000000 7.0973336637E-8
17000000 9.283399938E-7
18000000 6.826000046E-6
19000000 3.06414102E-5
20000000 9.224101056E-5
22000000 0.0003858361184
24000000 0.0008852586288
26000000 0.00160157172
28000000 0.0024355458
30000000 0.003341700768
35000000 0.005632253874
40000000 0.007874687412
45000000 0.00988563226
50000000 0.01164687
55000000 0.013308020266
60000000 0.014938724682
65000000 0.016628540225
70000000 0.018396121
75000000 0.02029913696
80000000 0.02227238612
90000000 0.02659132196
100000000 0.03169965018
110000000 0.03536410098
120000000 0.038979336
130000000 0.04248132336
140000000 0.04598301897
150000000 0.04947909693
160000000 0.05292546488
180000000 0.05962422533
200000000 0.06597748275
#Header 
#Target 69 160 1
#Product 2 3 0
#Datapoints 40
1000000 0
7000000 0
8000000 2.4686788637E-20
9000000 6.09323208E-18
10000000 2.995974604E-16
11000000 5.69020634E-15
12000000 8.53394472E-14
13000000 1.806536053231E-12
14000000 3.591016217093E-11
15000000 4.941521300079E-10
16000000 4.7271060123E-9
17000000 3.346668987E-8
18000000 1.858603472E-7
19000000 8.464398958E-7
20000000 3.26427424E-6
22000000 2.95328972E-5
24000000 0.0001727134032
26000000 0.000603819832
28000000 0.001408693932
30000000 0.002568607328
35000000 0.006418622646
40000000 0.010672589388
45000000 0.014771739654
50000000 0.018444014
55000000 0.02149606466
60000000 0.02411000802
65000000 0.0263057795
70000000 0.02842232175
75000000 0.03038863397
80000000 0.03242225286
90000000 0.03663114504
100000000 0.04134552864
110000000 0.04433649948
120000000 0.047334016
130000000 0.05036072832
140000000 0.05340992427
150000000 0.05632994367
160000000 0.05878536044
180000000 0.06369143785
200000000 0.0684305406
#Header 
#Target 69 160 1
#Product 2 4 0
#Datapoints 45
1000000 0
2000000 2.862867042E-11
3000000 7.41347822E-10
4000000 3.502065018E-8
5000000 6.3549846E-7
6000000 6.04823808E-6
7000000 3.40511321E-5
8000000 0.0001200450454
9000000 0.0003463980624
10000000 0.0009865638608
11000000 0.0026538741775
12000000 0.006007045536
13000000 0.01114676340505
14000000 0.01641863974521
15000000 0.01760332844998
16000000 0.018934770561
17000000 0.02079985629
18000000 0.02295431822
19000000 0.0264018205
20000000 0.03577570432
22000000 0.05711434172
24000000 0.04917827616
26000000 0.0571533438
28000000 0.0750227364
30000000 0.0958231904
35000000 0.14364014058
40000000 0.1620546018
45000000 0.1593491158
50000000 0.1796866
55000000 0.1995411472
60000000 0.2158682148
65000000 0.231115918
70000000 0.2362103775
75000000 0.2326255126
80000000 0.2307944052
90000000 0.2394189952
100000000 0.2319918621
110000000 0.2184480987
120000000 0.20724592
130000000 0.2005257576
140000000 0.192958101
150000000 0.1884266403
160000000 0.1915945692
180000000 0.2031295664
200000000 0.2129301348
#Header 
#Target 69 160 1
#Product 60 134 0
#Datapoints 10
1000000 0
100000000 0
110000000 1.624197666E-13
120000000 3.4369176E-11
130000000 1.064679588E-9
140000000 1.4881096116E-8
150000000 1.05747997482E-7
160000000 9.22085962E-7
180000000 2.2611605168E-5
200000000 0.00016895004456
#Header 
#Target 69 160 1
#Product 61 134 0
#Datapoints 9
1000000 0
110000000 0
120000000 2.406996E-15
130000000 1.3642294512E-11
140000000 2.3176600164E-9
150000000 4.0532194122E-8
160000000 6.2688407596E-7
180000000 1.9610803147E-5
200000000 0.00022110403686
#Header 
#Target 69 160 1
#Product 61 136 0
#Datapoints 10
1000000 0
100000000 0
110000000 4.661699055E-14
120000000 6.1732824E-11
130000000 4.9106300376E-9
140000000 4.0052205621E-8
150000000 1.28254004724E-7
160000000 7.7860698044E-7
180000000 9.9247396302E-6
200000000 4.8233702256E-5
#Header 
#Target 69 160 1
#Product 62 134 0
#Datapoints 9
1000000 0
110000000 0
120000000 1.07255912E-14
130000000 6.27625152E-12
140000000 4.19507442E-10
150000000 8.7812590065E-9
160000000 1.8300399364E-7
180000000 1.04809000874E-5
200000000 0.00017124603462
#Header 
#Target 69 160 1
#Product 62 135 0
#Datapoints 9
1000000 0
110000000 0
120000000 4.3191864E-13
130000000 2.541077448E-10
140000000 9.8197993809E-9
150000000 9.426799431E-8
160000000 1.2042600612E-6
180000000 5.3270494911E-5
200000000 0.00047769305619
#Header 
#Target 69 160 1
#Product 62 136 0
#Datapoints 10
1000000 0
100000000 0
110000000 2.371716906E-13
120000000 2.9046288E-10
130000000 2.0368197528E-8
140000000 1.8340006725E-7
150000000 1.04994003009E-6
160000000 1.005810048E-5
180000000 0.0002033310391
200000000 0.00136205998998
#Header 
#Target 69 160 1
#Product 62 137 0
#Datapoints 11
1000000 0
90000000 0
100000000 9.149189826E-15
110000000 4.362830706E-11
120000000 7.76771984E-9
130000000 1.5758495928E-7
140000000 1.02626998803E-6
150000000 5.1195502029E-6
160000000 2.9038999672E-5
180000000 0.00039561193461
200000000 0.0020974400151
#Header 
#Target 69 160 1
#Product 62 138 0
#Datapoints 12
1000000 0
80000000 0
90000000 3.596050948E-15
100000000 1.933868589E-11
110000000 4.6297994301E-9
120000000 1.375129864E-7
130000000 1.11769010976E-6
140000000 6.1550997012E-6
150000000 1.8419898996E-5
160000000 7.5474802324E-5
180000000 0.00063569201686
200000000 0.0021957203673
#Header 
#Target 69 160 1
#Product 62 139 0
#Datapoints 12
1000000 0
80000000 0
90000000 6.495325928E-13
100000000 3.559349061E-10
110000000 1.7299202349E-8
120000000 1.61489056E-7
130000000 1.04225996112E-6
140000000 3.6558407268E-6
150000000 7.589369589E-6
160000000 2.3830903056E-5
180000000 0.000128613986609
200000000 0.00034825893861
#Header 
#Target 69 160 1
#Product 62 140 0
#Datapoints 14
1000000 0
70000000 0
75000000 1.4881694346E-14
80000000 1.364839795E-12
90000000 8.11265462E-10
100000000 3.8441399646E-8
110000000 3.2220804252E-7
120000000 1.66547008E-6
130000000 8.7760494864E-6
140000000 1.7144600571E-5
150000000 3.2111806383E-5
160000000 8.3972908436E-5
180000000 0.00032514805535
200000000 0.00065949701298
#Header 
#Target 69 160 1
#Product 63 137 0
#Datapoints 9
1000000 0
110000000 0
120000000 9.8477608E-14
130000000 2.445055704E-10
140000000 2.1628500723E-8
150000000 2.4401004903E-7
160000000 2.245560326E-6
180000000 5.8331799093E-5
200000000 0.00048567800556
#Header 
#Target 69 160 1
#Product 63 138 0
#Datapoints 10
1000000 0
100000000 0
110000000 3.687028722E-15
120000000 1.13063984E-10
130000000 5.101570068E-8
140000000 1.10214994725E-6
150000000 4.8496605183E-6
160000000 3.0351407596E-5
180000000 0.00041552997658
200000000 0.0019404193593
#Header 
#Target 69 160 1
#Product 63 139 0
#Datapoints 11
1000000 0
90000000 0
100000000 1.749439317E-14
110000000 3.391055694E-10
120000000 1.27312008E-7
130000000 3.7871801184E-6
140000000 1.6102800675E-5
150000000 4.1044895241E-5
160000000 0.00016805495784
180000000 0.00127790005533
200000000 0.0043278497673
#Header 
#Target 69 160 1
#Product 63 140 0
#Datapoints 11
1000000 0
90000000 0
100000000 5.740582305E-12
110000000 1.29191003565E-8
120000000 1.361259864E-6
130000000 1.5535397136E-5
140000000 3.9992595903E-5
150000000 9.2426391201E-5
160000000 0.00031556902212
180000000 0.0017874798834
200000000 0.0044758095663
#Header 
#Target 69 160 1
#Product 63 141 0
#Datapoints 12
1000000 0
80000000 0
90000000 2.209106816E-13
100000000 7.023307485E-10
110000000 1.076920065E-7
120000000 1.53062936E-6
130000000 5.49015012E-6
140000000 1.31956011369E-5
150000000 2.7487593891E-5
160000000 6.8561798464E-5
180000000 0.00024246196859
200000000 0.00047688595233
#Header 
#Target 69 160 1
#Product 63 142 0
#Datapoints 14
1000000 0
70000000 0
75000000 3.346968126E-16
80000000 4.167278316E-14
90000000 1.5878488388E-10
100000000 6.4200300453E-8
110000000 1.50594996942E-6
120000000 5.54268912E-6
130000000 1.2957500388E-5
140000000 2.6732394981E-5
150000000 4.3201296459E-5
160000000 8.3942094868E-5
180000000 0.00022627300314
200000000 0.0003628390716
#Header 
#Target 69 160 1
#Product 63 143 0
#Datapoints 16
1000000 0
60000000 0
65000000 2.92399712E-14
70000000 1.1607588125E-12
75000000 3.539464558E-11
80000000 8.100510856E-10
90000000 2.0025103504E-7
100000000 4.686940023E-6
110000000 1.7402102367E-5
120000000 3.14076992E-5
130000000 6.7073595456E-5
140000000 0.000101761994907
150000000 0.000144525005658
160000000 0.00024590103956
180000000 0.00045447605839
200000000 0.00056867994546
#Header 
#Target 69 160 1
#Product 63 144 0
#Datapoints 18
1000000 0
50000000 0
55000000 1.1256495232E-13
60000000 6.575751756E-12
65000000 1.376719872E-10
70000000 2.2575902075E-9
75000000 2.5059792591E-8
80000000 2.020910524E-7
90000000 3.6970307948E-6
100000000 1.22836989801E-5
110000000 1.5600593385E-5
120000000 3.09784056E-5
130000000 5.3814894504E-5
140000000 6.9131493837E-5
150000000 9.5906401485E-5
160000000 0.000135930002328
180000000 0.00019221397276
200000000 0.00021684601641
#Header 
#Target 69 160 1
#Product 64 138 0
#Datapoints 10
1000000 0
100000000 0
110000000 1.989039078E-15
120000000 2.7887288E-11
130000000 2.7215600496E-9
140000000 2.9815496226E-8
150000000 1.6035393111E-7
160000000 1.7698701212E-6
180000000 4.2423895104E-5
200000000 0.0002772780219
#Header 
#Target 69 160 1
#Product 64 139 0
#Datapoints 10
1000000 0
100000000 0
110000000 8.661298581E-13
120000000 1.39918888E-9
130000000 9.0751298568E-8
140000000 6.7042796427E-7
150000000 2.7916902375E-6
160000000 1.9810997168E-5
180000000 0.00024510999614
200000000 0.00121234998723
#Header 
#Target 69 160 1
#Product 64 140 0
#Datapoints 11
1000000 0
90000000 0
100000000 9.682584183E-13
110000000 2.2664897931E-9
120000000 2.33473976E-7
130000000 2.5993394112E-6
140000000 1.00565999433E-5
150000000 3.7002802602E-5
160000000 0.00015396694856
180000000 0.00123065992011
200000000 0.0038283700362
#Header 
#Target 69 160 1
#Product 64 141 0
#Datapoints 12
1000000 0
80000000 0
90000000 2.67252552E-14
100000000 2.242556925E-10
110000000 5.5226901054E-8
120000000 1.233020048E-6
130000000 6.6373707288E-6
140000000 2.6845102431E-5
150000000 6.8368495734E-5
160000000 0.0002094510606
180000000 0.00113620994102
200000000 0.0028091802981
#Header 
#Target 69 160 1
#Product 64 142 0
#Datapoints 13
1000000 0
75000000 0
80000000 3.370758622E-14
90000000 5.75226302E-10
100000000 2.0091303321E-7
110000000 5.9802808806E-6
120000000 3.34305E-5
130000000 0.00017214701112
140000000 0.00046440905877
150000000 0.00080493101436
160000000 0.0019101997664
180000000 0.0071008306398
200000000 0.0131811996381
#Header 
#Target 69 160 1
#Product 64 143 0
#Datapoints 15
1000000 0
65000000 0
70000000 7.509910225E-15
75000000 2.884066414E-12
80000000 2.336108266E-10
90000000 1.08526007436E-7
100000000 3.2409004473E-6
110000000 1.479539997E-5
120000000 6.21788984E-5
130000000 0.00023474595144
140000000 0.00038467303146
150000000 0.00063659305638
160000000 0.00134815008196
180000000 0.0030758794842
200000000 0.0044781496407
#Header 
#Target 69 160 1
#Product 64 144 0
#Datapoints 18
1000000 0
50000000 0
55000000 1.4384187672E-14
60000000 2.643347322E-12
65000000 1.4135589105E-10
70000000 3.407500095E-9
75000000 5.2173694796E-8
80000000 4.9642098062E-7
90000000 1.21964002776E-5
100000000 4.7432295054E-5
110000000 0.000124659996513
120000000 0.000545049048
130000000 0.0010332101136
140000000 0.0015573001995
150000000 0.0024797596137
160000000 0.0040320301072
180000000 0.0072671005644
200000000 0.0086334300114
#Header 
#Target 69 160 1
#Product 64 145 0
#Datapoints 21
1000000 0
35000000 0
40000000 1.538209896E-15
45000000 7.137743046E-12
50000000 3.28750505E-10
55000000 4.9480605314E-9
60000000 3.9069395316E-8
65000000 1.764230226E-7
70000000 7.5733298925E-7
75000000 2.9457291923E-6
80000000 8.440970393E-6
90000000 2.3456201692E-5
100000000 5.09519046E-5
110000000 0.00021214295661
120000000 0.000384604992
130000000 0.00053799299568
140000000 0.00077382990414
150000000 0.00102389011941
160000000 0.00138671993092
180000000 0.0018972303756
200000000 0.0019517703837
#Header 
#Target 69 160 1
#Product 64 146 0
#Datapoints 24
1000000 0
26000000 0
28000000 7.42775292E-14
30000000 7.435947008E-12
35000000 4.9590495648E-8
40000000 2.840540478E-6
45000000 2.5880605758E-5
50000000 0.000111955990925
55000000 0.0002157209341
60000000 0.00029001005838
65000000 0.00029884196815
70000000 0.00025043905575
75000000 0.0002633790933
80000000 0.00046590092852
90000000 0.00116640003004
100000000 0.00141480005064
110000000 0.00136351008534
120000000 0.00146756
130000000 0.0017043605376
140000000 0.0017584896276
150000000 0.0019191604407
160000000 0.0020094700448
180000000 0.0020196905547
200000000 0.0019440597831
#Header 
#Target 69 160 1
#Product 64 147 0
#Datapoints 28
1000000 0
19000000 0
20000000 1.0238490304E-14
22000000 1.3235588432E-12
24000000 4.989745488E-11
26000000 4.62008666E-10
28000000 1.919089656E-9
30000000 6.102030816E-9
35000000 7.9030897686E-8
40000000 4.449040026E-7
45000000 1.60880998754E-6
50000000 5.0284908175E-6
55000000 8.7828898584E-6
60000000 1.03441999878E-5
65000000 1.12670002115E-5
70000000 1.13783000725E-5
75000000 1.30767006161E-5
80000000 2.2843492874E-5
90000000 6.5948695064E-5
100000000 9.4581594198E-5
110000000 9.6437909256E-5
120000000 0.0001151889896
130000000 0.000141137998512
140000000 0.00016009997508
150000000 0.00017788499694
160000000 0.00018940398896
180000000 0.00019523099122
200000000 0.00020140000044
#Header 
#Target 69 160 1
#Product 65 140 0
#Datapoints 9
1000000 0
110000000 0
120000000 3.870908E-14
130000000 2.191260456E-10
140000000 2.3829404661E-8
150000000 2.5571002845E-7
160000000 1.75474934E-6
180000000 3.5071198229E-5
200000000 0.0001665819669
#Header 
#Target 69 160 1
#Product 65 141 0
#Datapoints 10
1000000 0
100000000 0
110000000 3.984519084E-15
120000000 3.3043128E-10
130000000 9.6908801304E-8
140000000 1.3356598941E-6
150000000 4.039809702E-6
160000000 1.8170706436E-5
180000000 0.00015670293004
200000000 0.00061743195756
#Header 
#Target 69 160 1
#Product 65 142 0
#Datapoints 10
1000000 0
100000000 0
110000000 1.793287509E-11
120000000 1.8434104E-8
130000000 4.5847497024E-7
140000000 1.4784197175E-6
150000000 3.426470322E-6
160000000 1.2020000642E-5
180000000 7.1980799623E-5
200000000 0.00016772206002
#Header 
#Target 69 160 1
#Product 65 143 0
#Datapoints 12
1000000 0
80000000 0
90000000 2.071893908E-15
100000000 2.307230418E-10
110000000 3.2226300717E-7
120000000 1.72015056E-5
130000000 0.000111689002824
140000000 0.00022577806845
150000000 0.00047365795236
160000000 0.00127971004308
180000000 0.0038943503523
200000000 0.0072857093541
#Header 
#Target 69 160 1
#Product 65 144 0
#Datapoints 13
1000000 0
75000000 0
80000000 6.475834274E-17
90000000 7.990337544E-12
100000000 3.1480395504E-8
110000000 3.0451097352E-6
120000000 2.43840984E-5
130000000 5.6273302344E-5
140000000 0.000117048999906
150000000 0.0002260820139
160000000 0.00042064199552
180000000 0.00102477003683
200000000 0.001475549994
#Header 
#Target 69 160 1
#Product 65 145 0
#Datapoints 15
1000000 0
65000000 0
70000000 2.086598625E-14
75000000 5.906096413E-12
80000000 3.038410974E-10
90000000 1.8253598104E-7
100000000 1.51752993612E-5
110000000 9.7534802391E-5
120000000 0.000181904936
130000000 0.00036686705664
140000000 0.00064329095691
150000000 0.00095946999957
160000000 0.0015228801152
180000000 0.0026120005681
200000000 0.0030777703779
#Header 
#Target 69 160 1
#Product 65 146 0
#Datapoints 17
1000000 0
55000000 0
60000000 4.984644168E-13
65000000 1.912356105E-10
70000000 9.67896068E-9
75000000 1.7463295052E-7
80000000 2.2366106966E-6
90000000 0.000106736003416
100000000 0.00077831001501
110000000 0.00131895001134
120000000 0.00198408944
130000000 0.003674760516
140000000 0.0046258098813
150000000 0.0058424007621
160000000 0.0079455400792
180000000 0.0094498600229
200000000 0.0094822199124
#Header 
#Target 69 160 1
#Product 65 147 0
#Datapoints 20
1000000 0
40000000 0
45000000 4.267158644E-14
50000000 5.2590741E-10
55000000 6.1570705828E-8
60000000 1.8223804116E-6
65000000 1.934469449E-5
70000000 8.3060605325E-5
75000000 0.00021569606718
80000000 0.00040045394346
90000000 0.00049831097876
100000000 0.00040646603007
110000000 0.00058941504999
120000000 0.000895889976
130000000 0.0010316700576
140000000 0.00125749013202
150000000 0.0014544896988
160000000 0.0016416905648
180000000 0.0018478498395
200000000 0.0019557601551
#Header 
#Target 69 160 1
#Product 65 148 0
#Datapoints 21
1000000 0
35000000 0
40000000 2.262147012E-11
45000000 2.9045696834E-8
50000000 8.931479975E-7
55000000 1.995350649E-5
60000000 0.000109491001704
65000000 0.00031768004675
70000000 0.0005461599335
75000000 0.00061780093363
80000000 0.00057324892114
90000000 0.00047831792876
100000000 0.00061937597253
110000000 0.00086070198279
120000000 0.001013669912
130000000 0.00115744987008
140000000 0.00132510001635
150000000 0.00140376996375
160000000 0.00142946010312
180000000 0.0015103605246
200000000 0.0014765301081
#Header 
#Target 69 160 1
#Product 65 149 0
#Datapoints 24
1000000 0
26000000 0
28000000 4.19842368E-16
30000000 3.05229568E-14
35000000 3.390368778E-11
40000000 3.6086697048E-9
45000000 1.10892004734E-7
50000000 1.493829916E-6
55000000 1.27303008206E-5
60000000 5.2198199298E-5
65000000 8.210430789E-5
70000000 7.79229031E-5
75000000 6.5430899303E-5
80000000 5.4965002204E-5
90000000 6.4215204732E-5
100000000 0.000104389006281
110000000 0.000139006002408
120000000 0.000171371944
130000000 0.00020098807344
140000000 0.00022163794812
150000000 0.00023716894476
160000000 0.00025920002604
180000000 0.00026331904241
200000000 0.0002618970234
#Header 
#Target 69 160 1
#Product 65 150 0
#Datapoints 26
1000000 0
22000000 0
24000000 3.229587504E-15
26000000 8.17347748E-14
28000000 9.99724716E-13
30000000 8.237747168E-12
35000000 4.047208938E-10
40000000 1.08038007396E-8
45000000 1.64959996978E-7
50000000 1.222229926E-6
55000000 4.3533297618E-6
60000000 9.5224390254E-6
65000000 1.2907600629E-5
70000000 1.0471500885E-5
75000000 7.446569859E-6
80000000 6.2812101286E-6
90000000 1.26309999088E-5
100000000 2.4962799024E-5
110000000 3.3775297452E-5
120000000 4.50116992E-5
130000000 5.4171709032E-5
140000000 6.051550284E-5
150000000 7.0786198722E-5
160000000 7.7193909104E-5
180000000 8.1386700557E-5
200000000 8.879279226E-5
#Header 
#Target 69 160 1
#Product 65 151 0
#Datapoints 31
1000000 0
16000000 0
17000000 8.213245209E-20
18000000 3.371448614E-18
19000000 6.535280242E-16
20000000 1.120069504E-14
22000000 1.2228393612E-12
24000000 3.077341488E-11
26000000 3.02462678E-10
28000000 1.896109596E-9
30000000 8.9642609728E-9
35000000 1.9977305184E-7
40000000 1.2398201202E-6
45000000 2.290909579E-6
50000000 3.76791927E-6
55000000 5.8506495222E-6
60000000 6.2444197494E-6
65000000 4.4809506665E-6
70000000 3.8275295125E-6
75000000 4.5079906776E-6
80000000 7.692559741E-6
90000000 1.8051599636E-5
100000000 2.3849002335E-5
110000000 2.9040301875E-5
120000000 3.49506064E-5
130000000 4.0054000728E-5
140000000 4.7738794779E-5
150000000 5.1725695971E-5
160000000 5.5084800392E-5
180000000 5.9975295032E-5
200000000 6.4160306847E-5
#Header 
#Target 69 160 1
#Product 66 142 0
#Datapoints 10
1000000 0
100000000 0
110000000 3.1260177E-13
120000000 1.33557992E-9
130000000 8.3844895008E-8
140000000 4.0882807962E-7
150000000 1.14708001731E-6
160000000 7.2086588952E-6
180000000 6.3724997848E-5
200000000 0.00023028605628
#Header 
#Target 69 160 1
#Product 66 143 0
#Datapoints 11
1000000 0
90000000 0
100000000 1.991336826E-13
110000000 1.8381092457E-9
120000000 2.34380048E-7
130000000 2.4096598344E-6
140000000 7.5180495312E-6
150000000 2.4964497735E-5
160000000 8.8914993704E-5
180000000 0.00043069903932
200000000 0.00096546603831
#Header 
#Target 69 160 1
#Product 66 144 0
#Datapoints 12
1000000 0
80000000 0
90000000 4.525651032E-13
100000000 3.7124196684E-9
110000000 7.9521709878E-7
120000000 1.153289968E-5
130000000 4.602950772E-5
140000000 0.000139881997044
150000000 0.00033130694253
160000000 0.00071262096056
180000000 0.0023866498309
200000000 0.0039910994754
#Header 
#Target 69 160 1
#Product 66 145 0
#Datapoints 13
1000000 0
75000000 0
80000000 1.889846874E-14
90000000 6.360148676E-10
100000000 1.8479395908E-7
110000000 2.6878704762E-6
120000000 8.05123936E-6
130000000 2.84701032E-5
140000000 6.4668602943E-5
150000000 0.00010871200584
160000000 0.00020079897288
180000000 0.00045388206615
200000000 0.00062711997648
#Header 
#Target 69 160 1
#Product 66 146 0
#Datapoints 15
1000000 0
65000000 0
70000000 8.533398825E-12
75000000 1.1446191917E-9
80000000 4.678509241E-8
90000000 8.5064797384E-6
100000000 9.9069694437E-5
110000000 0.00018229204227
120000000 0.000554819
130000000 0.00140903999712
140000000 0.0019743207111
150000000 0.002990080371
160000000 0.0047196699448
180000000 0.0070048704608
200000000 0.0084380601387
#Header 
#Target 69 160 1
#Product 66 147 0
#Datapoints 18
1000000 0
50000000 0
55000000 9.025420702E-12
60000000 4.0784892876E-7
65000000 1.2017901159E-5
70000000 4.4582193275E-5
75000000 9.1975795843E-5
80000000 0.000156622004416
90000000 0.00050197790608
100000000 0.00077817191427
110000000 0.0016808406732
120000000 0.00486330992
130000000 0.006560279712
140000000 0.0079746399342
150000000 0.0104959002822
160000000 0.0132849996496
180000000 0.015769606365
200000000 0.015996404796
#Header 
#Target 69 160 1
#Product 66 148 0
#Datapoints 19
1000000 0
45000000 0
50000000 2.20544043E-6
55000000 0.00023644697958
60000000 0.00152742996882
65000000 0.0045679295915
70000000 0.0080272990125
75000000 0.0089477190817
80000000 0.0079318993308
90000000 0.0080406505592
100000000 0.021433993296
110000000 0.035140898052
120000000 0.0355507936
130000000 0.037331196672
140000000 0.042290398782
150000000 0.0460717044
160000000 0.049388903724
180000000 0.051685792369
200000000 0.048183601374
#Header 
#Target 69 160 1
#Product 66 149 0
#Datapoints 22
1000000 0
30000000 0
35000000 1.1674196748E-13
40000000 4.5114793236E-5
45000000 0.00109300998058
50000000 0.00462400952
55000000 0.0095214305292
60000000 0.0130113999414
65000000 0.0116026003115
70000000 0.0083518392725
75000000 0.0067865601002
80000000 0.009487180811
90000000 0.024441394572
100000000 0.029017193415
110000000 0.024976293069
120000000 0.0230485048
130000000 0.0238076958
140000000 0.023902495074
150000000 0.024120494472
160000000 0.024049299968
180000000 0.022822897901
200000000 0.021151902003
#Header 
#Target 69 160 1
#Product 66 150 0
#Datapoints 25
1000000 0
24000000 0
26000000 5.04830494E-11
28000000 7.714719612E-8
30000000 5.446809872E-6
35000000 0.0006961560903
40000000 0.0038338006524
45000000 0.0081716802104
50000000 0.0113801995425
55000000 0.010097999551
60000000 0.0076849405542
65000000 0.006875590799
70000000 0.011157200335
75000000 0.019304995964
80000000 0.026641907638
90000000 0.028574002436
100000000 0.022804398225
110000000 0.019601106408
120000000 0.0196428992
130000000 0.019375803384
140000000 0.019212303456
150000000 0.019229498253
160000000 0.018633599812
180000000 0.017481504399
200000000 0.017319905406
#Header 
#Target 69 160 1
#Product 66 151 0
#Datapoints 32
1000000 0
15000000 0
16000000 1.1546305008E-15
17000000 7.398399993E-14
18000000 2.00211569E-12
19000000 3.348450712E-11
20000000 3.67687104E-10
22000000 2.0251703072E-8
24000000 4.3138997616E-7
26000000 2.955519546E-6
28000000 9.495899496E-6
30000000 2.5728600576E-5
35000000 0.00021731593482
40000000 0.0005852260866
45000000 0.0007557290398
50000000 0.00092304703225
55000000 0.00082207393632
60000000 0.0005743429902
65000000 0.0006625539646
70000000 0.001378290083
75000000 0.0026537801748
80000000 0.0038971995456
90000000 0.0044178598156
100000000 0.0039939002625
110000000 0.0045565803231
120000000 0.0051301596
130000000 0.0055093903536
140000000 0.0059906308023
150000000 0.0061321403658
160000000 0.0060609497796
180000000 0.0060795894748
200000000 0.0063197701716
#Header 
#Target 69 160 1
#Product 66 152 0
#Datapoints 40
1000000 0
7000000 0
8000000 2.4307395119E-14
9000000 1.2951292311E-12
10000000 2.6564588547E-11
11000000 3.23488984E-10
12000000 2.75841018288E-9
13000000 1.71755995502E-8
14000000 7.3445810464689E-8
15000000 1.9419105266652E-7
16000000 5.2232595324E-7
17000000 1.3087099875E-6
18000000 2.8001797142E-6
19000000 5.1218303078E-6
20000000 8.4016106112E-6
22000000 2.0237501564E-5
24000000 4.5613899552E-5
26000000 8.779009526E-5
28000000 0.00013925499948
30000000 0.00018506196576
35000000 0.0002586400101
40000000 0.0003274779282
45000000 0.00029673297836
50000000 0.00021768407775
55000000 0.00027398398092
60000000 0.00073185994854
65000000 0.0014428601176
70000000 0.001949729535
75000000 0.0021648302017
80000000 0.0020668795488
90000000 0.0019863802
100000000 0.0023607499851
110000000 0.0027772801563
120000000 0.0031071308
130000000 0.0033864904416
140000000 0.0037458593568
150000000 0.0039043501083
160000000 0.00412444063
180000000 0.0041808093092
200000000 0.0041382801738
#Header 
#Target 69 160 1
#Product 66 153 0
#Datapoints 44
1000000 0
3000000 0
4000000 6.356310309E-15
5000000 6.292241865E-13
6000000 2.6459498496E-11
7000000 4.809039455E-10
8000000 4.36536963569E-9
9000000 2.2261005915E-8
10000000 7.3573095288E-8
11000000 1.7796001496E-7
12000000 3.45482000208E-7
13000000 5.8356210894618E-7
14000000 9.048582997407E-7
15000000 1.3297998887992E-6
16000000 1.87954978533E-6
17000000 2.6084006634E-6
18000000 3.57976986E-6
19000000 5.1657801388E-6
20000000 8.8322494592E-6
22000000 2.0361001784E-5
24000000 2.0322604224E-5
26000000 2.657320176E-5
28000000 3.322280448E-5
30000000 3.828259792E-5
35000000 3.5983603584E-5
40000000 2.675799642E-5
45000000 2.423829366E-5
50000000 4.9580694225E-5
55000000 0.00014389201225
60000000 0.00031349500938
65000000 0.0004394230027
70000000 0.00044272601175
75000000 0.00041391903377
80000000 0.00039882594274
90000000 0.0004821709732
100000000 0.00061886402013
110000000 0.00076652400318
120000000 0.000936826008
130000000 0.00113912006376
140000000 0.00126326001681
150000000 0.0014140599024
160000000 0.001522950538
180000000 0.001600749913
200000000 0.001639909722
#Header 
#Target 69 160 1
#Product 66 154 0
#Datapoints 31
1000000 0
16000000 0
17000000 2.40624933E-15
18000000 2.990060136E-14
19000000 2.849083782E-13
20000000 2.165713984E-12
22000000 7.180768036E-11
24000000 1.2914589792E-9
26000000 1.420139952E-8
28000000 1.0008100188E-7
30000000 4.5256199744E-7
35000000 5.0188892418E-6
40000000 2.2580194884E-5
45000000 5.0340695902E-5
50000000 9.210509985E-5
55000000 0.000134256015518
60000000 0.000143370007074
65000000 0.00014087801156
70000000 0.00014362700555
75000000 0.000155177006163
80000000 0.00017740792202
90000000 0.00025849099164
100000000 0.00036994296663
110000000 0.00050477305008
120000000 0.00064209512
130000000 0.00075124499856
140000000 0.00084947988123
150000000 0.00091657506744
160000000 0.00095358708648
180000000 0.00098474995055
200000000 0.00098985299613
#Header 
#Target 69 160 1
#Product 66 155 0
#Datapoints 33
1000000 0
14000000 0
15000000 1.122082062374E-14
16000000 2.0433900774E-13
17000000 2.321717226E-12
18000000 1.773050084E-11
19000000 9.866722002E-11
20000000 4.161068672E-10
22000000 3.7438905188E-9
24000000 1.8520796736E-8
26000000 6.13278953E-8
28000000 1.629400032E-7
30000000 3.7288900096E-7
35000000 1.7729901828E-6
40000000 4.7260608216E-6
45000000 7.7891499028E-6
50000000 8.757780605E-6
55000000 8.814660318E-6
60000000 9.305590329E-6
65000000 1.0902299375E-5
70000000 1.5007299335E-5
75000000 2.3517495248E-5
80000000 3.649539688E-5
90000000 8.1390195964E-5
100000000 0.000142708011381
110000000 0.00020013000657
120000000 0.000249145936
130000000 0.00028313301576
140000000 0.00030877598196
150000000 0.0003265559616
160000000 0.00033725493292
180000000 0.00034003900123
200000000 0.00033592502751
#Header 
#Target 69 160 1
#Product 67 145 0
#Datapoints 10
1000000 0
100000000 0
110000000 8.474232975E-11
120000000 1.425369968E-7
130000000 2.845530072E-6
140000000 7.832519523E-6
150000000 1.41703004706E-5
160000000 3.6740896984E-5
180000000 0.00014411595833
200000000 0.00022503294969
#Header 
#Target 69 160 1
#Product 67 146 0
#Datapoints 11
1000000 0
90000000 0
100000000 1.2128895003E-10
110000000 3.1576897248E-7
120000000 1.103100024E-5
130000000 5.5197505944E-5
140000000 8.6125699944E-5
150000000 0.00015408705093
160000000 0.00031750105008
180000000 0.00067165700716
200000000 0.00079904003016
#Header 
#Target 69 160 1
#Product 67 147 0
#Datapoints 12
1000000 0
80000000 0
90000000 1.7376408084E-9
100000000 1.3189600332E-6
110000000 6.6074197956E-5
120000000 0.000360530928
130000000 0.00056558601456
140000000 0.00083647299951
150000000 0.00134164993929
160000000 0.0020297906156
180000000 0.0027626598807
200000000 0.0029773606689
#Header 
#Target 69 160 1
#Product 67 148 0
#Datapoints 14
1000000 0
70000000 0
75000000 7.642329226E-10
80000000 1.52566010302E-7
90000000 3.7266592832E-5
100000000 0.00078261894771
110000000 0.0027938392248
120000000 0.00351551072
130000000 0.0042770405328
140000000 0.0061901598213
150000000 0.007985350101
160000000 0.0096748509792
180000000 0.0112054001433
200000000 0.0105179010753
#Header 
#Target 69 160 1
#Product 67 149 0
#Datapoints 17
1000000 0
55000000 0
60000000 1.76512581E-11
65000000 2.375429507E-7
70000000 1.3518799745E-5
75000000 0.00025759298923
80000000 0.0023218293568
90000000 0.0151938003392
100000000 0.021474601866
110000000 0.018069094524
120000000 0.0194085
130000000 0.025290395928
140000000 0.02755159398
150000000 0.029530400817
160000000 0.031203494732
180000000 0.030052104691
200000000 0.027015493524
#Header 
#Target 69 160 1
#Product 67 150 0
#Datapoints 18
1000000 0
50000000 0
55000000 4.369819746E-10
60000000 7.9329298986E-8
65000000 2.9459000725E-6
70000000 3.84318006E-5
75000000 0.00029123803233
80000000 0.00117454000584
90000000 0.0038461199784
100000000 0.0033959493399
110000000 0.0036129704364
120000000 0.00529165048
130000000 0.0061387200336
140000000 0.0071165502351
150000000 0.0080314392546
160000000 0.0083581199576
180000000 0.008700690128
200000000 0.0082352804925
#Header 
#Target 69 160 1
#Product 67 151 0
#Datapoints 21
1000000 0
35000000 0
40000000 8.073141216E-14
45000000 1.70538996866E-7
50000000 2.6533796775E-5
55000000 0.00132855001158
60000000 0.0114296000238
65000000 0.02874019731
70000000 0.039009603175
75000000 0.040684800263
80000000 0.038052102282
90000000 0.027229597052
100000000 0.023447293512
110000000 0.028296808215
120000000 0.029867392
130000000 0.03011429988
140000000 0.03155720202
150000000 0.030687297318
160000000 0.028852997248
180000000 0.026932701468
200000000 0.026967194832
#Header 
#Target 69 160 1
#Product 67 152 0
#Datapoints 22
1000000 0
30000000 0
35000000 2.189127186E-12
40000000 2.3612898888E-9
45000000 3.543140629E-7
50000000 9.285639615E-6
55000000 0.000142134992182
60000000 0.0007012359522
65000000 0.0017663597985
70000000 0.00238218021
75000000 0.0021211905377
80000000 0.0016977695806
90000000 0.0016487698836
100000000 0.0025217305731
110000000 0.0032161798539
120000000 0.00375008016
130000000 0.0043503905592
140000000 0.0046878299181
150000000 0.0049273705305
160000000 0.0049386704808
180000000 0.0050110402656
200000000 0.0049012802856
#Header 
#Target 69 160 1
#Product 67 153 0
#Datapoints 26
1000000 0
22000000 0
24000000 1.1361287184E-15
26000000 1.40441994E-12
28000000 3.0062934E-10
30000000 1.27935004512E-8
35000000 2.9240707914E-6
40000000 0.000131108000604
45000000 0.00159190995026
50000000 0.00523092924
55000000 0.0101771007314
60000000 0.0141535988622
65000000 0.013434800676
70000000 0.01017419972
75000000 0.0080203511222
80000000 0.007796699527
90000000 0.0114668001644
100000000 0.0139394004447
110000000 0.0147685013541
120000000 0.0159788936
130000000 0.01664950056
140000000 0.016824305151
150000000 0.017076906777
160000000 0.01737740078
180000000 0.017162895753
200000000 0.01657529595
#Header 
#Target 69 160 1
#Product 67 154 0
#Datapoints 31
1000000 0
16000000 0
17000000 1.019099211E-15
18000000 4.700204658E-14
19000000 1.22537935E-12
20000000 2.032863488E-11
22000000 1.7973602144E-9
24000000 4.4215397616E-8
26000000 3.523980586E-7
28000000 1.2645399924E-6
30000000 5.4407393152E-6
35000000 0.000146772990558
40000000 0.00060854205072
45000000 0.00156184997668
50000000 0.0021211295675
55000000 0.0016889799846
60000000 0.0012093101244
65000000 0.00105456002575
70000000 0.0011022700745
75000000 0.00138488984467
80000000 0.0018353806248
90000000 0.0027806802464
100000000 0.0038265202695
110000000 0.0046690194174
120000000 0.0053934008
130000000 0.0058819493376
140000000 0.0061211504493
150000000 0.0064031802435
160000000 0.0065031201688
180000000 0.0064807300739
200000000 0.0064735191594
#Header 
#Target 69 160 1
#Product 67 155 0
#Datapoints 35
1000000 0
12000000 0
13000000 3.823419657694E-14
14000000 4.24015690961E-12
15000000 1.538132777454E-10
16000000 3.41916013257E-9
17000000 4.4032500564E-8
18000000 3.4312106076E-7
19000000 1.7432405038E-6
20000000 6.4556893696E-6
22000000 4.824029818E-5
24000000 0.00019698105648
26000000 0.00044903299
28000000 0.0007048870632
30000000 0.00095858401856
35000000 0.0019177006986
40000000 0.0030468206292
45000000 0.002851090774
50000000 0.0022036996725
55000000 0.0018686007304
60000000 0.0018778604796
65000000 0.002281280166
70000000 0.00309875086
75000000 0.0039689404292
80000000 0.0046246400136
90000000 0.0059886802304
100000000 0.007205619423
110000000 0.0080714705994
120000000 0.00857948952
130000000 0.0090255908904
140000000 0.0092425810671
150000000 0.0093276399897
160000000 0.0093312394544
180000000 0.0091949801506
200000000 0.0089907904254
#Header 
#Target 69 160 1
#Product 67 156 0
#Datapoints 43
1000000 0
4000000 0
5000000 3.005528058E-19
6000000 2.88751968E-16
7000000 1.044108709E-13
8000000 8.86383722E-12
9000000 2.8493494692E-10
10000000 4.1666592618E-9
11000000 3.3041198281E-8
12000000 1.5812602344E-7
13000000 4.7438107508519E-7
14000000 1.0247101971298E-6
15000000 1.8235402099005E-6
16000000 2.98704995589E-6
17000000 4.6939802661E-6
18000000 7.1524399058E-6
19000000 1.0529300186E-5
20000000 1.4719600448E-5
22000000 2.6524496948E-5
24000000 4.294649424E-5
26000000 6.281389632E-5
28000000 8.098659216E-5
30000000 8.955160704E-5
35000000 6.877599741E-5
40000000 5.1006503076E-5
45000000 4.3402805978E-5
50000000 4.9539292425E-5
55000000 8.9704905818E-5
60000000 0.00017461393362
65000000 0.0003006939265
70000000 0.00046610096
75000000 0.0006579649862
80000000 0.00086089997806
90000000 0.00118892004
100000000 0.0014155499661
110000000 0.0015634702434
120000000 0.0016394796
130000000 0.0016767800784
140000000 0.001710589698
150000000 0.0017168195175
160000000 0.0017246098188
180000000 0.0016735604561
200000000 0.0016206304479
#Header 
#Target 69 160 1
#Product 67 157 0
#Datapoints 28
1000000 0
19000000 0
20000000 1.413558528E-15
22000000 4.173195188E-13
24000000 2.92343064E-11
26000000 8.19961758E-10
28000000 1.1970499788E-8
30000000 1.0505498528E-7
35000000 3.4875202536E-6
40000000 2.2600995408E-5
45000000 7.6273302042E-5
50000000 0.00018751094775
55000000 0.00037213701028
60000000 0.00061785600408
65000000 0.0009165539779
70000000 0.00121444000425
75000000 0.00147142003626
80000000 0.0016662795748
90000000 0.001939600502
100000000 0.0020858694687
110000000 0.0021521493864
120000000 0.00217871936
130000000 0.002187529932
140000000 0.0021985996968
150000000 0.0021748697421
160000000 0.0021215601472
180000000 0.0020281200034
200000000 0.0019514404443
#Header 
#Target 69 160 1
#Product 67 158 0
#Datapoints 29
1000000 0
18000000 0
19000000 2.403694978E-15
20000000 5.92248192E-14
22000000 7.592503256E-12
24000000 2.38020744E-10
26000000 2.856280042E-9
28000000 1.773650412E-8
30000000 7.0621298496E-8
35000000 7.2895997214E-7
40000000 3.62272935E-6
45000000 1.30715999344E-5
50000000 3.7134295525E-5
55000000 7.4617291462E-5
60000000 0.000112884003162
65000000 0.00014672299532
70000000 0.00017148900825
75000000 0.00018904692405
80000000 0.00020083102218
90000000 0.00021240002392
100000000 0.00021455293044
110000000 0.00021296293629
120000000 0.00020835096
130000000 0.00020404201944
140000000 0.00020185005582
150000000 0.00019607302515
160000000 0.00018984104148
180000000 0.0001790740078
200000000 0.00017235202476
#Header 
#Target 69 160 1
#Product 68 148 0
#Datapoints 13
1000000 0
75000000 0
80000000 2.415837964E-14
90000000 2.1618392068E-7
100000000 2.8256896698E-6
110000000 2.9140105293E-5
120000000 5.22589984E-5
130000000 9.7323898728E-5
140000000 0.00020898097515
150000000 0.0003191560467
160000000 0.00044528293324
180000000 0.00057042204745
200000000 0.00055147194219
#Header 
#Target 69 160 1
#Product 68 149 0
#Datapoints 15
1000000 0
65000000 0
70000000 3.203411675E-15
75000000 1.25807997548E-8
80000000 5.8279895462E-6
90000000 0.0001169229915
100000000 0.000143737999566
110000000 9.4556105436E-5
120000000 0.0001151060128
130000000 0.00022229497248
140000000 0.00031184295057
150000000 0.00039619891782
160000000 0.00046483603924
180000000 0.00049997296164
200000000 0.00047739805155
#Header 
#Target 69 160 1
#Product 68 150 0
#Datapoints 17
1000000 0
55000000 0
60000000 3.30437835E-14
65000000 8.868090671E-9
70000000 0.000148798997825
75000000 0.00127685992337
80000000 0.0032039199704
90000000 0.0062117897436
100000000 0.0044960402415
110000000 0.0070053700548
120000000 0.01411680088
130000000 0.015204195384
140000000 0.015414607512
150000000 0.016270695573
160000000 0.016243205656
180000000 0.015389400611
200000000 0.014330501949
#Header 
#Target 69 160 1
#Product 68 151 0
#Datapoints 18
1000000 0
50000000 0
55000000 6.3903094098E-6
60000000 0.00168552002556
65000000 0.0075376210085
70000000 0.01266769904
75000000 0.0158525998982
80000000 0.016031498943
90000000 0.009394019292
100000000 0.013815699156
110000000 0.028080804882
120000000 0.0304960944
130000000 0.030936196368
140000000 0.033110192817
150000000 0.032446903728
160000000 0.030541103624
180000000 0.028814005638
200000000 0.028577992254
#Header 
#Target 69 160 1
#Product 68 152 0
#Datapoints 20
1000000 0
40000000 0
45000000 3.5600507432E-8
50000000 0.0049527791925
55000000 0.018412703498
60000000 0.02488619385
65000000 0.029569704285
70000000 0.027996404125
75000000 0.020157207654
80000000 0.0135966985082
90000000 0.022884295448
100000000 0.048825295413
110000000 0.049858495947
120000000 0.046740304
130000000 0.04689889176
140000000 0.046626099687
150000000 0.044460692469
160000000 0.042564704452
180000000 0.03952429437
200000000 0.036809605983
#Header 
#Target 69 160 1
#Product 68 153 0
#Datapoints 22
1000000 0
30000000 0
35000000 3.3886497564E-9
40000000 0.004037470878
45000000 0.019856605608
50000000 0.034384003225
55000000 0.0410450982
60000000 0.038119605552
65000000 0.0260539939
70000000 0.0163265997
75000000 0.0166116991364
80000000 0.031788897074
90000000 0.069191204264
100000000 0.069543803628
110000000 0.067369397355
120000000 0.0679726976
130000000 0.066950690016
140000000 0.065169097686
150000000 0.064891699011
160000000 0.063467096928
180000000 0.060350499191
200000000 0.057476802054
#Header 
#Target 69 160 1
#Product 68 154 0
#Datapoints 27
1000000 0
20000000 0
22000000 1.43391826E-15
24000000 2.692176864E-10
26000000 0.004358429502
28000000 0.0192376926
30000000 0.036809505824
35000000 0.07532040294
40000000 0.089476000464
45000000 0.076390802404
50000000 0.059432893775
55000000 0.03695240542
60000000 0.02494600668
65000000 0.02920220336
70000000 0.055884098975
75000000 0.083857396034
80000000 0.094816587728
90000000 0.08650479782
100000000 0.084492197469
110000000 0.083831294547
120000000 0.0829218976
130000000 0.081912408816
140000000 0.080085096279
150000000 0.079265201232
160000000 0.077283504152
180000000 0.07341820167
200000000 0.071821402674
#Header 
#Target 69 160 1
#Product 68 155 0
#Datapoints 34
1000000 0
13000000 0
14000000 6.321388853853E-12
15000000 4.1571711451725E-9
16000000 1.66148985849E-7
17000000 3.6378301572E-6
18000000 4.099569951E-5
19000000 0.00025296503632
20000000 0.00091696508864
22000000 0.0040421506712
24000000 0.0082357502448
26000000 0.012641500662
28000000 0.01662839928
30000000 0.023360797152
35000000 0.041806103652
40000000 0.03876579768
45000000 0.021309402114
50000000 0.01365050105
55000000 0.0170298995442
60000000 0.036905793498
65000000 0.06420529379
70000000 0.0798593939
75000000 0.080737595116
80000000 0.077089108616
90000000 0.076211697128
100000000 0.077269196946
110000000 0.076696604283
120000000 0.0753895072
130000000 0.074977088088
140000000 0.073760897097
150000000 0.072117994371
160000000 0.070304001048
180000000 0.067592696039
200000000 0.064484798088
#Header 
#Target 69 160 1
#Product 68 156 0
#Datapoints 43
1000000 0
4000000 0
5000000 9.29972232E-9
6000000 9.959638272E-8
7000000 2.788889152E-6
8000000 1.19279012412E-5
9000000 8.1344899962E-5
10000000 0.00047812605365
11000000 0.001815750027
12000000 0.0047521803528
13000000 0.009367275115835
14000000 0.013989503713328
15000000 0.014409900610014
16000000 0.0148783954935
17000000 0.015757703568
18000000 0.016594302608
19000000 0.017429501952
20000000 0.019047195584
22000000 0.025956802856
24000000 0.028130594544
26000000 0.0308585004
28000000 0.03122560584
30000000 0.02848279168
35000000 0.018244303992
40000000 0.0137496985296
45000000 0.026724304572
50000000 0.0565230059
55000000 0.073811595248
60000000 0.083643504336
65000000 0.085866809215
70000000 0.0859335056
75000000 0.088243801387
80000000 0.090042100204
90000000 0.091248393292
100000000 0.090770693217
110000000 0.089133107271
120000000 0.0868291032
130000000 0.084464700264
140000000 0.082561595715
150000000 0.08055539508
160000000 0.07799950282
180000000 0.072920099164
200000000 0.068637404286
#Header 
#Target 69 160 1
#Product 68 157 0
#Datapoints 46
1000000 0
1000000 0
2000000 2.84899023465E-11
3000000 7.3919106474E-10
4000000 3.4998696378E-8
5000000 6.260358726E-7
6000000 5.947611648E-6
7000000 3.12565984E-5
8000000 0.000108090979479
9000000 0.00026495393907
10000000 0.00050811098135
11000000 0.0008371569297
12000000 0.00125253997488
13000000 0.0017742302739343
14000000 0.0024190901144388
15000000 0.0031756900108388
16000000 0.00402605995344
17000000 0.0049914792159
18000000 0.0062426697826
19000000 0.008592990008
20000000 0.015565004672
22000000 0.0265494954
24000000 0.012152799984
26000000 0.008239769972
28000000 0.006424899696
30000000 0.0052507803488
35000000 0.0055513996596
40000000 0.013467499038
45000000 0.025366804456
50000000 0.0338590054
55000000 0.038801198706
60000000 0.042930594
65000000 0.04676349634
70000000 0.04980780395
75000000 0.052048900082
80000000 0.053059791528
90000000 0.053739395836
100000000 0.053364101061
110000000 0.052008403395
120000000 0.0505868008
130000000 0.048956107536
140000000 0.047514602718
150000000 0.046030102599
160000000 0.043928204836
180000000 0.040378693597
200000000 0.037791605451
#Header 
#Target 69 160 1
#Product 68 158 0
#Datapoints 37
1000000 0
10000000 0
11000000 5.685279145E-15
12000000 8.523796752E-14
13000000 1.801518477486E-12
14000000 3.577519364169E-11
15000000 4.923643844756E-10
16000000 4.7748505077E-9
17000000 4.1938404969E-8
18000000 4.9493398624E-7
19000000 5.121549636E-6
20000000 3.3780904384E-5
22000000 0.00047363304196
24000000 0.0024194501136
26000000 0.005738309206
28000000 0.008697681036
30000000 0.0110459991488
35000000 0.018561302946
40000000 0.027643501992
45000000 0.035879203766
50000000 0.0439126031
55000000 0.050460203174
60000000 0.055077397326
65000000 0.05838100708
70000000 0.060636198925
75000000 0.061655901037
80000000 0.062164903194
90000000 0.061779396924
100000000 0.059993300004
110000000 0.057637898331
120000000 0.0553639936
130000000 0.053001505704
140000000 0.050576296914
150000000 0.04822420863
160000000 0.045781891024
180000000 0.041534301555
200000000 0.038066605782
#Header 
#Target 69 160 1
#Product 68 159 0
#Datapoints 40
1000000 0
7000000 0
8000000 3.6167376882E-13
9000000 2.3396803056E-10
10000000 2.05150992459E-8
11000000 4.8495482035E-7
12000000 4.20338982528E-6
13000000 1.6524702113556E-5
14000000 4.1153603415093E-5
15000000 7.8489814353951E-5
16000000 0.000131079959619
17000000 0.00020015103822
18000000 0.00028619101424
19000000 0.00038553801208
20000000 0.00049900900608
22000000 0.00080620496004
24000000 0.00138674994432
26000000 0.002423750518
28000000 0.004059040212
30000000 0.006328050512
35000000 0.0141752995992
40000000 0.022311399984
45000000 0.028957697524
50000000 0.033525194675
55000000 0.036787905272
60000000 0.039033904644
65000000 0.04039660482
70000000 0.04109190285
75000000 0.041283791464
80000000 0.041136406206
90000000 0.040189390948
100000000 0.038639702196
110000000 0.036828297324
120000000 0.0350608976
130000000 0.033355205688
140000000 0.031760900478
150000000 0.030112200768
160000000 0.028448597912
180000000 0.02556279982
200000000 0.023208796902
#Header 
#Target 69 160 1
#Product 69 151 0
#Datapoints 13
1000000 0
75000000 0
80000000 6.4922498928E-9
90000000 5.3150105736E-6
100000000 0.00018879303417
110000000 0.00068023290894
120000000 0.000686062944
130000000 0.00062385096816
140000000 0.000628332984
150000000 0.00060144498741
160000000 0.00056545096196
180000000 0.00052527300161
200000000 0.0005028539853
#Header 
#Target 69 160 1
#Product 69 152 0
#Datapoints 15
1000000 0
65000000 0
70000000 3.249278425E-10
75000000 6.6002297787E-8
80000000 1.8326799694E-6
90000000 8.9425592592E-5
100000000 0.000157285002717
110000000 0.000146182001316
120000000 0.0001499010016
130000000 0.00015082097352
140000000 0.00015093398646
150000000 0.000143931005808
160000000 0.000137499999608
180000000 0.000135216993705
200000000 0.000121011998505
#Header 
#Target 69 160 1
#Product 69 153 0
#Datapoints 17
1000000 0
55000000 0
60000000 5.513948874E-10
65000000 2.4780201655E-6
70000000 6.632558845E-5
75000000 0.00113785989635
80000000 0.0061108803052
90000000 0.0150424993992
100000000 0.011977600428
110000000 0.0108478000995
120000000 0.01054729976
130000000 0.010029599748
140000000 0.0095605000542
150000000 0.0092344103682
160000000 0.0089505194256
180000000 0.0082825807373
200000000 0.0078662197065
#Header 
#Target 69 160 1
#Product 69 154 0
#Datapoints 19
1000000 0
45000000 0
50000000 1.285738475E-12
55000000 4.873929459E-7
60000000 4.6389001176E-5
65000000 0.0012611400186
70000000 0.0091498597925
75000000 0.018972594919
80000000 0.020819704738
90000000 0.0161371992628
100000000 0.0154852991802
110000000 0.0151306007268
120000000 0.01429159936
130000000 0.0136583993112
140000000 0.0135234000738
150000000 0.0130982986899
160000000 0.0126555994676
180000000 0.0120510994128
200000000 0.011809099509
#Header 
#Target 69 160 1
#Product 69 155 0
#Datapoints 21
1000000 0
35000000 0
40000000 1.4990987376E-11
45000000 4.9387801498E-6
50000000 0.00038677906575
55000000 0.0171698011332
60000000 0.077598800748
65000000 0.12701800111
70000000 0.12396299895
75000000 0.098502904085
80000000 0.080421499078
90000000 0.069243307364
100000000 0.064276903701
110000000 0.059740892289
120000000 0.0570968088
130000000 0.054882706536
140000000 0.052613399358
150000000 0.050664392004
160000000 0.048584603488
180000000 0.045672705792
200000000 0.043061098107
#Header 
#Target 69 160 1
#Product 69 156 0
#Datapoints 22
1000000 0
30000000 0
35000000 4.498920324E-7
40000000 0.00023025408408
45000000 0.0146615989184
50000000 0.1300480025
55000000 0.21889798006
60000000 0.20872191942
65000000 0.16027901571
70000000 0.129807015275
75000000 0.117686000144
80000000 0.111955992098
90000000 0.101443007008
100000000 0.093276795021
110000000 0.088671404211
120000000 0.083364096
130000000 0.07915970076
140000000 0.075617004636
150000000 0.072692596527
160000000 0.069330901672
180000000 0.063590800123
200000000 0.058537695855
#Header 
#Target 69 160 1
#Product 69 157 0
#Datapoints 27
1000000 0
20000000 0
22000000 1.536828328E-10
24000000 1.6967895984E-7
26000000 1.2290499788E-5
28000000 0.00013033198692
30000000 0.00050446199776
35000000 0.049213297494
40000000 0.21830792988
45000000 0.30262797656
50000000 0.272908956
55000000 0.21624800884
60000000 0.18845305164
65000000 0.178240942
70000000 0.17288599775
75000000 0.16805704885
80000000 0.162728991676
90000000 0.15164999038
100000000 0.143266007895
110000000 0.134135004159
120000000 0.1260230024
130000000 0.119042007672
140000000 0.113233005576
150000000 0.107405002596
160000000 0.10175799974
180000000 0.091180006724
200000000 0.083097608463
#Header 
#Target 69 160 1
#Product 69 158 0
#Datapoints 35
1000000 0
12000000 0
13000000 8.99722048589E-15
14000000 1.729624833731E-11
15000000 1.5241003447761E-9
16000000 4.17884038278E-8
17000000 5.3367094353E-7
18000000 3.8123699858E-6
19000000 1.6499996454E-5
20000000 4.7683002112E-5
22000000 0.0002139490412
24000000 0.0020792302128
26000000 0.012151900334
28000000 0.02919959892
30000000 0.05056780176
35000000 0.092618492562
40000000 0.094282499124
45000000 0.085729900746
50000000 0.084214206025
55000000 0.081582306972
60000000 0.079574902722
65000000 0.077761604965
70000000 0.0751824071
75000000 0.072426598477
80000000 0.0697853986
90000000 0.06455549856
100000000 0.059150901291
110000000 0.054553096377
120000000 0.050927904
130000000 0.047691108528
140000000 0.044785299735
150000000 0.042041200938
160000000 0.0390904028
180000000 0.034685300519
200000000 0.031239896199
#Header 
#Target 69 160 1
#Product 69 159 0
#Datapoints 39
1000000 0
8000000 0
9000000 5.081086608E-13
10000000 8.101609747E-9
11000000 1.12962984225E-5
12000000 0.000538346007216
13000000 0.0050271609984232
14000000 0.016287804822898
15000000 0.026552598772973
16000000 0.0400351970088
17000000 0.056421795582
18000000 0.073574694094
19000000 0.090366405742
20000000 0.107695997824
22000000 0.14744895404
24000000 0.1956400056
26000000 0.233314998
28000000 0.2510049492
30000000 0.25555803616
35000000 0.27357392664
40000000 0.28782592188
45000000 0.29043698824
50000000 0.2842620405
55000000 0.27768792784
60000000 0.26753096412
65000000 0.254755028
70000000 0.2452490045
75000000 0.23260995091
80000000 0.22285103842
90000000 0.2018910306
100000000 0.18382298763
110000000 0.16886905542
120000000 0.156585992
130000000 0.145957999992
140000000 0.136582998417
150000000 0.127894987434
160000000 0.119750004728
180000000 0.10574400327
200000000 0.094611592428
#Header 
#Target 69 160 1
#Product 69 160 0
#Datapoints 45
1000000 0
2000000 0
3000000 2.6043893526E-13
4000000 5.0170895913E-10
5000000 8.830948644E-8
6000000 3.35305008E-6
7000000 3.842779332E-5
8000000 0.000208527006933
9000000 0.00068925101481
10000000 0.00168552985797
11000000 0.00344356979785
12000000 0.0061538987664
13000000 0.009762000054443
14000000 0.013958501661368
15000000 0.018403298180904
16000000 0.0230570999253
17000000 0.02786590593
18000000 0.032754500988
19000000 0.037523205678
20000000 0.041844199488
22000000 0.049209296776
24000000 0.0543416952
26000000 0.05715819732
28000000 0.05791930236
30000000 0.057522493728
35000000 0.05396130873
40000000 0.048675301068
45000000 0.043273004824
50000000 0.0381045021
55000000 0.033518008658
60000000 0.029738300382
65000000 0.025975499055
70000000 0.0227096942
75000000 0.020001507089
80000000 0.017659904844
90000000 0.0140494013884
100000000 0.0114277003464
110000000 0.0095707901289
120000000 0.00815250936
130000000 0.0070994996688
140000000 0.0062709703263
150000000 0.0055856794071
160000000 0.0050064100284
180000000 0.0040890194742
200000000 0.0034591997325
#Header 
#Target 69 160 1
#Product 70 152 0
#Datapoints 13
1000000 0
75000000 0
80000000 5.357336258E-12
90000000 5.4048508584E-5
100000000 0.00024904493334
110000000 0.00017391604893
120000000 0.000117648
130000000 0.000100739010288
140000000 8.7583692357E-5
150000000 7.6913209023E-5
160000000 6.6141294968E-5
180000000 5.1633902582E-5
200000000 4.2034501368E-5
#Header 
#Target 69 160 1
#Product 70 153 0
#Datapoints 14
1000000 0
70000000 0
75000000 3.8520102252E-6
80000000 0.000101618997888
90000000 0.0006320679568
100000000 0.0004608930486
110000000 0.00030540403296
120000000 0.000236085032
130000000 0.00020434793736
140000000 0.00017458398738
150000000 0.00014844107145
160000000 0.00012931199814
180000000 9.8585297836E-5
200000000 8.1746603661E-5
#Header 
#Target 69 160 1
#Product 70 154 0
#Datapoints 17
1000000 0
55000000 0
60000000 1.045498923E-10
65000000 9.028278996E-5
70000000 0.00083761198775
75000000 0.0021580600299
80000000 0.0022960300768
90000000 0.0010800601042
100000000 0.0006519160779
110000000 0.00050693494137
120000000 0.000412146936
130000000 0.00032769595656
140000000 0.00027740205846
150000000 0.00023512695213
160000000 0.00019898996924
180000000 0.00015592197677
200000000 0.000127415997492
#Header 
#Target 69 160 1
#Product 70 155 0
#Datapoints 18
1000000 0
50000000 0
55000000 0.00064907299206
60000000 0.0096194411082
65000000 0.02056749673
70000000 0.018118500225
75000000 0.011158200254
80000000 0.0069371601302
90000000 0.0041032507964
100000000 0.0030997406337
110000000 0.0023789691432
120000000 0.00191552072
130000000 0.0015931595232
140000000 0.00131315995116
150000000 0.00115014002535
160000000 0.00099656698364
180000000 0.00077578796082
200000000 0.00064272306024
#Header 
#Target 69 160 1
#Product 70 156 0
#Datapoints 20
1000000 0
40000000 0
45000000 0.008724380161
50000000 0.04690890155
55000000 0.091359204528
60000000 0.070093093266
65000000 0.038249499695
70000000 0.022280899325
75000000 0.0156489007227
80000000 0.0123170988728
90000000 0.0086388894676
100000000 0.006401269518
110000000 0.0050522902443
120000000 0.00406487976
130000000 0.0034610306472
140000000 0.0029874501891
150000000 0.0025626898449
160000000 0.0022615894176
180000000 0.0018386595848
200000000 0.0015235700397
#Header 
#Target 69 160 1
#Product 70 157 0
#Datapoints 22
1000000 0
30000000 0
35000000 0.020863002636
40000000 0.1849960536
45000000 0.30044892948
50000000 0.19824405075
55000000 0.094881308056
60000000 0.055026905976
65000000 0.040135804885
70000000 0.0323235004
75000000 0.02699250429
80000000 0.022891205004
90000000 0.017597292916
100000000 0.0140735999178
110000000 0.011699899263
120000000 0.01004229952
130000000 0.0087322999344
140000000 0.007580349495
150000000 0.0068363697204
160000000 0.0061401898016
180000000 0.0050709199245
200000000 0.0042468898473
#Header 
#Target 69 160 1
#Product 70 158 0
#Datapoints 27
1000000 0
20000000 0
22000000 0.0026162799324
24000000 0.095739996144
26000000 0.2970510032
28000000 0.529679934
30000000 0.64747394656
35000000 0.60304699098
40000000 0.31062693156
45000000 0.13380099628
50000000 0.087647593175
55000000 0.069821206754
60000000 0.05868320472
65000000 0.05045249748
70000000 0.043929802225
75000000 0.038755000106
80000000 0.034488907492
90000000 0.0277766069
100000000 0.022979299494
110000000 0.019439401956
120000000 0.0166469032
130000000 0.0145382004096
140000000 0.0129000998826
150000000 0.0115883001777
160000000 0.0103725986444
180000000 0.0085564300392
200000000 0.0072787598322
#Header 
#Target 69 160 1
#Product 70 159 0
#Datapoints 34
1000000 0
13000000 0
14000000 0.039836110152405
15000000 0.23425997090769
16000000 0.422534970207
17000000 0.58230701736
18000000 0.71591100154
19000000 0.81881408124
20000000 0.88662595392
22000000 0.95027403656
24000000 0.89653700448
26000000 0.6849269448
28000000 0.418460004
30000000 0.25786204864
35000000 0.133315994502
40000000 0.103952993688
45000000 0.08728480425
50000000 0.074617596375
55000000 0.064687293726
60000000 0.056787094854
65000000 0.04982419662
70000000 0.04368779165
75000000 0.03853559701
80000000 0.03419239769
90000000 0.027227900672
100000000 0.022407998538
110000000 0.018858294
120000000 0.0161363048
130000000 0.0140551999728
140000000 0.0124335013527
150000000 0.0111373997628
160000000 0.009956080838
180000000 0.0081869699655
200000000 0.0068985102189
#Header 
#Target 69 160 1
#Product 70 160 0
#Datapoints 45
1000000 0
2000000 0
3000000 3.055180276E-10
4000000 9.91755018E-6
5000000 0.00030410400402
6000000 0.0028484598144
7000000 0.014986900389
8000000 0.0525068005105
9000000 0.133957992963
10000000 0.25964300635
11000000 0.40110199402
12000000 0.52976998152
13000000 0.6353550748363
14000000 0.68054412710427
15000000 0.56750704961769
16000000 0.450697963485
17000000 0.35098093503
18000000 0.2659409855
19000000 0.20026499092
20000000 0.15509995968
22000000 0.110924004736
24000000 0.09469779696
26000000 0.08644480138
28000000 0.08020189548
30000000 0.074815390048
35000000 0.063756604836
40000000 0.054487204116
45000000 0.046842597368
50000000 0.04080359975
55000000 0.03493629675
60000000 0.030931501608
65000000 0.02673299398
70000000 0.023493000125
75000000 0.020445500511
80000000 0.018162494664
90000000 0.0144496000488
100000000 0.0117802996614
110000000 0.009884889105
120000000 0.00838062032
130000000 0.0073047906288
140000000 0.0064570702158
150000000 0.0057624296244
160000000 0.005154359708
180000000 0.0042130801637
200000000 0.0035448994122
#Header 
#Target 69 160 1
#Product 70 161 0
#Datapoints 46
1000000 0
1000000 0
2000000 3.2376097761E-11
3000000 2.21093987168E-7
4000000 1.28678011359E-5
5000000 0.0001459500174
6000000 0.0007853509248
7000000 0.002117720347
8000000 0.00349385992844
9000000 0.0039339003135
10000000 0.0034544094032
11000000 0.00273317013515
12000000 0.00212315014368
13000000 0.0017484998761139
14000000 0.0015492304695686
15000000 0.0014659000813002
16000000 0.0014338898343
17000000 0.0013996394607
18000000 0.0013307301776
19000000 0.001228589609
20000000 0.00111212003392
22000000 0.00088843291212
24000000 0.00071663497152
26000000 0.000601679939
28000000 0.000525998016
30000000 0.00047657194816
35000000 0.00040655395944
40000000 0.00036545200272
45000000 0.00032742797164
50000000 0.0003148359455
55000000 0.00028560499708
60000000 0.00027411607188
65000000 0.0002511540834
70000000 0.00024043705775
75000000 0.00021592899054
80000000 0.00021287697062
90000000 0.00018023197388
100000000 0.00015851104971
110000000 0.000148711985448
120000000 0.0001256330008
130000000 0.000100881996264
140000000 8.7279102315E-5
150000000 8.35743975E-5
160000000 7.7814190252E-5
180000000 6.4660704694E-5
200000000 4.6560701553E-5
