#Header 
#Target 73 165 0
#Product 0 1 0
#Datapoints 40
1000000 0
7000000 0
8000000 0.0023626801569
9000000 0.03502971438559
10000000 0.08703425484
11000000 0.1697476935
12000000 0.2425829736
13000000 0.2905874838133
14000000 0.3356628963312
15000000 0.3838767821537
16000000 0.4382274288135
17000000 0.5043414315
18000000 0.605477754
19000000 0.703279838
20000000 0.7758226486
22000000 0.8953640538
24000000 1.09284903
26000000 1.297349169
28000000 1.442823168
30000000 1.5896475
35000000 1.94108992
40000000 2.19377815
45000000 2.42148886
50000000 2.621686984
55000000 2.789569116
60000000 2.93651072
65000000 3.079671066
70000000 3.203682963
75000000 3.324554979
80000000 3.415044915
90000000 3.62106378
100000000 3.813157356
110000000 3.993537348
120000000 4.159234145
130000000 4.309178064
140000000 4.450109102
150000000 4.587899672
160000000 4.808850704
180000000 5.263590816
200000000 5.717673221
#Header 
#Target 73 165 0
#Product 1 1 0
#Datapoints 45
1000000 0
2000000 1.352452824E-18
3000000 1.6013400903E-11
4000000 6.6783321359E-8
5000000 7.893945344E-6
6000000 0.00013090244538
7000000 0.0008500583088
8000000 0.0031927139223
9000000 0.006451860231522
10000000 0.014601731508
11000000 0.0514473771
12000000 0.1844582982
13000000 0.3775251693632
14000000 0.5449101427617
15000000 0.6759416919629
16000000 0.7998029704713
17000000 0.9381671372
18000000 1.0553147892
19000000 1.1537645835
20000000 1.247191956
22000000 1.38077938
24000000 1.415963214
26000000 1.48285437
28000000 1.62157472
30000000 1.76993775
35000000 2.02797182
40000000 2.256168274
45000000 2.451352988
50000000 2.546501972
55000000 2.653257816
60000000 2.727298288
65000000 2.786336907
70000000 2.83642008
75000000 2.887719792
80000000 2.930945835
90000000 3.024634911
100000000 3.09584538
110000000 3.164519106
120000000 3.225946361
130000000 3.281818596
140000000 3.334435962
150000000 3.38672177
160000000 3.473933456
180000000 3.669414804
200000000 3.878886368
#Header 
#Target 73 165 0
#Product 1 2 0
#Datapoints 37
1000000 0
10000000 0
11000000 1.371360774E-15
12000000 5.69742624E-12
13000000 8.25800604376E-10
14000000 3.470235610745E-8
15000000 8.107343154548E-7
16000000 9.773099673E-6
17000000 6.889455141E-5
18000000 0.00030766113
19000000 0.0009160761235
20000000 0.001994532058
22000000 0.005419328189
24000000 0.009953669808
26000000 0.0149670057
28000000 0.0200996176
30000000 0.024613785
35000000 0.0363894384
40000000 0.04697859656
45000000 0.0565761252
50000000 0.06546516522
55000000 0.07260018732
60000000 0.08080568496
65000000 0.08659633653
70000000 0.09357527549
75000000 0.09783624399
80000000 0.10490408925
90000000 0.10601839854
100000000 0.10707696081
110000000 0.10643669064
120000000 0.10523712507
130000000 0.10374913716
140000000 0.10217873134
150000000 0.10063855572
160000000 0.10128096272
180000000 0.10308555972
200000000 0.10930691364
#Header 
#Target 73 165 0
#Product 1 3 0
#Datapoints 34
1000000 0
13000000 0
14000000 6.00464948342E-18
15000000 1.034264460933E-14
16000000 1.418310843318E-12
17000000 4.325372623E-11
18000000 1.109963988E-9
19000000 2.33897082E-8
20000000 3.077384328E-7
22000000 1.2357896293E-5
24000000 0.00010112192964
26000000 0.000337689669
28000000 0.00072660984
30000000 0.00123491025
35000000 0.00279916322
40000000 0.004523146718
45000000 0.006278566588
50000000 0.007938702268
55000000 0.009513196308
60000000 0.011039759016
65000000 0.012618372294
70000000 0.014241123873
75000000 0.015963931479
80000000 0.01781092955
90000000 0.0219205971
100000000 0.02663405238
110000000 0.03023299179
120000000 0.03403254921
130000000 0.0378646152
140000000 0.04165801128
150000000 0.04545451552
160000000 0.04915838928
180000000 0.0565146252
200000000 0.06347493859
#Header 
#Target 73 165 0
#Product 2 3 0
#Datapoints 38
1000000 0
9000000 0
10000000 7.603441092E-18
11000000 1.260851928E-15
12000000 4.237310814E-14
13000000 4.956868484803E-13
14000000 3.610378582923E-12
15000000 2.927257894605E-11
16000000 2.856459348414E-10
17000000 2.480373773E-9
18000000 1.708598808E-8
19000000 9.42076618E-8
20000000 4.303494312E-7
22000000 5.207356258E-6
24000000 4.270784622E-5
26000000 0.000221013339
28000000 0.00068348204
30000000 0.001518172425
35000000 0.00492576224
40000000 0.00922570794
45000000 0.013602325324
50000000 0.01779162266
55000000 0.02142217548
60000000 0.02458455428
65000000 0.02730346665
70000000 0.02982014744
75000000 0.03219433395
80000000 0.0345631023
90000000 0.03949075833
100000000 0.04492354491
110000000 0.04856255262
120000000 0.05216792911
130000000 0.055833759
140000000 0.05948517814
150000000 0.06312183864
160000000 0.06613051872
180000000 0.07206977976
200000000 0.07774324607
#Header 
#Target 73 165 0
#Product 2 4 0
#Datapoints 45
1000000 0
2000000 6.977898936E-14
3000000 7.938648627E-10
4000000 1.7741910762E-7
5000000 6.162164208E-6
6000000 8.134051404E-5
7000000 0.00062484655776
8000000 0.0030550028901
9000000 0.007810007970343
10000000 0.02027015874
11000000 0.0368512284
12000000 0.0480352488
13000000 0.05228251594009
14000000 0.05637555391013
15000000 0.0648239210245
16000000 0.07691775554289
17000000 0.08844803257
18000000 0.09577636992
19000000 0.1011009504
20000000 0.1062785491
22000000 0.12556767575
24000000 0.148831416
26000000 0.163595799
28000000 0.169329904
30000000 0.171204075
35000000 0.176306116
40000000 0.2055939903
45000000 0.2541660576
50000000 0.2784897752
55000000 0.2735745876
60000000 0.265711303
65000000 0.2637497046
70000000 0.2684530265
75000000 0.275621595
80000000 0.274443736
90000000 0.2675919798
100000000 0.2654331042
110000000 0.2672544915
120000000 0.2678444186
130000000 0.2686121232
140000000 0.2684786754
150000000 0.2661927542
160000000 0.2736665456
180000000 0.2861672484
200000000 0.2944987046
#Header 
#Target 73 165 0
#Product 64 138 0
#Datapoints 9
1000000 0
110000000 0
120000000 4.703652019E-15
130000000 1.891049724E-12
140000000 2.26509761E-10
150000000 3.7038596892E-9
160000000 4.7746400016E-8
180000000 5.4775101612E-6
200000000 0.000141067985988
#Header 
#Target 73 165 0
#Product 64 139 0
#Datapoints 9
1000000 0
110000000 0
120000000 1.2608699983E-13
130000000 4.941586992E-11
140000000 3.7506101568E-9
150000000 3.2282893568E-8
160000000 4.2152391904E-7
180000000 3.0766205712E-5
200000000 0.00046276397742
#Header 
#Target 73 165 0
#Product 64 140 0
#Datapoints 10
1000000 0
100000000 0
110000000 3.766837635E-13
120000000 5.965906078E-11
130000000 3.1379297028E-9
140000000 6.2683105382E-8
150000000 3.3879699822E-7
160000000 3.138839648E-6
180000000 9.0400998204E-5
200000000 0.00093858694213
#Header 
#Target 73 165 0
#Product 64 141 0
#Datapoints 11
1000000 0
90000000 0
100000000 3.551437593E-14
110000000 9.816007644E-12
120000000 3.755500694E-10
130000000 7.781539896E-9
140000000 8.6523496392E-8
150000000 3.9159103116E-7
160000000 2.4399198544E-6
180000000 5.2611707544E-5
200000000 0.00041071506865
#Header 
#Target 73 165 0
#Product 64 142 0
#Datapoints 12
1000000 0
80000000 0
90000000 1.2084885483E-13
100000000 2.646222186E-11
110000000 1.2931586496E-9
120000000 1.6299802332E-8
130000000 1.5264293112E-7
140000000 1.31487003184E-6
150000000 4.2004908196E-6
160000000 2.1494201232E-5
180000000 0.00027295100712
200000000 0.00125141999424
#Header 
#Target 73 165 0
#Product 64 143 0
#Datapoints 14
1000000 0
70000000 0
75000000 3.788841975E-15
80000000 8.834657055E-14
90000000 1.1872695549E-11
100000000 3.45495186E-10
110000000 3.2043702303E-9
120000000 2.7224799448E-8
130000000 2.5789805076E-7
140000000 1.23487005866E-6
150000000 2.8981691402E-6
160000000 1.04846009296E-5
180000000 7.4591506968E-5
200000000 0.00025176202854
#Header 
#Target 73 165 0
#Product 64 144 0
#Datapoints 17
1000000 0
55000000 0
60000000 7.201202866E-15
65000000 1.0837383984E-13
70000000 1.1897389412E-12
75000000 1.0354985334E-11
80000000 6.3421279E-11
90000000 1.0988198388E-9
100000000 6.7728994494E-9
110000000 3.6624002058E-8
120000000 3.8434699182E-7
130000000 1.51967008236E-6
140000000 3.951980063E-6
150000000 7.0449898036E-6
160000000 2.0063505168E-5
180000000 0.000119887995612
200000000 0.00035548095124
#Header 
#Target 73 165 0
#Product 65 140 0
#Datapoints 9
1000000 0
110000000 0
120000000 3.140391881E-14
130000000 2.2984764E-11
140000000 1.1770689892E-9
150000000 1.6476593986E-8
160000000 2.966040168E-7
180000000 1.6735100052E-5
200000000 0.00021462905991
#Header 
#Target 73 165 0
#Product 65 141 0
#Datapoints 10
1000000 0
100000000 0
110000000 2.137325967E-15
120000000 4.278142473E-12
130000000 6.02766666E-10
140000000 2.2125597936E-8
150000000 2.37664946E-7
160000000 1.7454794224E-6
180000000 5.8555304016E-5
200000000 0.00057316396586
#Header 
#Target 73 165 0
#Product 65 142 0
#Datapoints 10
1000000 0
100000000 0
110000000 3.983897601E-14
120000000 1.974836083E-11
130000000 1.3081899684E-9
140000000 3.2539303954E-8
150000000 1.37069996076E-7
160000000 8.4868892864E-7
180000000 1.4446602324E-5
200000000 7.9260198853E-5
#Header 
#Target 73 165 0
#Product 65 143 0
#Datapoints 11
1000000 0
90000000 0
100000000 4.73290113E-13
110000000 1.764247248E-10
120000000 1.7734203784E-8
130000000 4.3189408692E-7
140000000 3.7923896428E-6
150000000 1.12266995564E-5
160000000 5.3505893616E-5
180000000 0.00054750397416
200000000 0.0022090801005
#Header 
#Target 73 165 0
#Product 65 144 0
#Datapoints 12
1000000 0
80000000 0
90000000 6.025970664E-14
100000000 2.365839183E-11
110000000 2.9834606763E-9
120000000 5.9668608164E-8
130000000 3.2836503612E-7
140000000 1.27719001696E-6
150000000 2.8842696072E-6
160000000 1.03336994096E-5
180000000 7.4530904712E-5
200000000 0.00022851592393
#Header 
#Target 73 165 0
#Product 65 145 0
#Datapoints 15
1000000 0
65000000 0
70000000 2.890434877E-15
75000000 9.639591531E-14
80000000 2.07512302E-12
90000000 2.964661761E-10
100000000 1.17698999055E-8
110000000 1.44709988724E-7
120000000 5.0687898602E-7
130000000 1.8328999488E-6
140000000 6.2207700234E-6
150000000 1.16935991924E-5
160000000 3.2324205984E-5
180000000 0.000138098009544
200000000 0.00032212602858
#Header 
#Target 73 165 0
#Product 65 146 0
#Datapoints 18
1000000 0
50000000 0
55000000 2.40994872E-15
60000000 8.995558858E-14
65000000 2.129533626E-12
70000000 4.71072839E-11
75000000 5.04233877E-10
80000000 3.8425599605E-9
90000000 9.4492298505E-8
100000000 6.7935496809E-7
110000000 1.8070597152E-6
120000000 5.1082007174E-6
130000000 1.918869372E-5
140000000 4.2920401226E-5
150000000 6.4384492106E-5
160000000 0.000131837999664
180000000 0.00041623002036
200000000 0.00081107905876
#Header 
#Target 73 165 0
#Product 65 147 0
#Datapoints 23
1000000 0
28000000 0
30000000 2.98586925E-19
35000000 3.48625494E-16
40000000 3.222957811E-14
45000000 1.023369704E-12
50000000 2.3822036E-11
55000000 3.191297364E-10
60000000 2.3629507902E-9
65000000 1.28436005736E-8
70000000 4.2316399541E-8
75000000 9.6339500739E-8
80000000 1.8772896765E-7
90000000 3.3239600811E-7
100000000 5.1291104529E-7
110000000 1.49400001737E-6
120000000 2.9943494537E-6
130000000 4.34274009E-6
140000000 6.2590495942E-6
150000000 8.6246891684E-6
160000000 1.44624002096E-5
180000000 3.4059604524E-5
200000000 5.062819471E-5
#Header 
#Target 73 165 0
#Product 66 142 0
#Datapoints 10
1000000 0
100000000 0
110000000 2.24064954E-15
120000000 3.145398058E-12
130000000 8.966894832E-10
140000000 4.9296906952E-8
150000000 3.0462700372E-7
160000000 2.3667095088E-6
180000000 6.6688696536E-5
200000000 0.00050639408638
#Header 
#Target 73 165 0
#Product 66 143 0
#Datapoints 11
1000000 0
90000000 0
100000000 1.2341791455E-15
110000000 3.451139865E-12
120000000 6.495878884E-10
130000000 4.7398304856E-8
140000000 8.0363901218E-7
150000000 3.3506304786E-6
160000000 2.1107197888E-5
180000000 0.00033382807392
200000000 0.0015394698407
#Header 
#Target 73 165 0
#Product 66 144 0
#Datapoints 12
1000000 0
80000000 0
90000000 4.857200772E-15
100000000 1.1433985719E-11
110000000 2.3835008088E-9
120000000 7.1273096939E-8
130000000 1.03288999572E-6
140000000 8.1121795226E-6
150000000 2.8389599496E-5
160000000 0.00012365099432
180000000 0.00109751994924
200000000 0.004071859379
#Header 
#Target 73 165 0
#Product 66 145 0
#Datapoints 13
1000000 0
75000000 0
80000000 4.409006605E-15
90000000 3.429741216E-12
100000000 3.735801444E-10
110000000 9.1642297977E-9
120000000 6.1136797436E-8
130000000 4.628440554E-7
140000000 2.73911963E-6
150000000 6.6276906474E-6
160000000 2.2341303824E-5
180000000 0.000122663987556
200000000 0.0003487390018
#Header 
#Target 73 165 0
#Product 66 146 0
#Datapoints 17
1000000 0
55000000 0
60000000 4.49138547E-15
65000000 1.5530089947E-13
70000000 3.965447693E-12
75000000 6.774977436E-11
80000000 6.79176364E-10
90000000 2.0839995954E-8
100000000 2.4414703542E-7
110000000 9.5923102941E-7
120000000 6.5757901781E-6
130000000 3.3722904096E-5
140000000 9.4465808252E-5
150000000 0.0001555820071
160000000 0.00035865894736
180000000 0.001575759372
200000000 0.003621319999
#Header 
#Target 73 165 0
#Product 66 147 0
#Datapoints 21
1000000 0
35000000 0
40000000 3.540828286E-15
45000000 6.74576924E-13
50000000 3.664944808E-11
55000000 7.32758706E-10
60000000 5.6359808934E-9
65000000 2.4882295539E-8
70000000 6.7479095809E-8
75000000 1.26208002666E-7
80000000 2.1446694355E-7
90000000 9.3535899288E-7
100000000 3.2870003979E-6
110000000 1.41163997535E-5
120000000 6.1337493987E-5
130000000 0.000138711006972
140000000 0.00027622704866
150000000 0.00040484107824
160000000 0.00082943398272
180000000 0.0027662699724
200000000 0.0045475607179
#Header 
#Target 73 165 0
#Product 66 148 0
#Datapoints 23
1000000 0
28000000 0
30000000 1.10507985E-14
35000000 1.179359734E-11
40000000 1.2112091966E-9
45000000 3.1451392448E-8
50000000 3.4803292916E-7
55000000 1.9259392896E-6
60000000 6.1185494656E-6
65000000 1.21755005601E-5
70000000 1.802179945E-5
75000000 1.9711502367E-5
80000000 2.4331806635E-5
90000000 0.00014472999885
100000000 0.00048550504269
110000000 0.00065023390908
120000000 0.00097538601281
130000000 0.0017197499364
140000000 0.0023429301314
150000000 0.0027955604574
160000000 0.004068090768
180000000 0.0065270097288
200000000 0.0077229104462
#Header 
#Target 73 165 0
#Product 66 149 0
#Datapoints 32
1000000 0
15000000 0
16000000 1.375575164226E-17
17000000 3.034765119E-16
18000000 3.97919592E-15
19000000 3.251429895E-14
20000000 2.15840974E-13
22000000 4.409153372E-12
24000000 4.016074458E-11
26000000 2.59943256E-10
28000000 1.243299984E-9
30000000 4.79367945E-9
35000000 6.514289908E-8
40000000 4.3626500115E-7
45000000 1.9482802388E-6
50000000 4.5585500758E-6
55000000 6.1585901172E-6
60000000 7.2392299122E-6
65000000 7.6810699983E-6
70000000 1.28376002316E-5
75000000 4.2323796816E-5
80000000 0.000113835989355
90000000 0.0002896210215
100000000 0.00029600992692
110000000 0.00043727107221
120000000 0.00071318896484
130000000 0.0008138459574
140000000 0.00085367502064
150000000 0.00095876589072
160000000 0.00100548991312
180000000 0.00112837012332
200000000 0.00118605001509
#Header 
#Target 73 165 0
#Product 66 150 0
#Datapoints 37
1000000 0
10000000 0
11000000 1.213747689E-14
12000000 8.5561674E-14
13000000 4.00552805113E-13
14000000 1.477935115177E-12
15000000 5.083546431667E-12
16000000 1.545998713137E-11
17000000 4.334279514E-11
18000000 1.123335612E-10
19000000 2.609689525E-10
20000000 5.623038526E-10
22000000 2.105550028E-9
24000000 6.8305192344E-9
26000000 1.839449994E-8
28000000 4.460439808E-8
30000000 9.60674085E-8
35000000 4.245169586E-7
40000000 9.249370201E-7
45000000 1.31093003188E-6
50000000 1.64449987506E-6
55000000 1.9039804596E-6
60000000 4.3265696188E-6
65000000 1.7670409572E-5
70000000 5.4645907329E-5
75000000 0.00010448800236
80000000 0.00014028399958
90000000 0.000134572009599
100000000 0.00020108691849
110000000 0.00036123397848
120000000 0.00040192595762
130000000 0.00038483404092
140000000 0.00039273107724
150000000 0.00038693197894
160000000 0.0004040720152
180000000 0.00037821102528
200000000 0.00036892803672
#Header 
#Target 73 165 0
#Product 67 144 0
#Datapoints 10
1000000 0
100000000 0
110000000 1.652262102E-14
120000000 3.180952764E-11
130000000 3.1246101312E-9
140000000 7.7843090302E-8
150000000 6.0954594958E-7
160000000 3.2747904E-6
180000000 4.7333196372E-5
200000000 0.00021926400856
#Header 
#Target 73 165 0
#Product 67 145 0
#Datapoints 11
1000000 0
90000000 0
100000000 2.398322874E-15
110000000 1.0814896845E-11
120000000 3.7559594644E-9
130000000 1.9038202236E-7
140000000 3.3692607196E-6
150000000 1.13527007154E-5
160000000 5.017809328E-5
180000000 0.00032481298476
200000000 0.00106283995458
#Header 
#Target 73 165 0
#Product 67 146 0
#Datapoints 12
1000000 0
80000000 0
90000000 1.1883194958E-14
100000000 2.247552855E-11
110000000 4.0120690122E-9
120000000 2.6159305194E-7
130000000 4.857639984E-6
140000000 3.1709592528E-5
150000000 7.3384799642E-5
160000000 0.0002107420056
180000000 0.0012220598874
200000000 0.0033512993736
#Header 
#Target 73 165 0
#Product 67 147 0
#Datapoints 14
1000000 0
70000000 0
75000000 1.0558200024E-14
80000000 5.662081555E-13
90000000 7.261877622E-10
100000000 4.7797796493E-8
110000000 1.5946697412E-6
120000000 1.47970006932E-5
130000000 5.8414305888E-5
140000000 0.00017394804054
150000000 0.0002851200147
160000000 0.00074715898208
180000000 0.0034426800672
200000000 0.0061996399174
#Header 
#Target 73 165 0
#Product 67 148 0
#Datapoints 17
1000000 0
55000000 0
60000000 1.979213808E-15
65000000 6.14646126E-12
70000000 6.653116957E-10
75000000 2.7419501769E-8
80000000 3.420499931E-7
90000000 2.200669554E-5
100000000 0.00012835900734
110000000 0.00021303099351
120000000 0.00041945005696
130000000 0.00100949998608
140000000 0.001612569391
150000000 0.002359009743
160000000 0.003948000448
180000000 0.0082005298056
200000000 0.0114126000085
#Header 
#Target 73 165 0
#Product 67 149 0
#Datapoints 20
1000000 0
40000000 0
45000000 6.93259448E-13
50000000 2.828805378E-10
55000000 1.72601996508E-8
60000000 3.7893305164E-7
65000000 5.4021701961E-6
70000000 5.0502394343E-5
75000000 0.00021229806408
80000000 0.00048017694365
90000000 0.00105067010778
100000000 0.0012210199524
110000000 0.0026663492871
120000000 0.0048525602114
130000000 0.00577108989
140000000 0.006719709395
150000000 0.0084047693176
160000000 0.0107700006736
180000000 0.015735594468
200000000 0.019470097536
#Header 
#Target 73 165 0
#Product 67 150 0
#Datapoints 21
1000000 0
35000000 0
40000000 8.11294679E-15
45000000 1.2086197508E-12
50000000 5.32934731E-11
55000000 1.2799184004E-9
60000000 1.8938104042E-8
65000000 1.56861008526E-7
70000000 9.7314406501E-7
75000000 4.1788308282E-6
80000000 1.10695996155E-5
90000000 2.5974897057E-5
100000000 2.7869607135E-5
110000000 6.6561806178E-5
120000000 0.000145869008989
130000000 0.000192118005
140000000 0.0002530410125
150000000 0.00033889599436
160000000 0.00047699200192
180000000 0.0008177880216
200000000 0.00100983998578
#Header 
#Target 73 165 0
#Product 67 151 0
#Datapoints 27
1000000 0
20000000 0
22000000 9.956308538E-19
24000000 4.043548434E-16
26000000 3.74633982E-14
28000000 1.350478488E-12
30000000 2.0211975E-11
35000000 1.985420514E-9
40000000 7.3848406589E-8
45000000 1.24231998884E-6
50000000 1.00617000134E-5
55000000 3.9647005056E-5
60000000 8.6552205454E-5
65000000 0.000147711001461
70000000 0.00018026808126
75000000 0.00018549002292
80000000 0.0001724060494
90000000 0.00037714205748
100000000 0.00081560804328
110000000 0.00101805999147
120000000 0.00105204003707
130000000 0.00128902994844
140000000 0.0015060700384
150000000 0.0016151895552
160000000 0.0018318593552
180000000 0.0019810794036
200000000 0.0018060498291
#Header 
#Target 73 165 0
#Product 67 152 0
#Datapoints 27
1000000 0
20000000 0
22000000 1.78738764E-19
24000000 1.314789876E-17
26000000 3.76436934E-16
28000000 6.2247664E-15
30000000 6.80508675E-14
35000000 7.62266638E-12
40000000 3.22554882E-10
45000000 5.804150842E-9
50000000 5.1646998522E-8
55000000 2.6693399196E-7
60000000 7.733340758E-7
65000000 1.38939993279E-6
70000000 1.66436999852E-6
75000000 1.4620999848E-6
80000000 1.0830000466E-6
90000000 3.6430599597E-6
100000000 1.19675001768E-5
110000000 1.38521002941E-5
120000000 1.6502296767E-5
130000000 2.3677006524E-5
140000000 3.1712704566E-5
150000000 3.912410568E-5
160000000 4.5449498416E-5
180000000 5.0893996164E-5
200000000 5.2204601134E-5
#Header 
#Target 73 165 0
#Product 68 146 0
#Datapoints 11
1000000 0
90000000 0
100000000 2.718815754E-14
110000000 5.508176679E-11
120000000 4.3715192983E-9
130000000 1.8639804744E-7
140000000 1.874830004E-6
150000000 5.295499443E-6
160000000 1.9512102064E-5
180000000 0.000140113998552
200000000 0.0004573130456
#Header 
#Target 73 165 0
#Product 68 147 0
#Datapoints 12
1000000 0
80000000 0
90000000 5.782266072E-15
100000000 2.026055592E-11
110000000 4.604880321E-9
120000000 1.42247001182E-7
130000000 1.9206492804E-6
140000000 1.05813005398E-5
150000000 2.3995002032E-5
160000000 7.9769595248E-5
180000000 0.00048900107124
200000000 0.00102562004969
#Header 
#Target 73 165 0
#Product 68 148 0
#Datapoints 15
1000000 0
65000000 0
70000000 1.4982493686E-12
75000000 2.461868724E-11
80000000 1.3467490625E-10
90000000 2.8976791464E-9
100000000 1.11999004224E-7
110000000 1.6603194159E-6
120000000 7.7070900863E-6
130000000 4.7378004444E-5
140000000 0.00016105307806
150000000 0.00029848197046
160000000 0.00070132497456
180000000 0.002420680284
200000000 0.0043811995474
#Header 
#Target 73 165 0
#Product 68 149 0
#Datapoints 18
1000000 0
50000000 0
55000000 8.779867812E-14
60000000 6.98223812E-10
65000000 3.0433103034E-8
70000000 4.64143027E-7
75000000 3.4398508791E-6
80000000 1.0807199574E-5
90000000 3.9303297051E-5
100000000 6.3983909697E-5
110000000 0.0002749899546
120000000 0.00054542205421
130000000 0.00059588999676
140000000 0.00071125297742
150000000 0.0009626869987
160000000 0.00129489995488
180000000 0.001978249284
200000000 0.0023929403791
#Header 
#Target 73 165 0
#Product 68 150 0
#Datapoints 20
1000000 0
40000000 0
45000000 6.704025748E-15
50000000 4.525958794E-10
55000000 6.1202704248E-8
60000000 1.36218001634E-6
65000000 1.34341002585E-5
70000000 5.519389422E-5
75000000 0.000144930000588
80000000 0.00023969404125
90000000 0.00034094390724
100000000 0.00133152998403
110000000 0.0038136401055
120000000 0.0053573502422
130000000 0.0067248904872
140000000 0.0094244597976
150000000 0.0119841996156
160000000 0.017129794752
180000000 0.028652896272
200000000 0.033750992367
#Header 
#Target 73 165 0
#Product 68 151 0
#Datapoints 22
1000000 0
30000000 0
35000000 1.568429044E-11
40000000 5.2742407614E-8
45000000 1.13162001596E-6
50000000 1.25110999986E-5
55000000 5.8257503568E-5
60000000 0.000146821017486
65000000 0.00028478396082
70000000 0.0004009290761
75000000 0.00040742202519
80000000 0.0004114630563
90000000 0.0019744393305
100000000 0.0054848301984
110000000 0.0067656903525
120000000 0.0078411393874
130000000 0.0119682993072
140000000 0.015182505852
150000000 0.017527793478
160000000 0.022520302224
180000000 0.02807249874
200000000 0.027022097525
#Header 
#Target 73 165 0
#Product 68 152 0
#Datapoints 25
1000000 0
24000000 0
26000000 1.85466903E-13
28000000 3.02152832E-11
30000000 1.24638885E-9
35000000 2.853619762E-7
40000000 6.927620229E-6
45000000 4.8162901444E-5
50000000 0.00011915499981
55000000 0.0001943299476
60000000 0.00023633904294
65000000 0.00023772791934
70000000 0.00024263707538
75000000 0.00043630906977
80000000 0.00106601005665
90000000 0.0035802196002
100000000 0.0053630091171
110000000 0.0055478495232
120000000 0.0087537096581
130000000 0.012373101114
140000000 0.014092300308
150000000 0.016055496762
160000000 0.019220892208
180000000 0.020347595928
200000000 0.019992493841
#Header 
#Target 73 165 0
#Product 68 153 0
#Datapoints 32
1000000 0
15000000 0
16000000 2.815845880155E-14
17000000 5.418936454E-13
18000000 5.842110204E-12
19000000 4.515399585E-11
20000000 2.647416658E-10
22000000 3.9141704822E-9
24000000 2.3852102532E-8
26000000 1.0389200097E-7
28000000 3.64062044E-7
30000000 1.042999965E-6
35000000 6.347090148E-6
40000000 1.9762106095E-5
45000000 4.7248103196E-5
50000000 6.8812898042E-5
55000000 6.2907305544E-5
60000000 5.781159527E-5
65000000 8.1076190358E-5
70000000 0.00023288593794
75000000 0.00065950093521
80000000 0.00132254998675
90000000 0.0022030093284
100000000 0.0020528904351
110000000 0.0034247496771
120000000 0.0053057695702
130000000 0.0059012092776
140000000 0.0064218091816
150000000 0.0074071093722
160000000 0.0079298095856
180000000 0.0081645295908
200000000 0.0078673704755
#Header 
#Target 73 165 0
#Product 68 154 0
#Datapoints 42
1000000 0
5000000 0
6000000 9.715018455E-14
7000000 5.1674668326E-12
8000000 1.33608997242E-10
9000000 1.392470313387E-9
10000000 1.1207300013E-8
11000000 5.427890664E-8
12000000 1.589880138E-7
13000000 3.3497706308098E-7
14000000 6.0920209526505E-7
15000000 1.0657704554288E-6
16000000 1.8046597808757E-6
17000000 2.9262703699E-6
18000000 4.5333901368E-6
19000000 6.6947296085E-6
20000000 9.4690406718E-6
22000000 1.7929999422E-5
24000000 2.8271493834E-5
26000000 3.460249341E-5
28000000 4.191320808E-5
30000000 4.938599925E-5
35000000 6.808160646E-5
40000000 6.6358005478E-5
45000000 6.9523393436E-5
50000000 0.00029305595032
55000000 0.00124183994832
60000000 0.002556170474
65000000 0.0032976400047
70000000 0.0034807999698
75000000 0.0031420199727
80000000 0.0027825099455
90000000 0.0033922801791
100000000 0.0046084704129
110000000 0.0050346805104
120000000 0.0046272992953
130000000 0.0045593398428
140000000 0.0047430601226
150000000 0.0047399500252
160000000 0.0046945895696
180000000 0.004289199486
200000000 0.0040369701871
#Header 
#Target 73 165 0
#Product 68 155 0
#Datapoints 25
1000000 0
24000000 0
26000000 1.79845935E-14
28000000 4.1157444E-13
30000000 8.36446275E-12
35000000 2.504709382E-9
40000000 1.21573007833E-7
45000000 1.8016703964E-6
50000000 1.17069992774E-5
55000000 4.1486900796E-5
60000000 9.3587601536E-5
65000000 0.000152494998873
70000000 0.00017670403092
75000000 0.000157488990993
80000000 0.00012459800702
90000000 0.00025110692181
100000000 0.00056181693948
110000000 0.00060887907891
120000000 0.00061043198975
130000000 0.00071710496172
140000000 0.00079099902634
150000000 0.00080912899514
160000000 0.00079249003344
180000000 0.00075418903296
200000000 0.00072067497648
#Header 
#Target 73 165 0
#Product 68 156 0
#Datapoints 32
1000000 0
15000000 0
16000000 3.140662544217E-15
17000000 2.407215035E-14
18000000 1.632757644E-13
19000000 1.0094289935E-12
20000000 5.203332208E-12
22000000 8.760666527E-11
24000000 8.458037682E-10
26000000 5.610119355E-9
28000000 2.714090136E-8
30000000 1.0221099525E-7
35000000 1.2768600516E-6
40000000 7.2353205647E-6
45000000 2.0827804564E-5
50000000 3.1606807218E-5
55000000 3.3552899388E-5
60000000 3.1629894582E-5
65000000 2.7377306595E-5
70000000 2.8978604107E-5
75000000 6.1530097617E-5
80000000 0.000134316988005
90000000 0.00023396298072
100000000 0.00024016404258
110000000 0.00025210194516
120000000 0.00030100406413
130000000 0.00034274401164
140000000 0.00036298600756
150000000 0.0003718729889
160000000 0.00036764393344
180000000 0.00036558800124
200000000 0.00036073096685
#Header 
#Target 73 165 0
#Product 69 149 0
#Datapoints 12
1000000 0
80000000 0
90000000 3.138255276E-14
100000000 1.5212197767E-10
110000000 3.5714505339E-8
120000000 1.05600003157E-6
130000000 7.3819893528E-6
140000000 2.3016106858E-5
150000000 3.4636300456E-5
160000000 6.7163002032E-5
180000000 0.00031257599076
200000000 0.00060851304208
#Header 
#Target 73 165 0
#Product 69 150 0
#Datapoints 14
1000000 0
70000000 0
75000000 1.3038998103E-14
80000000 2.183702695E-11
90000000 4.0526995776E-8
100000000 3.1010292558E-6
110000000 2.0853801945E-5
120000000 5.6628401819E-5
130000000 0.00012355500306
140000000 0.00026212094714
150000000 0.00037165896726
160000000 0.00074502200528
180000000 0.0019875597588
200000000 0.0027111893903
#Header 
#Target 73 165 0
#Product 69 151 0
#Datapoints 16
1000000 0
60000000 0
65000000 5.004080268E-12
70000000 1.2115386889E-9
75000000 5.4726700683E-8
80000000 1.18501002145E-6
90000000 9.5051609745E-5
100000000 0.00039790703418
110000000 0.00056154997215
120000000 0.00079389210285
130000000 0.0017507908068
140000000 0.002648810392
150000000 0.003205359951
160000000 0.004768869504
180000000 0.0071381198856
200000000 0.0071620696244
#Header 
#Target 73 165 0
#Product 69 152 0
#Datapoints 19
1000000 0
45000000 0
50000000 3.18282048E-11
55000000 4.393720818E-8
60000000 2.845870027E-6
65000000 5.0372398569E-5
70000000 0.00025233898371
75000000 0.00058896897009
80000000 0.00093164501815
90000000 0.00110695006191
100000000 0.00081011799381
110000000 0.00120927991356
120000000 0.0017536700027
130000000 0.0019325595672
140000000 0.002106000305
150000000 0.002279590201
160000000 0.0024848895344
180000000 0.0027030102528
200000000 0.0026647606134
#Header 
#Target 73 165 0
#Product 69 153 0
#Datapoints 21
1000000 0
35000000 0
40000000 7.880871315E-14
45000000 3.469079558E-9
50000000 4.981629786E-7
55000000 2.0987802648E-5
60000000 0.00020145908068
65000000 0.00086612402994
70000000 0.0026209801153
75000000 0.0047386507986
80000000 0.005309749327
90000000 0.0044362500537
100000000 0.0060008607399
110000000 0.0120310006266
120000000 0.0145766994571
130000000 0.0146785003968
140000000 0.015908693154
150000000 0.018665996774
160000000 0.020853401632
180000000 0.022514500668
200000000 0.022246493369
#Header 
#Target 73 165 0
#Product 69 154 0
#Datapoints 22
1000000 0
30000000 0
35000000 1.092609448E-12
40000000 3.870229609E-10
45000000 2.3456004824E-8
50000000 6.546911217E-7
55000000 1.12906991664E-5
60000000 0.000108145991954
65000000 0.00043269394059
70000000 0.00085156788926
75000000 0.00110891998392
80000000 0.0010382000559
90000000 0.00081691596507
100000000 0.0025891995522
110000000 0.0041692205538
120000000 0.0044859391159
130000000 0.0053068693416
140000000 0.0064047501018
150000000 0.00721387989
160000000 0.0076376401808
180000000 0.0081925099344
200000000 0.0083188896583
#Header 
#Target 73 165 0
#Product 69 155 0
#Datapoints 27
1000000 0
20000000 0
22000000 1.0671395524E-15
24000000 1.1854486896E-13
26000000 6.04598742E-12
28000000 1.342739168E-10
30000000 1.58411925E-9
35000000 1.5302699804E-7
40000000 6.3703902835E-6
45000000 8.6980999756E-5
50000000 0.00050711606456
55000000 0.0014516899236
60000000 0.0023950898114
65000000 0.0029847802443
70000000 0.0028023096242
75000000 0.0022673700258
80000000 0.0022279894305
90000000 0.0079445002308
100000000 0.0131281992504
110000000 0.0119230007508
120000000 0.0129283002123
130000000 0.015254196288
140000000 0.016890202878
150000000 0.017262299782
160000000 0.0173180952
180000000 0.016432995216
200000000 0.015515106543
#Header 
#Target 73 165 0
#Product 69 156 0
#Datapoints 29
1000000 0
18000000 0
19000000 3.2125117E-15
20000000 7.75540583E-14
22000000 1.464660474E-11
24000000 6.428938476E-10
26000000 1.1870400288E-8
28000000 1.1498600336E-7
30000000 6.91853085E-7
35000000 1.640870056E-5
40000000 0.00014063499241
45000000 0.0005379651102
50000000 0.00104340008962
55000000 0.0012926799432
60000000 0.00120622010366
65000000 0.00090685805634
70000000 0.00082035800576
75000000 0.00168931998303
80000000 0.003851110295
90000000 0.00742944096
100000000 0.0063463494903
110000000 0.0065272493961
120000000 0.0078677496205
130000000 0.008528819262
140000000 0.008535019793
150000000 0.0086477091104
160000000 0.0082850905984
180000000 0.0079774798356
200000000 0.007611680174
#Header 
#Target 73 165 0
#Product 69 157 0
#Datapoints 39
1000000 0
8000000 0
9000000 5.740464266865E-15
10000000 1.546428195E-12
11000000 5.29488309E-11
12000000 4.617509424E-10
13000000 1.9964903069307E-9
14000000 6.9074811491942E-9
15000000 2.2501903498536E-8
16000000 6.6968311990329E-8
17000000 1.7627899493E-7
18000000 4.1459803812E-7
19000000 8.829749922E-7
20000000 1.7375800228E-6
22000000 5.3874591782E-6
24000000 1.3755100317E-5
26000000 3.051020481E-5
28000000 5.80652988E-5
30000000 9.525629925E-5
35000000 0.0001944500222
40000000 0.00023433102555
45000000 0.00023602708864
50000000 0.00019654004174
55000000 0.000149817006072
60000000 0.00027422599776
65000000 0.0008806049694
70000000 0.0019089093416
75000000 0.0027312003405
80000000 0.003071550216
90000000 0.0024424895103
100000000 0.0025255305525
110000000 0.0032568697755
120000000 0.0035766701322
130000000 0.0037721597196
140000000 0.0039378901982
150000000 0.0039824395766
160000000 0.003972979528
180000000 0.0037175599296
200000000 0.0036206800122
#Header 
#Target 73 165 0
#Product 69 158 0
#Datapoints 24
1000000 0
26000000 0
28000000 3.33016904E-15
30000000 1.040389875E-13
35000000 9.28083618E-11
40000000 1.8689497005E-8
45000000 7.5216207948E-7
50000000 8.5793396164E-6
55000000 4.3080997896E-5
60000000 0.000119479000784
65000000 0.00021863704737
70000000 0.00027106800135
75000000 0.00025180201515
80000000 0.00020519106505
90000000 0.00019687804941
100000000 0.00029605996371
110000000 0.00035299191591
120000000 0.00035592694049
130000000 0.00039536798724
140000000 0.00040037601658
150000000 0.0004058559742
160000000 0.00042057904224
180000000 0.00040742197452
200000000 0.00039569095375
#Header 
#Target 73 165 0
#Product 69 159 0
#Datapoints 27
1000000 0
20000000 0
22000000 2.182834622E-13
24000000 1.652287164E-11
26000000 4.99787427E-10
28000000 6.921380072E-9
30000000 5.31966015E-8
35000000 1.693019188E-6
40000000 1.22959008899E-5
45000000 3.5923092072E-5
50000000 6.247960453E-5
55000000 8.4855300768E-5
60000000 8.940970324E-5
65000000 7.4670709305E-5
70000000 6.2658794055E-5
75000000 6.5684607195E-5
80000000 9.3208907795E-5
90000000 0.00017988297318
100000000 0.00022749105906
110000000 0.00024247592415
120000000 0.0002689649963
130000000 0.00028221400932
140000000 0.00029800605276
150000000 0.00030588501164
160000000 0.00030233900816
180000000 0.00029941802088
200000000 0.00028696993953
#Header 
#Target 73 165 0
#Product 70 151 0
#Datapoints 14
1000000 0
70000000 0
75000000 1.5583986219E-14
80000000 1.6295298365E-12
90000000 5.3404808457E-9
100000000 2.0983804737E-7
110000000 1.14902013537E-6
120000000 3.6751399289E-6
130000000 1.6262506008E-5
140000000 3.6648291596E-5
150000000 5.1788398388E-5
160000000 9.2855610736E-5
180000000 0.0002063699616
200000000 0.00023659703159
#Header 
#Target 73 165 0
#Product 70 152 0
#Datapoints 16
1000000 0
60000000 0
65000000 2.173595211E-11
70000000 5.3337304959E-8
75000000 1.03149009393E-6
80000000 6.466871083E-6
90000000 7.489019766E-5
100000000 0.00017681505309
110000000 0.00036128998683
120000000 0.00140580998173
130000000 0.0022727905068
140000000 0.0025336093602
150000000 0.0033413393866
160000000 0.004890830504
180000000 0.0065664501144
200000000 0.0068924298761
#Header 
#Target 73 165 0
#Product 70 153 0
#Datapoints 18
1000000 0
50000000 0
55000000 5.891085108E-10
60000000 7.2968400934E-7
65000000 6.7546704126E-6
70000000 3.8034410386E-5
75000000 0.000118600999437
80000000 0.0002008829796
90000000 0.00036367997487
100000000 0.00062484398808
110000000 0.0023357801169
120000000 0.0039001606105
130000000 0.0041967906516
140000000 0.0050346896546
150000000 0.0069894198714
160000000 0.0090945301664
180000000 0.0112560000168
200000000 0.0114298003617
#Header 
#Target 73 165 0
#Product 70 154 0
#Datapoints 20
1000000 0
40000000 0
45000000 6.0838095612E-9
50000000 4.959149713E-6
55000000 4.795580556E-5
60000000 0.00022163607752
65000000 0.00048215804724
70000000 0.00068207995391
75000000 0.00086676599787
80000000 0.00087926107725
90000000 0.00142798994868
100000000 0.0063047095494
110000000 0.0095986889352
120000000 0.0090220593441
130000000 0.0105518003112
140000000 0.0128180004272
150000000 0.0138083007102
160000000 0.015053193232
180000000 0.015556694076
200000000 0.015695803701
#Header 
#Target 73 165 0
#Product 70 155 0
#Datapoints 22
1000000 0
30000000 0
35000000 1.915670092E-8
40000000 2.2734508188E-5
45000000 0.00020935992252
50000000 0.00102633996836
55000000 0.0018154403532
60000000 0.0021514895688
65000000 0.0024381499701
70000000 0.0022696695223
75000000 0.002112889512
80000000 0.0035128405205
90000000 0.0163738004028
100000000 0.025011299751
110000000 0.021689604297
120000000 0.026414899203
130000000 0.033288603396
140000000 0.036545504138
150000000 0.038621303246
160000000 0.039330394096
180000000 0.037515400692
200000000 0.035805194246
#Header 
#Target 73 165 0
#Product 70 156 0
#Datapoints 28
1000000 0
19000000 0
20000000 7.097791768E-15
22000000 1.749602888E-10
24000000 3.2010398574E-5
26000000 0.0001591449822
28000000 0.0003947820256
30000000 0.00076833099
35000000 0.002503259962
40000000 0.0054028594777
45000000 0.007165279996
50000000 0.0068210996938
55000000 0.0060868404072
60000000 0.006007940081
65000000 0.0107150001183
70000000 0.021724806243
75000000 0.036378807933
80000000 0.048503506535
90000000 0.052348590915
100000000 0.038920304607
110000000 0.043997698548
120000000 0.054215099026
130000000 0.054091706064
140000000 0.0540990973
150000000 0.052788303928
160000000 0.052293898384
180000000 0.05001470232
200000000 0.046344998097
#Header 
#Target 73 165 0
#Product 70 157 0
#Datapoints 39
1000000 0
8000000 0
9000000 4.286320862111E-11
10000000 3.2360392584E-10
11000000 1.1834100138E-9
12000000 2.7109198842E-9
13000000 5.8804309179479E-9
14000000 1.5854897799759E-8
15000000 6.2149406919787E-8
16000000 2.6412298263237E-7
17000000 9.0524600567E-7
18000000 2.3187392928E-6
19000000 5.34267965E-6
20000000 1.12676003594E-5
22000000 3.579960129E-5
24000000 7.5590206428E-5
26000000 0.00014654099256
28000000 0.000283006992
30000000 0.0004950519525
35000000 0.0012241699694
40000000 0.0018690406432
45000000 0.002200359994
50000000 0.0017682195664
55000000 0.00132028004484
60000000 0.0032276303774
65000000 0.011657500794
70000000 0.026884497255
75000000 0.038932097802
80000000 0.03907450802
90000000 0.026314098621
100000000 0.033531390591
110000000 0.046409197221
120000000 0.047867592069
130000000 0.04728020862
140000000 0.04681219267
150000000 0.046598403302
160000000 0.044371106416
180000000 0.040831403052
200000000 0.03913349374
#Header 
#Target 73 165 0
#Product 70 158 0
#Datapoints 45
1000000 0
2000000 0
3000000 8.9571497693E-14
4000000 6.46671970061E-11
5000000 5.3286090349E-9
6000000 1.32443006556E-7
7000000 1.64744028534E-6
8000000 1.23839009511E-5
9000000 4.6293907617739E-5
10000000 0.000155410007922
11000000 0.0003535561029
12000000 0.0005424480798
13000000 0.0006541900320168
14000000 0.0007404584101189
15000000 0.0008596841186065
16000000 0.0010218299429679
17000000 0.0012239100191
18000000 0.001454310396
19000000 0.0017016902835
20000000 0.0019779096404
22000000 0.0030610504144
24000000 0.0032367293388
26000000 0.002426720364
28000000 0.002116319728
30000000 0.001885840425
35000000 0.002043630554
40000000 0.011801599861
45000000 0.031581193252
50000000 0.04638850335
55000000 0.059380305444
60000000 0.063986502294
65000000 0.058722804729
70000000 0.048988693552
75000000 0.038919704592
80000000 0.03550140536
90000000 0.051516393627
100000000 0.06169520118
110000000 0.059681992896
120000000 0.057672910427
130000000 0.057348496128
140000000 0.05665059261
150000000 0.055761394
160000000 0.054235898976
180000000 0.05138810886
200000000 0.048997800019
#Header 
#Target 73 165 0
#Product 70 159 0
#Datapoints 31
1000000 0
16000000 0
17000000 3.549611472E-15
18000000 4.574601612E-14
19000000 4.376605595E-13
20000000 3.354307094E-12
22000000 1.399896037E-10
24000000 6.3113397456E-9
26000000 2.105230749E-7
28000000 3.487039632E-6
30000000 2.843739675E-5
35000000 0.0006523759452
40000000 0.0035976606099
45000000 0.009444608978
50000000 0.013810799058
55000000 0.0135798997428
60000000 0.0102061001614
65000000 0.0072428000598
70000000 0.0068411893102
75000000 0.0097947596133
80000000 0.014977599614
90000000 0.020612804517
100000000 0.019113394131
110000000 0.018464501511
120000000 0.018773597722
130000000 0.018389305896
140000000 0.018407193614
150000000 0.018199304926
160000000 0.017601000704
180000000 0.0169487043
200000000 0.015996399271
#Header 
#Target 73 165 0
#Product 70 160 0
#Datapoints 39
1000000 0
8000000 0
9000000 8.897539616071E-13
10000000 3.5649605394E-10
11000000 1.2969399009E-8
12000000 1.01472987E-7
13000000 3.2423503815578E-7
14000000 7.0606910469963E-7
15000000 1.4561804353162E-6
16000000 3.2983209494265E-6
17000000 8.0232592836E-6
18000000 1.958130216E-5
19000000 4.462410344E-5
20000000 9.292730219E-5
22000000 0.00029966197603
24000000 0.00072510901848
26000000 0.0014411099919
28000000 0.002419050144
30000000 0.0034913403
35000000 0.005127199966
40000000 0.0048036895044
45000000 0.004074900956
50000000 0.0030653802984
55000000 0.0025951795596
60000000 0.0040789306272
65000000 0.0077410006791
70000000 0.0109048001916
75000000 0.0122317010082
80000000 0.01228869996
90000000 0.0116904001764
100000000 0.01163829993
110000000 0.011876199858
120000000 0.0116498001015
130000000 0.0116454998784
140000000 0.011546600605
150000000 0.0113639004886
160000000 0.0110878005952
180000000 0.0105626998488
200000000 0.0101068003925
#Header 
#Target 73 165 0
#Product 70 161 0
#Datapoints 24
1000000 0
26000000 0
28000000 2.23732816E-14
30000000 1.22799915E-12
35000000 1.652998536E-9
40000000 3.999539833E-7
45000000 2.0610208108E-5
50000000 0.00020344001202
55000000 0.00068434706844
60000000 0.00123212008634
65000000 0.00156486995787
70000000 0.00160417000125
75000000 0.00154042982556
80000000 0.00148998001355
90000000 0.00153271999251
100000000 0.00159155010507
110000000 0.0016007801733
120000000 0.0015988799398
130000000 0.0015796099848
140000000 0.0015499693184
150000000 0.0015302799574
160000000 0.0014827801968
180000000 0.0013815300048
200000000 0.00131710005549
#Header 
#Target 73 165 0
#Product 70 162 0
#Datapoints 27
1000000 0
20000000 0
22000000 2.495904512E-14
24000000 1.1942597454E-11
26000000 1.134168756E-9
28000000 3.231539696E-8
30000000 3.99969045E-7
35000000 2.208979388E-5
40000000 0.000146722010388
45000000 0.00026875499812
50000000 0.00030283298402
55000000 0.00034168500504
60000000 0.00036641101068
65000000 0.00037726394727
70000000 0.00040030693679
75000000 0.00041537693808
80000000 0.0004373189588
90000000 0.00044778402009
100000000 0.00045314105385
110000000 0.00044384692581
120000000 0.00043773004253
130000000 0.00042116293224
140000000 0.0004104109109
150000000 0.0003999800264
160000000 0.00037865101456
180000000 0.00034424095728
200000000 0.00032220404467
#Header 
#Target 73 165 0
#Product 71 153 0
#Datapoints 13
1000000 0
75000000 0
80000000 1.848306545E-12
90000000 2.5712099643E-8
100000000 1.52077008915E-6
110000000 1.18211002632E-5
120000000 1.92885055E-5
130000000 2.1233697132E-5
140000000 3.4302807188E-5
150000000 5.267759745E-5
160000000 7.3382609552E-5
180000000 9.5942104764E-5
200000000 0.000101242995006
#Header 
#Target 73 165 0
#Product 71 154 0
#Datapoints 15
1000000 0
65000000 0
70000000 7.096076029E-12
75000000 1.3863995418E-9
80000000 3.23417956E-8
90000000 5.1020900391E-6
100000000 5.6092496532E-5
110000000 9.2223396441E-5
120000000 8.9459592541E-5
130000000 0.000129523995276
140000000 0.0001758639735
150000000 0.00021681000654
160000000 0.00026536600832
180000000 0.00033129693696
200000000 0.00036922098643
#Header 
#Target 73 165 0
#Product 71 155 0
#Datapoints 17
1000000 0
55000000 0
60000000 9.122966996E-12
65000000 1.0484700861E-8
70000000 4.854950814E-7
75000000 9.0902803236E-6
80000000 5.519760725E-5
90000000 0.00040596498906
100000000 0.00068861193513
110000000 0.00054364402377
120000000 0.00081445803593
130000000 0.00116966993172
140000000 0.00129402012894
150000000 0.0013557899844
160000000 0.00143373008688
180000000 0.00136046007372
200000000 0.00121578009216
#Header 
#Target 73 165 0
#Product 71 156 0
#Datapoints 19
1000000 0
45000000 0
50000000 8.877865864E-11
55000000 1.1888300178E-7
60000000 7.7339409004E-6
65000000 0.000136498011942
70000000 0.00068521895291
75000000 0.00163995001818
80000000 0.002728149569
90000000 0.0035404598664
100000000 0.0025987998585
110000000 0.0038554807095
120000000 0.0055939207786
130000000 0.0059387597016
140000000 0.0063489499074
150000000 0.0065419409924
160000000 0.0067457791856
180000000 0.0068653392324
200000000 0.0065550095789
#Header 
#Target 73 165 0
#Product 71 157 0
#Datapoints 21
1000000 0
35000000 0
40000000 2.5207497586E-9
45000000 4.6622195032E-7
50000000 5.3897795E-5
55000000 0.00041797497708
60000000 0.00123516005184
65000000 0.0027774795762
70000000 0.0055460606217
75000000 0.0074580402402
80000000 0.006663580841
90000000 0.0041146493769
100000000 0.0077003096319
110000000 0.01140330006
120000000 0.0112187000662
130000000 0.0112896996972
140000000 0.0112526002112
150000000 0.0111888999508
160000000 0.0108417995728
180000000 0.010063499556
200000000 0.0095891799182
#Header 
#Target 73 165 0
#Product 71 158 0
#Datapoints 25
1000000 0
24000000 0
26000000 8.6269191E-15
28000000 1.195689032E-10
30000000 3.006210375E-8
35000000 1.90193059E-5
40000000 0.0063344902237
45000000 0.027104504644
50000000 0.039610397344
55000000 0.041910701832
60000000 0.053250094326
65000000 0.058625003592
70000000 0.047796903112
75000000 0.034447402551
80000000 0.029343501815
90000000 0.053217297885
100000000 0.07469929632
110000000 0.068685090615
120000000 0.064671793857
130000000 0.063507696036
140000000 0.061808697874
150000000 0.060615603678
160000000 0.059239094992
180000000 0.056417103336
200000000 0.054344804779
#Header 
#Target 73 165 0
#Product 71 159 0
#Datapoints 30
1000000 0
17000000 0
18000000 1.089039672E-14
19000000 4.93407901E-13
20000000 1.255629608E-11
22000000 1.8169505144E-9
24000000 6.424900251E-8
26000000 8.179879803E-7
28000000 6.588780312E-6
30000000 7.052920875E-5
35000000 0.003041459596
40000000 0.0167488003778
45000000 0.046130204456
50000000 0.066677685802
55000000 0.057814504992
60000000 0.036638798196
65000000 0.024094796421
70000000 0.026720806176
75000000 0.051680806182
80000000 0.084979794465
90000000 0.102389004243
100000000 0.087291706128
110000000 0.08296840314
120000000 0.080919597044
130000000 0.079002797664
140000000 0.077435593732
150000000 0.075973793596
160000000 0.073566904544
180000000 0.070033503672
200000000 0.066784208388
#Header 
#Target 73 165 0
#Product 71 160 0
#Datapoints 35
1000000 0
12000000 0
13000000 6.72578579227E-15
14000000 3.079028537535E-13
15000000 5.098739347636E-11
16000000 2.2081703907576E-9
17000000 4.1784499994E-8
18000000 4.8227200056E-7
19000000 4.1837105805E-6
20000000 2.64248051E-5
22000000 0.00037972198144
24000000 0.0017833307256
26000000 0.005102650233
28000000 0.010995300056
30000000 0.019448793
35000000 0.0442283016
40000000 0.054300307542
45000000 0.045746698116
50000000 0.02956730413
55000000 0.02059799616
60000000 0.026063905296
65000000 0.054093498972
70000000 0.087004698769
75000000 0.102703006626
80000000 0.09780709328
90000000 0.080520394827
100000000 0.075118800906
110000000 0.072237092841
120000000 0.069897095719
130000000 0.068043000252
140000000 0.066412604796
150000000 0.065273305276
160000000 0.063247500064
180000000 0.059699998908
200000000 0.056837100277
#Header 
#Target 73 165 0
#Product 71 161 0
#Datapoints 43
1000000 0
4000000 0
5000000 1.1844397106E-14
6000000 7.8804198987E-12
7000000 1.31181033534E-9
8000000 7.0610010471E-8
9000000 1.2670197540021E-6
10000000 3.7081900206E-5
11000000 0.0006357849078
12000000 0.0030663201822
13000000 0.006681441913618
14000000 0.00999693148284
15000000 0.012862099927468
16000000 0.015411704557869
17000000 0.017644100216
18000000 0.019449601416
19000000 0.020808904265
20000000 0.021858406196
22000000 0.023797295926
24000000 0.026033502516
26000000 0.02710910673
28000000 0.02733009832
30000000 0.026236602
35000000 0.01936240194
40000000 0.0130858000118
45000000 0.0121237997944
50000000 0.026651104508
55000000 0.059261999508
60000000 0.0819490958
65000000 0.083081001132
70000000 0.072954487786
75000000 0.064218405567
80000000 0.059547999305
90000000 0.056764192131
100000000 0.054601496724
110000000 0.052926597036
120000000 0.05084260962
130000000 0.049427293668
140000000 0.047858694376
150000000 0.046423000546
160000000 0.044655596496
180000000 0.04148470458
200000000 0.038883700662
#Header 
#Target 73 165 0
#Product 71 162 0
#Datapoints 28
1000000 0
19000000 0
20000000 6.803325008E-15
22000000 1.1821996633E-12
24000000 6.759328488E-11
26000000 1.972840455E-9
28000000 3.77263964E-8
30000000 7.72322985E-7
35000000 0.0002358279644
40000000 0.0038823301358
45000000 0.0127248991016
50000000 0.01935680761
55000000 0.020373306048
60000000 0.017674507708
65000000 0.0151968008466
70000000 0.014073899276
75000000 0.0135226999962
80000000 0.013329600316
90000000 0.012627699999
100000000 0.0120626006469
110000000 0.0114557002101
120000000 0.0109947007687
130000000 0.0104023002072
140000000 0.0100108008316
150000000 0.0096657693848
160000000 0.0091112195664
180000000 0.0082592098248
200000000 0.0076674199093
#Header 
#Target 73 165 0
#Product 71 163 0
#Datapoints 35
1000000 0
12000000 0
13000000 1.478117387198E-14
14000000 3.822109402604E-13
15000000 1.168058042492E-11
16000000 5.199298134237E-10
17000000 1.3628595225E-8
18000000 1.9553605344E-7
19000000 1.675260315E-6
20000000 9.3529901302E-6
22000000 0.000111938000643
24000000 0.00056388594036
26000000 0.001609199472
28000000 0.003092879808
30000000 0.00467900055
35000000 0.007530929756
40000000 0.0081704002697
45000000 0.0074427198384
50000000 0.006566979265
55000000 0.0065227806
60000000 0.0067988597248
65000000 0.0070157192892
70000000 0.0071749197935
75000000 0.007191949533
80000000 0.0071871800815
90000000 0.0069661491978
100000000 0.0066638498163
110000000 0.0063268404759
120000000 0.0059978200689
130000000 0.0057100803648
140000000 0.0054267493134
150000000 0.0051634605584
160000000 0.0048713006048
180000000 0.0043500405828
200000000 0.0039608698098
#Header 
#Target 73 165 0
#Product 72 156 0
#Datapoints 17
1000000 0
55000000 0
60000000 3.091483538E-14
65000000 5.9074102812E-8
70000000 3.1575808449E-6
75000000 1.01765995065E-5
80000000 1.895540803E-5
90000000 3.0865994982E-5
100000000 2.5442597574E-5
110000000 7.5301806645E-5
120000000 0.000131559991211
130000000 0.000131016998304
140000000 0.000141707011146
150000000 0.00014974895268
160000000 0.00015402093392
180000000 0.00015247798104
200000000 0.00014769507762
#Header 
#Target 73 165 0
#Product 72 157 0
#Datapoints 19
1000000 0
45000000 0
50000000 6.6616394054E-8
55000000 4.1017095792E-5
60000000 0.00018254395302
65000000 0.00025750698306
70000000 0.00030553798403
75000000 0.00040498005351
80000000 0.000360581932
90000000 0.00022072403109
100000000 0.00066335204424
110000000 0.00114216991974
120000000 0.00112440998274
130000000 0.00112875994968
140000000 0.00114233999818
150000000 0.00113429005428
160000000 0.00110515006
180000000 0.00103867993548
200000000 0.00097667394418
#Header 
#Target 73 165 0
#Product 72 158 0
#Datapoints 21
1000000 0
35000000 0
40000000 8.0671700098E-6
45000000 0.00054142495316
50000000 0.00148545006946
55000000 0.001872189684
60000000 0.0027371797024
65000000 0.0032098890642
70000000 0.0023004505808
75000000 0.00143600005431
80000000 0.0012976599647
90000000 0.0049428095682
100000000 0.0079067491998
110000000 0.0068655808503
120000000 0.0064079406578
130000000 0.0062709497868
140000000 0.0061448002146
150000000 0.0060694904484
160000000 0.0059826796624
180000000 0.0058071996708
200000000 0.0057071898974
#Header 
#Target 73 165 0
#Product 72 159 0
#Datapoints 24
1000000 0
26000000 0
28000000 3.6124976E-15
30000000 1.2064000725E-7
35000000 0.0005960919678
40000000 0.002328939593
45000000 0.0044211312124
50000000 0.010540400143
55000000 0.0117270005184
60000000 0.0069864303938
65000000 0.0039361209378
70000000 0.004180460548
75000000 0.0103301004474
80000000 0.022189402845
90000000 0.032089102191
100000000 0.024605100768
110000000 0.022093306173
120000000 0.021290697318
130000000 0.020362701168
140000000 0.019682001644
150000000 0.019126900242
160000000 0.01843199344
180000000 0.017363596668
200000000 0.016649893757
#Header 
#Target 73 165 0
#Product 72 160 0
#Datapoints 31
1000000 0
16000000 0
17000000 2.504910304E-12
18000000 3.32329284E-10
19000000 1.672849719E-8
20000000 3.3156300644E-7
22000000 1.6239501174E-5
24000000 0.021885100692
26000000 0.04505400288
28000000 0.04534199424
30000000 0.04165060725
35000000 0.04388770456
40000000 0.049364298125
45000000 0.034111410564
50000000 0.018757800936
55000000 0.0137385994068
60000000 0.027445192346
65000000 0.070590796977
70000000 0.112183999141
75000000 0.119576005524
80000000 0.10358799946
90000000 0.082054392987
100000000 0.078266694201
110000000 0.075163600125
120000000 0.073474497404
130000000 0.071371901772
140000000 0.069589499472
150000000 0.068914997764
160000000 0.066936495696
180000000 0.063352694856
200000000 0.061060291048
#Header 
#Target 73 165 0
#Product 72 161 0
#Datapoints 40
1000000 0
7000000 0
8000000 4.668754356E-14
9000000 3.7184709087244E-5
10000000 0.00028622803482
11000000 0.0010236199197
12000000 0.0023953196586
13000000 0.0046768308215026
14000000 0.00903000307838
15000000 0.01661100274845
16000000 0.02677820202201
17000000 0.036033804393
18000000 0.041448393504
19000000 0.045553602935
20000000 0.049590001768
22000000 0.056238500329
24000000 0.060019499082
26000000 0.0632135004
28000000 0.06611680448
30000000 0.064981098
35000000 0.04222820196
40000000 0.022812101186
45000000 0.021006797448
50000000 0.077857395364
55000000 0.19616695056
60000000 0.27175093374
65000000 0.26054091318
70000000 0.20879506403
75000000 0.17153696616
80000000 0.154440992135
90000000 0.141231000969
100000000 0.132951998526
110000000 0.126656004753
120000000 0.120507003353
130000000 0.11640600936
140000000 0.112503000092
150000000 0.109037005314
160000000 0.10491499704
180000000 0.097245499296
200000000 0.090963999935
#Header 
#Target 73 165 0
#Product 72 162 0
#Datapoints 45
1000000 0
2000000 6.9767495312E-14
3000000 7.9369414581E-10
4000000 1.77289997797E-7
5000000 6.1516298897E-6
6000000 8.1077305917E-5
7000000 0.000621549004764
8000000 0.00303016000728
9000000 0.0076789907013073
10000000 0.019635603156
11000000 0.03448441101
12000000 0.04148829762
13000000 0.039614204113377
14000000 0.035863803920962
15000000 0.033624499901014
16000000 0.0326702061669
17000000 0.032296697355
18000000 0.031916603628
19000000 0.031228197495
20000000 0.030661600624
22000000 0.038397197446
24000000 0.031375800294
26000000 0.01591249494
28000000 0.011174899648
30000000 0.009010639575
35000000 0.05094689642
40000000 0.25506904977
45000000 0.43121899436
50000000 0.43423501884
55000000 0.34952391288
60000000 0.27547007202
65000000 0.24152102451
70000000 0.22900695852
75000000 0.22258391907
80000000 0.2175070065
90000000 0.2059560126
100000000 0.19582098879
110000000 0.18609807681
120000000 0.17741100839
130000000 0.16943706084
140000000 0.16208095264
150000000 0.15517592998
160000000 0.14711893168
180000000 0.133572997932
200000000 0.122649010135
#Header 
#Target 73 165 0
#Product 72 163 0
#Datapoints 37
1000000 0
10000000 0
11000000 1.254337056E-15
12000000 4.236678204E-14
13000000 4.956160363284E-13
14000000 3.606750652811E-12
15000000 2.919259056021E-11
16000000 2.846713573344E-10
17000000 2.4807003924E-9
18000000 2.2448204352E-8
19000000 7.5062599845E-7
20000000 2.2816699756E-5
22000000 0.001949160206
24000000 0.01836170373
26000000 0.06853939704
28000000 0.15188400984
30000000 0.241982055
35000000 0.3660330282
40000000 0.3261840105
45000000 0.2413630338
50000000 0.19556102272
55000000 0.18242501832
60000000 0.17812505568
65000000 0.17463692352
70000000 0.17156807966
75000000 0.166972003653
80000000 0.162723009715
90000000 0.152649001455
100000000 0.142727015277
110000000 0.13367899431
120000000 0.125413010316
130000000 0.11787500574
140000000 0.1110959981
150000000 0.10545701102
160000000 0.098697194176
180000000 0.087701392152
200000000 0.078949791096
#Header 
#Target 73 165 0
#Product 72 164 0
#Datapoints 40
1000000 0
7000000 0
8000000 4.8388097646E-11
9000000 2.0814599982855E-6
10000000 0.00055156887396
11000000 0.013373499111
12000000 0.07006329132
13000000 0.156839990557
14000000 0.23418607734005
15000000 0.29380099919577
16000000 0.33722003001978
17000000 0.36324996609
18000000 0.37032701832
19000000 0.36114295485
20000000 0.34231602796
22000000 0.29782498271
24000000 0.26679098814
26000000 0.2440959855
28000000 0.2237850736
30000000 0.204612975
35000000 0.1676009328
40000000 0.15490699066
45000000 0.151867010456
50000000 0.147263002502
55000000 0.14355298026
60000000 0.138773003226
65000000 0.131946995571
70000000 0.125789998883
75000000 0.119160001116
80000000 0.113314000755
90000000 0.101855999034
100000000 0.092033198784
110000000 0.08352580455
120000000 0.076426297453
130000000 0.070252404972
140000000 0.06489959807
150000000 0.060297895826
160000000 0.05570349512
180000000 0.048216000888
200000000 0.042585302191
#Header 
#Target 73 165 0
#Product 73 159 0
#Datapoints 18
1000000 0
50000000 0
55000000 6.29600418E-15
60000000 5.360039256E-10
65000000 3.4362392262E-8
70000000 7.7036507267E-7
75000000 6.4914802107E-6
80000000 1.53075995305E-5
90000000 1.8579303957E-5
100000000 1.6818201747E-5
110000000 1.6812097416E-5
120000000 1.6540594796E-5
130000000 1.5932406972E-5
140000000 1.5501602502E-5
150000000 1.5436303364E-5
160000000 1.4949403504E-5
180000000 1.4450098608E-5
200000000 1.39664998996E-5
#Header 
#Target 73 165 0
#Product 73 160 0
#Datapoints 19
1000000 0
45000000 0
50000000 2.1403099452E-9
55000000 1.3796298972E-6
60000000 7.0715407048E-5
65000000 0.000915269058
70000000 0.0027139202152
75000000 0.0035500706562
80000000 0.003002959436
90000000 0.0020956606761
100000000 0.0019266207453
110000000 0.0018183402702
120000000 0.001744799925
130000000 0.0016785192048
140000000 0.001618530372
150000000 0.0015864895798
160000000 0.0015371106128
180000000 0.0014515103592
200000000 0.00139426986206
#Header 
#Target 73 165 0
#Product 73 161 0
#Datapoints 22
1000000 0
30000000 0
35000000 1.86302116E-14
40000000 1.7866602842E-7
45000000 2.250729544E-5
50000000 0.0022391994618
55000000 0.0106540000416
60000000 0.0151740004416
65000000 0.012004799574
70000000 0.0085138589593
75000000 0.0071313806901
80000000 0.0066672001635
90000000 0.0061650295032
100000000 0.0058349397096
110000000 0.0055133893998
120000000 0.0052478405078
130000000 0.0050265192792
140000000 0.004868700764
150000000 0.0047557003556
160000000 0.0045572097648
180000000 0.004226640462
200000000 0.0039522101654
#Header 
#Target 73 165 0
#Product 73 162 0
#Datapoints 25
1000000 0
24000000 0
26000000 3.8359866E-14
28000000 4.89222816E-10
30000000 1.0929799125E-7
35000000 5.76186933E-5
40000000 0.0158690996294
45000000 0.065351800388
50000000 0.088259397898
55000000 0.064454504544
60000000 0.042857093422
65000000 0.034143694446
70000000 0.030529904274
75000000 0.028388497998
80000000 0.026909805545
90000000 0.024455998986
100000000 0.022591594596
110000000 0.021094495857
120000000 0.019860806075
130000000 0.018781206036
140000000 0.017890505102
150000000 0.017084002836
160000000 0.016147504352
180000000 0.014642293512
200000000 0.0133855009095
#Header 
#Target 73 165 0
#Product 73 163 0
#Datapoints 33
1000000 0
14000000 0
15000000 1.033297121714E-14
16000000 1.41778256766E-12
17000000 4.319140805E-11
18000000 1.1062504908E-9
19000000 2.3282097255E-8
20000000 3.0609904808E-7
22000000 1.2285400758E-5
24000000 0.004101579483
26000000 0.05191830072
28000000 0.13910199952
30000000 0.2458400175
35000000 0.423508029
40000000 0.33118208402
45000000 0.18954406184
50000000 0.138757009496
55000000 0.123528999312
60000000 0.115899988776
65000000 0.109982009784
70000000 0.104924009044
75000000 0.100319996067
80000000 0.09617989291
90000000 0.088329194715
100000000 0.081094802532
110000000 0.074748712356
120000000 0.069365697005
130000000 0.064742497956
140000000 0.060852400168
150000000 0.057527695894
160000000 0.053832404304
180000000 0.047576094588
200000000 0.042768193994
#Header 
#Target 73 165 0
#Product 73 164 0
#Datapoints 37
1000000 0
10000000 0
11000000 1.363447974E-15
12000000 4.3944000606E-9
13000000 8.503700408449E-8
14000000 6.1274804265948E-5
15000000 0.0033457800528207
16000000 0.033948505744446
17000000 0.1160250295
18000000 0.21757203468
19000000 0.3357570007
20000000 0.47017198756
22000000 0.69606901264
24000000 0.75835098438
26000000 0.7195569648
28000000 0.6387310456
30000000 0.5295350025
35000000 0.330980055
40000000 0.28384091779
45000000 0.27347499564
50000000 0.26282792676
55000000 0.25203003876
60000000 0.24329807788
65000000 0.23256500961
70000000 0.22225708149
75000000 0.2104910322
80000000 0.20191704775
90000000 0.18287407242
100000000 0.16661301819
110000000 0.153169000821
120000000 0.141676002523
130000000 0.13166799942
140000000 0.123299005696
150000000 0.11583899002
160000000 0.107877992768
180000000 0.094710506352
200000000 0.084441699062
#Header 
#Target 73 165 0
#Product 73 165 0
#Datapoints 45
1000000 0
2000000 0
3000000 1.60135000963E-11
4000000 6.67833062496E-8
5000000 7.8940991564E-6
6000000 0.000130905014343
7000000 0.000850054975026
8000000 0.00319264002246
9000000 0.0064464603044295
10000000 0.0134611998066
11000000 0.024064598586
12000000 0.041266401462
13000000 0.057162407450357
14000000 0.066470503278203
15000000 0.072115415159084
16000000 0.075961011893448
17000000 0.077967998266
18000000 0.077723301348
19000000 0.07541519569
20000000 0.071838205602
22000000 0.064715200724
24000000 0.061181594892
26000000 0.06021350022
28000000 0.0597732972
30000000 0.059386509
35000000 0.05636429526
40000000 0.05215100552
45000000 0.048815097716
50000000 0.045485406106
55000000 0.043513407144
60000000 0.041248607114
65000000 0.038401203528
70000000 0.035962602434
75000000 0.033166301154
80000000 0.030899692925
90000000 0.026254092609
100000000 0.022097002647
110000000 0.018453000078
120000000 0.0154210989262
130000000 0.0128065004208
140000000 0.0106485010164
150000000 0.0089004401706
160000000 0.0074377092384
180000000 0.0053497806912
200000000 0.0040494796636
#Header 
#Target 73 165 0
#Product 74 161 0
#Datapoints 19
1000000 0
45000000 0
50000000 2.3618408464E-7
55000000 6.2757406944E-5
60000000 0.000161540992756
65000000 0.000149233991445
70000000 9.7916991391E-5
75000000 7.4502902397E-5
80000000 6.490229569E-5
90000000 5.2657395129E-5
100000000 4.395289554E-5
110000000 3.5746201332E-5
120000000 3.0903797078E-5
130000000 2.6726704932E-5
140000000 2.361300176E-5
150000000 2.0942002632E-5
160000000 1.8867106272E-5
180000000 1.5666100428E-5
200000000 1.31929002802E-5
#Header 
#Target 73 165 0
#Product 74 162 0
#Datapoints 21
1000000 0
35000000 0
40000000 0.00028573098164
45000000 0.0028922902092
50000000 0.003347750364
55000000 0.0019686191904
60000000 0.00115584006824
65000000 0.00088355406582
70000000 0.00075319491967
75000000 0.0006632099004
80000000 0.00058919698355
90000000 0.00047604501147
100000000 0.00039396297672
110000000 0.00033633803025
120000000 0.00029116002927
130000000 0.00025584894456
140000000 0.00022827806008
150000000 0.00020650802592
160000000 0.00018619296192
180000000 0.00015503602356
200000000 0.000132855992532
#Header 
#Target 73 165 0
#Product 74 163 0
#Datapoints 23
1000000 0
28000000 0
30000000 0.00242091045
35000000 0.0215188057
40000000 0.026814094756
45000000 0.0117284001352
50000000 0.0062406910482
55000000 0.0047059604784
60000000 0.0039645302268
65000000 0.0034318296051
70000000 0.0030082708411
75000000 0.0026657200515
80000000 0.002374819718
90000000 0.0019378294194
100000000 0.0016173097203
110000000 0.00136349993079
120000000 0.00118020994751
130000000 0.00104200992912
140000000 0.00092683196804
150000000 0.00083693696634
160000000 0.00075193897296
180000000 0.00062057300052
200000000 0.00052818294671
#Header 
#Target 73 165 0
#Product 74 164 0
#Datapoints 31
1000000 0
16000000 0
17000000 0.0020780097311
18000000 0.028432894644
19000000 0.044313208135
20000000 0.0343730976
22000000 0.0127809997609
24000000 0.065214693102
26000000 0.09864929937
28000000 0.08471299232
30000000 0.061444404
35000000 0.02513249298
40000000 0.0166224998424
45000000 0.013668499138
50000000 0.0117344998708
55000000 0.0101932994052
60000000 0.008965429616
65000000 0.0078756404175
70000000 0.0069670906149
75000000 0.0061866293148
80000000 0.0054779798035
90000000 0.0043960499691
100000000 0.0036178996431
110000000 0.0030451093038
120000000 0.0026268495649
130000000 0.0023035004088
140000000 0.002054779467
150000000 0.0018577894662
160000000 0.0016650093712
180000000 0.00136369003584
200000000 0.00115304000567
#Header 
#Target 73 165 0
#Product 74 165 0
#Datapoints 40
1000000 0
7000000 0
8000000 0.0023626801569
9000000 0.034992502736107
10000000 0.086744692242
11000000 0.16871899653
12000000 0.24017502564
13000000 0.28587907077205
14000000 0.32650903345134
15000000 0.36382205178561
16000000 0.37735304067603
17000000 0.34798000819
18000000 0.28958895756
19000000 0.23383600895
20000000 0.18878103498
22000000 0.119786001816
24000000 0.08096030124
26000000 0.06371769357
28000000 0.05610110064
30000000 0.051686397
35000000 0.04405700348
40000000 0.037899100459
45000000 0.032687596396
50000000 0.028045904012
55000000 0.02450999898
60000000 0.021230194414
65000000 0.018678597501
70000000 0.016125998431
75000000 0.0142857007026
80000000 0.012530400164
90000000 0.0099974797413
100000000 0.0082129695279
110000000 0.0069044900877
120000000 0.0059228700047
130000000 0.0051728408664
140000000 0.0045880490588
150000000 0.0041136502776
160000000 0.0036876105952
180000000 0.0030206195976
200000000 0.0025412898857
#Header 
#Target 73 165 0
#Product 74 166 0
#Datapoints 45
1000000 0
2000000 8.02466998176E-12
3000000 5.13976035548E-8
4000000 7.3105698695E-6
5000000 0.000169063009326
6000000 0.00148922002512
7000000 0.0075369196725
8000000 0.0243930010485
9000000 0.041933300163677
10000000 0.073342599408
11000000 0.08704030545
12000000 0.06959098938
13000000 0.043517512740529
14000000 0.025646801630664
15000000 0.015724903766044
16000000 0.010236197044644
17000000 0.0070657805239
18000000 0.0051448103532
19000000 0.0039329197
20000000 0.003132180434
22000000 0.0021489998542
24000000 0.0015350494158
26000000 0.0010999300494
28000000 0.0008289329712
30000000 0.000684277965
35000000 0.0005291710802
40000000 0.00044915707262
45000000 0.00040608201592
50000000 0.00037487990764
55000000 0.00034985298852
60000000 0.00032529305666
65000000 0.0003052749351
70000000 0.00028396705735
75000000 0.00026791997895
80000000 0.0002487299192
90000000 0.00021965503023
100000000 0.00018913697463
110000000 0.00017128804914
120000000 0.000146550004051
130000000 0.000129321006408
140000000 0.000120979003918
150000000 0.000109200000158
160000000 9.259081048E-5
180000000 7.0682805336E-5
200000000 6.1991301934E-5
