#Header 
#Target 101 258 0
#Product 0 1 0
#Datapoints 45
1000000 0
2000000 2.474287621E-19
3000000 8.1371538396E-14
4000000 1.141934000558E-10
5000000 1.4126744856E-7
6000000 3.775556424866E-6
7000000 3.614900431059E-5
8000000 0.000217868884608
9000000 0.00122085623232
10000000 0.0043949160547
11000000 0.01165295168
12000000 0.0240072116699
13000000 0.039097099914
14000000 0.05579770747547
15000000 0.076025029248
16000000 0.096106981013
17000000 0.113062830027
18000000 0.128490549096
19000000 0.143648788748
20000000 0.158790717899
22000000 0.19227097512
24000000 0.24387252058
26000000 0.25625473845
28000000 0.27955145216
30000000 0.3064412592
35000000 0.36405088452
40000000 0.4104455203591
45000000 0.4560633769713
50000000 0.5006668257795
55000000 0.55443211575
60000000 0.5978364179655
65000000 0.64485076404
70000000 0.687690003855
75000000 0.7405395635
80000000 0.7996810668
90000000 0.917496741716
100000000 1.01127135276
110000000 1.079241776
120000000 1.1272432158
130000000 1.1641793252
140000000 1.2027325083
150000000 1.246094769
160000000 1.2971813268
180000000 1.3986438254
200000000 1.491593675
#Header 
#Target 101 258 0
#Product 1 1 0
#Datapoints 44
1000000 0
3000000 0
4000000 5.6898915385E-19
5000000 5.0867900328E-15
6000000 3.974417924155E-12
7000000 6.200134051869E-10
8000000 2.69681421052E-8
9000000 6.3817627248E-7
10000000 7.695483208E-6
11000000 5.09048832E-5
12000000 0.000195895578417
13000000 0.00049029234492
14000000 0.000973948505159
15000000 0.0017232664176
16000000 0.0027270990155
17000000 0.0038730627327
18000000 0.0051271541958
19000000 0.0065451226876
20000000 0.0082215229008
22000000 0.012747501816
24000000 0.01980633226
26000000 0.024954394105
28000000 0.032154795108
30000000 0.04092676884
35000000 0.06711745644
40000000 0.098377843944
45000000 0.1331098864074
50000000 0.16809472344
55000000 0.20555914701
60000000 0.2381896979533
65000000 0.27091017301
70000000 0.2994777289407
75000000 0.32764205817
80000000 0.35244351282
90000000 0.3930211976843
100000000 0.4233464159496
110000000 0.444664088
120000000 0.4599377588
130000000 0.4711609725
140000000 0.47948147418
150000000 0.48409467708
160000000 0.48762747684
180000000 0.49107988808
200000000 0.4934703225
#Header 
#Target 101 258 0
#Product 1 2 0
#Datapoints 41
1000000 0
6000000 0
7000000 2.339443579383E-20
8000000 8.0940752708E-16
9000000 3.011303376E-13
10000000 6.99645797E-11
11000000 3.87209856E-9
12000000 8.4577320739E-8
13000000 9.591551226E-7
14000000 6.793113194733E-6
15000000 3.351675936E-5
16000000 0.000118933048426
17000000 0.00030991530661
18000000 0.00063486227532
19000000 0.00109792538625
20000000 0.00168412394293
22000000 0.003165132488
24000000 0.005173238148
26000000 0.00615283499
28000000 0.007687961228
30000000 0.00932813704
35000000 0.013329050904
40000000 0.01723419274281
45000000 0.02167079534718
50000000 0.02410627806114
55000000 0.028706191017
60000000 0.03072544153185
65000000 0.034485114531
70000000 0.03624352356939
75000000 0.03957089515
80000000 0.04147256505
90000000 0.04234123110465
100000000 0.04262075803818
110000000 0.04140860736
120000000 0.040530728017
130000000 0.039848630139
140000000 0.038935343415
150000000 0.037986977967
160000000 0.037501179135
180000000 0.036407828677
200000000 0.036099962985
#Header 
#Target 101 258 0
#Product 1 3 0
#Datapoints 41
1000000 0
6000000 0
7000000 1.175214670155E-20
8000000 2.58065673936E-17
9000000 4.5007258968E-14
10000000 8.154903721E-12
11000000 4.19170176E-10
12000000 9.3516593393E-9
13000000 1.1396865168E-7
14000000 8.899214468151E-7
15000000 4.8456720984E-6
16000000 1.844871185E-5
17000000 5.0347396064E-5
18000000 0.000108325306908
19000000 0.000194909015475
20000000 0.00031128474157
22000000 0.0006314446544
24000000 0.0010992094282
26000000 0.0014409703635
28000000 0.0018566731626
30000000 0.00231225143
35000000 0.00347733045
40000000 0.004615155401382
45000000 0.005738491147746
50000000 0.00677059082124
55000000 0.007928174382
60000000 0.00897017457963
65000000 0.010109211356
70000000 0.01123466793765
75000000 0.012518961159
80000000 0.013883623299
90000000 0.0170032115877
100000000 0.0199056810069
110000000 0.02126140496
120000000 0.022687455193
130000000 0.024388501654
140000000 0.025787188809
150000000 0.026811406983
160000000 0.02766228915
180000000 0.02873075123
200000000 0.03047576458
#Header 
#Target 101 258 0
#Product 2 3 0
#Datapoints 37
1000000 0
10000000 0
11000000 3.30490496E-20
12000000 5.0868699614E-18
13000000 3.3087358986E-16
14000000 1.056944895493E-14
15000000 1.9443699408E-13
16000000 2.3353303029E-12
17000000 1.9973446094E-11
18000000 1.31811680364E-10
19000000 7.077942215E-10
20000000 3.2023984267E-9
22000000 4.421281256E-8
24000000 3.885716562E-7
26000000 2.441032394E-6
28000000 1.2190493354E-5
30000000 4.35485474E-5
35000000 0.00028949144904
40000000 0.000757993398598
45000000 0.00135593880996
50000000 0.002010294049863
55000000 0.0026717791512
60000000 0.003304298293235
65000000 0.0039057511179
70000000 0.004462058401395
75000000 0.0049975257574
80000000 0.0054998339949
90000000 0.006425962318126
100000000 0.00738838451607
110000000 0.00801987168
120000000 0.008608420262
130000000 0.009164627384
140000000 0.009715168878
150000000 0.010241210046
160000000 0.010753236309
180000000 0.011740045572
200000000 0.01260885444
#Header 
#Target 101 258 0
#Product 2 4 0
#Datapoints 45
1000000 0
2000000 1.3155232142E-17
3000000 3.3412391154E-12
4000000 4.45154358816E-9
5000000 1.2000725716E-7
6000000 1.475709950152E-6
7000000 1.351371770037E-5
8000000 5.7789615604E-5
9000000 0.00030040991136
10000000 0.0011042019993
11000000 0.0029749824
12000000 0.006274974461
13000000 0.010488555768
14000000 0.01471131145248
15000000 0.018884308968
16000000 0.023072755637
17000000 0.026628376943
18000000 0.029948492574
19000000 0.033346736697
20000000 0.036903157533
22000000 0.04574596096
24000000 0.06361625296
26000000 0.0562404996
28000000 0.05679753382
30000000 0.059331778
35000000 0.06395024844
40000000 0.0680969133048
45000000 0.0720909012789
50000000 0.0731855266569
55000000 0.07533011034
60000000 0.0739669290466
65000000 0.07352504165
70000000 0.0717166815978
75000000 0.07139204566
80000000 0.07055256474
90000000 0.069221113809
100000000 0.0675849142092
110000000 0.0649632832
120000000 0.06350845085
130000000 0.06158060436
140000000 0.05908032657
150000000 0.05793609393
160000000 0.05812746579
180000000 0.05686619765
200000000 0.0546434148
#Header 
#Target 101 258 0
#Product 94 238 0
#Datapoints 22
1000000 0
30000000 0
35000000 4.908644532E-16
40000000 1.624764249589E-15
45000000 1.895207891808E-14
50000000 2.15974765656E-14
55000000 8.908791201E-15
60000000 9.44016271871E-14
65000000 1.5598143316E-12
70000000 1.24480379856E-11
75000000 8.103450581E-11
80000000 6.609047046E-10
90000000 2.3481627087962E-8
100000000 1.0787516709534E-7
110000000 1.3853157728E-7
120000000 1.47909907457E-7
130000000 1.5317118329E-7
140000000 1.73330675502E-7
150000000 2.09757194067E-7
160000000 2.45881607904E-7
180000000 3.30533961247E-7
200000000 3.86397086805E-7
#Header 
#Target 101 258 0
#Product 95 234 0
#Datapoints 13
1000000 0
75000000 0
80000000 6.7644427137E-16
90000000 2.208668162943E-11
100000000 4.6814972211747E-9
110000000 7.086940368E-8
120000000 3.2287747271E-7
130000000 7.1409797783E-7
140000000 9.8526412344E-7
150000000 9.4783671576E-7
160000000 8.3684955336E-7
180000000 6.9406040097E-7
200000000 6.808371931E-7
#Header 
#Target 101 258 0
#Product 95 235 0
#Datapoints 14
1000000 0
70000000 0
75000000 2.7494806028E-14
80000000 7.026766236E-12
90000000 5.8657493145436E-9
100000000 1.4526493274334E-7
110000000 7.402658896E-7
120000000 1.72918945563E-6
130000000 2.34630319108E-6
140000000 2.21315259003E-6
150000000 1.87834959297E-6
160000000 1.6114620789E-6
180000000 1.46732961322E-6
200000000 1.44239024715E-6
#Header 
#Target 101 258 0
#Product 95 236 0
#Datapoints 16
1000000 0
60000000 0
65000000 2.4676590601E-15
70000000 1.095244604226E-12
75000000 5.8444110266E-11
80000000 1.02791815266E-9
90000000 3.5112828669377E-8
100000000 2.0187798969516E-7
110000000 4.9677285104E-7
120000000 9.0658833031E-7
130000000 1.32757202165E-6
140000000 1.29211618638E-6
150000000 1.25764455507E-6
160000000 1.20886185864E-6
180000000 1.27640722192E-6
200000000 1.33141412525E-6
#Header 
#Target 101 258 0
#Product 95 237 0
#Datapoints 17
1000000 0
55000000 0
60000000 6.478715086527E-15
65000000 1.7699506117E-12
70000000 4.738511760339E-11
75000000 4.7341486493E-10
80000000 2.70011000553E-9
90000000 3.0991341580324E-8
100000000 1.7936581569453E-7
110000000 5.9651656448E-7
120000000 9.6002734711E-7
130000000 1.05501969708E-6
140000000 9.5472674685E-7
150000000 8.6384509794E-7
160000000 8.0129508033E-7
180000000 7.3317034019E-8
200000000 8.147560585E-8
#Header 
#Target 101 258 0
#Product 95 239 0
#Datapoints 19
1000000 0
45000000 0
50000000 3.455896419645E-12
55000000 2.5298003931E-10
60000000 1.8142157093881E-9
65000000 1.97744590125E-9
70000000 9.07705802322E-9
75000000 2.23269152344E-8
80000000 5.75265320133E-8
90000000 2.1209589297273E-7
100000000 5.7379209527553E-7
110000000 7.996049072E-7
120000000 8.7380235228E-7
130000000 1.07978237271E-6
140000000 8.8682124183E-7
150000000 7.2063582E-7
160000000 8.7543121005E-7
180000000 1.05493540528E-6
200000000 1.11198854265E-6
#Header 
#Target 101 258 0
#Product 95 240 0
#Datapoints 21
1000000 0
35000000 0
40000000 6.08651609815E-13
45000000 1.329835423056E-10
50000000 7.526367731214E-10
55000000 1.64699424597E-9
60000000 2.4781136284446E-9
65000000 3.77615186153E-9
70000000 5.1685847905125E-9
75000000 6.61361033466E-9
80000000 8.3660345181E-9
90000000 1.4787010399246E-8
100000000 3.8100032175291E-8
110000000 1.0492777728E-7
120000000 2.31695165559E-7
130000000 2.68776389333E-7
140000000 2.23233221973E-7
150000000 2.49069166899E-7
160000000 2.85712100049E-7
180000000 3.80159450625E-7
200000000 4.6522944991E-7
#Header 
#Target 101 258 0
#Product 95 241 0
#Datapoints 22
1000000 0
30000000 0
35000000 3.0141550728E-16
40000000 8.4390876968E-14
45000000 6.82930439436E-13
50000000 9.09739179807E-13
55000000 3.7399591092E-12
60000000 2.086388961641E-11
65000000 8.365887069E-11
70000000 2.842783854516E-10
75000000 1.51297251856E-9
80000000 6.42567795597E-9
90000000 3.9293901922418E-8
100000000 8.208026699883E-8
110000000 1.115136088E-7
120000000 1.50338542068E-7
130000000 1.52368937038E-7
140000000 1.7041022787E-7
150000000 2.16939512394E-7
160000000 2.65991524587E-7
180000000 3.72981292867E-7
200000000 4.937487986E-7
#Header 
#Target 101 258 0
#Product 96 236 0
#Datapoints 14
1000000 0
70000000 0
75000000 1.4713713059E-14
80000000 1.7575104813E-12
90000000 1.080700993786E-9
100000000 3.3984596013624E-8
110000000 2.3498529424E-7
120000000 5.62957713708E-7
130000000 7.1734026001E-7
140000000 7.2896784975E-7
150000000 6.7247257887E-7
160000000 5.691094419E-7
180000000 4.54640528211E-7
200000000 4.4244428313E-7
#Header 
#Target 101 258 0
#Product 96 237 0
#Datapoints 15
1000000 0
65000000 0
70000000 3.213968037153E-14
75000000 1.4467887086E-12
80000000 2.3729753208E-11
90000000 2.4455516424795E-9
100000000 4.7420616243234E-8
110000000 2.3260816624E-7
120000000 4.88353906365E-7
130000000 5.97411991098E-7
140000000 6.4013795379E-7
150000000 5.9890944675E-7
160000000 5.1713464272E-7
180000000 4.13976961167E-7
200000000 3.843125428E-7
#Header 
#Target 101 258 0
#Product 96 238 0
#Datapoints 17
1000000 0
55000000 0
60000000 3.000366458669E-12
65000000 1.3671741912E-10
70000000 1.261004794536E-9
75000000 7.1410828333E-9
80000000 3.76619406639E-8
90000000 7.410340935306E-7
100000000 3.7425904233459E-6
110000000 6.968436848E-6
120000000 8.1618484597E-6
130000000 8.2497576398E-6
140000000 7.724159961E-6
150000000 6.9769819479E-6
160000000 6.5149347945E-6
180000000 6.229355526E-6
200000000 6.3049366275E-6
#Header 
#Target 101 258 0
#Product 96 239 0
#Datapoints 18
1000000 0
50000000 0
55000000 5.2527623607E-11
60000000 7.223052520299E-10
65000000 2.77446438636E-9
70000000 7.390627075092E-9
75000000 1.9500405032E-8
80000000 5.87833575294E-8
90000000 5.4213381016001E-7
100000000 1.7972826074928E-6
110000000 2.802502384E-6
120000000 2.86041578849E-6
130000000 3.11952940062E-6
140000000 3.20697600699E-6
150000000 2.71798054284E-6
160000000 2.8460902995E-6
180000000 2.94088868434E-6
200000000 3.00102291945E-6
#Header 
#Target 101 258 0
#Product 96 240 0
#Datapoints 20
1000000 0
40000000 0
45000000 4.755974501418E-13
50000000 2.81203359504E-10
55000000 1.35956259609E-9
60000000 2.6481537238111E-9
65000000 4.18913582886E-9
70000000 7.061915958084E-9
75000000 1.53519868161E-8
80000000 3.41609514876E-8
90000000 1.6506784528485E-7
100000000 3.4108052412273E-7
110000000 6.0685017408E-7
120000000 6.5084765395E-7
130000000 7.5539784964E-7
140000000 7.1954080977E-7
150000000 6.7341063825E-7
160000000 5.7463592574E-7
180000000 6.6977268134E-7
200000000 5.701560424E-7
#Header 
#Target 101 258 0
#Product 96 241 0
#Datapoints 22
1000000 0
30000000 0
35000000 6.356634444E-12
40000000 9.063421340473E-9
45000000 4.8909279685035E-8
50000000 9.20471758359E-8
55000000 1.00935004683E-7
60000000 9.748141159088E-8
65000000 1.12342259886E-7
70000000 1.1697889596585E-7
75000000 2.00831632622E-7
80000000 3.04885254009E-7
90000000 1.0720485240699E-6
100000000 1.4261805774351E-6
110000000 1.866440064E-6
120000000 2.06557119613E-6
130000000 1.8818232123E-6
140000000 2.04888609978E-6
150000000 2.37177330981E-6
160000000 2.23850456037E-6
180000000 2.50123125646E-6
200000000 2.84730508255E-6
#Header 
#Target 101 258 0
#Product 96 242 0
#Datapoints 23
1000000 0
28000000 0
30000000 6.39472146E-14
35000000 5.08228911E-9
40000000 1.7057777857506E-8
45000000 1.137415674255E-7
50000000 1.1288063002878E-7
55000000 4.02702295518E-8
60000000 1.0425359155609E-7
65000000 9.5492131498E-7
70000000 3.1317643472172E-6
75000000 5.70306074812E-6
80000000 8.2751891964E-6
90000000 8.765085396309E-6
100000000 7.194736246818E-6
110000000 7.103493648E-6
120000000 8.0731927835E-6
130000000 9.9497818862E-6
140000000 1.23370086177E-5
150000000 1.36424990424E-5
160000000 1.58407513638E-5
180000000 1.9395829227E-5
200000000 2.1870678436E-5
#Header 
#Target 101 258 0
#Product 96 243 0
#Datapoints 27
1000000 0
20000000 0
22000000 3.380776672E-11
24000000 3.074033066E-10
26000000 1.01102224205E-9
28000000 1.74086875834E-9
30000000 2.3017546228E-9
35000000 3.05297688492E-9
40000000 2.0239466368611E-9
45000000 1.7387081188848E-9
50000000 1.341492682287E-9
55000000 8.9759315445E-10
60000000 9.672128445992E-10
65000000 9.7122579646E-10
70000000 1.4323098711792E-9
75000000 2.92875743253E-9
80000000 1.00632957159E-8
90000000 5.3134876872139E-8
100000000 6.967584152505E-8
110000000 6.1654750896E-8
120000000 7.7014889445E-8
130000000 1.01076500069E-7
140000000 1.38016464711E-7
150000000 1.74838017702E-7
160000000 1.97727446874E-7
180000000 3.13635904059E-7
200000000 4.5004367273E-7
#Header 
#Target 101 258 0
#Product 96 244 0
#Datapoints 33
1000000 0
14000000 0
15000000 2.3100307608E-15
16000000 2.9054642755E-14
17000000 9.7291475715E-12
18000000 1.64208941169E-9
19000000 9.57115155399E-9
20000000 1.653913181613E-8
22000000 7.0855154216E-8
24000000 1.25509247188E-7
26000000 1.3433522337E-7
28000000 1.26649958586E-7
30000000 1.3053149924E-7
35000000 2.61463433796E-7
40000000 1.0420652864252E-7
45000000 1.2457806626328E-7
50000000 2.4855010184964E-7
55000000 2.96372511E-7
60000000 2.0115188195978E-7
65000000 2.1990152019E-7
70000000 1.4588403658101E-7
75000000 1.59150404399E-7
80000000 1.39795129068E-7
90000000 1.48856923554E-7
100000000 1.1307842168133E-7
110000000 1.313910184E-7
120000000 1.53129949206E-7
130000000 2.0240728034E-7
140000000 2.51653250859E-7
150000000 2.88504533205E-7
160000000 3.6435527937E-7
180000000 5.8581013337E-7
200000000 9.273826607E-7
#Header 
#Target 101 258 0
#Product 96 245 0
#Datapoints 37
1000000 0
10000000 0
11000000 1.803970752E-15
12000000 2.7010605908E-14
13000000 1.7808222612E-14
14000000 9.94964396914E-14
15000000 8.6937502512E-14
16000000 6.5469875625E-13
17000000 1.67987069439E-13
18000000 5.2006342752E-13
19000000 4.6234876571E-13
20000000 5.412778877E-13
22000000 1.4889128632E-12
24000000 3.1848407734E-12
26000000 2.3671615725E-12
28000000 1.456010142E-11
30000000 3.19508372E-11
35000000 3.670098246E-10
40000000 1.5393355439357E-9
45000000 6.631993158315E-9
50000000 2.3484205066392E-8
55000000 4.84881817854E-8
60000000 9.214696686711E-8
65000000 9.6702929291E-8
70000000 6.978265361016E-8
75000000 7.7646882172E-8
80000000 1.15619097615E-7
90000000 1.0202171047056E-7
100000000 1.0921525389777E-7
110000000 1.4731719856E-7
120000000 1.60635786597E-7
130000000 1.44979719656E-7
140000000 1.68273127059E-7
150000000 2.34281002599E-7
160000000 3.06489148488E-7
180000000 5.2974859536E-7
200000000 8.6966679095E-7
#Header 
#Target 101 258 0
#Product 96 246 0
#Datapoints 42
1000000 0
5000000 0
6000000 1.869346085835E-15
7000000 4.299966939546E-14
8000000 7.95820130844E-13
9000000 3.81390519168E-12
10000000 2.02469233322E-11
11000000 6.660705152E-11
12000000 2.912196953944E-10
13000000 1.46789137602E-7
14000000 1.8627353746553E-7
15000000 1.91726498712E-7
16000000 3.00060400287E-7
17000000 2.8210739823E-7
18000000 6.06130101486E-7
19000000 5.60467452604E-7
20000000 9.03393065938E-7
22000000 3.0958088E-6
24000000 1.74156236072E-5
26000000 1.19592032545E-5
28000000 8.8998371394E-6
30000000 9.295176798E-6
35000000 8.3936242692E-6
40000000 6.173039134718E-6
45000000 5.1842178344691E-6
50000000 5.036905705131E-6
55000000 5.25109369248E-6
60000000 4.9926341462053E-6
65000000 4.64266458069E-6
70000000 3.9804217467393E-6
75000000 3.43834029515E-6
80000000 3.18445712676E-6
90000000 2.393596819817E-6
100000000 1.9048913857479E-6
110000000 1.4435736944E-6
120000000 1.18649999E-6
130000000 1.01214898926E-6
140000000 9.6268533738E-7
150000000 9.4668571578E-7
160000000 1.00316923659E-6
180000000 1.18881551565E-6
200000000 1.43257178145E-6
#Header 
#Target 101 258 0
#Product 97 237 0
#Datapoints 12
1000000 0
80000000 0
90000000 3.616720136608E-14
100000000 1.601967421989E-10
110000000 8.605472832E-9
120000000 6.9873685271E-8
130000000 2.17098100423E-7
140000000 3.7339280784E-7
150000000 4.4664458961E-7
160000000 3.92987472951E-7
180000000 3.29034028586E-7
200000000 3.16608065245E-7
#Header 
#Target 101 258 0
#Product 97 238 0
#Datapoints 13
1000000 0
75000000 0
80000000 2.7122913027E-15
90000000 8.28307346962E-11
100000000 1.6131016016709E-8
110000000 2.3100442288E-7
120000000 9.8987591586E-7
130000000 2.12237312181E-6
140000000 2.88796506675E-6
150000000 2.82144838038E-6
160000000 2.54648655465E-6
180000000 2.28646340121E-6
200000000 2.33082797675E-6
#Header 
#Target 101 258 0
#Product 97 239 0
#Datapoints 14
1000000 0
70000000 0
75000000 6.2197273617E-14
80000000 1.5961070895E-11
90000000 1.3675160243266E-8
100000000 3.4707096302763E-7
110000000 1.8043023872E-6
120000000 4.30124791252E-6
130000000 5.94297268228E-6
140000000 5.69099698683E-6
150000000 4.94669027091E-6
160000000 4.35770093718E-6
180000000 4.1103877618E-6
200000000 4.18424458115E-6
#Header 
#Target 101 258 0
#Product 97 240 0
#Datapoints 16
1000000 0
60000000 0
65000000 2.9193529829E-14
70000000 1.170037838595E-11
75000000 6.0633358086E-10
80000000 1.02737381019E-8
90000000 3.1172995303515E-7
100000000 1.510584928185E-6
110000000 3.1706312912E-6
120000000 4.39054056493E-6
130000000 5.16741746731E-6
140000000 4.60370430048E-6
150000000 4.49685941748E-6
160000000 4.50995621868E-6
180000000 4.97227190845E-6
200000000 5.3977643455E-6
#Header 
#Target 101 258 0
#Product 97 241 0
#Datapoints 17
1000000 0
55000000 0
60000000 4.502979635121E-12
65000000 1.00087522686E-9
70000000 1.9120393631352E-8
75000000 1.39936349129E-7
80000000 5.94435947091E-7
90000000 4.1572754016112E-6
100000000 1.3634428279581E-5
110000000 2.4429189472E-5
120000000 2.80376708144E-5
130000000 2.54482140964E-5
140000000 2.48639019414E-5
150000000 2.41612547457E-5
160000000 2.47487687961E-5
180000000 2.5767433426E-5
200000000 2.6622548032E-5
#Header 
#Target 101 258 0
#Product 97 242 0
#Datapoints 19
1000000 0
45000000 0
50000000 7.76862261216E-14
55000000 1.28628896124E-9
60000000 1.0762609367114E-7
65000000 8.2491356737E-7
70000000 2.3185841286981E-6
75000000 4.66192617557E-6
80000000 8.7050270601E-6
90000000 2.0784600542994E-5
100000000 3.5309602453776E-5
110000000 4.4263143504E-5
120000000 4.85310933939E-5
130000000 5.16329784058E-5
140000000 5.40359738976E-5
150000000 5.53610873097E-5
160000000 5.9493934539E-5
180000000 6.1146403403E-5
200000000 6.465807516E-5
#Header 
#Target 101 258 0
#Product 97 243 0
#Datapoints 20
1000000 0
40000000 0
45000000 3.761188567773E-13
50000000 2.09407799784E-9
55000000 1.07212578405E-7
60000000 5.8388567830762E-7
65000000 1.31323441084E-6
70000000 1.9457239339353E-6
75000000 2.72074586515E-6
80000000 3.53955078225E-6
90000000 5.3240223962476E-6
100000000 6.967584152505E-6
110000000 7.741667504E-6
120000000 6.2475643854E-6
130000000 6.5370732816E-6
140000000 6.2071792704E-6
150000000 5.25261250464E-6
160000000 5.5080024873E-6
180000000 5.9257295981E-6
200000000 5.286407866E-6
#Header 
#Target 101 258 0
#Product 97 244 0
#Datapoints 22
1000000 0
30000000 0
35000000 3.0997704636E-14
40000000 1.0855917255395E-8
45000000 2.3593746780975E-6
50000000 1.3290650669283E-5
55000000 2.87277172242E-5
60000000 4.4209538773756E-5
65000000 6.7755305778E-5
70000000 9.428481900159E-5
75000000 0.000123064142297
80000000 0.000155684974368
90000000 0.00019990425734666
100000000 0.00022604880494634
110000000 0.000238237308
120000000 0.000243472961121
130000000 0.000248916303071
140000000 0.000248940645303
150000000 0.000244682590539
160000000 0.00024898938612
180000000 0.000243366851142
200000000 0.00023542796426
#Header 
#Target 101 258 0
#Product 97 245 0
#Datapoints 23
1000000 0
28000000 0
30000000 4.38159394E-15
35000000 5.76263898E-11
40000000 1.698430363769E-9
45000000 5.875336878558E-9
50000000 1.1531138754558E-8
55000000 1.79315177259E-8
60000000 2.3554379961714E-8
65000000 2.81043122847E-8
70000000 3.2488226798847E-8
75000000 4.09212042163E-8
80000000 6.47451875721E-8
90000000 2.4075196952304E-7
100000000 4.991388073986E-7
110000000 4.9655977568E-7
120000000 4.60715465197E-7
130000000 5.00780124508E-7
140000000 5.75246043018E-7
150000000 6.6644075619E-7
160000000 7.5813951966E-7
180000000 9.288546581E-7
200000000 1.10656165475E-6
#Header 
#Target 101 258 0
#Product 97 246 0
#Datapoints 26
1000000 0
22000000 0
24000000 1.353316705E-13
26000000 1.441758446E-11
28000000 3.2805588406E-10
30000000 2.105150059E-9
35000000 1.58631100308E-8
40000000 3.8403675146547E-8
45000000 8.787429330624E-8
50000000 1.5657723319287E-7
55000000 2.36738206248E-7
60000000 2.9853946783747E-7
65000000 3.55405301015E-7
70000000 4.1097733351497E-7
75000000 4.84038840146E-7
80000000 5.9803142889E-7
90000000 9.338164888829E-7
100000000 1.0409177032383E-6
110000000 1.0307573472E-6
120000000 1.14733742734E-6
130000000 1.41752708661E-6
140000000 1.72624603299E-6
150000000 2.09979156624E-6
160000000 2.53977939315E-6
180000000 3.37251384818E-6
200000000 4.4406128808E-6
#Header 
#Target 101 258 0
#Product 97 247 0
#Datapoints 31
1000000 0
16000000 0
17000000 5.6164169075E-16
18000000 1.01943941736E-14
19000000 1.20534817301E-13
20000000 1.08020721996E-12
22000000 5.403145496E-11
24000000 1.13188484578E-9
26000000 5.858817904E-9
28000000 1.92692086642E-8
30000000 3.2196825306E-8
35000000 8.3226740112E-8
40000000 2.5262221390326E-7
45000000 4.3184147397594E-7
50000000 4.5959321090559E-7
55000000 4.7677903341E-7
60000000 6.3801974264674E-7
65000000 5.4630833918E-7
70000000 5.9983478466636E-7
75000000 5.6283002055E-7
80000000 5.15774331156E-7
90000000 4.9391993814124E-7
100000000 4.3122673273998E-7
110000000 4.2564250864E-7
120000000 6.4805599872E-7
130000000 9.1449784593E-7
140000000 1.24449845457E-6
150000000 1.58596197585E-6
160000000 1.95065871402E-6
180000000 2.83830584138E-6
200000000 3.579989771E-6
#Header 
#Target 101 258 0
#Product 97 248 0
#Datapoints 39
1000000 0
8000000 0
9000000 3.6674589816E-16
10000000 6.965223167E-14
11000000 3.80383488E-12
12000000 9.1224602286E-11
13000000 1.225988979E-9
14000000 1.0423872949281E-8
15000000 6.27676231896E-8
16000000 2.6905643686E-7
17000000 8.47443270534E-7
18000000 2.08075466508E-6
19000000 4.32360165351E-6
20000000 7.72727532918E-6
22000000 1.92501198232E-5
24000000 4.306686319E-5
26000000 8.626732257E-5
28000000 0.000167995859138
30000000 0.00029383577362
35000000 0.00065959458012
40000000 0.000966438651493
45000000 0.0010703397065214
50000000 0.0011195568023679
55000000 0.0011713070094
60000000 0.0010888768254194
65000000 0.00109358988845
70000000 0.0009884891776695
75000000 0.00096248264537
80000000 0.0008923775658
90000000 0.0007905737373569
100000000 0.0006826167691143
110000000 0.00060435787888
120000000 0.000533505595974
130000000 0.000476888145971
140000000 0.000425254793013
150000000 0.000382563702408
160000000 0.000353118530034
180000000 0.000298904643768
200000000 0.00025506926201
#Header 
#Target 101 258 0
#Product 97 249 0
#Datapoints 38
1000000 0
9000000 0
10000000 3.0289553741E-14
11000000 1.722715072E-12
12000000 3.85525548589E-11
13000000 4.49142792492E-10
14000000 3.2829837227388E-9
15000000 1.73402562648E-8
16000000 6.70711724202E-8
17000000 1.99902940202E-7
18000000 4.8935388411E-7
19000000 1.107803862972E-6
20000000 2.178004429414E-6
22000000 6.5227097768E-6
24000000 1.60008139798E-5
26000000 2.3723709811E-5
28000000 3.57580020846E-5
30000000 3.7940079582E-5
35000000 4.969253376E-5
40000000 5.680110487193E-5
45000000 6.427211392581E-5
50000000 6.165002626083E-5
55000000 5.53391617875E-5
60000000 5.3916929554381E-5
65000000 4.08383639079E-5
70000000 3.9547074386481E-5
75000000 4.1551331935E-5
80000000 3.01584377787E-5
90000000 3.453787100578E-5
100000000 2.4221054438769E-5
110000000 2.2659489856E-5
120000000 1.58016307215E-5
130000000 1.39027730387E-5
140000000 1.34256365214E-5
150000000 1.26518825601E-5
160000000 1.21884819756E-5
180000000 1.15339104043E-5
200000000 7.940760546E-6
#Header 
#Target 101 258 0
#Product 97 250 0
#Datapoints 40
1000000 0
7000000 0
8000000 1.4602836954E-15
9000000 1.13878441368E-13
10000000 4.0872635878E-12
11000000 6.90460768E-11
12000000 7.76364473463E-10
13000000 4.2591967359E-9
14000000 2.1491375135807E-8
15000000 6.53031662808E-8
16000000 1.59133857204E-7
17000000 3.80844192897E-7
18000000 7.83188438214E-7
19000000 1.140859161568E-6
20000000 1.936634111038E-6
22000000 3.0238998608E-6
24000000 5.8582286256E-6
26000000 7.5003644275E-6
28000000 8.866741924E-6
30000000 8.08307215E-6
35000000 1.13658666228E-5
40000000 1.1615781624042E-5
45000000 1.0707865473585E-5
50000000 1.1998134565491E-5
55000000 8.9540956077E-6
60000000 1.0667461233724E-5
65000000 8.1098022875E-6
70000000 8.534904239109E-6
75000000 8.669407607E-6
80000000 5.88641830959E-6
90000000 6.929244362752E-6
100000000 5.0147904395211E-6
110000000 4.2964500192E-6
120000000 3.93351292529E-6
130000000 3.68654131323E-6
140000000 3.28551053724E-6
150000000 2.82138001524E-6
160000000 2.29729296669E-6
180000000 1.79773760326E-6
200000000 1.7775469068E-6
#Header 
#Target 101 258 0
#Product 98 240 0
#Datapoints 14
1000000 0
70000000 0
75000000 4.3364719892E-14
80000000 4.5107410173E-12
90000000 2.2216994156249E-9
100000000 5.984388223986E-8
110000000 3.48202736E-7
120000000 7.160927488E-7
130000000 8.0377995807E-7
140000000 7.577778432E-7
150000000 6.972291651E-7
160000000 6.0866105733E-7
180000000 5.1471190224E-7
200000000 5.301263159E-7
#Header 
#Target 101 258 0
#Product 98 241 0
#Datapoints 16
1000000 0
60000000 0
65000000 4.2926004379E-15
70000000 4.624675216644E-12
75000000 1.529652633E-10
80000000 2.06029702326E-9
90000000 1.0912228200578E-7
100000000 1.2537540453888E-6
110000000 4.1446275696E-6
120000000 6.3476384959E-6
130000000 6.9100315515E-6
140000000 6.6938297901E-6
150000000 6.1640980185E-6
160000000 5.5987799808E-6
180000000 5.2493548175E-6
200000000 5.114043774E-6
#Header 
#Target 101 258 0
#Product 98 242 0
#Datapoints 17
1000000 0
55000000 0
60000000 7.97650804135E-12
65000000 3.1761884685E-10
70000000 2.8603247055885E-9
75000000 1.53123092794E-8
80000000 7.2912368487E-8
90000000 1.1565933441389E-6
100000000 5.219321328417E-6
110000000 8.715417408E-6
120000000 9.7545122675E-6
130000000 9.792183257E-6
140000000 9.436597935E-6
150000000 8.9546957889E-6
160000000 8.7249255006E-6
180000000 8.7773983177E-6
200000000 8.657297987E-6
#Header 
#Target 101 258 0
#Product 98 243 0
#Datapoints 19
1000000 0
45000000 0
50000000 6.67943741436E-16
55000000 1.45661443044E-9
60000000 1.6785360580782E-8
65000000 7.0038934124E-8
70000000 1.9043097970416E-7
75000000 4.29718111412E-7
80000000 9.0566544033E-7
90000000 3.8722436165336E-6
100000000 7.91447599554E-6
110000000 1.0411089216E-5
120000000 1.05190511816E-5
130000000 1.0289964001E-5
140000000 1.05287941419E-5
150000000 1.00295302785E-5
160000000 1.03920543045E-5
180000000 1.1285914508E-5
200000000 1.176032709E-5
#Header 
#Target 101 258 0
#Product 98 244 0
#Datapoints 20
1000000 0
40000000 0
45000000 4.711945320621E-10
50000000 1.2588922583832E-7
55000000 5.87592799158E-7
60000000 1.1920123768174E-6
65000000 1.79031498211E-6
70000000 2.8087583536659E-6
75000000 4.97239825618E-6
80000000 8.9969625375E-6
90000000 2.0323716345821E-5
100000000 2.5544776598727E-5
110000000 2.5903528528E-5
120000000 2.39217004884E-5
130000000 2.30336481095E-5
140000000 2.23362688818E-5
150000000 2.2874751696E-5
160000000 2.39042855697E-5
180000000 2.61976396862E-5
200000000 2.8212161413E-5
#Header 
#Target 101 258 0
#Product 98 245 0
#Datapoints 22
1000000 0
30000000 0
35000000 3.30627626424E-9
40000000 3.7130098904674E-6
45000000 1.7897418630504E-5
50000000 3.0152125786872E-5
55000000 3.54849265899E-5
60000000 3.7494487361186E-5
65000000 3.80947500785E-5
70000000 3.887168513883E-5
75000000 3.96821670073E-5
80000000 3.97005479451E-5
90000000 4.1139954239881E-5
100000000 3.7282971791868E-5
110000000 3.3508349168E-5
120000000 3.22556503685E-5
130000000 3.5085817029E-5
140000000 3.74571564363E-5
150000000 4.12172532468E-5
160000000 4.57627891257E-5
180000000 5.2156072284E-5
200000000 5.7806253195E-5
#Header 
#Target 101 258 0
#Product 98 246 0
#Datapoints 24
1000000 0
26000000 0
28000000 6.70773623E-14
30000000 4.317323766E-9
35000000 3.50983656144E-6
40000000 1.2892763990876E-5
45000000 1.7274965287503E-5
50000000 1.6763044140321E-5
55000000 1.5488867499E-5
60000000 1.4234570705406E-5
65000000 1.512026267E-5
70000000 1.4117824728687E-5
75000000 1.3925804007E-5
80000000 1.15871449554E-5
90000000 1.3142851301959E-5
100000000 1.1319182229846E-5
110000000 1.022088048E-5
120000000 8.8276529601E-6
130000000 9.8000344427E-6
140000000 9.9102148797E-6
150000000 9.4443470949E-6
160000000 1.03536958578E-5
180000000 1.05183398495E-5
200000000 1.04967490635E-5
#Header 
#Target 101 258 0
#Product 98 247 0
#Datapoints 28
1000000 0
19000000 0
20000000 8.4703168253E-15
22000000 4.0330184328E-6
24000000 3.35803646204E-5
26000000 8.7068417595E-5
28000000 0.00014550705794
30000000 0.00019557548062
35000000 0.000249057815976
40000000 0.00019542319474598
45000000 0.00017485189122576
50000000 0.00014358297199167
55000000 0.000116006576073
60000000 9.375959218E-5
65000000 7.8602033189E-5
70000000 7.224144113076E-5
75000000 6.38597259402E-5
80000000 5.70979397373E-5
90000000 4.6216765927829E-5
100000000 4.0554966866127E-5
110000000 3.9730399904E-5
120000000 4.03107076268E-5
130000000 4.27767690718E-5
140000000 4.56122874846E-5
150000000 4.80957501672E-5
160000000 5.04513556974E-5
180000000 5.3258230768E-5
200000000 5.831871714E-5
#Header 
#Target 101 258 0
#Product 98 248 0
#Datapoints 35
1000000 0
12000000 0
13000000 2.6367045654E-15
14000000 7.2576898425851E-9
15000000 8.08231623696E-8
16000000 3.66596688547E-7
17000000 1.352827899031E-6
18000000 5.3477847969E-6
19000000 1.570582069322E-5
20000000 3.22098704565E-5
22000000 6.9908291208E-5
24000000 0.000114694902504
26000000 0.000133736097395
28000000 0.00014131528322
30000000 0.0001385784108
35000000 0.000129680323812
40000000 0.00011165736036472
45000000 0.00011104806186075
50000000 0.00011490003329343
55000000 0.000112204903341
60000000 8.694159035486E-5
65000000 8.2261343706E-5
70000000 7.008205838007E-5
75000000 7.3110901043E-5
80000000 5.7348027597E-5
90000000 5.3778045369796E-5
100000000 4.0251512640288E-5
110000000 3.7686243056E-5
120000000 3.38882817975E-5
130000000 3.50407700276E-5
140000000 3.23243781984E-5
150000000 3.13520122449E-5
160000000 3.31489047531E-5
180000000 3.64447908097E-5
200000000 3.75997702495E-5
#Header 
#Target 101 258 0
#Product 98 249 0
#Datapoints 41
1000000 0
6000000 0
7000000 5.9963624289E-15
8000000 1.631946402984E-7
9000000 4.01153886072E-6
10000000 2.06097503893E-5
11000000 6.585474048E-5
12000000 0.0001628701056715
13000000 0.000307417185738
14000000 0.00046251690323613
15000000 0.000578848016712
16000000 0.000659257197899
17000000 0.000721883129212
18000000 0.000795433982616
19000000 0.000853764450041
20000000 0.000897732356576
22000000 0.00097755489776
24000000 0.00112977449754
26000000 0.00102924637495
28000000 0.00102909355914
30000000 0.0010417629922
35000000 0.00105234468804
40000000 0.0009683421369759
45000000 0.0009392982701109
50000000 0.0008304265269699
55000000 0.00075654293988
60000000 0.0006873490576732
65000000 0.000609463249076
70000000 0.0005825451308547
75000000 0.000541750838971
80000000 0.000521122994847
90000000 0.00048419155439446
100000000 0.00045624729131952
110000000 0.0004311645032
120000000 0.000425401367664
130000000 0.000401881235533
140000000 0.000390145006605
150000000 0.000377356576257
160000000 0.00036370900227
180000000 0.000344975912614
200000000 0.00032800448132
#Header 
#Target 101 258 0
#Product 98 250 0
#Datapoints 44
1000000 0
3000000 0
4000000 8.271516932896E-14
5000000 1.817902103192E-11
6000000 7.0080722548543E-10
7000000 1.0473225524424E-8
8000000 7.31346376196E-8
9000000 4.25649357072E-7
10000000 1.85674838252E-6
11000000 5.811174976E-6
12000000 1.180882366546E-5
13000000 1.91006358E-5
14000000 2.6996321819747E-5
15000000 3.44407913136E-5
16000000 4.21648067947E-5
17000000 4.62176585311E-5
18000000 5.14961301036E-5
19000000 5.6974023909E-5
20000000 6.840167719E-5
22000000 0.000138778379768
24000000 0.0004756487645
26000000 0.000270185801095
28000000 0.00019324444029
30000000 0.00018542833024
35000000 0.00014836857858
40000000 0.00011327726862082
45000000 9.756772575879E-5
50000000 9.220810325517E-5
55000000 9.2669612199E-5
60000000 8.851077416418E-5
65000000 8.5985444721E-5
70000000 8.230999192539E-5
75000000 8.0496000383E-5
80000000 7.960888194E-5
90000000 7.730274156491E-5
100000000 7.406304858777E-5
110000000 7.191232448E-5
120000000 7.0768739184E-5
130000000 9.6007364954E-5
140000000 9.6397421313E-5
150000000 9.3772091652E-5
160000000 9.2863176336E-5
180000000 8.9642462238E-5
200000000 8.7700516985E-5
#Header 
#Target 101 258 0
#Product 98 251 0
#Datapoints 45
1000000 0
2000000 0
3000000 5.60270544918E-14
4000000 7.910036282316E-11
5000000 1.478451269512E-9
6000000 3.924505705019E-9
7000000 1.0501386641082E-8
8000000 2.158057774784E-8
9000000 5.54267366928E-8
10000000 1.35308821841E-7
11000000 3.208519168E-7
12000000 7.15304160064E-7
13000000 1.45828159326E-6
14000000 2.6943758687362E-6
15000000 4.82608667856E-6
16000000 7.65933076352E-6
17000000 1.173107856081E-5
18000000 1.762017237162E-5
19000000 2.50292543347E-5
20000000 3.70280602241E-5
22000000 0.000131542362
24000000 0.00043541114552
26000000 0.00014027069421
28000000 6.523546873E-5
30000000 4.728016988E-5
35000000 3.1572600876E-5
40000000 3.5864987336413E-5
45000000 5.1262589266686E-5
50000000 5.6767505512701E-5
55000000 5.87034898716E-5
60000000 5.809094394055E-5
65000000 5.65037189117E-5
70000000 5.3455799896902E-5
75000000 5.15307725029E-5
80000000 4.90570861893E-5
90000000 4.5358462086843E-5
100000000 4.2389806063293E-5
110000000 4.0133433776E-5
120000000 3.8372265594E-5
130000000 3.72672728684E-5
140000000 3.78052687428E-5
150000000 3.7295369313E-5
160000000 3.75346823571E-5
180000000 3.86009049798E-5
200000000 3.8217380754E-5
#Header 
#Target 101 258 0
#Product 98 252 0
#Datapoints 33
1000000 0
14000000 0
15000000 2.8817388432E-16
16000000 3.7096497469E-15
17000000 3.287994654E-14
18000000 2.2755981066E-13
19000000 1.26637347729E-12
20000000 5.912093605E-12
22000000 8.956242736E-11
24000000 8.7197122636E-10
26000000 7.030788219E-9
28000000 3.6388499271E-8
30000000 1.3889255462E-7
35000000 8.512975224E-7
40000000 1.445801433563E-6
45000000 1.9359428529966E-6
50000000 2.3954159687508E-6
55000000 2.85332909205E-6
60000000 3.288435862936E-6
65000000 3.71914704425E-6
70000000 5.1446542284429E-6
75000000 5.61661641968E-6
80000000 5.7988851501E-6
90000000 5.9003991977739E-6
100000000 5.9666704533096E-6
110000000 6.1198906928E-6
120000000 6.385639988E-6
130000000 6.6962110067E-6
140000000 7.1286298521E-6
150000000 7.4786587941E-6
160000000 7.6711679736E-6
180000000 7.8641454572E-6
200000000 7.836016661E-6
#Header 
#Target 101 258 0
#Product 98 253 0
#Datapoints 28
1000000 0
19000000 0
20000000 7.4403321806E-16
22000000 3.534091512E-14
24000000 8.215536654E-13
26000000 8.84565791E-12
28000000 7.966438226E-11
30000000 3.517345394E-10
35000000 3.68270277408E-9
40000000 1.2231149536597E-8
45000000 2.3808520162833E-8
50000000 3.6206874446757E-8
55000000 4.52682522219E-8
60000000 5.425433845631E-8
65000000 6.18641654979E-8
70000000 6.7602283205592E-8
75000000 7.0953852091E-8
80000000 7.8413737101E-8
90000000 1.8020210714091E-7
100000000 4.3101628290819E-7
110000000 8.654138192E-7
120000000 1.40382920223E-6
130000000 1.89266994574E-6
140000000 2.34140123022E-6
150000000 2.67237202854E-6
160000000 2.94678624567E-6
180000000 3.23580821541E-6
200000000 3.33475372325E-6
#Header 
#Target 101 258 0
#Product 98 254 0
#Datapoints 17
1000000 0
55000000 0
60000000 7.29195722482E-14
65000000 1.0743454874E-11
70000000 3.143743265454E-10
75000000 3.68538817391E-9
80000000 1.8955917918E-8
90000000 1.3015013621505E-7
100000000 3.4955578040298E-7
110000000 6.1208486016E-7
120000000 8.5242860625E-7
130000000 1.06048139148E-6
140000000 1.22199786996E-6
150000000 1.32848204751E-6
160000000 1.40698652154E-6
180000000 1.44752280357E-6
200000000 1.4610010863E-6
#Header 
#Target 101 258 0
#Product 99 241 0
#Datapoints 12
1000000 0
80000000 0
90000000 8.12814130677E-14
100000000 2.849228570397E-10
110000000 1.2584066512E-8
120000000 8.9118553849E-8
130000000 2.3445101743E-7
140000000 3.52021510095E-7
150000000 3.81813366978E-7
160000000 3.25330298313E-7
180000000 2.90805171197E-7
200000000 3.0298238492E-7
#Header 
#Target 101 258 0
#Product 99 242 0
#Datapoints 13
1000000 0
75000000 0
80000000 3.0594799494E-15
90000000 8.20211548168E-11
100000000 1.3472867155176E-8
110000000 1.5980671248E-7
120000000 5.4372773065E-7
130000000 9.5024679171E-7
140000000 1.10369935056E-6
150000000 1.01796309867E-6
160000000 9.6585460887E-7
180000000 9.9237055892E-7
200000000 1.0536448888E-6
#Header 
#Target 101 258 0
#Product 99 243 0
#Datapoints 15
1000000 0
65000000 0
70000000 6.80796398244E-16
75000000 1.3530267058E-12
80000000 2.1894541452E-10
90000000 1.0191512256684E-7
100000000 1.8675757641111E-6
110000000 6.793857488E-6
120000000 1.17206971882E-5
130000000 1.25871754227E-5
140000000 1.07707552209E-5
150000000 9.4317275625E-6
160000000 8.9274057453E-6
180000000 9.4832158607E-6
200000000 9.966882788E-6
#Header 
#Target 101 258 0
#Product 99 244 0
#Datapoints 16
1000000 0
60000000 0
65000000 1.7120043709E-13
70000000 7.99358232432E-11
75000000 4.32634379399E-9
80000000 7.7446789434E-8
90000000 2.5351892217396E-6
100000000 1.3144038465504E-5
110000000 2.8699640576E-5
120000000 3.90405200029E-5
130000000 3.91378493021E-5
140000000 3.42934096116E-5
150000000 3.17297576619E-5
160000000 3.13160466048E-5
180000000 3.1331716261E-5
200000000 3.31042151015E-5
#Header 
#Target 101 258 0
#Product 99 245 0
#Datapoints 18
1000000 0
50000000 0
55000000 4.1151771615E-16
60000000 9.52823590403E-12
65000000 1.67023614161E-9
70000000 2.3992359050463E-8
75000000 1.50075690101E-7
80000000 5.5751060295E-7
90000000 3.2158119764805E-6
100000000 8.774692165482E-6
110000000 1.3905223568E-5
120000000 1.55728464814E-5
130000000 1.51430148426E-5
140000000 1.54208567313E-5
150000000 1.65972123747E-5
160000000 1.76923895643E-5
180000000 1.84452405687E-5
200000000 1.94567030265E-5
#Header 
#Target 101 258 0
#Product 99 246 0
#Datapoints 19
1000000 0
45000000 0
50000000 1.647279282504E-13
55000000 2.66046692283E-9
60000000 2.0353739575856E-7
65000000 1.41756672561E-6
70000000 3.6790163992959E-6
75000000 7.0447889537E-6
80000000 1.20995769825E-5
90000000 2.599483696182E-5
100000000 4.2200070214632E-5
110000000 5.4621082576E-5
120000000 6.3982058478E-5
130000000 7.0763137957E-5
140000000 8.0647185867E-5
150000000 8.5044665124E-5
160000000 9.2459823393E-5
180000000 9.7906142705E-5
200000000 0.000103510100035
#Header 
#Target 101 258 0
#Product 99 247 0
#Datapoints 20
1000000 0
40000000 0
45000000 4.559405102301E-12
50000000 2.5349462284179E-8
55000000 1.32111031152E-6
60000000 7.403324841963E-6
65000000 1.72818644027E-5
70000000 2.7839202358032E-5
75000000 3.92787592239E-5
80000000 5.16674801601E-5
90000000 7.240898714316E-5
100000000 8.92647554841E-5
110000000 8.711587056E-5
120000000 8.8262884541E-5
130000000 9.0094242348E-5
140000000 9.2105146467E-5
150000000 9.8525093955E-5
160000000 0.000100582114506
180000000 0.000111975299151
200000000 0.000117391988075
#Header 
#Target 101 258 0
#Product 99 248 0
#Datapoints 22
1000000 0
30000000 0
35000000 5.772428532E-14
40000000 2.1944847572676E-8
45000000 5.0969604249333E-6
50000000 3.0389381932602E-5
55000000 6.8851986702E-5
60000000 0.00011005723096682
65000000 0.000174390523729
70000000 0.00024918127326834
75000000 0.000332317567727
80000000 0.000430806256524
90000000 0.00057435251280775
100000000 0.0006697494731706
110000000 0.00072289072
120000000 0.00075714143089
130000000 0.0007886159708
140000000 0.00080343532533
150000000 0.00080369554251
160000000 0.00082958463843
180000000 0.00083312882566
200000000 0.00082429265205
#Header 
#Target 101 258 0
#Product 99 249 0
#Datapoints 24
1000000 0
26000000 0
28000000 1.382190151E-13
30000000 1.163013148E-10
35000000 1.59767792064E-6
40000000 4.736469952223E-5
45000000 0.00017377483673592
50000000 0.00036794133946122
55000000 0.000615367801038
60000000 0.0008681708449303
65000000 0.00108734687084
70000000 0.0012818138010678
75000000 0.00141060419867
80000000 0.00147446134311
90000000 0.0015525436750552
100000000 0.0015610247018043
110000000 0.0015464029264
120000000 0.00150374887546
130000000 0.00144941212315
140000000 0.00140332444098
150000000 0.0013676894553
160000000 0.00132033216732
180000000 0.00126180203521
200000000 0.0012125004642
#Header 
#Target 101 258 0
#Product 99 250 0
#Datapoints 27
1000000 0
20000000 0
22000000 7.657242544E-13
24000000 8.836037457E-10
26000000 1.05538065685E-7
28000000 2.77792559784E-6
30000000 2.0412910002E-5
35000000 0.00017411462046
40000000 0.00043588389011478
45000000 0.0009449420263647
50000000 0.001572494283096
55000000 0.00219700561695
60000000 0.002643015460124
65000000 0.00302030780553
70000000 0.0032848910335944
75000000 0.00351674178669
80000000 0.00362154692592
90000000 0.0037081043471657
100000000 0.0036627386472837
110000000 0.0035623236
120000000 0.00345780333782
130000000 0.00334828456548
140000000 0.00319237203102
150000000 0.00307579584042
160000000 0.00299893103202
180000000 0.00278288925957
200000000 0.0025842979903
#Header 
#Target 101 258 0
#Product 99 251 0
#Datapoints 34
1000000 0
13000000 0
14000000 5.801266077086E-16
15000000 1.4663520816E-13
16000000 1.26192514508E-11
17000000 3.79072864807E-10
18000000 6.58144459518E-9
19000000 7.15333812403E-8
20000000 5.29259549951E-7
22000000 1.05854143304E-5
24000000 6.930521377E-5
26000000 0.000188047004485
28000000 0.000363427569972
30000000 0.0005785055166
35000000 0.00152427931488
40000000 0.0033321272960022
45000000 0.0050055417738795
50000000 0.0059031614018697
55000000 0.0064604561454
60000000 0.00664939324964
65000000 0.00675835771428
70000000 0.0067007292082332
75000000 0.00663552207714
80000000 0.00647502731484
90000000 0.0059648740308829
100000000 0.0054860497747083
110000000 0.005021126312
120000000 0.00463383012404
130000000 0.00428982738061
140000000 0.0040065499185
150000000 0.00376464018921
160000000 0.00353998770306
180000000 0.00314621509744
200000000 0.00283436419145
#Header 
#Target 101 258 0
#Product 99 252 0
#Datapoints 39
1000000 0
8000000 0
9000000 1.23037447248E-14
10000000 2.2553734198E-12
11000000 1.1774005568E-10
12000000 2.672370700415E-9
13000000 3.313859025E-8
14000000 2.6273927454116E-7
15000000 1.45381706904E-6
16000000 5.63846899499E-6
17000000 1.567683285434E-5
18000000 3.39752890932E-5
19000000 6.19920825208E-5
20000000 0.0001001832323151
22000000 0.00021184318596
24000000 0.00043151031898
26000000 0.000781645882
28000000 0.0014269402311
30000000 0.002379187168
35000000 0.005233595274
40000000 0.007764573676941
45000000 0.009471837648315
50000000 0.010651085690997
55000000 0.0117387582927
60000000 0.012197825398073
65000000 0.0125785070863
70000000 0.012503848234785
75000000 0.0125860077335
80000000 0.0125255955027
90000000 0.011914900339656
100000000 0.011234492557053
110000000 0.010508034976
120000000 0.0097654407201
130000000 0.0090128916921
140000000 0.0085099744722
150000000 0.0078956020926
160000000 0.0074195000676
180000000 0.0065464487536
200000000 0.0058508362275
#Header 
#Target 101 258 0
#Product 99 253 0
#Datapoints 39
1000000 0
8000000 0
9000000 1.10576030976E-13
10000000 2.70280749096E-11
11000000 1.5316523072E-9
12000000 3.384176969062E-8
13000000 3.90920094606E-7
14000000 2.8342846045106E-6
15000000 1.44653823888E-5
16000000 5.38192079988E-5
17000000 0.0001501259541677
18000000 0.000336187093242
19000000 0.000646283783497
20000000 0.001115254475962
22000000 0.00262875749528
24000000 0.0051177315176
26000000 0.0069788297565
28000000 0.0090801200992
30000000 0.011057298434
35000000 0.0146362392252
40000000 0.016699026013609
45000000 0.018131891260161
50000000 0.01843295862702
55000000 0.0194421399648
60000000 0.01899372296957
65000000 0.0189387562717
70000000 0.018226625049474
75000000 0.017965110717
80000000 0.0171673090344
90000000 0.015746084559894
100000000 0.014415734037603
110000000 0.013122086608
120000000 0.0119712515013
130000000 0.0109876715058
140000000 0.0100823217894
150000000 0.009276589128
160000000 0.0085856826555
180000000 0.0073927183059
200000000 0.0064568467955
#Header 
#Target 101 258 0
#Product 99 254 0
#Datapoints 42
1000000 0
5000000 0
6000000 7.50498004142E-19
7000000 6.002744486229E-16
8000000 7.1187302744E-14
9000000 4.73970380976E-12
10000000 1.49196794359E-10
11000000 2.40362208E-9
12000000 2.291809246306E-8
13000000 1.40800568778E-7
14000000 6.0364465434431E-7
15000000 2.01803140728E-6
16000000 5.45120663397E-6
17000000 1.211416402238E-5
18000000 2.3247117348E-5
19000000 3.95606085576E-5
20000000 6.0608025566E-5
22000000 0.00011716677168
24000000 0.000198378468418
26000000 0.000219288207605
28000000 0.000249042684958
30000000 0.0002735223794
35000000 0.000305098922196
40000000 0.00031392270857109
45000000 0.00031880662213638
50000000 0.00030925575921231
55000000 0.000309541052106
60000000 0.00027558324498062
65000000 0.000255325150108
70000000 0.00024794778834744
75000000 0.000226706381503
80000000 0.000224244874056
90000000 0.00021271304507175
100000000 0.00021152399315226
110000000 0.0002047656776
120000000 0.00019958753308
130000000 0.000193157493642
140000000 0.000186786422478
150000000 0.000181406394657
160000000 0.000176643932748
180000000 0.000164822907805
200000000 0.000154141906515
#Header 
#Target 101 258 0
#Product 99 255 0
#Datapoints 22
1000000 0
30000000 0
35000000 9.50978196E-16
40000000 2.115646023898E-13
45000000 8.20141293111E-11
50000000 1.1370542133942E-8
55000000 3.01456141641E-7
60000000 1.9967077133578E-6
65000000 6.63529634668E-6
70000000 1.3864404603921E-5
75000000 2.25968284375E-5
80000000 3.09007667577E-5
90000000 4.6671459618889E-5
100000000 5.8684422164715E-5
110000000 6.723781936E-5
120000000 7.260722495E-5
130000000 7.606786853E-5
140000000 7.8947897322E-5
150000000 7.9484113614E-5
160000000 7.9996125129E-5
180000000 7.9822901719E-5
200000000 7.8668867555E-5
#Header 
#Target 101 258 0
#Product 99 256 0
#Datapoints 22
1000000 0
30000000 0
35000000 1.5274004544E-15
40000000 6.62797802857E-12
45000000 1.8906050254938E-9
50000000 6.602361327978E-8
55000000 5.60330915982E-7
60000000 1.902136155175E-6
65000000 4.11226102378E-6
70000000 6.660907214673E-6
75000000 9.0176576287E-6
80000000 1.11009597321E-5
90000000 1.4257433959542E-5
100000000 1.6166287382037E-5
110000000 1.7345309536E-5
120000000 1.78480858088E-5
130000000 1.8115997161E-5
140000000 1.82973203922E-5
150000000 1.81042266231E-5
160000000 1.80405211161E-5
180000000 1.75921119584E-5
200000000 1.7021837058E-5
#Header 
#Target 101 258 0
#Product 100 245 0
#Datapoints 16
1000000 0
60000000 0
65000000 5.4128606112E-15
70000000 3.74429836713E-12
75000000 1.0783318332E-10
80000000 1.28599497789E-9
90000000 4.5426686481705E-8
100000000 3.5349183439755E-7
110000000 8.564179456E-7
120000000 1.081433028E-6
130000000 1.06436027247E-6
140000000 1.02724613742E-6
150000000 1.03831181448E-6
160000000 1.02352859451E-6
180000000 1.1047485462E-6
200000000 1.11659940825E-6
#Header 
#Target 101 258 0
#Product 100 246 0
#Datapoints 17
1000000 0
55000000 0
60000000 1.072753878341E-11
65000000 3.8704139204E-10
70000000 3.3670067635773E-9
75000000 1.59340432761E-8
80000000 5.67727518855E-8
90000000 4.6047011808393E-7
100000000 1.4686386158487E-6
110000000 2.0598619328E-6
120000000 2.1784896497E-6
130000000 2.27153067836E-6
140000000 2.28786393828E-6
150000000 2.35532757105E-6
160000000 2.42380198056E-6
180000000 2.55759275029E-6
200000000 2.58972245245E-6
#Header 
#Target 101 258 0
#Product 100 247 0
#Datapoints 19
1000000 0
45000000 0
50000000 6.78339395433E-15
55000000 1.29284877606E-8
60000000 1.4484210578661E-7
65000000 6.060752065E-7
70000000 1.6294663097937E-6
75000000 3.54745661712E-6
80000000 6.86684034519E-6
90000000 1.9659101439801E-5
100000000 2.9741969772744E-5
110000000 3.0075243808E-5
120000000 2.92812505713E-5
130000000 2.84856767477E-5
140000000 2.64456566034E-5
150000000 2.66459017035E-5
160000000 2.68752811383E-5
180000000 2.70366253284E-5
200000000 2.6274608155E-5
#Header 
#Target 101 258 0
#Product 100 248 0
#Datapoints 21
1000000 0
35000000 0
40000000 2.667257034014E-16
45000000 3.5342652879786E-9
50000000 3.9194807163111E-7
55000000 1.73146525113E-6
60000000 3.8891796217112E-6
65000000 6.8983146583E-6
70000000 1.0955091659448E-5
75000000 1.70548459666E-5
80000000 2.51240613267E-5
90000000 3.6944601462334E-5
100000000 3.6469691429016E-5
110000000 3.253027488E-5
120000000 3.28043058265E-5
130000000 3.48851836016E-5
140000000 3.93129579426E-5
150000000 4.45465066797E-5
160000000 4.99014933651E-5
180000000 5.9337096514E-5
200000000 6.8578620825E-5
#Header 
#Target 101 258 0
#Product 100 249 0
#Datapoints 22
1000000 0
30000000 0
35000000 6.105249306E-8
40000000 3.4890702337592E-5
45000000 0.00012714006964134
50000000 0.00019568167719033
55000000 0.000228269102025
60000000 0.0002400880321504
65000000 0.000241398777481
70000000 0.00023951658821094
75000000 0.000231181886553
80000000 0.000217627224885
90000000 0.00018732139258289
100000000 0.00016119391294953
110000000 0.0001455229
120000000 0.000137229670903
130000000 0.000140047186788
140000000 0.000142426041732
150000000 0.000152358102708
160000000 0.000163550684556
180000000 0.000177786936921
200000000 0.000195057322855
#Header 
#Target 101 258 0
#Product 100 250 0
#Datapoints 25
1000000 0
24000000 0
26000000 1.0294006925E-13
28000000 6.38317778E-11
30000000 2.5285251822E-7
35000000 7.5026982564E-5
40000000 0.00024497730235347
45000000 0.00034455925926786
50000000 0.00039865838358651
55000000 0.000427652111757
60000000 0.00041262763393692
65000000 0.000368687826522
70000000 0.0003265714400142
75000000 0.000287960737415
80000000 0.000261435232464
90000000 0.0002263630093449
100000000 0.00022502157939117
110000000 0.00024680613264
120000000 0.000285311878254
130000000 0.00033007199146
140000000 0.000381060488976
150000000 0.000437949832653
160000000 0.000457302037257
180000000 0.000505007921967
200000000 0.00053066628785
#Header 
#Target 101 258 0
#Product 100 251 0
#Datapoints 28
1000000 0
19000000 0
20000000 1.42547200631E-11
22000000 0.00101537718184
24000000 0.0054294550518
26000000 0.0088000847485
28000000 0.010714288464
30000000 0.01113393131
35000000 0.0090397778904
40000000 0.007079270929506
45000000 0.006357073029279
50000000 0.0057769316984538
55000000 0.00525723988923
60000000 0.0047179396998411
65000000 0.00427298474266
70000000 0.0038388062225703
75000000 0.00349318294827
80000000 0.00317228959299
90000000 0.0027164028969057
100000000 0.0024204689796297
110000000 0.0022020270192
120000000 0.00208234283556
130000000 0.00198194888647
140000000 0.00193807232805
150000000 0.00186678691839
160000000 0.00181191551172
180000000 0.00167355589378
200000000 0.001639156899
#Header 
#Target 101 258 0
#Product 100 252 0
#Datapoints 36
1000000 0
11000000 0
12000000 1.21496992916E-12
13000000 1.62043573188E-10
14000000 0.00044493058034677
15000000 0.00288341885664
16000000 0.00660232311706
17000000 0.0098448401968
18000000 0.01252716326862
19000000 0.01493708168756
20000000 0.01714064324335
22000000 0.0195790310632
24000000 0.0184661673664
26000000 0.0146647454595
28000000 0.012781150747
30000000 0.01173692116
35000000 0.0105237492048
40000000 0.009894409222977
45000000 0.009190032345291
50000000 0.008307450738219
55000000 0.007595924859
60000000 0.006837626540908
65000000 0.00619745190006
70000000 0.0056368181211825
75000000 0.00517733235483
80000000 0.00481750862271
90000000 0.0042730263392426
100000000 0.0040114869199647
110000000 0.0037595135856
120000000 0.00362594148852
130000000 0.00348019107281
140000000 0.00338027505435
150000000 0.00322129591092
160000000 0.00318118660512
180000000 0.00296673504812
200000000 0.00278885032935
#Header 
#Target 101 258 0
#Product 100 253 0
#Datapoints 41
1000000 0
6000000 0
7000000 2.87346549825E-13
8000000 8.21381567576E-6
9000000 0.0001644244468992
10000000 0.0007343488353
11000000 0.002066208704
12000000 0.00442457702286
13000000 0.0074386357716
14000000 0.009999904246571
15000000 0.01067355152808
16000000 0.01024946339818
17000000 0.00980439634377
18000000 0.00962273238108
19000000 0.00966088228105
20000000 0.00982203876346
22000000 0.0103541612496
24000000 0.0113868000844
26000000 0.010499714785
28000000 0.0102029519866
30000000 0.010156475676
35000000 0.00975668022
40000000 0.009074130112064
45000000 0.008225876162931
50000000 0.007368840186999
55000000 0.0067940865462
60000000 0.0060959068379219
65000000 0.00558831368557
70000000 0.0051251339375001
75000000 0.00484662658813
80000000 0.00459417405993
90000000 0.0042497688857725
100000000 0.0040058638911153
110000000 0.0038503718448
120000000 0.0036355091565
130000000 0.00351074542021
140000000 0.00333286412193
150000000 0.003244262115
160000000 0.00306007264731
180000000 0.0028619829001
200000000 0.0026658711113
#Header 
#Target 101 258 0
#Product 100 254 0
#Datapoints 45
1000000 0
2000000 0
3000000 5.05525961136E-14
4000000 7.491645691566E-11
5000000 4.29434860456E-8
6000000 1.2813395007489E-6
7000000 1.3034139580575E-5
8000000 4.81290733916E-5
9000000 0.0001243022651424
10000000 0.000317084687896
11000000 0.000745823392
12000000 0.001458875950275
13000000 0.00231866623686
14000000 0.003162905750926
15000000 0.00390889635864
16000000 0.00451714404503
17000000 0.00495646209268
18000000 0.00530534589312
19000000 0.00563524756827
20000000 0.005965626854
22000000 0.0072867666032
24000000 0.012195050478
26000000 0.008409654016
28000000 0.007122118424
30000000 0.006774092216
35000000 0.0060474093696
40000000 0.00535689108303
45000000 0.0049009711654764
50000000 0.0044399225631087
55000000 0.00423913933593
60000000 0.0039754906821147
65000000 0.00394369549045
70000000 0.0039056564686344
75000000 0.00397879279045
80000000 0.00402335080833
90000000 0.004093402668111
100000000 0.004109339140746
110000000 0.0040454618736
120000000 0.00397835617452
130000000 0.0038391040446
140000000 0.00370533067704
150000000 0.00358497548055
160000000 0.00347820524157
180000000 0.00325182462771
200000000 0.00304405669475
#Header 
#Target 101 258 0
#Product 100 255 0
#Datapoints 45
1000000 0
2000000 0
3000000 3.153657429384E-12
4000000 4.1866294703864E-9
5000000 7.35437858008E-8
6000000 1.8386773668112E-7
7000000 4.349529888984E-7
8000000 9.26616682508E-7
9000000 2.6884427904E-6
10000000 7.5314556741E-6
11000000 1.888969984E-5
12000000 4.05289044867E-5
13000000 7.250498103E-5
14000000 0.00011251749305244
15000000 0.000160169140992
16000000 0.000212554554888
17000000 0.000269953932976
18000000 0.000334812873486
19000000 0.000421041049482
20000000 0.000556136941404
22000000 0.00166284714736
24000000 0.0049365740606
26000000 0.00149365496155
28000000 0.00063371197196
30000000 0.0004647720006
35000000 0.000350432657928
40000000 0.00046248172826094
45000000 0.0006319198776744
50000000 0.0008489647285761
55000000 0.00118545455415
60000000 0.0015727550050701
65000000 0.00198926847636
70000000 0.0023705875529448
75000000 0.00270661413975
80000000 0.00298497384801
90000000 0.0033552021041583
100000000 0.0035287299670407
110000000 0.0036107175632
120000000 0.00355524085059
130000000 0.0034785902933
140000000 0.00341119532841
150000000 0.00327166252689
160000000 0.00316592197449
180000000 0.00293470171165
200000000 0.00273124846985
#Header 
#Target 101 258 0
#Product 100 256 0
#Datapoints 35
1000000 0
12000000 0
13000000 3.2775985296E-16
14000000 1.048875541955E-14
15000000 1.9281961272E-13
16000000 2.3154833888E-12
17000000 1.9793134431E-11
18000000 1.30564102032E-10
19000000 7.00916013916E-10
20000000 3.16917080777E-9
22000000 4.36327542E-8
24000000 3.8074367786E-7
26000000 2.36502861805E-6
28000000 1.16087793494E-5
30000000 4.0072865022E-5
35000000 0.00021000676518
40000000 0.00047521216028067
45000000 0.0009725476330479
50000000 0.0016555627258362
55000000 0.00237701271723
60000000 0.0030460554153689
65000000 0.00366056101419
70000000 0.0041687092310331
75000000 0.00460103522654
80000000 0.00494888715741
90000000 0.0053549267859655
100000000 0.0054688986761175
110000000 0.0054245233296
120000000 0.00528218941523
130000000 0.00506802061793
140000000 0.00484929566457
150000000 0.00461325330981
160000000 0.00439065292293
180000000 0.00399098435877
200000000 0.00361194223515
#Header 
#Target 101 258 0
#Product 100 257 0
#Datapoints 32
1000000 0
15000000 0
16000000 9.2475585245E-16
17000000 2.5120893735E-14
18000000 3.9843155352E-13
19000000 4.8506214956E-12
20000000 4.6987390802E-11
22000000 2.31842022272E-9
24000000 5.6350877882E-8
26000000 6.237705977E-7
28000000 4.2876841786E-6
30000000 1.9067276474E-5
35000000 0.000202491556452
40000000 0.0006837590638846
45000000 0.0013486722854262
50000000 0.0020102438174748
55000000 0.00265504923591
60000000 0.003167837752797
65000000 0.00363384135871
70000000 0.0039631843234113
75000000 0.00426830327039
80000000 0.0044679506067
90000000 0.0046674951525404
100000000 0.0046877802641238
110000000 0.0045824599008
120000000 0.00440277336122
130000000 0.00419108270066
140000000 0.00397893901395
150000000 0.00376782365118
160000000 0.00355678384749
180000000 0.00316895492219
200000000 0.00285440864885
#Header 
#Target 101 258 0
#Product 101 246 0
#Datapoints 13
1000000 0
75000000 0
80000000 1.1382194166E-14
90000000 2.983552730426E-10
100000000 5.4928352757333E-8
110000000 5.8255425776E-7
120000000 1.66694503352E-6
130000000 2.39048662194E-6
140000000 2.23336853376E-6
150000000 1.68213883932E-6
160000000 1.38274189776E-6
180000000 1.3116873498E-6
200000000 1.2526049038E-6
#Header 
#Target 101 258 0
#Product 101 247 0
#Datapoints 15
1000000 0
65000000 0
70000000 3.171549520332E-16
75000000 4.8659094444E-13
80000000 6.0051641076E-11
90000000 2.0590633611587E-8
100000000 2.8623606663807E-7
110000000 8.48397304E-7
120000000 1.17312286936E-6
130000000 1.08727723076E-6
140000000 9.43804611E-7
150000000 8.8157016141E-7
160000000 9.301665357E-7
180000000 1.01726382076E-6
200000000 1.0205275795E-6
#Header 
#Target 101 258 0
#Product 101 248 0
#Datapoints 16
1000000 0
60000000 0
65000000 2.8417666997E-14
70000000 1.184350082094E-11
75000000 6.3826137292E-10
80000000 9.2541179031E-9
90000000 3.1331046450825E-7
100000000 1.2991712242494E-6
110000000 2.6333021984E-6
120000000 2.73249397122E-6
130000000 1.98032774538E-6
140000000 1.87830730434E-6
150000000 1.69271246085E-6
160000000 1.97005408719E-6
180000000 2.05171981921E-6
200000000 2.1497811552E-6
#Header 
#Target 101 258 0
#Product 101 249 0
#Datapoints 18
1000000 0
50000000 0
55000000 5.7352630032E-15
60000000 1.061500082439E-10
65000000 1.59589073593E-8
70000000 1.9911992295846E-7
75000000 1.06387261504E-6
80000000 3.42557675502E-6
90000000 1.4483960376551E-5
100000000 2.6516063145447E-5
110000000 2.6403873872E-5
120000000 2.73817775894E-5
130000000 3.11692132177E-5
140000000 3.42574137738E-5
150000000 4.08898122447E-5
160000000 4.40374519356E-5
180000000 4.98590454216E-5
200000000 5.4524989685E-5
#Header 
#Target 101 258 0
#Product 101 250 0
#Datapoints 19
1000000 0
45000000 0
50000000 4.48458834507E-13
55000000 6.3975681312E-9
60000000 4.8890126053838E-7
65000000 3.3744825605E-6
70000000 9.137307181656E-6
75000000 1.74837445205E-5
80000000 2.71599296913E-5
90000000 5.0103068027796E-5
100000000 6.737267697714E-5
110000000 8.062294272E-5
120000000 9.5926756536E-5
130000000 0.000111551694561
140000000 0.000128078450664
150000000 0.000138417217848
160000000 0.000150923136039
180000000 0.000159323888395
200000000 0.000163333752475
#Header 
#Target 101 258 0
#Product 101 251 0
#Datapoints 21
1000000 0
35000000 0
40000000 3.879704260155E-16
45000000 1.0926574068522E-9
50000000 8.882599331307E-7
55000000 1.62011745993E-5
60000000 5.337968973603E-5
65000000 9.3312654892E-5
70000000 0.00013563158811741
75000000 0.000189749580348
80000000 0.000258789562899
90000000 0.00041200238785172
100000000 0.00054383652455052
110000000 0.0006610783344
120000000 0.00074890229557
130000000 0.00080718513289
140000000 0.00086971192311
150000000 0.00090852115656
160000000 0.00093001609977
180000000 0.00096497322904
200000000 0.00095635921475
#Header 
#Target 101 258 0
#Product 101 252 0
#Datapoints 22
1000000 0
30000000 0
35000000 3.7150821972E-13
40000000 9.937079066972E-8
45000000 1.8154001477976E-5
50000000 0.00010972487212863
55000000 0.000254316458007
60000000 0.00044370807917146
65000000 0.000667016891921
70000000 0.0009224428446633
75000000 0.00120678811627
80000000 0.00146407616964
90000000 0.0018301244774739
100000000 0.002102062157532
110000000 0.002237984208
120000000 0.00229803650128
130000000 0.00236137854559
140000000 0.00237252482805
150000000 0.00232751808906
160000000 0.00235890815646
180000000 0.002307100464
200000000 0.00222985855875
#Header 
#Target 101 258 0
#Product 101 253 0
#Datapoints 24
1000000 0
26000000 0
28000000 3.8447915228E-12
30000000 1.8311300798E-9
35000000 7.7867920152E-6
40000000 0.00012266927174685
45000000 0.0003818704112097
50000000 0.0008219433792651
55000000 0.00159505388259
60000000 0.0025594742088294
65000000 0.00356620427192
70000000 0.0043931912131551
75000000 0.00511694778116
80000000 0.00567476199171
90000000 0.006456691095458
100000000 0.006826948851261
110000000 0.0069002476
120000000 0.006834004255
130000000 0.0067311550712
140000000 0.0065860623993
150000000 0.0063821940225
160000000 0.0062225677239
180000000 0.00585681654
200000000 0.005556364732
#Header 
#Target 101 258 0
#Product 101 254 0
#Datapoints 27
1000000 0
20000000 0
22000000 4.302288872E-12
24000000 3.30099683602E-9
26000000 2.9687361015E-7
28000000 6.9801626008E-6
30000000 4.83482338E-5
35000000 0.000401014553292
40000000 0.0010442699394516
45000000 0.0023404224832674
50000000 0.0039859240763274
55000000 0.00558627338655
60000000 0.006698078149303
65000000 0.0075980587998
70000000 0.008219012091981
75000000 0.0087600322842
80000000 0.0091688742852
90000000 0.009193505033494
100000000 0.009102799275045
110000000 0.008797997744
120000000 0.008464030718
130000000 0.0081120654494
140000000 0.007759379577
150000000 0.007340006445
160000000 0.0070683054882
180000000 0.0064479393721
200000000 0.0059163120715
#Header 
#Target 101 258 0
#Product 101 255 0
#Datapoints 34
1000000 0
13000000 0
14000000 2.288036175983E-14
15000000 3.1257337776E-12
16000000 1.69579259375E-10
17000000 3.95333939238E-9
18000000 5.79295945956E-8
19000000 4.97595553572E-7
20000000 2.97756371484E-6
22000000 3.7284044224E-5
24000000 0.000153773705176
26000000 0.000318642318205
28000000 0.0005226716569
30000000 0.0007814978246
35000000 0.00208750295376
40000000 0.0047900356648139
45000000 0.008023308316779
50000000 0.010952320746771
55000000 0.0135164190684
60000000 0.015510223515033
65000000 0.0172162082279
70000000 0.018349598518509
75000000 0.0191375623182
80000000 0.0197436523536
90000000 0.019892313332196
100000000 0.019552153093497
110000000 0.018930241184
120000000 0.0180544983528
130000000 0.0169109928679
140000000 0.0160675711374
150000000 0.0153272794659
160000000 0.0144232918947
180000000 0.0129800352909
200000000 0.011754747865
#Header 
#Target 101 258 0
#Product 101 256 0
#Datapoints 39
1000000 0
8000000 0
9000000 3.2092052472E-14
10000000 5.7843269704E-12
11000000 2.951465024E-10
12000000 6.53208099279E-9
13000000 7.8896603982E-8
14000000 6.1111489114631E-7
15000000 3.298254456E-6
16000000 1.24245763505E-5
17000000 3.35279382676E-5
18000000 7.17063380124E-5
19000000 0.0001276703090351
20000000 0.0002022201458882
22000000 0.00041619091416
24000000 0.00083749739684
26000000 0.0014761884875
28000000 0.00261645533234
30000000 0.004266861882
35000000 0.0091777721832
40000000 0.013494443438799
45000000 0.016752167303697
50000000 0.019052085063387
55000000 0.020926686843
60000000 0.022095294246145
65000000 0.022957004795
70000000 0.023282160844707
75000000 0.0233273299351
80000000 0.0234302065704
90000000 0.022450619653105
100000000 0.021289453195929
110000000 0.020009181408
120000000 0.0187186902552
130000000 0.0173304833368
140000000 0.0162294886878
150000000 0.0152031799257
160000000 0.0141174996393
180000000 0.0124314949241
200000000 0.0111054182535
#Header 
#Target 101 258 0
#Product 101 257 0
#Datapoints 40
1000000 0
7000000 0
8000000 5.2035796712E-16
9000000 1.9703461896E-13
10000000 4.71489902893E-11
11000000 2.67394848E-9
12000000 5.97438527143E-8
13000000 6.9169655844E-7
14000000 4.99672719023E-6
15000000 2.50757479728E-5
16000000 9.10947509343E-5
17000000 0.000245842501989
18000000 0.000528292515114
19000000 0.000968040393681
20000000 0.001582733449506
22000000 0.0033826831472
24000000 0.006138058927
26000000 0.0079776125275
28000000 0.0102862923588
30000000 0.012639803672
35000000 0.0178693059564
40000000 0.022136923170242
45000000 0.026031399743979
50000000 0.027961999787253
55000000 0.0310707571212
60000000 0.031594860080239
65000000 0.0328678950066
70000000 0.032747865487725
75000000 0.03340907759
80000000 0.0326136218877
90000000 0.031395453479924
100000000 0.029703302346903
110000000 0.027731947376
120000000 0.0258080059874
130000000 0.0241826640463
140000000 0.0224527832496
150000000 0.0208943368716
160000000 0.0195870622164
180000000 0.0171279738359
200000000 0.015104999705
#Header 
#Target 101 258 0
#Product 101 258 0
#Datapoints 43
1000000 0
4000000 0
5000000 5.07087483896E-15
6000000 3.9727404356603E-12
7000000 6.1986975115824E-10
8000000 2.696177980888E-8
9000000 6.37978742568E-7
10000000 7.6922907767E-6
11000000 5.08739808E-5
12000000 0.0001957041563775
13000000 0.000489407102658
14000000 0.0009705812818787
15000000 0.00171114281184
16000000 0.0026868307907
17000000 0.00375710343687
18000000 0.00483973226646
19000000 0.00592373997488
20000000 0.00702393478127
22000000 0.0093367291472
24000000 0.012006896993
26000000 0.0123928905525
28000000 0.013076762092
30000000 0.013672459042
35000000 0.0142869105792
40000000 0.014341763663839
45000000 0.014329495969278
50000000 0.014557597262301
55000000 0.0143800419837
60000000 0.014022229693892
65000000 0.0135785869726
70000000 0.013104682899102
75000000 0.0125772424861
80000000 0.0120426240333
90000000 0.010787780720624
100000000 0.009522355078422
110000000 0.008296266544
120000000 0.007189023907
130000000 0.006213096589
140000000 0.00537157360635
150000000 0.00465907196286
160000000 0.00405694910007
180000000 0.0031238504734
200000000 0.0024791106782
#Header 
#Target 101 258 0
#Product 102 250 0
#Datapoints 17
1000000 0
55000000 0
60000000 1.015962542852E-10
65000000 2.86391788113E-9
70000000 2.1873983366187E-8
75000000 9.6498700177E-8
80000000 3.0449389173E-7
90000000 1.3897808270903E-6
100000000 2.3396553174222E-6
110000000 2.2132903072E-6
120000000 1.90741626751E-6
130000000 1.75431720173E-6
140000000 1.69900991613E-6
150000000 1.62199208574E-6
160000000 1.52130099255E-6
180000000 1.37645630838E-6
200000000 1.2497405782E-6
#Header 
#Target 101 258 0
#Product 102 251 0
#Datapoints 19
1000000 0
45000000 0
50000000 2.556026066349E-10
55000000 2.52992751129E-8
60000000 1.8663970880599E-7
65000000 6.9696383109E-7
70000000 1.6324228551873E-6
75000000 2.98584850233E-6
80000000 4.44462714906E-6
90000000 7.031736904268E-6
100000000 7.261141476849E-6
110000000 6.926655856E-6
120000000 6.3780669797E-6
130000000 5.9564568392E-6
140000000 5.48915846511E-6
150000000 4.97462975874E-6
160000000 4.69616711625E-6
180000000 3.98452967807E-6
200000000 3.42009840035E-6
#Header 
#Target 101 258 0
#Product 102 252 0
#Datapoints 20
1000000 0
40000000 0
45000000 1.5641909815728E-6
50000000 1.0597036866474E-5
55000000 2.92796360133E-5
60000000 5.4489696191405E-5
65000000 8.1459104784E-5
70000000 0.0001030379252913
75000000 0.000118003484742
80000000 0.000124710580302
90000000 0.00012297755682121
100000000 0.00011184200409456
110000000 9.990026384E-5
120000000 8.7141012517E-5
130000000 7.6746508014E-5
140000000 6.854617764E-5
150000000 6.1047492318E-5
160000000 5.41179137835E-5
180000000 4.61111537564E-5
200000000 3.773331749E-5
#Header 
#Target 101 258 0
#Product 102 253 0
#Datapoints 22
1000000 0
30000000 0
35000000 1.58420528964E-6
40000000 0.00015334369244023
45000000 0.00031040549279481
50000000 0.00040371905166162
55000000 0.000489395610558
60000000 0.00053468972935833
65000000 0.000560917582014
70000000 0.0005459510630079
75000000 0.00052600084525
80000000 0.000499766464701
90000000 0.00042375838271354
100000000 0.00035963625452571
110000000 0.0003081822944
120000000 0.000264939679628
130000000 0.000228850564851
140000000 0.000202789509279
150000000 0.000178928998887
160000000 0.000160706956698
180000000 0.000132394612443
200000000 0.000110448715335
#Header 
#Target 101 258 0
#Product 102 254 0
#Datapoints 24
1000000 0
26000000 0
28000000 0.000133731297654
30000000 0.0008912714322
35000000 0.0030378059586
40000000 0.0034413210525571
45000000 0.0030716215856319
50000000 0.0027234310133364
55000000 0.00251460170352
60000000 0.0022963992075525
65000000 0.00210944064764
70000000 0.0019199318937927
75000000 0.00174953650094
80000000 0.00159326219472
90000000 0.0013257433298458
100000000 0.001100065426173
110000000 0.0009270940352
120000000 0.00079482040339
130000000 0.00069586657842
140000000 0.00061320711222
150000000 0.000545555610384
160000000 0.000484769845878
180000000 0.000396087923659
200000000 0.00033198242023
#Header 
#Target 101 258 0
#Product 102 255 0
#Datapoints 27
1000000 0
20000000 0
22000000 0.00041897094456
24000000 0.0015709995587
26000000 0.0020500056512
28000000 0.0021442865297
30000000 0.0018972239508
35000000 0.0010865754882
40000000 0.0009339738563835
45000000 0.0007245376385751
50000000 0.0006861052001307
55000000 0.00065640413385
60000000 0.000602104529161
65000000 0.000558121581212
70000000 0.00051241643324379
75000000 0.000471097509648
80000000 0.000432028102359
90000000 0.00035484381083375
100000000 0.00030046145578692
110000000 0.00025529597632
120000000 0.000220273071902
130000000 0.000215095359369
140000000 0.00017209648284
150000000 0.0001685817108
160000000 0.000137295595905
180000000 0.00011257659284
200000000 9.5248965835E-5
#Header 
#Target 101 258 0
#Product 102 256 0
#Datapoints 34
1000000 0
13000000 0
14000000 0.0009365917044296
15000000 0.0034017140556
16000000 0.00514695328966
17000000 0.00579647779424
18000000 0.00594318584496
19000000 0.0059342657439
20000000 0.00580081845618
22000000 0.00486888976
24000000 0.00324383207486
26000000 0.0019538412587
28000000 0.00141139144472
30000000 0.0012032673424
35000000 0.0010499318514
40000000 0.0009976022962066
45000000 0.0009571719035949
50000000 0.0008821579231446
55000000 0.00083154202671
60000000 0.0007540988784783
65000000 0.00068577090059
70000000 0.0006137272750878
75000000 0.000555762506626
80000000 0.000507129264348
90000000 0.00041245301330218
100000000 0.00034366901071374
110000000 0.00029182964272
120000000 0.000251515917692
130000000 0.000215498398879
140000000 0.000191319094374
150000000 0.000171154593618
160000000 0.000150294455055
180000000 0.000123075404849
200000000 0.000103456636505
#Header 
#Target 101 258 0
#Product 102 257 0
#Datapoints 40
1000000 0
7000000 0
8000000 2.739553433104E-5
9000000 0.000233465281848
10000000 0.00085441665915
11000000 0.002204322944
12000000 0.00427562687033
13000000 0.00623880610332
14000000 0.0067745864457921
15000000 0.00529670412768
16000000 0.00364686064067
17000000 0.00254019220889
18000000 0.001925848157688
19000000 0.001609686889267
20000000 0.001463431027003
22000000 0.00137650962344
24000000 0.00147008077294
26000000 0.001343178489
28000000 0.00130399164234
30000000 0.0012823268008
35000000 0.00122362873632
40000000 0.0011433428674252
45000000 0.0010669939060641
50000000 0.000963794130231
55000000 0.00088088646888
60000000 0.0007883865894239
65000000 0.0007080830438
70000000 0.00062843615660697
75000000 0.000559986544021
80000000 0.000506826951267
90000000 0.00040863585095121
100000000 0.0003386679971583
110000000 0.000285475108
120000000 0.000241869728594
130000000 0.000208985987064
140000000 0.00018452529996
150000000 0.000161130751095
160000000 0.000145523735259
180000000 0.000117577716301
200000000 9.736349211E-5
#Header 
#Target 101 258 0
#Product 102 258 0
#Datapoints 45
1000000 0
2000000 0
3000000 3.028632031962E-14
4000000 3.8475291333564E-11
5000000 9.82177846384E-8
6000000 2.4685649230323E-6
7000000 1.9691110380285E-5
8000000 4.75927102728E-5
9000000 7.27190220168E-5
10000000 0.00011827371883
11000000 0.0002143975104
12000000 0.0003705293391773
13000000 0.000554755781844
14000000 0.00072836156832156
15000000 0.000883713350352
16000000 0.001007888272368
17000000 0.001095108668689
18000000 0.001162333624998
19000000 0.00121552725818
20000000 0.001256687346244
22000000 0.00129460349424
24000000 0.00141929682206
26000000 0.00129873320185
28000000 0.00125167788838
30000000 0.0012271170376
35000000 0.00114707012076
40000000 0.0010559429802217
45000000 0.0009535484938497
50000000 0.000839334199614
55000000 0.00078092640264
60000000 0.0006774335510136
65000000 0.000615265988876
70000000 0.00053450174551077
75000000 0.000488851882902
80000000 0.000427850291106
90000000 0.00034351620170711
100000000 0.00028143928011348
110000000 0.0002362008696
120000000 0.000202274183371
130000000 0.000174949569936
140000000 0.000153258912075
150000000 0.000135266201301
160000000 0.000120361995396
180000000 9.7605367893E-5
200000000 8.1678350035E-5
#Header 
#Target 101 258 0
#Product 102 259 0
#Datapoints 44
1000000 0
3000000 0
4000000 3.7476172397896E-14
5000000 5.57206395312E-11
6000000 6.9507286941973E-10
7000000 9.140037613749E-9
8000000 9.50768555804E-8
9000000 6.7119743988E-7
10000000 2.77910590952E-6
11000000 7.896645248E-6
12000000 1.649209947683E-5
13000000 2.59334945478E-5
14000000 3.2088907687737E-5
15000000 3.39948140616E-5
16000000 3.28955572407E-5
17000000 3.1346149485E-5
18000000 3.02080473786E-5
19000000 2.94297236261E-5
20000000 2.93440160772E-5
22000000 2.9529500616E-5
24000000 3.19041307364E-5
26000000 2.9461228989E-5
28000000 2.93050588576E-5
30000000 2.94237739E-5
35000000 2.98207893384E-5
40000000 2.8864952788042E-5
45000000 2.8016926281771E-5
50000000 2.8553963978586E-5
55000000 2.75885253027E-5
60000000 2.8187194812071E-5
65000000 2.49093967923E-5
70000000 2.4651260920896E-5
75000000 2.46349273406E-5
80000000 2.44542792291E-5
90000000 1.8997591957439E-5
100000000 1.6219346690052E-5
110000000 1.585371144E-5
120000000 1.47161103778E-5
130000000 1.29924367404E-5
140000000 1.11458093751E-5
150000000 9.117331974E-6
160000000 7.0993919598E-6
180000000 4.97910178986E-6
200000000 3.44280342035E-6
