#Header 
#Target 45 100 0
#Product 0 1 0
#Datapoints 45
1000000 0
2000000 1.5520686576E-6
3000000 0.00024506166629
4000000 0.0043425363835
5000000 0.0281657445
6000000 0.09832140876
7000000 0.21059431686
8000000 0.31950422354
9000000 0.4067684274171
10000000 0.4772689536321
11000000 0.5371871459213
12000000 0.59447027643
13000000 0.73515945536
14000000 0.9862228273248
15000000 1.19540379
16000000 1.32169158
17000000 1.390623421
18000000 1.423508652
19000000 1.45061267
20000000 1.466151681
22000000 1.484870415
24000000 1.534548825
26000000 1.671729255
28000000 1.838772768
30000000 1.950259285
35000000 2.03244076
40000000 2.181878775
45000000 2.281143781
50000000 2.309615784
55000000 2.370840185
60000000 2.405267576
65000000 2.444442462
70000000 2.475456892
75000000 2.496784542
80000000 2.528556636
90000000 2.598254304
100000000 2.685666282
110000000 2.802840036
120000000 2.91467196
130000000 3.021896972
140000000 3.13313832
150000000 3.239304192
160000000 3.34752768
180000000 3.561703569
200000000 3.7696317609
#Header 
#Target 45 100 0
#Product 1 1 0
#Datapoints 45
1000000 0
2000000 6.288608544E-11
3000000 4.659773126E-7
4000000 5.847725545E-5
5000000 0.00107963215
6000000 0.008706114324
7000000 0.03496119302
8000000 0.08042285915
9000000 0.13005766788
10000000 0.171777572666
11000000 0.2124732709778
12000000 0.34356889653
13000000 0.47423085444
14000000 0.4793596130385
15000000 0.4795802595
16000000 0.502417323
17000000 0.5416360913
18000000 0.5834609908
19000000 0.627267518
20000000 0.6670596729
22000000 0.743021369
24000000 0.868513329
26000000 0.9868802532
28000000 1.0382760252
30000000 1.070063501
35000000 1.1972039279
40000000 1.3054525947
45000000 1.3676561038
50000000 1.447093584
55000000 1.496278735
60000000 1.528183788
65000000 1.565449886
70000000 1.594587292
75000000 1.616612088
80000000 1.644245325
90000000 1.700730848
100000000 1.762768682
110000000 1.84265672
120000000 1.91951631
130000000 1.99388544
140000000 2.06354304
150000000 2.131209648
160000000 2.19721728
180000000 2.32145079
200000000 2.4414505326
#Header 
#Target 45 100 0
#Product 1 2 0
#Datapoints 41
1000000 0
6000000 0
7000000 4.805799738E-18
8000000 3.4050657809E-11
9000000 3.172492117704E-8
10000000 1.576365339402E-6
11000000 1.80028633092E-5
12000000 0.00010170291582
13000000 0.00041160729374
14000000 0.001228319237304
15000000 0.00273682626
16000000 0.004890536595
17000000 0.006299773675
18000000 0.009042409928
19000000 0.01202685905
20000000 0.01513863744
22000000 0.0214644458
24000000 0.02768613255
26000000 0.03359218785
28000000 0.03992159796
30000000 0.04492663695
35000000 0.05597039846
40000000 0.06520441356
45000000 0.07293470891
50000000 0.08144058794
55000000 0.0841924244
60000000 0.0914906187
65000000 0.09335627686
70000000 0.0962073982
75000000 0.10049734674
80000000 0.10275760695
90000000 0.10091995008
100000000 0.0995735694
110000000 0.09771018294
120000000 0.097138276
130000000 0.09747738058
140000000 0.0987585534
150000000 0.1008049152
160000000 0.1036288
180000000 0.1119950592
200000000 0.12393090579
#Header 
#Target 45 100 0
#Product 1 3 0
#Datapoints 36
1000000 0
11000000 0
12000000 1.5798667392E-15
13000000 3.4224712962E-11
14000000 6.849036008127E-9
15000000 1.46963844E-7
16000000 1.7041104E-6
17000000 1.231586919E-5
18000000 5.264305832E-5
19000000 0.000145547046
20000000 0.0003017570778
22000000 0.0007949990175
24000000 0.001471645764
26000000 0.002250218532
28000000 0.003076745196
30000000 0.00390743093
35000000 0.005921128375
40000000 0.007772502501
45000000 0.009346334536
50000000 0.010700917444
55000000 0.011967457495
60000000 0.01324089982
65000000 0.01453658514
70000000 0.0159133736
75000000 0.0173342274
80000000 0.01888915816
90000000 0.022384064
100000000 0.02630555132
110000000 0.02877529382
120000000 0.0313963616
130000000 0.0341633813
140000000 0.0370401174
150000000 0.04006246232
160000000 0.043101184
180000000 0.04938706608
200000000 0.055960295121
#Header 
#Target 45 100 0
#Product 2 3 0
#Datapoints 40
1000000 0
7000000 0
8000000 1.4513865766E-20
9000000 1.712839879296E-16
10000000 7.79800061229E-14
11000000 4.231577089782E-12
12000000 8.221517781E-11
13000000 8.9958811386E-10
14000000 6.844300471647E-9
15000000 4.075118535E-8
16000000 2.05510203E-7
17000000 7.858406166E-7
18000000 3.631089164E-6
19000000 1.46157261E-5
20000000 4.989086085E-5
22000000 0.000331441905
24000000 0.0010829856231
26000000 0.002431750074
28000000 0.00427395243
30000000 0.00619528494
35000000 0.011793041816
40000000 0.01708423893
45000000 0.0217307237
50000000 0.0254585778
55000000 0.02841270145
60000000 0.03051718722
65000000 0.03253683664
70000000 0.0342447468
75000000 0.03608803212
80000000 0.03790544463
90000000 0.04198456512
100000000 0.04624870598
110000000 0.04808061166
120000000 0.049988529
130000000 0.05195975098
140000000 0.0540466992
150000000 0.05619579344
160000000 0.0583934976
180000000 0.06285466416
200000000 0.06713934942
#Header 
#Target 45 100 0
#Product 2 4 0
#Datapoints 45
1000000 0
2000000 5.232649504E-10
3000000 1.5429737456E-7
4000000 7.12604983E-6
5000000 9.552277E-5
6000000 0.00065528829
7000000 0.0022844498424
8000000 0.004545502351
9000000 0.00667133748393
10000000 0.00916893932332
11000000 0.01462736411423
12000000 0.023427014526
13000000 0.02803466243
14000000 0.02987640099531
15000000 0.0332224353
16000000 0.0415099161
17000000 0.05010046328
18000000 0.05873341028
19000000 0.0601707885
20000000 0.06297515073
22000000 0.07162829955
24000000 0.07933128966
26000000 0.08418682863
28000000 0.08743256784
30000000 0.09076875015
35000000 0.09760004259
40000000 0.09983399121
45000000 0.10069929415
50000000 0.10161037938
55000000 0.10185331275
60000000 0.10063375556
65000000 0.09941315538
70000000 0.09797967772
75000000 0.09578510445
80000000 0.09465750973
90000000 0.09380202912
100000000 0.0958163025
110000000 0.10205522812
120000000 0.1085574457
130000000 0.1154663512
140000000 0.12243231
150000000 0.1290234848
160000000 0.134921216
180000000 0.1475981796
200000000 0.15892284954
#Header 
#Target 45 100 0
#Product 36 75 0
#Datapoints 8
1000000 0
120000000 0
130000000 3.739091912E-13
140000000 4.33898127E-11
150000000 1.0155790152E-9
160000000 1.250839552E-8
180000000 7.6024294836E-7
200000000 1.8600096618E-5
#Header 
#Target 45 100 0
#Product 36 76 0
#Datapoints 9
1000000 0
110000000 0
120000000 8.81311982E-13
130000000 1.199992716E-10
140000000 2.54666997E-9
150000000 3.0430504528E-8
160000000 2.307569664E-7
180000000 6.7397295564E-6
200000000 0.000107040969825
#Header 
#Target 45 100 0
#Product 36 77 0
#Datapoints 10
1000000 0
100000000 0
110000000 2.579596802E-13
120000000 7.50602545E-11
130000000 1.820239473E-9
140000000 1.98976986E-8
150000000 1.7018497304E-7
160000000 9.257969664E-7
180000000 1.7921201661E-5
200000000 0.000193660002828
#Header 
#Target 45 100 0
#Product 36 78 0
#Datapoints 11
1000000 0
90000000 0
100000000 6.53178492E-13
110000000 8.387365E-11
120000000 1.551269989E-9
130000000 1.6913403036E-8
140000000 1.676020086E-7
150000000 8.8203501848E-7
160000000 3.70368E-6
180000000 4.4080505277E-5
200000000 0.0003307070187
#Header 
#Target 45 100 0
#Product 36 79 0
#Datapoints 12
1000000 0
80000000 0
90000000 2.025593376E-14
100000000 3.002364076E-12
110000000 6.341973686E-11
120000000 4.14324706E-10
130000000 4.4122991098E-9
140000000 2.474199351E-8
150000000 8.7289594144E-8
160000000 3.152700416E-7
180000000 2.5836999471E-6
200000000 1.33954955832E-5
#Header 
#Target 45 100 0
#Product 36 80 0
#Datapoints 13
1000000 0
75000000 0
80000000 3.501506313E-14
90000000 7.564028544E-12
100000000 8.963859958E-11
110000000 6.574612998E-10
120000000 9.359319151E-9
130000000 5.8195696212E-8
140000000 1.976179842E-7
150000000 6.4682406848E-7
160000000 1.84595968E-6
180000000 1.1868501006E-5
200000000 4.30938973719E-5
#Header 
#Target 45 100 0
#Product 37 77 0
#Datapoints 9
1000000 0
110000000 0
120000000 1.21702141E-14
130000000 1.801370148E-11
140000000 1.672840026E-9
150000000 2.693490276E-8
160000000 1.8112E-7
180000000 4.7371000845E-6
200000000 6.01897971456E-5
#Header 
#Target 45 100 0
#Product 37 78 0
#Datapoints 10
1000000 0
100000000 0
110000000 1.828857972E-16
120000000 1.041210033E-12
130000000 2.263805112E-10
140000000 5.516360577E-9
150000000 4.0798598016E-8
160000000 2.17811968E-7
180000000 3.5826105414E-6
200000000 3.27960998289E-5
#Header 
#Target 45 100 0
#Product 37 79 0
#Datapoints 11
1000000 0
90000000 0
100000000 1.485591008E-15
110000000 1.184217916E-11
120000000 2.989059613E-9
130000000 8.3902097638E-8
140000000 6.246300177E-7
150000000 3.1539698928E-6
160000000 1.321839616E-5
180000000 0.00014888799684
200000000 0.00087864598866
#Header 
#Target 45 100 0
#Product 37 80 0
#Datapoints 11
1000000 0
90000000 0
100000000 8.679509268E-13
110000000 6.170860294E-10
120000000 3.741100096E-8
130000000 3.9076396818E-7
140000000 1.633619988E-6
150000000 6.3393998176E-6
160000000 2.1704704E-5
180000000 0.00016239103386
200000000 0.000734022050568
#Header 
#Target 45 100 0
#Product 37 81 0
#Datapoints 12
1000000 0
80000000 0
90000000 6.442535264E-13
100000000 2.090020404E-10
110000000 7.7164694264E-9
120000000 5.374319459E-8
130000000 2.028990414E-7
140000000 8.485529949E-7
150000000 2.5111704672E-6
160000000 7.042920448E-6
180000000 3.5508996978E-5
200000000 0.000113142975477
#Header 
#Target 45 100 0
#Product 37 82 0
#Datapoints 13
1000000 0
75000000 0
80000000 9.35901894E-15
90000000 1.310970976E-11
100000000 6.661698748E-10
110000000 7.3369904812E-9
120000000 2.333390433E-8
130000000 8.0201793564E-8
140000000 2.768569713E-7
150000000 7.114029436E-7
160000000 1.55325952E-6
180000000 6.4655603016E-6
200000000 1.65503986986E-5
#Header 
#Target 45 100 0
#Product 37 83 0
#Datapoints 15
1000000 0
65000000 0
70000000 1.1877698388E-14
75000000 1.2159093933E-12
80000000 3.933851638E-11
90000000 1.8155801216E-9
100000000 8.4040700224E-9
110000000 2.6956901942E-8
120000000 8.955650242E-8
130000000 3.6424798974E-7
140000000 9.173540142E-7
150000000 1.9948503312E-6
160000000 3.87476992E-6
180000000 1.2212198658E-5
200000000 2.56524981957E-5
#Header 
#Target 45 100 0
#Product 38 78 0
#Datapoints 9
1000000 0
110000000 0
120000000 1.18455325E-14
130000000 1.255963684E-11
140000000 5.19158484E-10
150000000 7.1118401E-9
160000000 6.332640256E-8
180000000 1.5438403584E-6
200000000 1.6720697736E-5
#Header 
#Target 45 100 0
#Product 38 79 0
#Datapoints 10
1000000 0
100000000 0
110000000 7.089056628E-15
120000000 1.8552455E-11
130000000 1.442890444E-9
140000000 2.249870337E-8
150000000 2.1724999024E-7
160000000 1.282369536E-6
180000000 2.0592096417E-5
200000000 0.000150822988068
#Header 
#Target 45 100 0
#Product 38 80 0
#Datapoints 11
1000000 0
90000000 0
100000000 2.740514726E-13
110000000 4.456627786E-10
120000000 2.619999406E-8
130000000 2.560040132E-7
140000000 1.566970353E-6
150000000 8.034640036E-6
160000000 3.153179648E-5
180000000 0.00027879593856
200000000 0.00132918015621
#Header 
#Target 45 100 0
#Product 38 81 0
#Datapoints 12
1000000 0
80000000 0
90000000 3.43147936E-13
100000000 4.295437274E-10
110000000 2.7083799152E-8
120000000 2.732290581E-7
130000000 1.713559536E-6
140000000 1.0013099148E-5
150000000 3.7822999864E-5
160000000 0.0001168260096
180000000 0.00076093901319
200000000 0.00284470997025
#Header 
#Target 45 100 0
#Product 38 82 0
#Datapoints 14
1000000 0
70000000 0
75000000 1.656120123E-14
80000000 3.53620301E-12
90000000 2.817479552E-9
100000000 5.2254302204E-8
110000000 3.6626001212E-7
120000000 2.290759608E-6
130000000 1.587169853E-5
140000000 5.562519885E-5
150000000 0.00015463996112
160000000 0.0004060479488
180000000 0.0018236297886
200000000 0.004957020141
#Header 
#Target 45 100 0
#Product 38 83 0
#Datapoints 16
1000000 0
60000000 0
65000000 8.296105972E-15
70000000 2.817414988E-12
75000000 1.901550693E-10
80000000 3.2371400232E-9
90000000 5.8991603488E-8
100000000 1.7460400208E-7
110000000 1.1782804418E-6
120000000 9.922240239E-6
130000000 3.5173096278E-5
140000000 8.951540364E-5
150000000 0.00023259702808
160000000 0.0004991399936
180000000 0.0016829201781
200000000 0.00371600003844
#Header 
#Target 45 100 0
#Product 38 84 0
#Datapoints 18
1000000 0
50000000 0
55000000 3.20991776E-14
60000000 4.047511062E-12
65000000 1.698318776E-10
70000000 2.3603804388E-9
75000000 1.18731001368E-8
80000000 3.1496299361E-8
90000000 7.8145703424E-8
100000000 5.2974699166E-7
110000000 4.6639901992E-6
120000000 1.537880146E-5
130000000 3.6305405662E-5
140000000 9.032540283E-5
150000000 0.0001910320172
160000000 0.0003404199936
180000000 0.00094519597314
200000000 0.0016140101583
#Header 
#Target 45 100 0
#Product 38 85 0
#Datapoints 20
1000000 0
40000000 0
45000000 2.103029383E-15
50000000 5.167884774E-13
55000000 2.36828004E-11
60000000 2.916888934E-10
65000000 1.4618402722E-9
70000000 4.1158795184E-9
75000000 6.1462902753E-9
80000000 7.721960182E-9
90000000 1.202550368E-7
100000000 6.4589102756E-7
110000000 2.121680111E-6
120000000 4.512150163E-6
130000000 1.088489726E-5
140000000 2.383080102E-5
150000000 4.240629696E-5
160000000 7.197270016E-5
180000000 0.0001456590489
200000000 0.000220831038426
#Header 
#Target 45 100 0
#Product 38 86 0
#Datapoints 17
1000000 0
55000000 0
60000000 5.829662916E-14
65000000 2.512072024E-11
70000000 1.8646905208E-9
75000000 2.5612498212E-8
80000000 1.03801004374E-7
90000000 2.896440336E-7
100000000 4.764910029E-7
110000000 1.1828101762E-6
120000000 3.168050164E-6
130000000 6.8296507444E-6
140000000 1.080109485E-5
150000000 1.8233599536E-5
160000000 2.602819584E-5
180000000 4.3974398688E-5
200000000 5.27647964397E-5
#Header 
#Target 45 100 0
#Product 39 80 0
#Datapoints 9
1000000 0
110000000 0
120000000 1.30903635E-13
130000000 8.828092658E-11
140000000 4.347609552E-9
150000000 4.5416903736E-8
160000000 2.440160256E-7
180000000 3.4819399254E-6
200000000 2.18505019563E-5
#Header 
#Target 45 100 0
#Product 39 81 0
#Datapoints 10
1000000 0
100000000 0
110000000 7.139414256E-13
120000000 8.096311E-10
130000000 5.4034402484E-8
140000000 5.435650233E-7
150000000 2.49094038E-6
160000000 8.879399936E-6
180000000 7.1370100848E-5
200000000 0.00030583400841
#Header 
#Target 45 100 0
#Product 39 82 0
#Datapoints 11
1000000 0
90000000 0
100000000 5.794940278E-13
110000000 1.848569673E-9
120000000 1.600570097E-7
130000000 2.196400136E-6
140000000 1.0470799287E-5
150000000 3.5480399968E-5
160000000 0.000110914048
180000000 0.00063235602732
200000000 0.00199204003617
#Header 
#Target 45 100 0
#Product 39 83 0
#Datapoints 12
1000000 0
80000000 0
90000000 1.18279696E-12
100000000 3.3153303026E-9
110000000 3.581020318E-7
120000000 5.367460342E-6
130000000 2.321280273E-5
140000000 7.160680098E-5
150000000 0.0002136589604
160000000 0.0005227149312
180000000 0.0020663194539
200000000 0.00496501058205
#Header 
#Target 45 100 0
#Product 39 84 0
#Datapoints 14
1000000 0
70000000 0
75000000 2.202637668E-15
80000000 1.33236286E-12
90000000 7.464010768E-9
100000000 5.4928900568E-7
110000000 8.7337904822E-6
120000000 3.489080187E-5
130000000 9.733659668E-5
140000000 0.0002939530581
150000000 0.0006753370052
160000000 0.001349669888
180000000 0.0041198698773
200000000 0.0081027295836
#Header 
#Target 45 100 0
#Product 39 85 0
#Datapoints 16
1000000 0
60000000 0
65000000 5.50744425E-15
70000000 2.034858968E-12
75000000 1.495573275E-10
80000000 5.6936201186E-9
90000000 4.003699888E-7
100000000 1.6068503866E-6
110000000 4.4088493424E-6
120000000 1.275300448E-5
130000000 4.1393903226E-5
140000000 9.070530417E-5
150000000 0.000173906948
160000000 0.0003018109952
180000000 0.00067403402274
200000000 0.00106217959308
#Header 
#Target 45 100 0
#Product 39 86 0
#Datapoints 18
1000000 0
50000000 0
55000000 2.446530275E-15
60000000 8.655293674E-13
65000000 1.2023094314E-10
70000000 1.0357100378E-8
75000000 1.9809994407E-7
80000000 1.18986996061E-6
90000000 5.280760064E-6
100000000 8.420029983E-6
110000000 2.039350182E-5
120000000 7.192270215E-5
130000000 0.00015983704702
140000000 0.0002881810386
150000000 0.00049159194904
160000000 0.0007809640448
180000000 0.0013495198407
200000000 0.00188326985043
#Header 
#Target 45 100 0
#Product 39 87 0
#Datapoints 19
1000000 0
45000000 0
50000000 1.156819094E-12
55000000 4.438429205E-10
60000000 1.8217400362E-8
65000000 1.397360195E-7
70000000 4.0593194084E-7
75000000 6.1954404897E-7
80000000 6.9165096278E-7
90000000 8.484769888E-7
100000000 3.0262406248E-6
110000000 1.02470004218E-5
120000000 2.07602026E-5
130000000 3.2852795604E-5
140000000 5.590949832E-5
150000000 8.168900288E-5
160000000 0.00011095296
180000000 0.00016147302516
200000000 0.000194228026437
#Header 
#Target 45 100 0
#Product 39 88 0
#Datapoints 21
1000000 0
35000000 0
40000000 7.878878181E-13
45000000 3.10172758E-10
50000000 1.19252994272E-8
55000000 9.276859179E-8
60000000 3.2923900238E-7
65000000 6.6410900556E-7
70000000 7.7214092904E-7
75000000 6.7788897267E-7
80000000 7.7506204051E-7
90000000 4.2433996256E-6
100000000 1.3070697168E-5
110000000 2.7211298246E-5
120000000 4.127509385E-5
130000000 6.4610902708E-5
140000000 9.591460047E-5
150000000 0.00012779797544
160000000 0.0001489319936
180000000 0.00018195703281
200000000 0.000190072997091
#Header 
#Target 45 100 0
#Product 39 89 0
#Datapoints 19
1000000 0
45000000 0
50000000 9.260289402E-14
55000000 2.06246873E-11
60000000 6.721930356E-10
65000000 1.3610005178E-8
70000000 1.01971999592E-7
75000000 2.4574503177E-7
80000000 4.4524297075E-7
90000000 6.3388897664E-7
100000000 8.4387003842E-7
110000000 1.3529304596E-6
120000000 2.277659971E-6
130000000 3.1676495266E-6
140000000 4.133479896E-6
150000000 5.304870076E-6
160000000 5.480430592E-6
180000000 6.6368595237E-6
200000000 6.30799008753E-6
#Header 
#Target 45 100 0
#Product 40 82 0
#Datapoints 10
1000000 0
100000000 0
110000000 4.275081738E-13
120000000 2.52395213E-10
130000000 7.3693498398E-9
140000000 6.397140321E-8
150000000 3.8148100696E-7
160000000 1.560940544E-6
180000000 1.2618004554E-5
200000000 4.28465031018E-5
#Header 
#Target 45 100 0
#Product 40 83 0
#Datapoints 11
1000000 0
90000000 0
100000000 7.400782102E-13
110000000 1.0424597442E-9
120000000 4.141020329E-8
130000000 3.2463204264E-7
140000000 1.71995967E-6
150000000 7.4738597776E-6
160000000 2.342760448E-5
180000000 0.00012251902284
200000000 0.000347141985729
#Header 
#Target 45 100 0
#Product 40 84 0
#Datapoints 13
1000000 0
75000000 0
80000000 3.375880759E-15
90000000 3.831738368E-10
100000000 5.9798201966E-8
110000000 1.09076004352E-6
120000000 4.908830126E-6
130000000 2.1022001832E-5
140000000 8.154720522E-5
150000000 0.00020678403032
160000000 0.0004543009792
180000000 0.0016435399074
200000000 0.00342183001128
#Header 
#Target 45 100 0
#Product 40 85 0
#Datapoints 15
1000000 0
65000000 0
70000000 4.574009508E-15
75000000 4.611506046E-12
80000000 9.795036322E-10
90000000 3.4548898496E-7
100000000 2.8105498612E-6
110000000 1.124280301E-5
120000000 4.569290197E-5
130000000 0.00020077400746
140000000 0.0005338850049
150000000 0.00110411016
160000000 0.002223519744
180000000 0.0056584504563
200000000 0.009680760657
#Header 
#Target 45 100 0
#Product 40 86 0
#Datapoints 17
1000000 0
55000000 0
60000000 1.33338769E-12
65000000 7.040594022E-10
70000000 5.5890900064E-8
75000000 8.3748195741E-7
80000000 4.2402696459E-6
90000000 1.4774997216E-5
100000000 2.7228197636E-5
110000000 0.0001336210345
120000000 0.0005736759478
130000000 0.001341670567
140000000 0.002658370104
150000000 0.0050920500152
160000000 0.008284439552
180000000 0.015944099238
200000000 0.0225498988278
#Header 
#Target 45 100 0
#Product 40 87 0
#Datapoints 19
1000000 0
45000000 0
50000000 4.487558578E-12
55000000 2.484489399E-9
60000000 1.8781799886E-7
65000000 2.3436704522E-6
70000000 8.2108703812E-6
75000000 1.4059905006E-5
80000000 1.715189951E-5
90000000 3.5451002112E-5
100000000 0.00019806296256
110000000 0.0007782220795
120000000 0.001597290551
130000000 0.0029991295924
140000000 0.005678609976
150000000 0.0089367699424
160000000 0.01216039936
180000000 0.019376600841
200000000 0.0223513017441
#Header 
#Target 45 100 0
#Product 40 88 0
#Datapoints 22
1000000 0
30000000 0
35000000 2.654289355E-13
40000000 1.89523233E-10
45000000 2.1366398795E-8
50000000 5.2609696816E-7
55000000 3.077350003E-6
60000000 7.218700123E-6
65000000 1.00444995112E-5
70000000 9.5206895968E-6
75000000 1.3977696243E-5
80000000 6.397280768E-5
90000000 0.00042887702208
100000000 0.00083107203008
110000000 0.0014378696672
120000000 0.002672649975
130000000 0.0049998401074
140000000 0.007591819365
150000000 0.0100028001824
160000000 0.01264090112
180000000 0.016095105162
200000000 0.0163882030587
#Header 
#Target 45 100 0
#Product 40 89 0
#Datapoints 27
1000000 0
20000000 0
22000000 4.138389195E-15
24000000 1.516584015E-13
26000000 2.644815579E-12
28000000 2.755193916E-11
30000000 2.03121893E-10
35000000 1.03635006523E-8
40000000 1.18366005915E-7
45000000 5.5779095036E-7
50000000 1.4633100812E-6
55000000 1.733199594E-6
60000000 1.4886698312E-6
65000000 9.2566898886E-6
70000000 6.2176494416E-5
75000000 0.00013992303738
80000000 0.00021684696366
90000000 0.00030372203616
100000000 0.00042107397174
110000000 0.00076871599048
120000000 0.001437500509
130000000 0.0020482697788
140000000 0.002693800395
150000000 0.0031351094376
160000000 0.003771140096
180000000 0.0038973603858
200000000 0.00389839032714
#Header 
#Target 45 100 0
#Product 40 90 0
#Datapoints 22
1000000 0
30000000 0
35000000 1.1344888906E-12
40000000 3.413786715E-10
45000000 1.36108003584E-8
50000000 9.651670661E-7
55000000 1.3738706415E-5
60000000 3.9312298108E-5
65000000 4.518520083E-5
70000000 3.9599894404E-5
75000000 3.2705700552E-5
80000000 3.2862098542E-5
90000000 7.1840890048E-5
100000000 0.0001501690317
110000000 0.00024286498678
120000000 0.000333031023
130000000 0.00039126500898
140000000 0.0004880329623
150000000 0.00055781500512
160000000 0.0005990490112
180000000 0.00061823801457
200000000 0.000615516983298
#Header 
#Target 45 100 0
#Product 40 91 0
#Datapoints 23
1000000 0
28000000 0
30000000 1.2555191025E-15
35000000 1.0781096168E-11
40000000 1.878389514E-9
45000000 4.7429595633E-8
50000000 5.0003098036E-7
55000000 1.9832196405E-6
60000000 3.4627399212E-6
65000000 3.368370159E-6
70000000 2.5581896204E-6
75000000 2.1460998825E-6
80000000 2.6280596855E-6
90000000 8.0254996288E-6
100000000 1.5644496382E-5
110000000 2.3170204486E-5
120000000 2.809700304E-5
130000000 3.4239597314E-5
140000000 3.968279991E-5
150000000 4.47573948E-5
160000000 4.800549888E-5
180000000 4.6573894992E-5
200000000 4.68488055051E-5
#Header 
#Target 45 100 0
#Product 40 92 0
#Datapoints 19
1000000 0
45000000 0
50000000 4.11999454E-13
55000000 6.429956715E-11
60000000 1.2512292876E-9
65000000 1.13421000308E-8
70000000 5.692030034E-8
75000000 2.0099198154E-7
80000000 5.0835302682E-7
90000000 1.09846999008E-6
100000000 1.5781994418E-6
110000000 2.0503301066E-6
120000000 2.738899859E-6
130000000 3.5963199078E-6
140000000 4.45599063E-6
150000000 5.1557503544E-6
160000000 5.442849792E-6
180000000 6.280030443E-6
200000000 6.57171000246E-6
#Header 
#Target 45 100 0
#Product 41 84 0
#Datapoints 10
1000000 0
100000000 0
110000000 9.083700204E-13
120000000 5.67198899E-10
130000000 2.0785602646E-8
140000000 1.51511958E-7
150000000 5.2238999224E-7
160000000 1.452619776E-6
180000000 7.5188106039E-6
200000000 1.93795059453E-5
#Header 
#Target 45 100 0
#Product 41 85 0
#Datapoints 11
1000000 0
90000000 0
100000000 1.953801632E-11
110000000 1.10134996958E-8
120000000 3.046160371E-7
130000000 2.1736199092E-6
140000000 6.680180403E-6
150000000 1.6337696816E-5
160000000 3.825319936E-5
180000000 0.00011504701266
200000000 0.000217771981314
#Header 
#Target 45 100 0
#Product 41 86 0
#Datapoints 12
1000000 0
80000000 0
90000000 5.162909024E-11
100000000 5.8951203556E-8
110000000 2.3618797548E-6
120000000 1.881640063E-5
130000000 5.7411599478E-5
140000000 0.0001346979699
150000000 0.0002992889756
160000000 0.0005574079488
180000000 0.0012636795201
200000000 0.00207459941436
#Header 
#Target 45 100 0
#Product 41 87 0
#Datapoints 15
1000000 0
65000000 0
70000000 3.236656216E-15
75000000 8.37175878E-12
80000000 1.3192803995E-9
90000000 3.6725801568E-7
100000000 5.614689696E-6
110000000 2.9125200198E-5
120000000 6.728641037E-5
130000000 0.00014841802742
140000000 0.000324521964
150000000 0.00053658799184
160000000 0.0007736699904
180000000 0.0013250799864
200000000 0.0015830699133
#Header 
#Target 45 100 0
#Product 41 88 0
#Datapoints 17
1000000 0
55000000 0
60000000 1.491136198E-13
65000000 1.49236241E-10
70000000 1.5822099448E-8
75000000 4.8708698241E-7
80000000 7.4158596919E-6
90000000 0.000121383048
100000000 0.0003130330453
110000000 0.00060973602262
120000000 0.001349380439
130000000 0.00294216939
140000000 0.004728679722
150000000 0.0065680401656
160000000 0.008791819264
180000000 0.012353303703
200000000 0.011983598892
#Header 
#Target 45 100 0
#Product 41 89 0
#Datapoints 20
1000000 0
40000000 0
45000000 3.117919798E-15
50000000 2.095146062E-11
55000000 6.2209600075E-9
60000000 3.5278004376E-7
65000000 1.4310305394E-5
70000000 0.00014326001408
75000000 0.00047959204314
80000000 0.00082686906885
90000000 0.00106925996096
100000000 0.0015556295698
110000000 0.0038589201922
120000000 0.007855310191
130000000 0.011948195768
140000000 0.01584710244
150000000 0.020352596632
160000000 0.02417000448
180000000 0.026957400558
200000000 0.0256146037623
#Header 
#Target 45 100 0
#Product 41 90 0
#Datapoints 22
1000000 0
30000000 0
35000000 1.450327742E-13
40000000 6.621816825E-11
45000000 5.5107898832E-9
50000000 1.33561994606E-6
55000000 5.9480697745E-5
60000000 0.0003445959772
65000000 0.00071581794746
70000000 0.00094102697064
75000000 0.00093257403792
80000000 0.00087023800106
90000000 0.001536890304
100000000 0.0036574706016
110000000 0.0069767194378
120000000 0.009497319741
130000000 0.012195600722
140000000 0.01512499716
150000000 0.017769200904
160000000 0.01868539904
180000000 0.017806896063
200000000 0.0160434010395
#Header 
#Target 45 100 0
#Product 41 91 0
#Datapoints 25
1000000 0
24000000 0
26000000 8.916667314E-14
28000000 1.0429999998E-11
30000000 6.83999966E-10
35000000 1.35495999777E-6
40000000 7.0283201283E-5
45000000 0.00037810897579
50000000 0.00059890099578
55000000 0.0006527889557
60000000 0.00058723594496
65000000 0.00045962001316
70000000 0.000504849958
75000000 0.00110278993818
80000000 0.0022251005117
90000000 0.0040770106336
100000000 0.0053039895942
110000000 0.0064582197784
120000000 0.008229789395
130000000 0.01008349963
140000000 0.01154990421
150000000 0.012013996864
160000000 0.01198319616
180000000 0.01137209556
200000000 0.0106724986434
#Header 
#Target 45 100 0
#Product 41 92 0
#Datapoints 30
1000000 0
17000000 0
18000000 1.676789178E-15
19000000 4.14604001E-14
20000000 7.345173591E-13
22000000 6.35289717E-11
24000000 1.8086695335E-9
26000000 2.3372098848E-8
28000000 1.6373597928E-7
30000000 7.2016107215E-7
35000000 7.5755495878E-6
40000000 3.1104899829E-5
45000000 6.2173404664E-5
50000000 5.3391797932E-5
55000000 3.52589006E-5
60000000 2.9390706088E-5
65000000 4.9102295858E-5
70000000 0.00013164696556
75000000 0.00029010102933
80000000 0.00043785001718
90000000 0.00052069302336
100000000 0.0005802929967
110000000 0.00068774698808
120000000 0.0008511609969
130000000 0.00096514793414
140000000 0.0010168899975
150000000 0.00101466997384
160000000 0.0009793559552
180000000 0.0008982489882
200000000 0.00084956903397
#Header 
#Target 45 100 0
#Product 41 93 0
#Datapoints 22
1000000 0
30000000 0
35000000 5.749223081E-13
40000000 5.989698738E-10
45000000 2.8648006352E-8
50000000 3.5518893662E-7
55000000 3.722599398E-6
60000000 2.2013000834E-5
65000000 6.0043496128E-5
70000000 9.1880295688E-5
75000000 9.2773002E-5
80000000 8.7689496776E-5
90000000 9.0511207648E-5
100000000 0.0001182439706
110000000 0.0001635380131
120000000 0.0001977259667
130000000 0.0002180480314
140000000 0.0002230890012
150000000 0.00023038496864
160000000 0.0002260830208
180000000 0.00023258496234
200000000 0.000228914987772
#Header 
#Target 45 100 0
#Product 41 94 0
#Datapoints 22
1000000 0
30000000 0
35000000 3.909547752E-13
40000000 4.413330279E-10
45000000 4.0102000533E-8
50000000 5.8167295846E-7
55000000 2.756180476E-6
60000000 5.0080098754E-6
65000000 4.7318401592E-6
70000000 3.7691694948E-6
75000000 3.4033601973E-6
80000000 3.5502501429E-6
90000000 6.2820805152E-6
100000000 1.0130600125E-5
110000000 1.3401604874E-5
120000000 1.54357953E-5
130000000 1.7110800264E-5
140000000 1.727660259E-5
150000000 1.8558503224E-5
160000000 1.847929856E-5
180000000 1.965669861E-5
200000000 1.99238971005E-5
#Header 
#Target 45 100 0
#Product 41 95 0
#Datapoints 19
1000000 0
45000000 0
50000000 1.60335993E-15
55000000 2.100021945E-12
60000000 1.83707865E-10
65000000 3.4639501204E-9
70000000 3.1694001908E-8
75000000 1.5678403125E-7
80000000 4.5845704359E-7
90000000 1.2621300288E-6
100000000 2.183800735E-6
110000000 3.035189552E-6
120000000 3.662000414E-6
130000000 4.2160998832E-6
140000000 4.490570097E-6
150000000 5.0417596184E-6
160000000 5.144070144E-6
180000000 5.4842700684E-6
200000000 5.52821045952E-6
#Header 
#Target 45 100 0
#Product 42 86 0
#Datapoints 11
1000000 0
90000000 0
100000000 8.090179756E-12
110000000 1.5601702668E-9
120000000 2.345349975E-8
130000000 1.120040308E-7
140000000 4.31949024E-7
150000000 1.3692501632E-6
160000000 3.058459648E-6
180000000 8.5433193252E-6
200000000 1.60726027374E-5
#Header 
#Target 45 100 0
#Product 42 87 0
#Datapoints 13
1000000 0
75000000 0
80000000 9.273483038E-15
90000000 5.933620768E-10
100000000 4.6335296162E-8
110000000 5.404400031E-7
120000000 2.048840177E-6
130000000 7.5127599216E-6
140000000 2.295370467E-5
150000000 4.6602704144E-5
160000000 7.561679872E-5
180000000 0.00016802001894
200000000 0.000231501985146
#Header 
#Target 45 100 0
#Product 42 88 0
#Datapoints 15
1000000 0
65000000 0
70000000 1.370442368E-11
75000000 7.0742902566E-9
80000000 3.3569193716E-7
90000000 7.1495099712E-6
100000000 1.6489804336E-5
110000000 3.7237905466E-5
120000000 0.0001182639636
130000000 0.00032791899876
140000000 0.0006031050129
150000000 0.00085341500144
160000000 0.001286670336
180000000 0.0020194699761
200000000 0.00219405036912
#Header 
#Target 45 100 0
#Product 42 89 0
#Datapoints 18
1000000 0
50000000 0
55000000 1.223919102E-14
60000000 4.078698752E-10
65000000 1.6428397832E-7
70000000 4.7970100544E-6
75000000 2.7564601932E-5
80000000 6.4890397765E-5
90000000 9.9530306048E-5
100000000 0.00016355196066
110000000 0.00056247308152
120000000 0.001492250162
130000000 0.0025449703664
140000000 0.003733419924
150000000 0.0049965897776
160000000 0.006643579904
180000000 0.0080883594192
200000000 0.00818108992854
#Header 
#Target 45 100 0
#Product 42 90 0
#Datapoints 21
1000000 0
35000000 0
40000000 1.458731916E-15
45000000 1.0511092011E-10
50000000 1.7819695154E-7
55000000 1.450830192E-5
60000000 0.00014570003272
65000000 0.00038965492412
70000000 0.00050448995588
75000000 0.00044510997258
80000000 0.00039622791763
90000000 0.00103034997504
100000000 0.003218759577
110000000 0.0067824992732
120000000 0.009748048997
130000000 0.0134644009
140000000 0.01794340431
150000000 0.022021897888
160000000 0.02406030336
180000000 0.023807099034
200000000 0.0226636999956
#Header 
#Target 45 100 0
#Product 42 91 0
#Datapoints 24
1000000 0
26000000 0
28000000 1.536427512E-15
30000000 1.608975225E-12
35000000 2.7204200142E-8
40000000 5.7760304418E-6
45000000 0.000127685995374
50000000 0.0004933599988
55000000 0.00078006198795
60000000 0.00072795206762
65000000 0.00053683198492
70000000 0.000567019024
75000000 0.0014121798873
80000000 0.0038015303365
90000000 0.0092142296576
100000000 0.012469899968
110000000 0.01615590408
120000000 0.02160009804
130000000 0.029045399412
140000000 0.03426610473
150000000 0.036170601112
160000000 0.0361728
180000000 0.034022103192
200000000 0.0318674995869
#Header 
#Target 45 100 0
#Product 42 92 0
#Datapoints 34
1000000 0
13000000 0
14000000 1.62872857809E-15
15000000 1.39340058E-13
16000000 6.18179607E-12
17000000 1.673157352E-10
18000000 2.7358706556E-9
19000000 2.8252798955E-8
20000000 2.1379103619E-7
22000000 5.058759384E-6
24000000 4.2550596621E-5
26000000 0.00014857097232
28000000 0.00027380105094
30000000 0.00036696196875
35000000 0.00083970489857
40000000 0.00127032008724
45000000 0.00112550997699
50000000 0.00074883502504
55000000 0.00067872799995
60000000 0.002174420071
65000000 0.00859615064
70000000 0.016740801268
75000000 0.020887596093
80000000 0.021529997331
90000000 0.021045095328
100000000 0.025808397348
110000000 0.036012302452
120000000 0.04609800118
130000000 0.05102939958
140000000 0.05207789457
150000000 0.051086900064
160000000 0.04928979968
180000000 0.046207101963
200000000 0.0433311059169
#Header 
#Target 45 100 0
#Product 42 93 0
#Datapoints 43
1000000 0
4000000 0
5000000 1.6976896E-18
6000000 1.910739888E-15
7000000 4.118713506E-13
8000000 2.54363877E-11
9000000 6.402083255092E-10
10000000 8.094311323553E-9
11000000 5.9140604051781E-8
12000000 2.8315498146E-7
13000000 9.9996176362E-7
14000000 2.6140299489414E-6
15000000 5.582599893E-6
16000000 9.8501791095E-6
17000000 1.4763103125E-5
18000000 2.0663495828E-5
19000000 2.692510273E-5
20000000 3.8163703218E-5
22000000 8.6926898545E-5
24000000 0.00017116097301
26000000 0.00026830600659
28000000 0.0003437959908
30000000 0.0003747780101
35000000 0.0002526130669
40000000 0.000133244002161
45000000 0.00014046201155
50000000 0.00079842600214
55000000 0.002671369372
60000000 0.0053830499864
65000000 0.0069224205974
70000000 0.0064684199668
75000000 0.0054253296552
80000000 0.0052006204105
90000000 0.0064541700448
100000000 0.0089731997274
110000000 0.011632901864
120000000 0.0129816999
130000000 0.013749897802
140000000 0.01348149582
150000000 0.013525904576
160000000 0.01302349824
180000000 0.012525002364
200000000 0.0123584964384
#Header 
#Target 45 100 0
#Product 42 94 0
#Datapoints 29
1000000 0
18000000 0
19000000 9.18277855E-15
20000000 2.790292977E-13
22000000 6.46550121E-11
24000000 3.7116503856E-9
26000000 6.8149803201E-8
28000000 4.7706607446E-7
30000000 1.488870227E-6
35000000 4.576419823E-5
40000000 0.00081202498623
45000000 0.0019037705785
50000000 0.0029240892874
55000000 0.003264919756
60000000 0.0026475197486
65000000 0.00208174043
70000000 0.0019532994776
75000000 0.0023100995232
80000000 0.0030811503147
90000000 0.0045019308672
100000000 0.005586780039
110000000 0.0060938102252
120000000 0.006284070538
130000000 0.0063109900096
140000000 0.00602336007
150000000 0.0061225694328
160000000 0.005877600256
180000000 0.0056080200438
200000000 0.00551270006559
#Header 
#Target 45 100 0
#Product 42 95 0
#Datapoints 31
1000000 0
16000000 0
17000000 1.286770478E-15
18000000 1.1521889902E-13
19000000 4.05560854E-12
20000000 7.621472814E-11
22000000 4.896310001E-9
24000000 8.329600521E-8
26000000 6.6754904853E-7
28000000 3.5851294674E-6
30000000 1.33991997815E-5
35000000 0.000137348998946
40000000 0.00039298403475
45000000 0.00046312195601
50000000 0.00032531300334
55000000 0.0002386869611
60000000 0.00020979405628
65000000 0.00025065003502
70000000 0.000401354054
75000000 0.00061359701109
80000000 0.00079203203383
90000000 0.00096259496352
100000000 0.00108002000264
110000000 0.0011264604586
120000000 0.001124289683
130000000 0.0011344495134
140000000 0.001124370234
150000000 0.0011261197312
160000000 0.001106400256
180000000 0.0010902599682
200000000 0.00105624987057
#Header 
#Target 45 100 0
#Product 42 96 0
#Datapoints 22
1000000 0
30000000 0
35000000 4.7174721E-11
40000000 3.724409241E-8
45000000 6.0735995992E-7
50000000 2.7705198418E-6
55000000 1.0901800455E-5
60000000 3.086500484E-5
65000000 6.4105602946E-5
70000000 8.71010009E-5
75000000 9.7156199679E-5
80000000 0.000105779988598
90000000 0.00012644201088
100000000 0.00013556703268
110000000 0.00014525500638
120000000 0.0001516940583
130000000 0.00015435097144
140000000 0.0001574320293
150000000 0.00015795602696
160000000 0.0001574089728
180000000 0.00015575904669
200000000 0.000154752988521
#Header 
#Target 45 100 0
#Product 42 97 0
#Datapoints 22
1000000 0
30000000 0
35000000 9.583407863E-13
40000000 3.2105897748E-9
45000000 2.3343096E-7
50000000 2.1392602256E-6
55000000 6.287570205E-6
60000000 8.6612095686E-6
65000000 8.8260706996E-6
70000000 9.0936899404E-6
75000000 9.9904997409E-6
80000000 1.09479992012E-5
90000000 1.2525199136E-5
100000000 1.370320184E-5
110000000 1.4192903998E-5
120000000 1.446169595E-5
130000000 1.455999941E-5
140000000 1.452430278E-5
150000000 1.4377203496E-5
160000000 1.413409792E-5
180000000 1.3585597737E-5
200000000 1.31798960982E-5
#Header 
#Target 45 100 0
#Product 43 89 0
#Datapoints 13
1000000 0
75000000 0
80000000 4.830948494E-15
90000000 1.1680300544E-9
100000000 1.3634601308E-7
110000000 1.6363097074E-6
120000000 6.320980159E-6
130000000 1.275170248E-5
140000000 2.057889483E-5
150000000 3.146189968E-5
160000000 4.501569536E-5
180000000 6.0767901243E-5
200000000 6.42793019283E-5
#Header 
#Target 45 100 0
#Product 43 90 0
#Datapoints 15
1000000 0
65000000 0
70000000 6.148218848E-13
75000000 8.947318737E-10
80000000 5.5243794955E-8
90000000 3.6855103008E-6
100000000 2.5094693678E-5
110000000 8.1854396056E-5
120000000 0.0001384689563
130000000 0.0002152500183
140000000 0.0003279350529
150000000 0.00043847896896
160000000 0.0004986999808
180000000 0.0005242250139
200000000 0.000517503001842
#Header 
#Target 45 100 0
#Product 43 91 0
#Datapoints 18
1000000 0
50000000 0
55000000 2.684398255E-14
60000000 7.873869498E-10
65000000 2.1502493936E-7
70000000 3.9053504292E-6
75000000 3.3836098779E-5
80000000 0.00018399695988
90000000 0.00069747510304
100000000 0.00099639896954
110000000 0.0013447894212
120000000 0.00200215956
130000000 0.0029679301672
140000000 0.003688610562
150000000 0.0040626097016
160000000 0.004160180224
180000000 0.0040727701245
200000000 0.00381351976176
#Header 
#Target 45 100 0
#Product 43 92 0
#Datapoints 20
1000000 0
40000000 0
45000000 1.0536092686E-10
50000000 1.7999002586E-7
55000000 5.881040403E-6
60000000 8.4760198E-5
65000000 0.0009730719306
70000000 0.0037214507056
75000000 0.0062936496987
80000000 0.0070692005445
90000000 0.006685160432
100000000 0.0083295094908
110000000 0.012733903744
120000000 0.01744300619
130000000 0.02005399743
140000000 0.02028629772
150000000 0.019728397224
160000000 0.0188733952
180000000 0.017095204062
200000000 0.0155090973864
#Header 
#Target 45 100 0
#Product 43 93 0
#Datapoints 24
1000000 0
26000000 0
28000000 1.660518558E-15
30000000 1.545995945E-11
35000000 8.5623104024E-7
40000000 2.1920897322E-5
45000000 0.00040970996598
50000000 0.0055133201908
55000000 0.018682598445
60000000 0.028406399152
65000000 0.02798900104
70000000 0.022748495064
75000000 0.018981102273
80000000 0.018958103151
90000000 0.02996710608
100000000 0.044156606772
110000000 0.055639394166
120000000 0.05950700214
130000000 0.057276200696
140000000 0.05575189581
150000000 0.052981702928
160000000 0.05129910272
180000000 0.047548796205
200000000 0.045380204676
#Header 
#Target 45 100 0
#Product 43 94 0
#Datapoints 28
1000000 0
19000000 0
20000000 2.398770162E-13
22000000 5.764688555E-10
24000000 6.0812704557E-8
26000000 7.361429964E-7
28000000 2.5199894922E-6
30000000 5.699959486E-6
35000000 0.00044822799539
40000000 0.0082055595564
45000000 0.023865603258
50000000 0.034188706256
55000000 0.030503199125
60000000 0.021532606232
65000000 0.017075103122
70000000 0.017747602596
75000000 0.024309004251
80000000 0.03475789795
90000000 0.049893702848
100000000 0.056713793664
110000000 0.057290395416
120000000 0.05452870368
130000000 0.051108602568
140000000 0.04851879669
150000000 0.046571607272
160000000 0.04486519808
180000000 0.042267002616
200000000 0.0403713031464
#Header 
#Target 45 100 0
#Product 43 95 0
#Datapoints 33
1000000 0
14000000 0
15000000 2.68499037E-14
16000000 2.568314385E-12
17000000 1.387315353E-10
18000000 4.2117794798E-9
19000000 8.43711975E-8
20000000 1.20557993988E-6
22000000 6.2905898555E-5
24000000 0.00067843501767
26000000 0.0026514201402
28000000 0.0061177797012
30000000 0.0100985999985
35000000 0.019637202794
40000000 0.02395959831
45000000 0.017352701387
50000000 0.011710399119
55000000 0.009718350215
60000000 0.0123633003608
65000000 0.020491501646
70000000 0.030178303892
75000000 0.035971998069
80000000 0.03845710151
90000000 0.039128800128
100000000 0.038758295444
110000000 0.037044199132
120000000 0.03538879973
130000000 0.03444580558
140000000 0.0327484053
150000000 0.031564300424
160000000 0.03083049984
180000000 0.029137896468
200000000 0.0277048972476
#Header 
#Target 45 100 0
#Product 43 96 0
#Datapoints 40
1000000 0
7000000 0
8000000 2.197147565E-15
9000000 3.066670489274E-12
10000000 5.139369346062E-10
11000000 1.670109926044E-8
12000000 1.51936986906E-7
13000000 7.1850902038E-7
14000000 2.7889508008116E-6
15000000 9.701370144E-6
16000000 3.072369771E-5
17000000 8.4232395177E-5
18000000 0.0002004679607
19000000 0.00041317502105
20000000 0.00075607099905
22000000 0.001835430594
24000000 0.0031861901835
26000000 0.0044690291832
28000000 0.005302889322
30000000 0.0052180596455
35000000 0.0032232103835
40000000 0.0022346303085
45000000 0.0018544993852
50000000 0.0023617207636
55000000 0.0054898091255
60000000 0.0106859000792
65000000 0.013636195496
70000000 0.01371659524
75000000 0.013219906245
80000000 0.012822604902
90000000 0.01232479952
100000000 0.011813397674
110000000 0.011074899666
120000000 0.010522000033
130000000 0.0103282998142
140000000 0.009858799899
150000000 0.0097166902832
160000000 0.0091792896
180000000 0.008591049771
200000000 0.00812683940118
#Header 
#Target 45 100 0
#Product 43 97 0
#Datapoints 27
1000000 0
20000000 0
22000000 3.30679005E-13
24000000 8.52882633E-11
26000000 4.4970797901E-9
28000000 9.4401307704E-8
30000000 9.9202199655E-7
35000000 4.3772506214E-5
40000000 0.00044796405564
45000000 0.0021291794041
50000000 0.004094739782
55000000 0.004860479057
60000000 0.004425370436
65000000 0.0042667197958
70000000 0.0041962594968
75000000 0.0043128696786
80000000 0.0044330199171
90000000 0.0045939498048
100000000 0.004507629479
110000000 0.0044372203708
120000000 0.004316579685
130000000 0.004159420178
140000000 0.003985670286
150000000 0.0038235601504
160000000 0.003788510208
180000000 0.0035742503553
200000000 0.00335666003301
#Header 
#Target 45 100 0
#Product 43 98 0
#Datapoints 27
1000000 0
20000000 0
22000000 1.64544815E-12
24000000 8.715201399E-10
26000000 6.0589901076E-8
28000000 1.15854994194E-6
30000000 9.024590692E-6
35000000 0.00014458004122
40000000 0.00043985997405
45000000 0.00049705698182
50000000 0.00044406705754
55000000 0.0004567720507
60000000 0.00048481804518
65000000 0.0005227250028
70000000 0.00055137994968
75000000 0.0005744690175
80000000 0.00058742901706
90000000 0.00060978406432
100000000 0.00059142396414
110000000 0.00057329997154
120000000 0.0005479839888
130000000 0.00053493096418
140000000 0.0005169899358
150000000 0.00048949993992
160000000 0.0004793449472
180000000 0.00043796102778
200000000 0.00042196306131
#Header 
#Target 45 100 0
#Product 44 91 0
#Datapoints 15
1000000 0
65000000 0
70000000 8.196830424E-13
75000000 1.2018196323E-9
80000000 4.9534303794E-8
90000000 8.2629503904E-7
100000000 1.711609544E-6
110000000 3.0305795664E-6
120000000 6.18176965E-6
130000000 1.247259706E-5
140000000 1.880680113E-5
150000000 2.2760202168E-5
160000000 2.503399424E-5
180000000 2.6200598991E-5
200000000 2.46118942668E-5
#Header 
#Target 45 100 0
#Product 44 92 0
#Datapoints 18
1000000 0
50000000 0
55000000 7.07204904E-12
60000000 3.7419602496E-8
65000000 2.5058203478E-6
70000000 1.7490995996E-5
75000000 3.996869499E-5
80000000 5.0193298657E-5
90000000 4.7934697952E-5
100000000 6.9342699294E-5
110000000 0.00014652297534
120000000 0.0002525680274
130000000 0.0003295210446
140000000 0.0003592230525
150000000 0.00036114000032
160000000 0.0003616749568
180000000 0.00034182999984
200000000 0.000319646028447
#Header 
#Target 45 100 0
#Product 44 93 0
#Datapoints 20
1000000 0
40000000 0
45000000 7.8814607389E-9
50000000 7.2062096552E-6
55000000 0.0001794189411
60000000 0.00060778999998
65000000 0.00077267202782
70000000 0.00062451195232
75000000 0.00047433001665
80000000 0.00045167004002
90000000 0.00091997998048
100000000 0.0017203599382
110000000 0.0025718302692
120000000 0.002954120338
130000000 0.002973939445
140000000 0.002886640497
150000000 0.002767580104
160000000 0.002650850304
180000000 0.0025032495489
200000000 0.00237494963268
#Header 
#Target 45 100 0
#Product 44 94 0
#Datapoints 25
1000000 0
24000000 0
26000000 1.588219917E-15
28000000 3.2889894438E-9
30000000 2.269319559E-6
35000000 0.00033095696852
40000000 0.0050960890071
45000000 0.014220301746
50000000 0.0133114994838
55000000 0.008359279334
60000000 0.0056225792588
65000000 0.004994419507
70000000 0.0074140497948
75000000 0.014235700353
80000000 0.022127500388
90000000 0.029591603424
100000000 0.032764303972
110000000 0.032723697444
120000000 0.03096299458
130000000 0.029160499618
140000000 0.02783109537
150000000 0.026528205064
160000000 0.02599360512
180000000 0.024733396842
200000000 0.0236037039279
#Header 
#Target 45 100 0
#Product 44 95 0
#Datapoints 31
1000000 0
16000000 0
17000000 4.820772725E-14
18000000 4.704711144E-10
19000000 1.1791000184E-7
20000000 5.0530598973E-6
22000000 0.0005744990477
24000000 0.0026965796121
26000000 0.00548927025
28000000 0.012899300277
30000000 0.02461790383
35000000 0.042203998787
40000000 0.034864698375
45000000 0.020278300924
50000000 0.013733999032
55000000 0.013326297565
60000000 0.026132302182
65000000 0.05579119315
70000000 0.08077749904
75000000 0.089059801425
80000000 0.089081897162
90000000 0.085264399488
100000000 0.080783397108
110000000 0.075101502788
120000000 0.07064379922
130000000 0.06673670748
140000000 0.06383610324
150000000 0.061666995984
160000000 0.05877029888
180000000 0.055161000429
200000000 0.0527561037042
#Header 
#Target 45 100 0
#Product 44 96 0
#Datapoints 42
1000000 0
5000000 0
6000000 6.047973312E-14
7000000 1.2201299982E-9
8000000 4.616219807E-7
9000000 2.4288803214088E-5
10000000 0.00043758804438181
11000000 0.0034760505967544
12000000 0.0094139340675
13000000 0.0108767048898
14000000 0.009876444748389
15000000 0.01102429566
16000000 0.015619499325
17000000 0.023125004038
18000000 0.03212670575
19000000 0.040090802445
20000000 0.046824599049
22000000 0.05657709631
24000000 0.06149420028
26000000 0.060921604566
28000000 0.052911698388
30000000 0.041132395915
35000000 0.022551903826
40000000 0.01675929447
45000000 0.029401602041
50000000 0.08885719902
55000000 0.1460110386
60000000 0.1724379751
65000000 0.16693598768
70000000 0.15206695336
75000000 0.14216901678
80000000 0.13629596993
90000000 0.12743097312
100000000 0.11904796518
110000000 0.110607007766
120000000 0.1037839934
130000000 0.09845960255
140000000 0.09351280224
150000000 0.089088408632
160000000 0.08608950272
180000000 0.079712297181
200000000 0.0744852020325
#Header 
#Target 45 100 0
#Product 44 97 0
#Datapoints 46
1000000 0
1000000 6.2132205036E-15
2000000 5.2316497408E-10
3000000 1.54294005905E-7
4000000 7.1260187045E-6
5000000 9.55217965E-5
6000000 0.00065526601728
7000000 0.00228436978676
8000000 0.0045448414023
9000000 0.006646409764253
10000000 0.008729478438135
11000000 0.01114690096233
12000000 0.0140040978489
13000000 0.0171410954122
14000000 0.019968899020173
15000000 0.022141599
16000000 0.025765998345
17000000 0.026735205139
18000000 0.026150400606
19000000 0.01929899461
20000000 0.01481790567
22000000 0.0113107999025
24000000 0.0090780695802
26000000 0.0075118795611
28000000 0.0063567001914
30000000 0.005950030567
35000000 0.033087008598
40000000 0.09062459982
45000000 0.14251795747
50000000 0.1613719645
55000000 0.14128697415
60000000 0.122622001572
65000000 0.11321100483
70000000 0.107813005756
75000000 0.105076001331
80000000 0.103318001629
90000000 0.096608798144
100000000 0.091469009346
110000000 0.08553579725
120000000 0.08032599873
130000000 0.075030410148
140000000 0.07097720175
150000000 0.067751897424
160000000 0.06370700288
180000000 0.058315997112
200000000 0.0534571016106
#Header 
#Target 45 100 0
#Product 44 98 0
#Datapoints 38
1000000 0
9000000 0
10000000 7.79793471128E-14
11000000 4.231577089782E-12
12000000 8.2215345396E-11
13000000 8.9958719744E-10
14000000 6.8442106937679E-9
15000000 4.075559736E-8
16000000 2.0720305035E-7
17000000 8.7667903098E-7
18000000 5.8029798822E-6
19000000 5.0769804245E-5
20000000 0.00042446004657
22000000 0.0095402997275
24000000 0.052017802344
26000000 0.101792008128
28000000 0.112439001516
30000000 0.10963699682
35000000 0.123274998996
40000000 0.118322001288
45000000 0.098880902589
50000000 0.091667388134
55000000 0.08987220557
60000000 0.088197797648
65000000 0.086904996948
70000000 0.085940197968
75000000 0.084627394362
80000000 0.082734098271
90000000 0.07962179504
100000000 0.074460600522
110000000 0.068563404086
120000000 0.06380230187
130000000 0.0601174018
140000000 0.05572729773
150000000 0.051814496312
160000000 0.0496962048
180000000 0.044039400111
200000000 0.0402062001057
#Header 
#Target 45 100 0
#Product 44 99 0
#Datapoints 40
1000000 0
7000000 0
8000000 3.3503692348E-14
9000000 8.451313915653E-10
10000000 4.2911106566349E-7
11000000 1.6188900769965E-5
12000000 0.000126427967709
13000000 0.000371860050574
14000000 0.00078634510626294
15000000 0.0010721905695
16000000 0.001642189869
17000000 0.0025842298675
18000000 0.0040209400522
19000000 0.0058615398325
20000000 0.0080045202828
22000000 0.012776604175
24000000 0.017670698523
26000000 0.020494594545
28000000 0.020196902496
30000000 0.018815896515
35000000 0.019592692841
40000000 0.023277104136
45000000 0.026388096021
50000000 0.028363603862
55000000 0.02983409926
60000000 0.030770295834
65000000 0.031312499988
70000000 0.03161079612
75000000 0.031575598173
80000000 0.031397202298
90000000 0.030377699808
100000000 0.02885060136
110000000 0.027004406194
120000000 0.02524429988
130000000 0.023658504216
140000000 0.0222460992
150000000 0.020919396008
160000000 0.0197117952
180000000 0.017712902784
200000000 0.0160579969773
#Header 
#Target 45 100 0
#Product 45 93 0
#Datapoints 15
1000000 0
65000000 0
70000000 1.101789688E-11
75000000 4.2554800974E-9
80000000 7.2806201352E-8
90000000 1.3146104416E-6
100000000 4.8058202064E-6
110000000 1.00625006838E-5
120000000 1.323520466E-5
130000000 1.4095294774E-5
140000000 1.369260126E-5
150000000 1.3192502944E-5
160000000 1.291280384E-5
180000000 1.2438797643E-5
200000000 1.14423999843E-5
#Header 
#Target 45 100 0
#Product 45 94 0
#Datapoints 17
1000000 0
55000000 0
60000000 1.8352204106E-9
65000000 1.7372501916E-7
70000000 1.8201300632E-6
75000000 8.905690458E-6
80000000 3.0174298246E-5
90000000 7.5238194368E-5
100000000 0.000102205004026
110000000 0.00011187095302
120000000 0.0001115309662
130000000 0.00010770696358
140000000 0.00010493900001
150000000 0.000101429996568
160000000 9.797310464E-5
180000000 9.055169742E-5
200000000 8.85953976306E-5
#Header 
#Target 45 100 0
#Product 45 95 0
#Datapoints 20
1000000 0
40000000 0
45000000 3.4909394583E-8
50000000 1.8408801866E-5
55000000 0.00016132402195
60000000 0.0013405901582
65000000 0.0050984407012
70000000 0.0078298804764
75000000 0.0079678609269
80000000 0.0074315998491
90000000 0.0067536502656
100000000 0.0062915699802
110000000 0.0057174198366
120000000 0.0053203706
130000000 0.0050062401542
140000000 0.004761570177
150000000 0.0045390994864
160000000 0.004324750336
180000000 0.0039898400016
200000000 0.00377168953275
#Header 
#Target 45 100 0
#Product 45 96 0
#Datapoints 22
1000000 0
30000000 0
35000000 1.872790623E-7
40000000 0.000114397001865
45000000 0.00122293000452
50000000 0.014718097718
55000000 0.036428595035
60000000 0.04117960082
65000000 0.034727697004
70000000 0.02844280256
75000000 0.024681094746
80000000 0.022541400595
90000000 0.019271504704
100000000 0.016876496146
110000000 0.014988104222
120000000 0.01353509874
130000000 0.012402997354
140000000 0.01154279646
150000000 0.010887702816
160000000 0.0102891008
180000000 0.0093695702025
200000000 0.00859619997114
#Header 
#Target 45 100 0
#Product 45 97 0
#Datapoints 27
1000000 0
20000000 0
22000000 7.639591595E-10
24000000 1.7689397661E-6
26000000 6.9885297858E-5
28000000 0.00037801603842
30000000 0.0009072999156
35000000 0.035380305163
40000000 0.18059501691
45000000 0.23996894474
50000000 0.19292596914
55000000 0.1440910625
60000000 0.11983000664
65000000 0.109883006618
70000000 0.101946000136
75000000 0.096342099945
80000000 0.09067520633
90000000 0.083028612
100000000 0.075380996704
110000000 0.068610495936
120000000 0.06331450486
130000000 0.058817597046
140000000 0.05492109987
150000000 0.050859302504
160000000 0.04818209792
180000000 0.043056399999
200000000 0.0389929004982
#Header 
#Target 45 100 0
#Product 45 98 0
#Datapoints 36
1000000 0
11000000 0
12000000 1.441407186E-15
13000000 2.9504050258E-11
14000000 5.6757506107113E-9
15000000 1.179089808E-7
16000000 1.291060458E-6
17000000 8.9906502169E-6
18000000 3.7482403026E-5
19000000 0.00010111700469
20000000 0.00020442104292
22000000 0.0014831602475
24000000 0.018945898434
26000000 0.061063594584
28000000 0.12233700009
30000000 0.16877006965
35000000 0.17767104697
40000000 0.112651000209
45000000 0.085587297096
50000000 0.077726302786
55000000 0.07359559956
60000000 0.070151193838
65000000 0.067794091904
70000000 0.06592079252
75000000 0.063669990468
80000000 0.061241500174
90000000 0.056168099264
100000000 0.051060097838
110000000 0.046516705254
120000000 0.04242379684
130000000 0.038929403438
140000000 0.03619480059
150000000 0.033862200512
160000000 0.03121309696
180000000 0.027719297724
200000000 0.0248165025981
#Header 
#Target 45 100 0
#Product 45 99 0
#Datapoints 40
1000000 0
7000000 0
8000000 2.4396670791E-11
9000000 1.7701905180862E-8
10000000 1.0232799098053E-5
11000000 0.0037023801649611
12000000 0.0446294003157
13000000 0.079834203226
14000000 0.079901611934229
15000000 0.093333091875
16000000 0.11343498795
17000000 0.13100504401
18000000 0.14110796956
19000000 0.14572999085
20000000 0.14572198947
22000000 0.1374710198
24000000 0.116306999235
26000000 0.08946900216
28000000 0.070321102218
30000000 0.06000880301
35000000 0.05265109682
40000000 0.049530705066
45000000 0.046334305787
50000000 0.04364200356
55000000 0.04027840313
60000000 0.039206299028
65000000 0.035977099158
70000000 0.033418197492
75000000 0.031922701839
80000000 0.029520502434
90000000 0.02592499744
100000000 0.022745496672
110000000 0.020015897632
120000000 0.01783260229
130000000 0.016034397612
140000000 0.01450289529
150000000 0.013272201
160000000 0.01220429824
180000000 0.010535996862
200000000 0.00929901991419
#Header 
#Target 45 100 0
#Product 45 100 0
#Datapoints 46
1000000 0
1000000 0
2000000 6.0130006208E-11
3000000 4.5617702185E-7
4000000 5.796599688E-5
5000000 0.001060299915
6000000 0.0084139892208
7000000 0.03304619747
8000000 0.07390379642
9000000 0.11572202331382
10000000 0.14750702149512
11000000 0.16838599783488
12000000 0.180490038207
13000000 0.179963993624
14000000 0.16348502455605
15000000 0.1326929781
16000000 0.10504900206
17000000 0.086608097806
18000000 0.077816898066
19000000 0.0733196056
20000000 0.071916995844
22000000 0.070541001755
24000000 0.069495293925
26000000 0.068089498353
28000000 0.066861610344
30000000 0.06521219172
35000000 0.060908296838
40000000 0.055750302702
45000000 0.051946799786
50000000 0.050323608046
55000000 0.04718790286
60000000 0.042712902254
65000000 0.03925409719
70000000 0.035625804776
75000000 0.03243640491
80000000 0.029190805039
90000000 0.024004301472
100000000 0.019619203896
110000000 0.015992403406
120000000 0.01306929629
130000000 0.010821496328
140000000 0.008909309799
150000000 0.0073789100392
160000000 0.006245640192
180000000 0.0045220798221
200000000 0.00344757033066
#Header 
#Target 45 100 0
#Product 46 96 0
#Datapoints 20
1000000 0
40000000 0
45000000 1.4809194358E-6
50000000 8.6169504256E-5
55000000 0.00023538596585
60000000 0.00023563400154
65000000 0.00017831695266
70000000 0.00013846805836
75000000 0.000115782999318
80000000 0.000100882991554
90000000 7.8997495744E-5
100000000 6.2752902036E-5
110000000 5.1549402904E-5
120000000 4.309500186E-5
130000000 3.7366198966E-5
140000000 3.251890395E-5
150000000 2.88291972E-5
160000000 2.576719872E-5
180000000 2.1700894755E-5
200000000 1.86348970269E-5
#Header 
#Target 45 100 0
#Product 46 97 0
#Datapoints 22
1000000 0
30000000 0
35000000 0.00015077507166
40000000 0.0045975402684
45000000 0.0075919803204
50000000 0.0053629295242
55000000 0.0033148399305
60000000 0.0024778300666
65000000 0.0020624600612
70000000 0.0017622900572
75000000 0.0015457897749
80000000 0.0013632602505
90000000 0.00110370006304
100000000 0.00090889000186
110000000 0.00076875901404
120000000 0.0006624849843
130000000 0.00058206198798
140000000 0.0005143109985
150000000 0.00046172701952
160000000 0.000417858048
180000000 0.00035192799543
200000000 0.000300113009775
#Header 
#Target 45 100 0
#Product 46 98 0
#Datapoints 27
1000000 0
20000000 0
22000000 0.00066553704905
24000000 0.027184704543
26000000 0.087703395318
28000000 0.128102996706
30000000 0.134436994705
35000000 0.086163205309
40000000 0.042154798248
45000000 0.028665993139
50000000 0.023063303708
55000000 0.019513305805
60000000 0.016776594194
65000000 0.014696500742
70000000 0.013008398668
75000000 0.0116228004018
80000000 0.0104347001681
90000000 0.0085388005088
100000000 0.0070931899264
110000000 0.0059052800936
120000000 0.005006319704
130000000 0.004307109448
140000000 0.003771959724
150000000 0.0033346502936
160000000 0.002984380416
180000000 0.0024558004122
200000000 0.00208578013845
#Header 
#Target 45 100 0
#Product 46 99 0
#Datapoints 35
1000000 0
12000000 0
13000000 0.075934607021
14000000 0.25015806889434
15000000 0.3729060126
16000000 0.42568500645
17000000 0.43661501511
18000000 0.42968199534
19000000 0.42005298165
20000000 0.40897204278
22000000 0.3864780196
24000000 0.31404992463
26000000 0.21273594759
28000000 0.14604304176
30000000 0.11180599664
35000000 0.080823398849
40000000 0.066512294235
45000000 0.055715298793
50000000 0.04743109463
55000000 0.040876800545
60000000 0.035423395006
65000000 0.030973802552
70000000 0.027671401712
75000000 0.024494698179
80000000 0.021789404526
90000000 0.017421601568
100000000 0.014077603578
110000000 0.011538294616
120000000 0.009675298935
130000000 0.0082629207768
140000000 0.007209349758
150000000 0.0063437805648
160000000 0.00564353024
180000000 0.0046281904155
200000000 0.00390277009071
#Header 
#Target 45 100 0
#Product 46 100 0
#Datapoints 46
1000000 0
1000000 0
2000000 1.5520400696E-6
3000000 0.000245064011872
4000000 0.0043425399407
5000000 0.028165302
6000000 0.098315797332
7000000 0.210579001868
8000000 0.319474014535
9000000 0.40669010960872
10000000 0.47672204115011
11000000 0.52499505109926
12000000 0.469484051079
13000000 0.336633965478
14000000 0.22513302770877
15000000 0.1564939947
16000000 0.11898603135
17000000 0.099280094111
18000000 0.088300688958
19000000 0.081730103225
20000000 0.077184804078
22000000 0.07051390609
24000000 0.064737792621
26000000 0.059695696605
28000000 0.05494990368
30000000 0.050290203145
35000000 0.040813295229
40000000 0.033646599882
45000000 0.028001399853
50000000 0.023504593822
55000000 0.02028799507
60000000 0.017268500244
65000000 0.015084702864
70000000 0.013306802656
75000000 0.011701700598
80000000 0.0102972004179
90000000 0.0081559602016
100000000 0.0065417094958
110000000 0.0053424104374
120000000 0.004465569918
130000000 0.0038139996528
140000000 0.003309339969
150000000 0.0028988499928
160000000 0.002573679616
180000000 0.0020828696391
200000000 0.00174264987471
#Header 
#Target 45 100 0
#Product 46 101 0
#Datapoints 46
1000000 0
1000000 1.07518001646E-11
2000000 8.0176499904E-8
3000000 3.8498212037E-6
4000000 3.843670209E-5
5000000 0.000159639014
6000000 0.00043720397904
7000000 0.000780157129
8000000 0.00101762013694
9000000 0.0011564800808323
10000000 0.0012462203905949
11000000 0.001275760415209
12000000 0.00129469988781
13000000 0.0013102698234
14000000 0.0013074796489878
15000000 0.001296639555
16000000 0.001261560015
17000000 0.0011888901838
18000000 0.00108556003112
19000000 0.00096621598645
20000000 0.00085052803494
22000000 0.0006744539514
24000000 0.00055764501156
26000000 0.00047731796886
28000000 0.00042121000554
30000000 0.0003805550424
35000000 0.00031561595466
40000000 0.00027141200712
45000000 0.00024985099237
50000000 0.00022281796504
55000000 0.00020842697575
60000000 0.00018910001476
65000000 0.00017731995666
70000000 0.00016288094524
75000000 0.0001530569628
80000000 0.00014093500194
90000000 0.00012457894272
100000000 0.000107031998336
110000000 9.0742996676E-5
120000000 8.257100398E-5
130000000 7.3016397428E-5
140000000 6.122339964E-5
150000000 5.1582198424E-5
160000000 4.620739584E-5
180000000 3.9762400581E-5
200000000 2.91507987414E-5
