#Header 
#Target 67 160 1
#Product 0 1 0
#Datapoints 45
1000000 0
2000000 9.973755023E-11
3000000 4.1502949776E-7
4000000 3.6125383104E-5
5000000 0.00066385965529
6000000 0.0052136875491
7000000 0.024191190716
8000000 0.07728949986975
9000000 0.1809263664
10000000 0.3223824746
11000000 0.500698275
12000000 0.9030079926
13000000 1.2469565122
14000000 1.5050765807
15000000 1.719911269321
16000000 1.90227036
17000000 2.054388048
18000000 2.175168326
19000000 2.28549987
20000000 2.478165291
22000000 3.023427134
24000000 3.423858057
26000000 3.626948727
28000000 3.738408905
30000000 3.8444058
35000000 4.442582326
40000000 4.764790777
45000000 5.104309734
50000000 5.293010976
55000000 5.451817197
60000000 5.598979105
65000000 5.71346307
70000000 5.83700216
75000000 5.923728649
80000000 6.024920496
90000000 6.226715715
100000000 6.413493439
110000000 6.611477742
120000000 6.790322378
130000000 6.96022294
140000000 7.121787218
150000000 7.280280456
160000000 7.471289364
180000000 8.00552106
200000000 8.545626622
#Header 
#Target 67 160 1
#Product 1 1 0
#Datapoints 45
1000000 0
2000000 1.442945199E-20
3000000 2.025957364E-14
4000000 3.450299454E-11
5000000 3.0607266673E-9
6000000 1.1120883435E-7
7000000 2.1031923836E-6
8000000 1.763927056733E-5
9000000 9.65648853E-5
10000000 0.000401890997
11000000 0.00129959478
12000000 0.0032580646884
13000000 0.0067426733273
14000000 0.012068165573
15000000 0.01934030278643
16000000 0.02853498168
17000000 0.03946725924
18000000 0.05188847542
19000000 0.06566349942
20000000 0.08165232411
22000000 0.11677363038
24000000 0.1567626384
26000000 0.2000943765
28000000 0.246037638
30000000 0.29441232
35000000 0.4219440472
40000000 0.5449218676
45000000 0.6622918278
50000000 0.7680848988
55000000 0.8678688455
60000000 0.9560834811
65000000 1.036626255
70000000 1.107255776
75000000 1.1721616509
80000000 1.2300946014
90000000 1.3361209092
100000000 1.4262211138
110000000 1.5108665868
120000000 1.582984136
130000000 1.64703312
140000000 1.706621046
150000000 1.7639266
160000000 1.822165455
180000000 1.96446564
200000000 2.123725643
#Header 
#Target 67 160 1
#Product 1 2 0
#Datapoints 41
1000000 0
6000000 0
7000000 5.043074652E-19
8000000 1.932627054894E-14
9000000 1.98168399E-11
10000000 4.30884541E-9
11000000 1.52199693E-7
12000000 2.7110473362E-6
13000000 2.6507333096E-5
14000000 0.0001582672076
15000000 0.0006170087449324
16000000 0.001657742732
17000000 0.00335150232
18000000 0.005603018406
19000000 0.00826866621
20000000 0.011209277555
22000000 0.0174738965
24000000 0.02379224877
26000000 0.02967267003
28000000 0.03432495605
30000000 0.039721914
35000000 0.05176065882
40000000 0.06203189329
45000000 0.07094547087
50000000 0.07744273788
55000000 0.08637815759
60000000 0.09059663916
65000000 0.09771344982
70000000 0.10128271296
75000000 0.10742221217
80000000 0.11087921754
90000000 0.10966965438
100000000 0.10944880914
110000000 0.10672347829
120000000 0.104371657
130000000 0.102238887
140000000 0.10043927686
150000000 0.09865188268
160000000 0.09713971179
180000000 0.0980853732
200000000 0.10306056891
#Header 
#Target 67 160 1
#Product 1 3 0
#Datapoints 37
1000000 0
10000000 0
11000000 2.155958085E-16
12000000 1.153675602E-12
13000000 1.2457225591E-10
14000000 1.0047506709E-8
15000000 2.562141975084E-7
16000000 3.045927692E-6
17000000 1.99332405E-5
18000000 7.79803855E-5
19000000 0.0002057617884
20000000 0.0004170450753
22000000 0.0010793823666
24000000 0.001986435741
26000000 0.003036176412
28000000 0.00414905568
30000000 0.0052825122
35000000 0.008001544642
40000000 0.0104522655
45000000 0.012459067638
50000000 0.01418266618
55000000 0.015801036645
60000000 0.01743754021
65000000 0.0191254329
70000000 0.02094324672
75000000 0.0228753889
80000000 0.02493066527
90000000 0.0294062175
100000000 0.03467117644
110000000 0.03817900203
120000000 0.04163774452
130000000 0.0449870028
140000000 0.04833392122
150000000 0.05161773228
160000000 0.05475120123
180000000 0.0608645511
200000000 0.06698854292
#Header 
#Target 67 160 1
#Product 2 3 0
#Datapoints 38
1000000 0
9000000 0
10000000 1.094386665E-18
11000000 4.7908719E-17
12000000 1.6784661213E-15
13000000 7.626190963E-14
14000000 2.6846644605E-12
15000000 5.763997418251E-11
16000000 7.789798668E-10
17000000 7.218473004E-9
18000000 4.956689252E-8
19000000 2.676898512E-7
20000000 1.1871948018E-6
22000000 1.439522548E-5
24000000 9.276024924E-5
26000000 0.0003811456998
28000000 0.0009455293925
30000000 0.0018123588
35000000 0.004826217214
40000000 0.008255082866
45000000 0.011580462711
50000000 0.01459968424
55000000 0.017234161884
60000000 0.01935159299
65000000 0.02129733774
70000000 0.02301066592
75000000 0.0247177021
80000000 0.02638686106
90000000 0.02992340901
100000000 0.03387246921
110000000 0.03642601885
120000000 0.03897051128
130000000 0.0415319522
140000000 0.04413079788
150000000 0.04672588288
160000000 0.04917921525
180000000 0.0534058893
200000000 0.05748827578
#Header 
#Target 67 160 1
#Product 2 4 0
#Datapoints 45
1000000 0
2000000 6.223668511E-11
3000000 8.650406448E-10
4000000 1.0718876304E-8
5000000 1.3267449719E-7
6000000 1.0745565833E-6
7000000 5.43175402E-6
8000000 2.096241477999E-5
9000000 7.534095075E-5
10000000 0.0002282242593
11000000 0.000509947425
12000000 0.0006894653967
13000000 0.0010375813707
14000000 0.0016556366176
15000000 0.002553407952149
16000000 0.003788217608
17000000 0.005539190781
18000000 0.008478173938
19000000 0.01553970102
20000000 0.03008351164
22000000 0.03350453078
24000000 0.02377033236
26000000 0.02585977455
28000000 0.0296120286
30000000 0.03417552
35000000 0.04463074772
40000000 0.05603161519
45000000 0.07988220645
50000000 0.09989176966
55000000 0.10538571693
60000000 0.10585712298
65000000 0.11551661352
70000000 0.13425711024
75000000 0.14875784927
80000000 0.1569331386
90000000 0.16101998715
100000000 0.15435784443
110000000 0.14645833464
120000000 0.14081717322
130000000 0.1331009316
140000000 0.12380447664
150000000 0.11585487424
160000000 0.11382077091
180000000 0.1282533471
200000000 0.1463006675
#Header 
#Target 67 160 1
#Product 60 133 0
#Datapoints 9
1000000 0
110000000 0
120000000 9.685595046E-14
130000000 3.59852164E-10
140000000 3.4857001452E-8
150000000 6.0947597652E-7
160000000 3.185829636E-6
180000000 9.19942128E-5
200000000 0.00089179397593
#Header 
#Target 67 160 1
#Product 60 134 0
#Datapoints 10
1000000 0
100000000 0
110000000 3.010325859E-14
120000000 2.543680054E-10
130000000 2.932049694E-8
140000000 6.2794198168E-7
150000000 4.7627506992E-6
160000000 1.6813703478E-5
180000000 0.0002970610659
200000000 0.0014694896255
#Header 
#Target 67 160 1
#Product 60 135 0
#Datapoints 10
1000000 0
100000000 0
110000000 1.0640691986E-11
120000000 6.0871493724E-9
130000000 1.807200392E-7
140000000 1.36856009732E-6
150000000 6.2790692956E-6
160000000 1.4911299579E-5
180000000 0.00013598600373
200000000 0.00050286391779
#Header 
#Target 67 160 1
#Product 61 134 0
#Datapoints 8
1000000 0
120000000 0
130000000 4.43714832E-11
140000000 2.355700399E-8
150000000 6.1392702672E-7
160000000 3.506249835E-6
180000000 0.0001514760021
200000000 0.00118317001244
#Header 
#Target 67 160 1
#Product 61 136 0
#Datapoints 10
1000000 0
100000000 0
110000000 2.21186055E-14
120000000 1.2474685614E-10
130000000 3.972950714E-8
140000000 1.23666995998E-6
150000000 5.3594001488E-6
160000000 1.04479005741E-5
180000000 8.225879823E-5
200000000 0.00031276796655
#Header 
#Target 67 160 1
#Product 61 137 0
#Datapoints 10
1000000 0
100000000 0
110000000 1.485239835E-11
120000000 4.087659456E-8
130000000 2.885929282E-6
140000000 2.0202301756E-5
150000000 4.2784904496E-5
160000000 6.904169118E-5
180000000 0.0003815369883
200000000 0.00099969209054
#Header 
#Target 67 160 1
#Product 61 138 0
#Datapoints 11
1000000 0
90000000 0
100000000 5.771156643E-14
110000000 1.3138887655E-9
120000000 6.5058597682E-7
130000000 9.534370066E-6
140000000 2.6232395332E-5
150000000 3.8228193852E-5
160000000 5.7988903203E-5
180000000 0.0002052950526
200000000 0.0004446720369
#Header 
#Target 67 160 1
#Product 62 135 0
#Datapoints 8
1000000 0
120000000 0
130000000 2.32731896E-12
140000000 1.15269995568E-8
150000000 5.3374098152E-7
160000000 4.3631196972E-6
180000000 0.000154820997
200000000 0.0008908380013
#Header 
#Target 67 160 1
#Product 62 136 0
#Datapoints 9
1000000 0
110000000 0
120000000 9.992560622E-12
130000000 2.571990254E-8
140000000 1.4775899541E-6
150000000 1.22528997412E-5
160000000 4.0033200735E-5
180000000 0.0005275439739
200000000 0.0029484500565
#Header 
#Target 67 160 1
#Product 62 137 0
#Datapoints 10
1000000 0
100000000 0
110000000 6.876433878E-13
120000000 1.51869996486E-8
130000000 1.52796958E-6
140000000 1.4717300507E-5
150000000 5.291239748E-5
160000000 0.000128270007228
180000000 0.0011148099471
200000000 0.004430099557
#Header 
#Target 67 160 1
#Product 62 138 0
#Datapoints 11
1000000 0
90000000 0
100000000 8.481259479E-14
110000000 7.1003401867E-9
120000000 1.6073800464E-6
130000000 1.920499256E-5
140000000 7.0082092418E-5
150000000 0.00019692397744
160000000 0.00035387994741
180000000 0.002043199413
200000000 0.0068185699985
#Header 
#Target 67 160 1
#Product 62 139 0
#Datapoints 11
1000000 0
90000000 0
100000000 7.545930857E-11
110000000 1.36325989091E-7
120000000 4.6228202956E-6
130000000 2.107600392E-5
140000000 5.855679713E-5
150000000 0.000112058994692
160000000 0.00015771901596
180000000 0.0007105259196
200000000 0.0015917804461
#Header 
#Target 67 160 1
#Product 62 140 0
#Datapoints 12
1000000 0
80000000 0
90000000 3.762011022E-12
100000000 4.6304999981E-8
110000000 6.5485693449E-6
120000000 6.1392595748E-5
130000000 0.000193960019
140000000 0.00039670096206
150000000 0.00047079894264
160000000 0.00063876305295
180000000 0.002165019795
200000000 0.0035320003732
#Header 
#Target 67 160 1
#Product 62 141 0
#Datapoints 13
1000000 0
75000000 0
80000000 1.801952705E-15
90000000 1.592279568E-10
100000000 9.5079202648E-8
110000000 1.9715501928E-6
120000000 6.8650608262E-6
130000000 1.51726032E-5
140000000 1.8950699768E-5
150000000 2.0323003328E-5
160000000 3.0145701663E-5
180000000 7.117809462E-5
200000000 0.000105913998229
#Header 
#Target 67 160 1
#Product 62 142 0
#Datapoints 15
1000000 0
65000000 0
70000000 3.98767776E-15
75000000 1.2020098241E-12
80000000 1.438128762E-10
90000000 1.6969998672E-7
100000000 9.42325062E-6
110000000 5.3532895577E-5
120000000 0.000133066995214
130000000 0.0002159930072
140000000 0.00021839893998
150000000 0.00022893504888
160000000 0.00030149004072
180000000 0.0005109680709
200000000 0.00062102802424
#Header 
#Target 67 160 1
#Product 63 137 0
#Datapoints 8
1000000 0
120000000 0
130000000 8.49942748E-11
140000000 3.4568503658E-8
150000000 5.6564199912E-7
160000000 2.3620098216E-6
180000000 4.512640167E-5
200000000 0.00026982192848
#Header 
#Target 67 160 1
#Product 63 138 0
#Datapoints 9
1000000 0
110000000 0
120000000 2.128974022E-11
130000000 3.19766037E-8
140000000 1.9985392128E-6
150000000 1.945420562E-5
160000000 4.3609204947E-5
180000000 0.0004632569955
200000000 0.0020200303981
#Header 
#Target 67 160 1
#Product 63 139 0
#Datapoints 10
1000000 0
100000000 0
110000000 7.13836924E-12
120000000 1.39976012374E-8
130000000 5.566069544E-6
140000000 7.3453600636E-5
150000000 0.00019041197204
160000000 0.00029388296322
180000000 0.002085730713
200000000 0.005841520568
#Header 
#Target 67 160 1
#Product 63 140 0
#Datapoints 11
1000000 0
90000000 0
100000000 9.502151382E-15
110000000 3.411512674E-10
120000000 1.6516801352E-6
130000000 7.467179482E-5
140000000 0.00034088497534
150000000 0.00049559798452
160000000 0.0006886719708
180000000 0.003757980888
200000000 0.0079907499854
#Header 
#Target 67 160 1
#Product 63 141 0
#Datapoints 11
1000000 0
90000000 0
100000000 1.872438156E-12
110000000 1.10021992217E-7
120000000 1.06950995906E-5
130000000 6.630569988E-5
140000000 0.000109097006746
150000000 0.000121946996508
160000000 0.00020730100974
180000000 0.0006835819878
200000000 0.001228870019
#Header 
#Target 67 160 1
#Product 63 142 0
#Datapoints 12
1000000 0
80000000 0
90000000 1.4832984177E-14
100000000 8.909059983E-9
110000000 6.0074599668E-6
120000000 9.8939594656E-5
130000000 0.0002279379626
140000000 0.00022913701694
150000000 0.00026609500528
160000000 0.00040887904563
180000000 0.0010111899942
200000000 0.0014937204347
#Header 
#Target 67 160 1
#Product 63 143 0
#Datapoints 12
1000000 0
80000000 0
90000000 6.473142258E-10
100000000 3.853480142E-6
110000000 0.00023271202062
120000000 0.00109967010608
130000000 0.00126909988
140000000 0.00120636001278
150000000 0.001520290168
160000000 0.0020932903497
180000000 0.003588880113
200000000 0.0038135299683
#Header 
#Target 67 160 1
#Product 63 144 0
#Datapoints 14
1000000 0
70000000 0
75000000 1.0256589482E-12
80000000 2.552317712E-10
90000000 3.5872201398E-7
100000000 7.3617893265E-5
110000000 0.00073320397809
120000000 0.00120952992624
130000000 0.0010910999628
140000000 0.00127112992006
150000000 0.0015408500936
160000000 0.0018580997028
180000000 0.002294730369
200000000 0.001986659532
#Header 
#Target 67 160 1
#Product 63 145 0
#Datapoints 17
1000000 0
55000000 0
60000000 6.954118713E-12
65000000 6.6093487866E-9
70000000 2.402320624E-7
75000000 2.596210706E-6
80000000 1.9388804435E-5
90000000 0.00022991399607
100000000 0.00068186890814
110000000 0.00091860304808
120000000 0.00073723805664
130000000 0.0007331410698
140000000 0.00083887794042
150000000 0.00091186700096
160000000 0.00104522009163
180000000 0.0010160100198
200000000 0.00096797399465
#Header 
#Target 67 160 1
#Product 63 146 0
#Datapoints 18
1000000 0
50000000 0
55000000 6.948762131E-12
60000000 2.1401992837E-9
65000000 3.862769526E-8
70000000 4.6617195856E-7
75000000 3.8834106446E-6
80000000 1.851570364E-5
90000000 0.00017829001872
100000000 0.00041021304394
110000000 0.00028016697877
120000000 0.00020617004046
130000000 0.0002492439828
140000000 0.00028451998328
150000000 0.00033187304696
160000000 0.00037015404591
180000000 0.0003778260264
200000000 0.00037334095942
#Header 
#Target 67 160 1
#Product 64 139 0
#Datapoints 8
1000000 0
120000000 0
130000000 1.3582701654E-8
140000000 1.07317998658E-6
150000000 4.0308999612E-6
160000000 8.2930195755E-6
180000000 0.00012960599787
200000000 0.00055592502628
#Header 
#Target 67 160 1
#Product 64 140 0
#Datapoints 10
1000000 0
100000000 0
110000000 6.126830367E-14
120000000 8.4815694776E-8
130000000 5.118210694E-6
140000000 2.502590025E-5
150000000 4.1820298644E-5
160000000 7.0507398357E-5
180000000 0.0007306409637
200000000 0.0022792803228
#Header 
#Target 67 160 1
#Product 64 141 0
#Datapoints 10
1000000 0
100000000 0
110000000 1.34249004543E-8
120000000 3.1883398474E-6
130000000 2.82161965E-5
140000000 5.9766103072E-5
150000000 8.0676602164E-5
160000000 0.0001858910163
180000000 0.0009621210258
200000000 0.0026350699271
#Header 
#Target 67 160 1
#Product 64 142 0
#Datapoints 11
1000000 0
90000000 0
100000000 7.375790157E-9
110000000 8.7710399743E-6
120000000 0.00019211794718
130000000 0.000583698979
140000000 0.0009112889487
150000000 0.0015526597172
160000000 0.0024565005399
180000000 0.00809502048
200000000 0.014237101281
#Header 
#Target 67 160 1
#Product 64 143 0
#Datapoints 12
1000000 0
80000000 0
90000000 5.767344231E-11
100000000 9.3253100006E-7
110000000 7.8822301662E-5
120000000 0.00043584895064
130000000 0.0007193480536
140000000 0.00118459005002
150000000 0.0015582499852
160000000 0.002127890655
180000000 0.005438440593
200000000 0.0064412303163
#Header 
#Target 67 160 1
#Product 64 144 0
#Datapoints 14
1000000 0
70000000 0
75000000 1.863098272E-15
80000000 1.2117792351E-11
90000000 3.6436491663E-7
100000000 0.000107376002483
110000000 0.00125259990811
120000000 0.0024908701192
130000000 0.00412247932
140000000 0.005762129854
150000000 0.0065429095108
160000000 0.0088098811944
180000000 0.01696340412
200000000 0.015185099033
#Header 
#Target 67 160 1
#Product 64 145 0
#Datapoints 16
1000000 0
60000000 0
65000000 9.847487664E-15
70000000 2.872603008E-11
75000000 1.51305994497E-8
80000000 3.9931898622E-7
90000000 7.5274792065E-5
100000000 0.001035330011
110000000 0.0018382998032
120000000 0.0022891806578
130000000 0.003419379602
140000000 0.003929049696
150000000 0.0045686691468
160000000 0.0061153591653
180000000 0.006863179797
200000000 0.0061482898945
#Header 
#Target 67 160 1
#Product 64 146 0
#Datapoints 18
1000000 0
50000000 0
55000000 2.487493317E-14
60000000 1.52231997032E-8
65000000 1.8849206376E-5
70000000 0.00042816302848
75000000 0.0023210700025
80000000 0.0051887804402
90000000 0.0080597097801
100000000 0.0071944996758
110000000 0.0072995104048
120000000 0.0100268001478
130000000 0.010582899744
140000000 0.0106358992402
150000000 0.0118610000604
160000000 0.0124059003123
180000000 0.012160700487
200000000 0.0113054999473
#Header 
#Target 67 160 1
#Product 64 147 0
#Datapoints 19
1000000 0
45000000 0
50000000 8.496844276E-10
55000000 9.0426397979E-7
60000000 1.66796994036E-5
65000000 0.000111382002018
70000000 0.00043931104448
75000000 0.00112122995771
80000000 0.0022918991704
90000000 0.0036119506467
100000000 0.0019342898658
110000000 0.0023223694941
120000000 0.0033144505706
130000000 0.003455570292
140000000 0.0038220195442
150000000 0.0041263796952
160000000 0.0041185294425
180000000 0.004042290618
200000000 0.0039085104045
#Header 
#Target 67 160 1
#Product 64 148 0
#Datapoints 21
1000000 0
35000000 0
40000000 1.1584985245E-11
45000000 3.7198700298E-7
50000000 1.21063003136E-5
55000000 7.7127304062E-5
60000000 0.00023946992846
65000000 0.00050169396438
70000000 0.00122204005088
75000000 0.0022019101295
80000000 0.0023563004584
90000000 0.00118221991107
100000000 0.00117928001489
110000000 0.0018901496761
120000000 0.0022108503518
130000000 0.002348049564
140000000 0.0026207896468
150000000 0.0026572295324
160000000 0.0026282892603
180000000 0.002561969646
200000000 0.0025430801253
#Header 
#Target 67 160 1
#Product 64 149 0
#Datapoints 22
1000000 0
30000000 0
35000000 2.961065068E-13
40000000 2.7096008231E-9
45000000 3.4274999058E-7
50000000 1.03666003328E-5
55000000 7.7367290695E-5
60000000 0.00043206595574
65000000 0.00116960010174
70000000 0.00154193996704
75000000 0.00115111997099
80000000 0.00067087191717
90000000 0.0004965380145
100000000 0.00099794008158
110000000 0.00128903994086
120000000 0.00144498010092
130000000 0.001608179384
140000000 0.0017194001032
150000000 0.0017557805724
160000000 0.0018868695978
180000000 0.00192890043
200000000 0.0021729001775
#Header 
#Target 67 160 1
#Product 64 150 0
#Datapoints 25
1000000 0
24000000 0
26000000 4.889782893E-14
28000000 8.770146E-12
30000000 2.6497368E-10
35000000 6.7600504634E-8
40000000 2.7873003409E-6
45000000 2.6819596062E-5
50000000 0.000154024008414
55000000 0.0005465160517
60000000 0.00085882896394
65000000 0.0006909780087
70000000 0.00038150405744
75000000 0.00023557702753
80000000 0.00024022297103
90000000 0.00053692694583
100000000 0.00074905603948
110000000 0.00084001994812
120000000 0.00092014291148
130000000 0.0010143300392
140000000 0.00105594009456
150000000 0.00118231000868
160000000 0.00128124989652
180000000 0.001479220245
200000000 0.0016940498588
#Header 
#Target 67 160 1
#Product 64 151 0
#Datapoints 28
1000000 0
19000000 0
20000000 9.870570927E-15
22000000 9.66202868E-13
24000000 4.905716262E-11
26000000 9.729984066E-10
28000000 1.0655399062E-8
30000000 7.31384964E-8
35000000 2.1315098012E-6
40000000 2.6406106577E-5
45000000 0.000143314004262
50000000 0.00028487002268
55000000 0.0002389349687
60000000 0.000125368993054
65000000 7.3967704524E-5
70000000 6.8951400848E-5
75000000 0.000106971014146
80000000 0.00017987993086
90000000 0.00029155495941
100000000 0.0003406980062
110000000 0.0003852280971
120000000 0.00042957198434
130000000 0.0004963650388
140000000 0.00057740301476
150000000 0.00069147294744
160000000 0.00078722205639
180000000 0.0009904458825
200000000 0.00111752002856
#Header 
#Target 67 160 1
#Product 64 152 0
#Datapoints 37
1000000 0
10000000 0
11000000 8.47893525E-15
12000000 4.5012257244E-14
13000000 5.4185550578E-13
14000000 5.6888065276E-12
15000000 4.181850181278E-11
16000000 2.239580368E-10
17000000 9.110621517E-10
18000000 3.0062000762E-9
19000000 8.4593299272E-9
20000000 2.0823893986E-8
22000000 9.1511294826E-8
24000000 2.7161095167E-7
26000000 5.9304297414E-7
28000000 1.152990069E-6
30000000 2.54359926E-6
35000000 1.62668017668E-5
40000000 4.6525301439E-5
45000000 4.8016992708E-5
50000000 2.8116407638E-5
55000000 1.8084008469E-5
60000000 1.62742991207E-5
65000000 2.4474098124E-5
70000000 4.8154700176E-5
75000000 7.5989194101E-5
80000000 9.1842403478E-5
90000000 0.000117172998525
100000000 0.000137100997962
110000000 0.00015948300901
120000000 0.00021144095046
130000000 0.0002821999656
140000000 0.0003812680092
150000000 0.00048561796952
160000000 0.00057897200064
180000000 0.0007011989892
200000000 0.00079144401687
#Header 
#Target 67 160 1
#Product 64 153 0
#Datapoints 41
1000000 0
6000000 0
7000000 2.55267012E-14
8000000 3.902295081766E-13
9000000 3.120725205E-12
10000000 1.579798984E-11
11000000 5.84058E-11
12000000 1.7813864142E-10
13000000 4.7994641905E-10
14000000 1.17632958401E-9
15000000 2.6650801418638E-9
16000000 5.6254198856E-9
17000000 1.1203405698E-8
18000000 2.1629000686E-8
19000000 4.2290906076E-8
20000000 8.9908498008E-8
22000000 2.4141103746E-7
24000000 3.7991905518E-7
26000000 6.365160426E-7
28000000 9.6418205345E-7
30000000 1.318400064E-6
35000000 1.8192792878E-6
40000000 1.38416006944E-6
45000000 9.7214402538E-7
50000000 9.3004699662E-7
55000000 1.95462081E-6
60000000 6.107609612E-6
65000000 1.32594997626E-5
70000000 1.9601404592E-5
75000000 2.4543694606E-5
80000000 2.8327299868E-5
90000000 3.4936294635E-5
100000000 4.5756002055E-5
110000000 7.5562497241E-5
120000000 0.000127927002396
130000000 0.0001955740682
140000000 0.00026751901436
150000000 0.00032882905116
160000000 0.00037258903176
180000000 0.0004466730384
200000000 0.00048818298802
#Header 
#Target 67 160 1
#Product 64 154 0
#Datapoints 27
1000000 0
20000000 0
22000000 6.56765941E-14
24000000 2.17031295E-12
26000000 3.454575735E-11
28000000 3.054949975E-10
30000000 1.50511932E-9
35000000 1.02475999158E-8
40000000 4.0304109538E-8
45000000 1.8116802297E-7
50000000 7.4133496086E-7
55000000 2.122219932E-6
60000000 3.830789626E-6
65000000 5.4856495512E-6
70000000 6.8876096256E-6
75000000 8.0791895413E-6
80000000 9.1922405078E-6
90000000 1.42295002641E-5
100000000 3.4885299306E-5
110000000 7.4684993536E-5
120000000 0.000123305010168
130000000 0.0001737839534
140000000 0.00021590896184
150000000 0.00024694198812
160000000 0.00027658295478
180000000 0.0002984410017
200000000 0.00031366599069
#Header 
#Target 67 160 1
#Product 65 142 0
#Datapoints 9
1000000 0
110000000 0
120000000 9.999512112E-12
130000000 1.1169400704E-8
140000000 4.7933802696E-7
150000000 2.056999684E-6
160000000 3.2671799391E-6
180000000 2.406880179E-5
200000000 5.9951393957E-5
#Header 
#Target 67 160 1
#Product 65 143 0
#Datapoints 10
1000000 0
100000000 0
110000000 5.964580547E-11
120000000 2.9874708146E-7
130000000 4.383280592E-5
140000000 0.00023977493852
150000000 0.00031609798208
160000000 0.00046280507724
180000000 0.002334260457
200000000 0.0034450301678
#Header 
#Target 67 160 1
#Product 65 144 0
#Datapoints 11
1000000 0
90000000 0
100000000 1.0001585891E-13
110000000 3.8229592209E-8
120000000 1.23384990498E-5
130000000 7.28865026E-5
140000000 0.00011293199619
150000000 0.000133909994876
160000000 0.00025024198881
180000000 0.0008225960364
200000000 0.0008721270805
#Header 
#Target 67 160 1
#Product 65 145 0
#Datapoints 12
1000000 0
80000000 0
90000000 9.606421506E-14
100000000 4.5003201012E-8
110000000 2.7178292953E-5
120000000 0.0002901559565
130000000 0.0005569910158
140000000 0.00059906498132
150000000 0.00096126599528
160000000 0.0016879996815
180000000 0.002366229582
200000000 0.0024195399644
#Header 
#Target 67 160 1
#Product 65 146 0
#Datapoints 13
1000000 0
75000000 0
80000000 4.468656038E-16
90000000 2.9967302772E-8
100000000 4.2959302373E-5
110000000 0.00149048990907
120000000 0.0054672995232
130000000 0.006185139872
140000000 0.0065432101514
150000000 0.0095422707428
160000000 0.0113273003646
180000000 0.010934499087
200000000 0.0098328598719
#Header 
#Target 67 160 1
#Product 65 147 0
#Datapoints 15
1000000 0
65000000 0
70000000 1.781736352E-13
75000000 7.8226204346E-9
80000000 6.0067001316E-7
90000000 7.5427492899E-5
100000000 0.00099295988838
110000000 0.0021147800363
120000000 0.0019543495376
130000000 0.002023790294
140000000 0.0025193605034
150000000 0.002921199652
160000000 0.0032225007969
180000000 0.003413379861
200000000 0.0036915504405
#Header 
#Target 67 160 1
#Product 65 148 0
#Datapoints 16
1000000 0
60000000 0
65000000 7.531289766E-10
70000000 8.03929016E-7
75000000 1.61373999941E-5
80000000 0.000144584991642
90000000 0.0022157694702
100000000 0.0049507493183
110000000 0.0051993795653
120000000 0.0049238198126
130000000 0.005281539676
140000000 0.005856559956
150000000 0.0061671997132
160000000 0.0062534402403
180000000 0.006252869772
200000000 0.0060922405141
#Header 
#Target 67 160 1
#Product 65 149 0
#Datapoints 18
1000000 0
50000000 0
55000000 2.96028577E-13
60000000 2.1776298041E-9
65000000 2.8057706586E-7
70000000 5.2406703712E-6
75000000 4.5262902222E-5
80000000 0.00027511600221
90000000 0.00121870005246
100000000 0.00131862000086
110000000 0.0011672099455
120000000 0.00128008006352
130000000 0.0014454300238
140000000 0.0016095694472
150000000 0.0017587202068
160000000 0.0018957601443
180000000 0.002007909738
200000000 0.0020078204939
#Header 
#Target 67 160 1
#Product 65 150 0
#Datapoints 19
1000000 0
45000000 0
50000000 1.4879088102E-13
55000000 8.63347918E-10
60000000 9.6552111031E-8
65000000 1.62700011936E-6
70000000 2.0418897312E-5
75000000 0.000149675985961
80000000 0.00050126702514
90000000 0.00081627999255
100000000 0.00062256994488
110000000 0.00062930398923
120000000 0.00077604188494
130000000 0.0009608250442
140000000 0.001168259989
150000000 0.00145454000468
160000000 0.0016510804794
180000000 0.001858809978
200000000 0.0019276598185
#Header 
#Target 67 160 1
#Product 65 151 0
#Datapoints 21
1000000 0
35000000 0
40000000 6.160511417E-16
45000000 3.326809098E-10
50000000 1.62425997378E-7
55000000 2.4671605553E-6
60000000 2.8799400736E-5
65000000 0.00017384404842
70000000 0.00064122192992
75000000 0.00129206013628
80000000 0.00150622995733
90000000 0.00113373015657
100000000 0.00103401992761
110000000 0.00126392999055
120000000 0.00148544006442
130000000 0.001738019774
140000000 0.001989659854
150000000 0.0022204296364
160000000 0.0023986795404
180000000 0.002822090229
200000000 0.0031907706558
#Header 
#Target 67 160 1
#Product 65 152 0
#Datapoints 22
1000000 0
30000000 0
35000000 7.924362654E-14
40000000 1.5221695936E-9
45000000 8.1320091441E-8
50000000 1.5859300768E-6
55000000 2.6003304003E-5
60000000 0.00023972491473
65000000 0.00067052996136
70000000 0.00082690297712
75000000 0.000663333978
80000000 0.00052557501129
90000000 0.00047958295077
100000000 0.00060396307171
110000000 0.00090526197099
120000000 0.00130770009026
130000000 0.001795819738
140000000 0.0021805793828
150000000 0.0026039395364
160000000 0.0028124396619
180000000 0.00306483939
200000000 0.0031144094202
#Header 
#Target 67 160 1
#Product 65 153 0
#Datapoints 25
1000000 0
24000000 0
26000000 1.3098587547E-13
28000000 3.06841458E-11
30000000 1.64691954E-9
35000000 3.3203297348E-7
40000000 3.3295600521E-6
45000000 3.7372895079E-5
50000000 0.00029493007686
55000000 0.00107093995473
60000000 0.0017460703351
65000000 0.0015825301002
70000000 0.00118768999184
75000000 0.00096880604014
80000000 0.00091290092432
90000000 0.00112052997804
100000000 0.0016876907974
110000000 0.0025673293519
120000000 0.0035257407272
130000000 0.004373220196
140000000 0.0051194400296
150000000 0.0056140405052
160000000 0.0060509593056
180000000 0.006554799612
200000000 0.0070050302166
#Header 
#Target 67 160 1
#Product 65 154 0
#Datapoints 29
1000000 0
18000000 0
19000000 6.694593648E-15
20000000 1.2585593132E-13
22000000 1.1068298846E-11
24000000 1.958003244E-10
26000000 1.0877586642E-9
28000000 3.83041967E-9
30000000 1.146940074E-8
35000000 3.5920592292E-7
40000000 1.27942002817E-5
45000000 8.5693704444E-5
50000000 0.000161316997132
55000000 0.000140150999796
60000000 0.000100860002103
65000000 8.3971793052E-5
70000000 7.920110528E-5
75000000 8.244790216E-5
80000000 0.000100583994973
90000000 0.00021328398696
100000000 0.00041587300489
110000000 0.00063084100264
120000000 0.00081996399602
130000000 0.0009651560612
140000000 0.0010908000844
150000000 0.00116695997932
160000000 0.00123786994221
180000000 0.0013230200187
200000000 0.00131952001103
#Header 
#Target 67 160 1
#Product 65 155 0
#Datapoints 33
1000000 0
14000000 0
15000000 2.916715282642E-14
16000000 1.075297868E-12
17000000 2.310540492E-11
18000000 3.081196756E-10
19000000 2.6372504676E-9
20000000 1.5620897159E-8
22000000 1.9880305662E-7
24000000 8.796790995E-7
26000000 2.3459300061E-6
28000000 5.659910641E-6
30000000 1.351440126E-5
35000000 7.15351052E-5
40000000 0.00018011208369
45000000 0.00020141308917
50000000 0.000159142002178
55000000 0.000136458990937
60000000 0.000124052005527
65000000 0.000127037997324
70000000 0.000168526999168
75000000 0.00029559594745
80000000 0.00053727507862
90000000 0.00127250000856
100000000 0.0020479295425
110000000 0.0026604797452
120000000 0.003152829192
130000000 0.00348708075
140000000 0.003775939193
150000000 0.0039442201556
160000000 0.0040487707392
180000000 0.004165850403
200000000 0.0041860696267
#Header 
#Target 67 160 1
#Product 65 156 0
#Datapoints 41
1000000 0
6000000 0
7000000 1.2349000972E-18
8000000 8.84502439694E-16
9000000 5.516032275E-14
10000000 1.436480094E-12
11000000 1.597647465E-11
12000000 8.016232842E-11
13000000 2.5047660388E-10
14000000 6.8681532985E-10
15000000 1.8594099626947E-9
16000000 4.929950336E-9
17000000 1.2165804159E-8
18000000 2.761609778E-8
19000000 5.8323903984E-8
20000000 1.11266003968E-7
22000000 3.665199502E-7
24000000 9.8136403449E-7
26000000 2.1847802343E-6
28000000 3.99006916E-6
30000000 5.68933956E-6
35000000 7.3747406512E-6
40000000 7.3579691755E-6
45000000 7.0894392255E-6
50000000 6.6363905232E-6
55000000 7.492151281E-6
60000000 1.7556005123E-5
65000000 6.07070016E-5
70000000 0.000152558994192
75000000 0.00028537397726
80000000 0.00043452402364
90000000 0.00071068002852
100000000 0.00092007304359
110000000 0.0010602200474
120000000 0.00115579001958
130000000 0.0012350201008
140000000 0.00127523998914
150000000 0.00130522000548
160000000 0.00131242997325
180000000 0.0013113299871
200000000 0.00130572001209
#Header 
#Target 67 160 1
#Product 65 157 0
#Datapoints 25
1000000 0
24000000 0
26000000 5.955208359E-14
28000000 2.18549639E-12
30000000 4.019706E-11
35000000 5.3943401434E-9
40000000 6.3350599066E-8
45000000 5.4249990378E-7
50000000 6.8592300344E-6
55000000 4.1524394283E-5
60000000 0.000130867999415
65000000 0.000269900001
70000000 0.00041114600032
75000000 0.00055591699584
80000000 0.00066837103382
90000000 0.00083426309439
100000000 0.00094269603233
110000000 0.00101120985777
120000000 0.00104117996366
130000000 0.0010627199732
140000000 0.00106825003402
150000000 0.00107778002488
160000000 0.00108506992935
180000000 0.0010649600136
200000000 0.00104542003007
#Header 
#Target 67 160 1
#Product 65 158 0
#Datapoints 25
1000000 0
24000000 0
26000000 2.106350829E-14
28000000 5.143431755E-13
30000000 6.6709656E-12
35000000 1.6351494822E-9
40000000 1.7553393927E-7
45000000 3.682179111E-6
50000000 2.1195898676E-5
55000000 5.7620195401E-5
60000000 0.000100051993663
65000000 0.000141627995082
70000000 0.00017159698864
75000000 0.00019715399987
80000000 0.0002142959525
90000000 0.00023126106927
100000000 0.00023924596897
110000000 0.00024022502812
120000000 0.0002394849417
130000000 0.000236139934
140000000 0.00023345997168
150000000 0.00023052396944
160000000 0.0002264760366
180000000 0.0002172720645
200000000 0.00021054205146
#Header 
#Target 67 160 1
#Product 66 144 0
#Datapoints 9
1000000 0
110000000 0
120000000 9.6190807452E-7
130000000 2.204700186E-5
140000000 3.8140500164E-5
150000000 4.4087393152E-5
160000000 0.000135932994945
180000000 0.0006773250825
200000000 0.00076177392187
#Header 
#Target 67 160 1
#Product 66 145 0
#Datapoints 10
1000000 0
100000000 0
110000000 2.1243998001E-7
120000000 4.974700136E-6
130000000 1.1314800312E-5
140000000 1.24700001842E-5
150000000 3.1304800192E-5
160000000 8.6576603289E-5
180000000 0.0001568239245
200000000 0.00017024505953
#Header 
#Target 67 160 1
#Product 66 146 0
#Datapoints 12
1000000 0
80000000 0
90000000 8.78086737E-11
100000000 2.3700806223E-6
110000000 0.000112644008478
120000000 0.00041498898056
130000000 0.0004281299298
140000000 0.00067943397808
150000000 0.0015433095196
160000000 0.0020986506354
180000000 0.002326809708
200000000 0.0023275293171
#Header 
#Target 67 160 1
#Product 66 147 0
#Datapoints 13
1000000 0
75000000 0
80000000 9.9768662E-12
90000000 8.6694393621E-6
100000000 0.00046055099865
110000000 0.0021799197577
120000000 0.0024927707024
130000000 0.002551340758
140000000 0.0051892899006
150000000 0.006886779594
160000000 0.0073191305088
180000000 0.007415599212
200000000 0.0070931497039
#Header 
#Target 67 160 1
#Product 66 148 0
#Datapoints 15
1000000 0
65000000 0
70000000 1.788240784E-11
75000000 2.7179096645E-8
80000000 0.000110434991989
90000000 0.0084030702789
100000000 0.022500201218
110000000 0.018334494367
120000000 0.015434507832
130000000 0.025343997
140000000 0.031464899986
150000000 0.032644304304
160000000 0.033462791241
180000000 0.03428469288
200000000 0.034175002108
#Header 
#Target 67 160 1
#Product 66 149 0
#Datapoints 17
1000000 0
55000000 0
60000000 4.941958092E-15
65000000 3.81524724E-10
70000000 0.00061590893408
75000000 0.0065699402491
80000000 0.018709807522
90000000 0.035047899975
100000000 0.021491298669
110000000 0.0141007986368
120000000 0.01976530138
130000000 0.02442660544
140000000 0.025865800012
150000000 0.02675789806
160000000 0.027916200642
180000000 0.02741590206
200000000 0.024350907074
#Header 
#Target 67 160 1
#Product 66 150 0
#Datapoints 18
1000000 0
50000000 0
55000000 1.976900643E-12
60000000 0.00066508593417
65000000 0.010219000428
70000000 0.028595395136
75000000 0.044017603099
80000000 0.049839296766
90000000 0.031490195055
100000000 0.018275798449
110000000 0.025476195801
120000000 0.031892198602
130000000 0.0327276037
140000000 0.034496294144
150000000 0.035032399652
160000000 0.033783398913
180000000 0.03323070792
200000000 0.031512406393
#Header 
#Target 67 160 1
#Product 66 151 0
#Datapoints 19
1000000 0
45000000 0
50000000 0.0001690869932
55000000 0.0024325802881
60000000 0.0076117392836
65000000 0.019937299284
70000000 0.037189696016
75000000 0.040095905407
80000000 0.028693007182
90000000 0.0131732988882
100000000 0.020575194356
110000000 0.029412404462
120000000 0.032671193266
130000000 0.03608980066
140000000 0.037608892568
150000000 0.036581604496
160000000 0.03691429896
180000000 0.033444297
200000000 0.031341695645
#Header 
#Target 67 160 1
#Product 66 152 0
#Datapoints 21
1000000 0
35000000 0
40000000 0.00119150005405
45000000 0.0159458011542
50000000 0.028414697996
55000000 0.036394098427
60000000 0.049366997627
65000000 0.049981793022
70000000 0.035116301616
75000000 0.020604906591
80000000 0.014207400809
90000000 0.020634900033
100000000 0.03084650891
110000000 0.037053296585
120000000 0.039042302602
130000000 0.0409295
140000000 0.041134894528
150000000 0.042016103984
160000000 0.041727798024
180000000 0.03900549762
200000000 0.040254494904
#Header 
#Target 67 160 1
#Product 66 153 0
#Datapoints 23
1000000 0
28000000 0
30000000 2.7725976E-12
35000000 1.46460003924E-5
40000000 0.00065367095654
45000000 0.0081980192427
50000000 0.031816998066
55000000 0.040097308652
60000000 0.025974107549
65000000 0.0134071002198
70000000 0.008549589312
75000000 0.008513680214
80000000 0.0123355000384
90000000 0.022635498963
100000000 0.029512192396
110000000 0.032965893514
120000000 0.03565900478
130000000 0.03770339926
140000000 0.037183002896
150000000 0.037950899044
160000000 0.038353500339
180000000 0.03812639967
200000000 0.037684397621
#Header 
#Target 67 160 1
#Product 66 154 0
#Datapoints 28
1000000 0
19000000 0
20000000 2.062499775E-15
22000000 1.685810648E-9
24000000 8.0544498285E-7
26000000 3.6385606434E-5
28000000 0.000338866066
30000000 0.001095289938
35000000 0.0074316509072
40000000 0.028014990876
45000000 0.037977803028
50000000 0.025169797138
55000000 0.0135549994819
60000000 0.0093120497792
65000000 0.0092908900098
70000000 0.0126681990688
75000000 0.018246897534
80000000 0.024400404665
90000000 0.034280800356
100000000 0.040674503584
110000000 0.044034601148
120000000 0.046443408864
130000000 0.04673190624
140000000 0.04809810486
150000000 0.04847280514
160000000 0.048385800672
180000000 0.04767240159
200000000 0.045902305189
#Header 
#Target 67 160 1
#Product 66 155 0
#Datapoints 34
1000000 0
13000000 0
14000000 1.7771139327E-11
15000000 3.3622700196998E-9
16000000 1.4486998616E-7
17000000 2.2290598209E-6
18000000 1.6255399524E-5
19000000 6.275950554E-5
20000000 0.000129642997463
22000000 0.00037163604476
24000000 0.00133516005276
26000000 0.0041082403194
28000000 0.0092795800405
30000000 0.0153706005
35000000 0.024240101808
40000000 0.0163935000294
45000000 0.0101496003702
50000000 0.007688609717
55000000 0.0073341804178
60000000 0.0095103900563
65000000 0.0138842011854
70000000 0.01914129712
75000000 0.024248199041
80000000 0.028876294181
90000000 0.035248691973
100000000 0.039315095292
110000000 0.041120099223
120000000 0.042327699
130000000 0.04250910834
140000000 0.043325797164
150000000 0.043260996824
160000000 0.042194894214
180000000 0.04175749881
200000000 0.040794296075
#Header 
#Target 67 160 1
#Product 66 156 0
#Datapoints 43
1000000 0
4000000 0
5000000 2.7638399401E-12
6000000 1.25084018701E-9
7000000 1.06885998912E-7
8000000 2.7450903082955E-6
9000000 2.577959163E-5
10000000 0.00011393599581
11000000 0.0002749899999
12000000 0.000243771991929
13000000 0.000254052037108
14000000 0.000379618979206
15000000 0.00062527804311765
16000000 0.00102768007744
17000000 0.0016314803184
18000000 0.0026309401994
19000000 0.0045654297354
20000000 0.0087524205279
22000000 0.014434199002
24000000 0.014311401021
26000000 0.01574739912
28000000 0.01524789959
30000000 0.0138128004
35000000 0.0104224003104
40000000 0.0079639503457
45000000 0.0073957509102
50000000 0.0095067996496
55000000 0.0136013008023
60000000 0.019202801617
65000000 0.025582698288
70000000 0.030726492896
75000000 0.035745903638
80000000 0.038852493701
90000000 0.0429225027
100000000 0.045092596434
110000000 0.045886397894
120000000 0.04579290218
130000000 0.04549470884
140000000 0.045059890668
150000000 0.044444002624
160000000 0.043896298215
180000000 0.04163169942
200000000 0.03960839558
#Header 
#Target 67 160 1
#Product 66 157 0
#Datapoints 46
1000000 0
1000000 0
2000000 6.1936995253E-11
3000000 8.6070222376E-10
4000000 1.06787985948E-8
5000000 1.32390042151E-7
6000000 1.07179002884E-6
7000000 5.3180189524E-6
8000000 1.8189101855854E-5
9000000 4.9467691845E-5
10000000 0.00011400498803
11000000 0.00023417199855
12000000 0.00044386100082
13000000 0.00077960796053
14000000 0.00126840990433
15000000 0.0019152002856672
16000000 0.002736879516
17000000 0.0038695705266
18000000 0.0057661498008
19000000 0.010780300026
20000000 0.020908999377
22000000 0.018365403606
24000000 0.0079221394317
26000000 0.0057679195329
28000000 0.004539939635
30000000 0.00372607938
35000000 0.0035169791176
40000000 0.0057733310046
45000000 0.0091087307277
50000000 0.0139948988214
55000000 0.020169200688
60000000 0.025503907987
65000000 0.030109899456
70000000 0.033391790608
75000000 0.036015299766
80000000 0.037826206509
90000000 0.039426506097
100000000 0.040321294671
110000000 0.040007006288
120000000 0.039246997246
130000000 0.03819640072
140000000 0.037378801486
150000000 0.036415093328
160000000 0.035190297252
180000000 0.03267640215
200000000 0.030738899373
#Header 
#Target 67 160 1
#Product 66 158 0
#Datapoints 36
1000000 0
11000000 0
12000000 1.6703787096E-15
13000000 7.604542663E-14
14000000 2.6746293418E-12
15000000 5.741606559454E-11
16000000 7.757070108E-10
17000000 7.1899293165E-9
18000000 4.9497998524E-8
19000000 2.699529387E-7
20000000 1.22403997779E-6
22000000 1.5327799208E-5
24000000 9.7318200615E-5
26000000 0.000391159983
28000000 0.00096267900575
30000000 0.00183991986
35000000 0.0048816809444
40000000 0.0098161404479
45000000 0.016706399535
50000000 0.023493497292
55000000 0.028922295709
60000000 0.033062795571
65000000 0.036312394986
70000000 0.038533603856
75000000 0.040151596578
80000000 0.041039704111
90000000 0.041842599018
100000000 0.041000696698
110000000 0.039973497496
120000000 0.038723496576
130000000 0.03736280574
140000000 0.035781108662
150000000 0.034280399136
160000000 0.033059392608
180000000 0.03013790526
200000000 0.027636894415
#Header 
#Target 67 160 1
#Product 66 159 0
#Datapoints 38
1000000 0
9000000 0
10000000 1.092708738E-13
11000000 4.74509565E-12
12000000 6.16823217E-11
13000000 5.4617145519E-10
14000000 3.6686298814E-9
15000000 1.7268302969017E-8
16000000 5.955419486E-8
17000000 1.6159603497E-7
18000000 3.635190631E-7
19000000 7.0621902282E-7
20000000 3.9398494044E-6
22000000 3.301439653E-5
24000000 0.00017984194194
26000000 0.00062541601155
28000000 0.00156324995365
30000000 0.00308257002
35000000 0.008891370111
40000000 0.0152598002216
45000000 0.020526693111
50000000 0.024351899106
55000000 0.027185399256
60000000 0.029173897659
65000000 0.030512604654
70000000 0.031284900944
75000000 0.031781404219
80000000 0.031784702348
90000000 0.031387000788
100000000 0.030398800354
110000000 0.029137591883
120000000 0.02780229328
130000000 0.0265329051
140000000 0.025315995796
150000000 0.024156204848
160000000 0.023045392524
180000000 0.02075020173
200000000 0.01889519502
#Header 
#Target 67 160 1
#Product 67 147 0
#Datapoints 10
1000000 0
100000000 0
110000000 1.2944094445E-11
120000000 7.241519913E-7
130000000 2.707209306E-5
140000000 0.00014711900697
150000000 0.00021696895616
160000000 0.00021975700428
180000000 0.0002490899985
200000000 0.000232204973
#Header 
#Target 67 160 1
#Product 67 148 0
#Datapoints 11
1000000 0
90000000 0
100000000 4.865006356E-11
110000000 4.8358309715E-6
120000000 0.00015442498226
130000000 0.0009356390576
140000000 0.0014976395226
150000000 0.001459059948
160000000 0.0015390293094
180000000 0.001655989371
200000000 0.0016324194432
#Header 
#Target 67 160 1
#Product 67 149 0
#Datapoints 12
1000000 0
80000000 0
90000000 5.9575499907E-8
100000000 6.664840546E-5
110000000 0.001694249368
120000000 0.0069842399208
130000000 0.008576340394
140000000 0.0081579604574
150000000 0.0083553605128
160000000 0.0083062090221
180000000 0.007639309611
200000000 0.006847830132
#Header 
#Target 67 160 1
#Product 67 150 0
#Datapoints 13
1000000 0
75000000 0
80000000 3.308349499E-10
90000000 1.18702007952E-5
100000000 0.0005099800522
110000000 0.0028010594045
120000000 0.0038310394734
130000000 0.004008450484
140000000 0.0042889699632
150000000 0.0043954803088
160000000 0.0044991803901
180000000 0.004508669637
200000000 0.00438895054
#Header 
#Target 67 160 1
#Product 67 151 0
#Datapoints 15
1000000 0
65000000 0
70000000 3.466930544E-10
75000000 1.7613104677E-6
80000000 5.8588705084E-5
90000000 0.0037612398714
100000000 0.020394892917
110000000 0.026071599699
120000000 0.023968905578
130000000 0.02391630094
140000000 0.023178395942
150000000 0.021721504472
160000000 0.019929000003
180000000 0.01750629285
200000000 0.016729305879
#Header 
#Target 67 160 1
#Product 67 152 0
#Datapoints 16
1000000 0
60000000 0
65000000 1.56521009988E-8
70000000 3.2193404496E-6
75000000 4.507779361E-5
80000000 0.00037110492195
90000000 0.0037948597599
100000000 0.0056899804479
110000000 0.006438219225
120000000 0.0066298896278
130000000 0.006704399296
140000000 0.0067311605244
150000000 0.0066874507796
160000000 0.0064929701661
180000000 0.00602676999
200000000 0.0054771801396
#Header 
#Target 67 160 1
#Product 67 153 0
#Datapoints 18
1000000 0
50000000 0
55000000 1.0769200445E-8
60000000 1.35886993687E-5
65000000 0.00037195795098
70000000 0.0041159499392
75000000 0.020228295258
80000000 0.046175306821
90000000 0.065498196819
100000000 0.057793392976
110000000 0.053864402167
120000000 0.051661197258
130000000 0.04918609914
140000000 0.047262791238
150000000 0.045938399488
160000000 0.04423439856
180000000 0.04170240594
200000000 0.040106200017
#Header 
#Target 67 160 1
#Product 67 154 0
#Datapoints 20
1000000 0
40000000 0
45000000 1.506669687E-12
50000000 8.723050587E-7
55000000 9.7125903381E-5
60000000 0.00098375097286
65000000 0.0075167102808
70000000 0.019379007648
75000000 0.0266932962
80000000 0.029450905673
90000000 0.032036996145
100000000 0.034114402925
110000000 0.034387603669
120000000 0.033867399554
130000000 0.03330539306
140000000 0.032455195552
150000000 0.03235670472
160000000 0.032088296889
180000000 0.03075709599
200000000 0.029417697686
#Header 
#Target 67 160 1
#Product 67 155 0
#Datapoints 22
1000000 0
30000000 0
35000000 1.919227076E-15
40000000 9.2772310223E-7
45000000 0.00024244196469
50000000 0.0031560603312
55000000 0.02741069068
60000000 0.076084190591
65000000 0.112733012448
70000000 0.121215997232
75000000 0.119838998234
80000000 0.118642989479
90000000 0.115031998125
100000000 0.110070999369
110000000 0.10482599623
120000000 0.100812005224
130000000 0.09720030784
140000000 0.094170496888
150000000 0.091191297836
160000000 0.088414098267
180000000 0.08239170501
200000000 0.077542299939
#Header 
#Target 67 160 1
#Product 67 156 0
#Datapoints 24
1000000 0
26000000 0
28000000 1.64577567E-14
30000000 7.7771178E-10
35000000 2.8899798798E-5
40000000 0.00049941098329
45000000 0.0060142792164
50000000 0.022319909458
55000000 0.033389709473
60000000 0.036663905835
65000000 0.040323203424
70000000 0.042314505552
75000000 0.043883394294
80000000 0.044303302715
90000000 0.044063301249
100000000 0.043145996014
110000000 0.041515805046
120000000 0.04019710551
130000000 0.03887749764
140000000 0.037876294118
150000000 0.036751297592
160000000 0.034993205445
180000000 0.03226920381
200000000 0.030197694605
#Header 
#Target 67 160 1
#Product 67 157 0
#Datapoints 29
1000000 0
18000000 0
19000000 1.252420716E-12
20000000 5.483858947E-10
22000000 5.4647603672E-7
24000000 2.9583402705E-5
26000000 0.00026760095949
28000000 0.0008536379621
30000000 0.00213516
35000000 0.02312089507
40000000 0.079687602993
45000000 0.142399002525
50000000 0.172117007312
55000000 0.18472193739
60000000 0.19113408276
65000000 0.19145094318
70000000 0.19118693792
75000000 0.1875869619
80000000 0.18451002346
90000000 0.1753830738
100000000 0.16520900485
110000000 0.1561740158
120000000 0.146842999756
130000000 0.13872799436
140000000 0.13183199692
150000000 0.125527993744
160000000 0.119880994266
180000000 0.10794400137
200000000 0.098245008264
#Header 
#Target 67 160 1
#Product 67 158 0
#Datapoints 36
1000000 0
11000000 0
12000000 5.5404189855E-13
13000000 5.9884754197E-11
14000000 4.83639012254E-9
15000000 1.2327405476881E-7
16000000 1.4645495416E-6
17000000 9.5789797083E-6
18000000 3.7445797252E-5
19000000 9.872099601E-5
20000000 0.00020032503736
22000000 0.00061149693236
24000000 0.002340069519
26000000 0.0073435194735
28000000 0.01610499352
30000000 0.0282724992
35000000 0.059432303944
40000000 0.0798282003
45000000 0.092042503752
50000000 0.096544596312
55000000 0.099026694429
60000000 0.098481205038
65000000 0.09794450169
70000000 0.095299096464
75000000 0.093506893273
80000000 0.090922001737
90000000 0.0843450036
100000000 0.078805705822
110000000 0.073086303395
120000000 0.06834819553
130000000 0.06424630768
140000000 0.06047010515
150000000 0.05733980216
160000000 0.054267895836
180000000 0.04823009856
200000000 0.043661900334
#Header 
#Target 67 160 1
#Product 67 159 0
#Datapoints 40
1000000 0
7000000 0
8000000 1.654184068177E-14
9000000 4.71825549E-11
10000000 2.1546600072E-7
11000000 1.49208978E-5
12000000 6.7114195938E-5
13000000 0.000295154004615
14000000 0.00094794624547
15000000 0.0024011099451651
16000000 0.0051308697308
17000000 0.0096182402277
18000000 0.016279997742
19000000 0.025155007302
20000000 0.037563901634
22000000 0.067958101008
24000000 0.104072999976
26000000 0.139437997824
28000000 0.1691949952
30000000 0.194040036
35000000 0.2342590484
40000000 0.24916306859
45000000 0.25258805901
50000000 0.24774396364
55000000 0.24306103927
60000000 0.23450004911
65000000 0.22604606262
70000000 0.2152659696
75000000 0.20657898402
80000000 0.19545607571
90000000 0.17772499635
100000000 0.16201194979
110000000 0.148920000743
120000000 0.138114999194
130000000 0.12883400494
140000000 0.120489999292
150000000 0.113476996092
160000000 0.106958004483
180000000 0.09463629672
200000000 0.084822298977
#Header 
#Target 67 160 1
#Product 67 160 0
#Datapoints 45
1000000 0
2000000 0
3000000 1.17653990704E-14
4000000 2.11707998508E-11
5000000 1.86998995925E-9
6000000 6.1274691844E-8
7000000 1.15831001748E-6
8000000 1.0468400423543E-5
9000000 6.297839379E-5
10000000 0.00028176700686
11000000 0.000939371844
12000000 0.00239628021444
13000000 0.00493425011435
14000000 0.0086820404955
15000000 0.013605898292947
16000000 0.01950009802
17000000 0.025869001959
18000000 0.03210500558
19000000 0.037917896838
20000000 0.042662395867
22000000 0.050258303202
24000000 0.055024706883
26000000 0.057150002286
28000000 0.057673701855
30000000 0.0570101976
35000000 0.053390003524
40000000 0.048327800272
45000000 0.042999701241
50000000 0.038073696024
55000000 0.033410005365
60000000 0.029678693786
65000000 0.02600200953
70000000 0.02276730456
75000000 0.019971501767
80000000 0.017676503523
90000000 0.0140319994848
100000000 0.0114219999596
110000000 0.0095479908326
120000000 0.0081603907782
130000000 0.007081230068
140000000 0.0062617794512
150000000 0.0056006793268
160000000 0.0050564395563
180000000 0.004143150558
200000000 0.0034943103195
#Header 
#Target 67 160 1
#Product 68 150 0
#Datapoints 11
1000000 0
90000000 0
100000000 0.0001725369807
110000000 0.0017002192894
120000000 0.0018377203412
130000000 0.0011507999568
140000000 0.00097424200484
150000000 0.0009014620964
160000000 0.00075810201951
180000000 0.000567441018
200000000 0.00044603505466
#Header 
#Target 67 160 1
#Product 68 151 0
#Datapoints 12
1000000 0
80000000 0
90000000 0.00047156298453
100000000 0.0053187398009
110000000 0.0058807509543
120000000 0.0033924294826
130000000 0.002684820494
140000000 0.0024529206494
150000000 0.0020944705352
160000000 0.0018004200291
180000000 0.0013324899447
200000000 0.00094538706158
#Header 
#Target 67 160 1
#Product 68 152 0
#Datapoints 14
1000000 0
70000000 0
75000000 3.5601099845E-5
80000000 0.00143342000116
90000000 0.0136002999429
100000000 0.0114153008683
110000000 0.006254730561
120000000 0.0044445397858
130000000 0.003776089582
140000000 0.003198699504
150000000 0.002636570354
160000000 0.0022131504912
180000000 0.001576899522
200000000 0.00124017008661
#Header 
#Target 67 160 1
#Product 68 153 0
#Datapoints 16
1000000 0
60000000 0
65000000 2.0918799342E-5
70000000 0.0044616801328
75000000 0.023502804519
80000000 0.040945502227
90000000 0.030946306116
100000000 0.0155677993153
110000000 0.0112086006122
120000000 0.0090586592604
130000000 0.007267369924
140000000 0.0058579106482
150000000 0.004936980232
160000000 0.0042041094249
180000000 0.003093370686
200000000 0.0025213299306
#Header 
#Target 67 160 1
#Product 68 154 0
#Datapoints 18
1000000 0
50000000 0
55000000 4.7551694826E-5
60000000 0.012132100323
65000000 0.067036597236
70000000 0.106742987296
75000000 0.091427694362
80000000 0.059774095458
90000000 0.026813394432
100000000 0.018614903175
110000000 0.0143812993021
120000000 0.011284399551
130000000 0.008904919416
140000000 0.0072156004102
150000000 0.0061308804864
160000000 0.0053419594932
180000000 0.00413773029
200000000 0.0032846796333
#Header 
#Target 67 160 1
#Product 68 155 0
#Datapoints 19
1000000 0
45000000 0
50000000 0.022981500594
55000000 0.153886016466
60000000 0.24311990964
65000000 0.19600603974
70000000 0.116645993552
75000000 0.0691306096
80000000 0.047417798337
90000000 0.030494694945
100000000 0.021775401836
110000000 0.016301093048
120000000 0.0129031999024
130000000 0.010407099656
140000000 0.0089597301638
150000000 0.00751610073
160000000 0.0065487404994
180000000 0.005138589276
200000000 0.0042056504997
#Header 
#Target 67 160 1
#Product 68 156 0
#Datapoints 21
1000000 0
35000000 0
40000000 0.073366197933
45000000 0.35700804528
50000000 0.44843694412
55000000 0.30450404318
60000000 0.163574005927
65000000 0.097173511722
70000000 0.069207702784
75000000 0.054518197854
80000000 0.04491389826
90000000 0.032642202945
100000000 0.024982792546
110000000 0.020002101754
120000000 0.016641897616
130000000 0.014157200132
140000000 0.0123799994058
150000000 0.0109378001412
160000000 0.0097572298527
180000000 0.007954209378
200000000 0.00671377967
#Header 
#Target 67 160 1
#Product 68 157 0
#Datapoints 23
1000000 0
28000000 0
30000000 0.0400059
35000000 0.54553896358
40000000 0.66053904202
45000000 0.34288995126
50000000 0.156886986268
55000000 0.097359306139
60000000 0.073329397709
65000000 0.059426195724
70000000 0.049768191968
75000000 0.042903104839
80000000 0.037499699979
90000000 0.029051292996
100000000 0.023755203544
110000000 0.020101507018
120000000 0.017341095286
130000000 0.01526239276
140000000 0.0133364995582
150000000 0.0118416005168
160000000 0.010664199711
180000000 0.008789079015
200000000 0.0074830494947
#Header 
#Target 67 160 1
#Product 68 158 0
#Datapoints 29
1000000 0
18000000 0
19000000 0.021591902454
20000000 0.15652604877
22000000 0.57184901354
24000000 0.85457407248
26000000 0.98369091876
28000000 1.0337299742
30000000 1.005019974
35000000 0.4650919364
40000000 0.20241094517
45000000 0.135745999734
50000000 0.107405000996
55000000 0.089384899182
60000000 0.07597911115
65000000 0.065760400314
70000000 0.057402705008
75000000 0.050745892867
80000000 0.045021700416
90000000 0.036244501194
100000000 0.029914805716
110000000 0.025091996947
120000000 0.021493197346
130000000 0.01874910552
140000000 0.016688504846
150000000 0.014984997996
160000000 0.0135495000333
180000000 0.011137299912
200000000 0.0093749898541
#Header 
#Target 67 160 1
#Product 68 159 0
#Datapoints 37
1000000 0
10000000 0
11000000 0.033254201415
12000000 0.305127023364
13000000 0.533390010226
14000000 0.68716202782
15000000 0.80658907311147
16000000 0.90303304792
17000000 0.98102298039
18000000 1.0407199893
19000000 1.06054011324
20000000 0.94823298514
22000000 0.5832060346
24000000 0.34173993351
26000000 0.2235079665
28000000 0.17008195435
30000000 0.1452410028
35000000 0.116245004356
40000000 0.097924503838
45000000 0.083986201731
50000000 0.072380505086
55000000 0.062955504346
60000000 0.055482903443
65000000 0.048478894254
70000000 0.042562595856
75000000 0.037494802111
80000000 0.033293799196
90000000 0.026457005718
100000000 0.021821308023
110000000 0.018327907834
120000000 0.015654999928
130000000 0.013687700466
140000000 0.0121176011866
150000000 0.0108557998132
160000000 0.0097759396581
180000000 0.008048870487
200000000 0.0067947505405
#Header 
#Target 67 160 1
#Product 68 160 0
#Datapoints 46
1000000 0
1000000 0
2000000 9.9737800732E-11
3000000 4.15026971488E-7
4000000 3.61239988848E-5
5000000 0.00066381598745
6000000 0.00521324018911
7000000 0.024188100552
8000000 0.07727190191948
9000000 0.1808520129
10000000 0.32215600295
11000000 0.43368499065
12000000 0.292110987609
13000000 0.179140981398
14000000 0.128829972576
15000000 0.10321700162965
16000000 0.09020469714
17000000 0.082377906411
18000000 0.077533298352
19000000 0.074347799598
20000000 0.071999395272
22000000 0.068778093864
24000000 0.065300193648
26000000 0.061423701702
28000000 0.057720299175
30000000 0.0538222968
35000000 0.046179192254
40000000 0.039510501948
45000000 0.034077207891
50000000 0.029752009904
55000000 0.025437406779
60000000 0.022532402919
65000000 0.019491404562
70000000 0.017090198752
75000000 0.0149089010129
80000000 0.0131865987267
90000000 0.0104918000088
100000000 0.0085664999697
110000000 0.0070990400082
120000000 0.0060719294288
130000000 0.005291289158
140000000 0.0046718608742
150000000 0.0041828501596
160000000 0.0037752202323
180000000 0.003097180134
200000000 0.0026149998797
#Header 
#Target 67 160 1
#Product 68 161 0
#Datapoints 46
1000000 0
1000000 0
2000000 1.69569008655E-11
3000000 3.52358012656E-8
4000000 1.89269995416E-6
5000000 1.8314496789E-5
6000000 6.6823487413E-5
7000000 0.00013334398308
8000000 0.00019849604130846
9000000 0.0002769040404
10000000 0.0004000019551
11000000 0.000537984087
12000000 0.00067185675891
13000000 0.00079797509986
14000000 0.00090868623386
15000000 0.0009842524575268
16000000 0.00100066995848
17000000 0.00096324001245
18000000 0.0008966809885
19000000 0.00082180704408
20000000 0.00074502298836
22000000 0.00061579099678
24000000 0.00052774303428
26000000 0.00047005505859
28000000 0.0004199880223
30000000 0.000393319962
35000000 0.00034945494818
40000000 0.0003018749817
45000000 0.00029844206139
50000000 0.00026333695072
55000000 0.00025960798506
60000000 0.0002332069916
65000000 0.00022536196956
70000000 0.00020315099552
75000000 0.00020523099112
80000000 0.00017550200997
90000000 0.000154355993253
100000000 0.000145044008591
110000000 0.000119296998506
120000000 9.6651500264E-5
130000000 9.050520292E-5
140000000 8.779269993E-5
150000000 8.1891704568E-5
160000000 7.4561790402E-5
180000000 5.829539211E-5
200000000 3.2734397397E-5
