#Header 
#Target 48 109 0
#Product 0 1 0
#Datapoints 45
1000000 0
2000000 0
3000000 4.333186436E-5
4000000 0.002238356897
5000000 0.020246771934
6000000 0.08326193278792
7000000 0.19813342599
8000000 0.32526699093
9000000 0.4424464676
10000000 0.5449569536
11000000 0.6332375148666
12000000 0.71031630572
13000000 0.7785968101
14000000 0.94137867234
15000000 1.248010404
16000000 1.46310912
17000000 1.58840001
18000000 1.661035273
19000000 1.699556252
20000000 1.729541835
22000000 1.770932994
24000000 1.851856034
26000000 2.036073088
28000000 2.206966099
30000000 2.31475486
35000000 2.416718848
40000000 2.60614557
45000000 2.737844382
50000000 2.835226082
55000000 2.908012689
60000000 2.986812465
65000000 3.017791514
70000000 3.079595676
75000000 3.103637184
80000000 3.163806592
90000000 3.266204823
100000000 3.36714618
110000000 3.475450898
120000000 3.609931122
130000000 3.763669968
140000000 3.916791794
150000000 4.062391795
160000000 4.20679919
180000000 4.491052401
200000000 4.769958438
#Header 
#Target 48 109 0
#Product 1 1 0
#Datapoints 45
1000000 0
2000000 1.2508855596E-11
3000000 4.546934124E-7
4000000 3.41183472E-5
5000000 0.0004728287022
6000000 0.003642740733975
7000000 0.01185249198
8000000 0.023283172791
9000000 0.03663519322
10000000 0.05411861248
11000000 0.0937281473224
12000000 0.18845546156
13000000 0.32752437255
14000000 0.42264009468
15000000 0.3945645288
16000000 0.380511264
17000000 0.391921871
18000000 0.4160882154
19000000 0.4433639872
20000000 0.4747235346
22000000 0.5516958131
24000000 0.6638901584
26000000 0.7540482412
28000000 0.823441008
30000000 0.8823396964
35000000 1.0245354879
40000000 1.1274848676
45000000 1.1796487612
50000000 1.2258882348
55000000 1.2586735764
60000000 1.2966186233
65000000 1.3250363226
70000000 1.356493784
75000000 1.376507232
80000000 1.401023424
90000000 1.450635615
100000000 1.493452395
110000000 1.542253667
120000000 1.600768104
130000000 1.66339872
140000000 1.725420772
150000000 1.789225935
160000000 1.853163235
180000000 1.990642863
200000000 2.143798605
#Header 
#Target 48 109 0
#Product 1 2 0
#Datapoints 41
1000000 0
6000000 0
7000000 2.230604811E-13
8000000 9.887373783E-10
9000000 1.088822066E-7
10000000 1.253770496E-6
11000000 1.370545573668E-5
12000000 8.449033348E-5
13000000 0.00032225650885
14000000 0.00088922922363
15000000 0.001978941736
16000000 0.0036988968
17000000 0.00597841634
18000000 0.008660957507
19000000 0.011588809428
20000000 0.01464735321
22000000 0.0208741699
24000000 0.02692978393
26000000 0.03261775494
28000000 0.03964941955
30000000 0.04453834648
35000000 0.05532961623
40000000 0.06100396389
45000000 0.0694975008
50000000 0.07573701984
55000000 0.08517807432
60000000 0.08823123582
65000000 0.0956042865
70000000 0.09811672732
75000000 0.10410077256
80000000 0.10638472256
90000000 0.10591002936
100000000 0.10579145105
110000000 0.10342932313
120000000 0.10218933102
130000000 0.10205876016
140000000 0.10250155502
150000000 0.10352385935
160000000 0.1055352891
180000000 0.1122723129
200000000 0.1220148657
#Header 
#Target 48 109 0
#Product 1 3 0
#Datapoints 37
1000000 0
10000000 0
11000000 3.050935791648E-17
12000000 1.6074845544E-12
13000000 4.1818152085E-10
14000000 1.2766077342E-8
15000000 1.215877272E-7
16000000 8.88901056E-7
17000000 6.19257271E-6
18000000 3.026831246E-5
19000000 8.571956948E-5
20000000 0.0002022819876
22000000 0.0006235423413
24000000 0.0012526244451
26000000 0.002016194742
28000000 0.002852320315
30000000 0.003719416828
35000000 0.005918855931
40000000 0.008003185308
45000000 0.0098079527
50000000 0.011424368491
55000000 0.012909408786
60000000 0.01440812555
65000000 0.0158270444
70000000 0.01734273548
75000000 0.01883149236
80000000 0.0204041632
90000000 0.02379829059
100000000 0.027629469
110000000 0.02996449201
120000000 0.03246710022
130000000 0.0352815264
140000000 0.03828112926
150000000 0.04123503625
160000000 0.04431334245
180000000 0.05111022477
200000000 0.05793337962
#Header 
#Target 48 109 0
#Product 2 3 0
#Datapoints 36
1000000 0
11000000 0
12000000 1.2051197116E-17
13000000 3.1958160675E-15
14000000 1.671562026E-13
15000000 4.25803494E-12
16000000 9.19441008E-11
17000000 1.65243702E-9
18000000 2.181237434E-8
19000000 1.989627888E-7
20000000 1.295661339E-6
22000000 2.448181512E-5
24000000 0.0001861615308
26000000 0.0006828978528
28000000 0.001586776321
30000000 0.002828414112
35000000 0.006763401522
40000000 0.010953051894
45000000 0.01487346588
50000000 0.01846674775
55000000 0.02113713756
60000000 0.02337811294
65000000 0.02529964254
70000000 0.02707892656
75000000 0.02882867484
80000000 0.03056736384
90000000 0.03430057131
100000000 0.03853381705
110000000 0.0410713165
120000000 0.04315889274
130000000 0.04508786592
140000000 0.04707815804
150000000 0.0491353238
160000000 0.05122120825
180000000 0.05544310827
200000000 0.05949851013
#Header 
#Target 48 109 0
#Product 2 4 0
#Datapoints 45
1000000 0
2000000 2.4449604184E-13
3000000 1.0136224862E-9
4000000 7.01769131E-8
5000000 1.4675001678E-6
6000000 2.015342581265E-5
7000000 0.0001208667789
8000000 0.0003929154804
9000000 0.000857163542
10000000 0.001481542272
11000000 0.002253316549737
12000000 0.0032997883064
13000000 0.004985788081
14000000 0.0072136127574
15000000 0.00916700014
16000000 0.0116894832
17000000 0.0150266176
18000000 0.01995936238
19000000 0.02995029636
20000000 0.03516992073
22000000 0.03701600588
24000000 0.03697859207
26000000 0.0406069437
28000000 0.0444726035
30000000 0.04841745888
35000000 0.05606862439
40000000 0.06062572017
45000000 0.06352372936
50000000 0.0653786047
55000000 0.06644917386
60000000 0.06821142328
65000000 0.06910499126
70000000 0.07020934684
75000000 0.07075235172
80000000 0.07223350944
90000000 0.07548756984
100000000 0.0781129163
110000000 0.08109736415
120000000 0.08704075188
130000000 0.09522201168
140000000 0.10298323284
150000000 0.1104283485
160000000 0.117740086
180000000 0.1303041432
200000000 0.1398820347
#Header 
#Target 48 109 0
#Product 39 83 0
#Datapoints 9
1000000 0
110000000 0
120000000 3.008559792E-15
130000000 7.145458992E-12
140000000 3.906045554E-10
150000000 3.484140139E-9
160000000 4.003439657E-8
180000000 2.2622096673E-6
200000000 5.3001507159E-5
#Header 
#Target 48 109 0
#Product 39 84 0
#Datapoints 10
1000000 0
100000000 0
110000000 9.622530892E-16
120000000 3.553472544E-12
130000000 2.779623216E-10
140000000 2.572509931E-9
150000000 2.331790401E-8
160000000 2.3131098235E-7
180000000 7.2782700474E-6
200000000 0.00011397401163
#Header 
#Target 48 109 0
#Product 39 85 0
#Datapoints 10
1000000 0
100000000 0
110000000 1.360979085E-13
120000000 8.496627858E-12
130000000 1.194263856E-10
140000000 2.1250499302E-9
150000000 1.821320129E-8
160000000 9.383649958E-8
180000000 1.8801005058E-6
200000000 1.7474101749E-5
#Header 
#Target 48 109 0
#Product 39 86 0
#Datapoints 11
1000000 0
90000000 0
100000000 3.22876865E-14
110000000 7.311108422E-12
120000000 2.00634762E-10
130000000 1.9916497872E-9
140000000 1.7424502042E-8
150000000 8.805060442E-8
160000000 4.338879275E-7
180000000 5.0163396459E-6
200000000 4.3792703361E-5
#Header 
#Target 48 109 0
#Product 39 87 0
#Datapoints 12
1000000 0
80000000 0
90000000 2.295401058E-15
100000000 5.02207941E-13
110000000 1.0240499515E-11
120000000 1.0605499992E-10
130000000 1.0393693776E-9
140000000 6.7111600886E-9
150000000 2.9976897515E-8
160000000 1.02248997565E-7
180000000 9.5122600122E-7
200000000 5.6350099332E-6
#Header 
#Target 48 109 0
#Product 40 84 0
#Datapoints 8
1000000 0
120000000 0
130000000 1.764087696E-14
140000000 3.431610252E-11
150000000 4.808419591E-9
160000000 7.140739888E-8
180000000 2.9569195854E-6
200000000 4.9450996089E-5
#Header 
#Target 48 109 0
#Product 40 85 0
#Datapoints 9
1000000 0
110000000 0
120000000 2.812860666E-15
130000000 4.24575072E-11
140000000 7.0671494378E-9
150000000 1.0230299109E-7
160000000 6.2920705945E-7
180000000 1.7362104012E-5
200000000 0.00018660902544
#Header 
#Target 48 109 0
#Product 40 86 0
#Datapoints 10
1000000 0
100000000 0
110000000 1.221799201E-14
120000000 1.320537522E-10
130000000 1.4618797056E-8
140000000 1.7198998912E-7
150000000 9.371370021E-7
160000000 5.125299986E-6
180000000 6.8611897728E-5
200000000 0.00072172602684
#Header 
#Target 48 109 0
#Product 40 87 0
#Datapoints 11
1000000 0
90000000 0
100000000 7.970712915E-15
110000000 5.589449471E-11
120000000 6.0221096742E-9
130000000 9.8907005232E-8
140000000 6.4068109002E-7
150000000 3.507510062E-6
160000000 1.4056696315E-5
180000000 0.00016841305272
200000000 0.0010696604112
#Header 
#Target 48 109 0
#Product 40 88 0
#Datapoints 11
1000000 0
90000000 0
100000000 1.22199159E-11
110000000 2.5868304035E-9
120000000 6.1046494968E-8
130000000 4.0027695984E-7
140000000 1.9279101574E-6
150000000 8.034029543E-6
160000000 2.8971602675E-5
180000000 0.00021579102864
200000000 0.00103847000724
#Header 
#Target 48 109 0
#Product 40 89 0
#Datapoints 12
1000000 0
80000000 0
90000000 2.087013384E-12
100000000 6.081911725E-10
110000000 1.17866006232E-8
120000000 8.4759398964E-8
130000000 3.62755044E-7
140000000 1.4899796088E-6
150000000 4.955469794E-6
160000000 1.4320202785E-5
180000000 7.1798800161E-5
200000000 0.00028087200135
#Header 
#Target 48 109 0
#Product 40 90 0
#Datapoints 14
1000000 0
70000000 0
75000000 7.59428202E-15
80000000 6.469150144E-13
90000000 1.946934846E-10
100000000 3.0382905625E-9
110000000 1.09648004336E-8
120000000 3.7805199102E-8
130000000 1.7435403648E-7
140000000 5.6443998736E-7
150000000 1.2883903215E-6
160000000 3.1387699665E-6
180000000 1.2162995559E-5
200000000 3.0056995332E-5
#Header 
#Target 48 109 0
#Product 41 86 0
#Datapoints 9
1000000 0
110000000 0
120000000 5.625663402E-13
130000000 3.6690444E-10
140000000 6.8494597198E-9
150000000 3.825399721E-8
160000000 2.5866505885E-7
180000000 4.7853804339E-6
200000000 6.6548097432E-5
#Header 
#Target 48 109 0
#Product 41 87 0
#Datapoints 10
1000000 0
100000000 0
110000000 9.273883153E-13
120000000 2.000404002E-10
130000000 3.7038799872E-9
140000000 2.595060244E-8
150000000 1.8855294835E-7
160000000 8.7399395835E-7
180000000 1.3489998423E-5
200000000 9.6499396998E-5
#Header 
#Target 48 109 0
#Product 41 88 0
#Datapoints 11
1000000 0
90000000 0
100000000 1.515404775E-12
110000000 4.963305627E-10
120000000 1.548770136E-8
130000000 1.4053603248E-7
140000000 1.08762001012E-6
150000000 5.629229375E-6
160000000 2.3211198275E-5
180000000 0.00021650901888
200000000 0.0011884598145
#Header 
#Target 48 109 0
#Product 41 89 0
#Datapoints 12
1000000 0
80000000 0
90000000 1.6604298E-12
100000000 1.281030408E-9
110000000 2.9829796075E-8
120000000 2.3337401736E-7
130000000 1.6242004368E-6
140000000 9.5280003382E-6
150000000 3.8352506655E-5
160000000 0.00011568103995
180000000 0.0007191019737
200000000 0.0031153204242
#Header 
#Target 48 109 0
#Product 41 90 0
#Datapoints 14
1000000 0
70000000 0
75000000 2.229310908E-15
80000000 6.345090368E-13
90000000 7.202655702E-10
100000000 2.2575902705E-8
110000000 1.3113705189E-7
120000000 7.8776006226E-7
130000000 5.1486604272E-6
140000000 1.9810995678E-5
150000000 5.8278295805E-5
160000000 0.00015548897305
180000000 0.00083950795632
200000000 0.0024200897238
#Header 
#Target 48 109 0
#Product 41 91 0
#Datapoints 16
1000000 0
60000000 0
65000000 7.24760356E-14
70000000 1.211938924E-11
75000000 3.635714988E-10
80000000 3.2858594432E-9
90000000 3.3127205067E-8
100000000 1.1107800091E-7
110000000 6.0085105896E-7
120000000 3.4344402972E-6
130000000 1.1463401808E-5
140000000 3.148150187E-5
150000000 8.166930669E-5
160000000 0.00017946995755
180000000 0.00056476796772
200000000 0.0011841097293
#Header 
#Target 48 109 0
#Product 41 92 0
#Datapoints 17
1000000 0
55000000 0
60000000 6.07544574E-14
65000000 8.173948776E-12
70000000 1.902246428E-10
75000000 1.5683701236E-9
80000000 6.3027293696E-9
90000000 2.653799976E-8
100000000 5.6148699945E-8
110000000 2.4912903461E-7
120000000 1.01126999094E-6
130000000 2.427319872E-6
140000000 5.3873408576E-6
150000000 1.1230595375E-5
160000000 2.042119578E-5
180000000 4.9105298847E-5
200000000 8.9973892386E-5
#Header 
#Target 48 109 0
#Product 41 93 0
#Datapoints 19
1000000 0
45000000 0
50000000 3.058360331E-15
55000000 5.554250145E-13
60000000 2.049222812E-11
65000000 2.486352794E-10
70000000 1.2582495512E-9
75000000 3.15293046E-9
80000000 5.2764696384E-9
90000000 8.1017099802E-9
100000000 5.267429967E-8
110000000 2.1793305381E-7
120000000 4.7170800132E-7
130000000 9.0347896224E-7
140000000 1.8077604778E-6
150000000 3.148349503E-6
160000000 5.095149163E-6
180000000 1.00979997756E-5
200000000 1.6299599679E-5
#Header 
#Target 48 109 0
#Product 42 88 0
#Datapoints 9
1000000 0
110000000 0
120000000 2.637657174E-12
130000000 3.5838597744E-9
140000000 1.01268994874E-7
150000000 6.3657306555E-7
160000000 2.8489302815E-6
180000000 3.0427703691E-5
200000000 0.00018529196283
#Header 
#Target 48 109 0
#Product 42 89 0
#Datapoints 10
1000000 0
100000000 0
110000000 8.228708951E-12
120000000 6.520299564E-9
130000000 2.2009306464E-7
140000000 1.8060198108E-6
150000000 8.106469904E-6
160000000 2.891299847E-5
180000000 0.00021133396779
200000000 0.0010647702288
#Header 
#Target 48 109 0
#Product 42 90 0
#Datapoints 11
1000000 0
90000000 0
100000000 2.30274651E-11
110000000 1.3242994357E-8
120000000 5.6063194164E-7
130000000 5.0029293168E-6
140000000 2.0323300282E-5
150000000 6.8360600115E-5
160000000 0.0002044370485
180000000 0.0013458501078
200000000 0.0041634994113
#Header 
#Target 48 109 0
#Product 42 91 0
#Datapoints 12
1000000 0
80000000 0
90000000 6.12541764E-12
100000000 1.9167395915E-8
110000000 7.780609826E-7
120000000 6.689240823E-6
130000000 2.6063997264E-5
140000000 8.8008392176E-5
150000000 0.00028485097935
160000000 0.0007266590212
180000000 0.0027548302749
200000000 0.0065453803983
#Header 
#Target 48 109 0
#Product 42 92 0
#Datapoints 14
1000000 0
70000000 0
75000000 2.040499008E-13
80000000 5.790221856E-11
90000000 6.2497494783E-8
100000000 2.1797198965E-6
110000000 1.2707298508E-5
120000000 3.753800277E-5
130000000 0.000112598999568
140000000 0.00033959304964
150000000 0.00076824798235
160000000 0.0014858001775
180000000 0.0045206801574
200000000 0.0086699008827
#Header 
#Target 48 109 0
#Product 42 93 0
#Datapoints 16
1000000 0
60000000 0
65000000 3.197962202E-15
70000000 1.277429772E-12
75000000 1.0002700092E-10
80000000 3.140850144E-9
90000000 3.1948698213E-7
100000000 3.470000107E-6
110000000 8.8153893114E-6
120000000 1.8385800228E-5
130000000 4.94418024E-5
140000000 0.00011321801898
150000000 0.00020660201505
160000000 0.00035370606605
180000000 0.00078438600372
200000000 0.0012394100304
#Header 
#Target 48 109 0
#Product 42 94 0
#Datapoints 17
1000000 0
55000000 0
60000000 4.786196415E-13
65000000 3.38002317E-11
70000000 1.1832190112E-9
75000000 2.0270102076E-8
80000000 1.7359399072E-7
90000000 2.2571302671E-6
100000000 5.700260149E-6
110000000 8.5044102933E-6
120000000 1.909569762E-5
130000000 4.291260408E-5
140000000 7.917130007E-5
150000000 0.00012919700755
160000000 0.00019651104495
180000000 0.00032116899375
200000000 0.00044959700592
#Header 
#Target 48 109 0
#Product 42 95 0
#Datapoints 19
1000000 0
45000000 0
50000000 3.06868155E-15
55000000 4.936382883E-13
60000000 2.38502537E-11
65000000 7.106453652E-10
70000000 1.5479496972E-8
75000000 1.43634006E-7
80000000 5.80988048E-7
90000000 1.7847205632E-6
100000000 1.915490535E-6
110000000 3.2813195683E-6
120000000 7.3771792692E-6
130000000 1.3376003184E-5
140000000 2.0949604582E-5
150000000 3.215969776E-5
160000000 4.478559712E-5
180000000 6.6150798582E-5
200000000 7.5453703641E-5
#Header 
#Target 48 109 0
#Product 43 90 0
#Datapoints 11
1000000 0
90000000 0
100000000 1.43090265E-14
110000000 7.080403922E-11
120000000 5.2452903876E-9
130000000 6.3731104992E-8
140000000 2.9324003892E-7
150000000 1.233280428E-6
160000000 4.1692103505E-6
180000000 3.8005399971E-5
200000000 0.00014308200594
#Header 
#Target 48 109 0
#Product 43 91 0
#Datapoints 12
1000000 0
80000000 0
90000000 7.972589781E-14
100000000 4.12520596E-10
110000000 4.3110696956E-8
120000000 4.5642305496E-7
130000000 1.8697297824E-6
140000000 7.8791700336E-6
150000000 3.1259804545E-5
160000000 9.1218703455E-5
180000000 0.00040809697599
200000000 0.0010745401266
#Header 
#Target 48 109 0
#Product 43 92 0
#Datapoints 13
1000000 0
75000000 0
80000000 1.217589984E-12
90000000 5.4806705082E-9
100000000 3.5233194335E-7
110000000 2.8337705848E-6
120000000 1.01582004486E-5
130000000 4.0611603312E-5
140000000 0.0001533550015
150000000 0.00040832004945
160000000 0.0008668059821
180000000 0.0031956204291
200000000 0.0068330407725
#Header 
#Target 48 109 0
#Product 43 93 0
#Datapoints 15
1000000 0
65000000 0
70000000 4.425647544E-12
75000000 1.2043499112E-9
80000000 6.7463200608E-8
90000000 2.0974601511E-6
100000000 1.1563900765E-5
110000000 2.7998996149E-5
120000000 0.000105556002486
130000000 0.00039150504
140000000 0.0009028190477
150000000 0.001963779772
160000000 0.0037832898395
180000000 0.0093501995103
200000000 0.015003104724
#Header 
#Target 48 109 0
#Product 43 94 0
#Datapoints 17
1000000 0
55000000 0
60000000 3.578417479E-13
65000000 2.018197948E-10
70000000 1.6279796196E-8
75000000 2.8040999856E-7
80000000 1.7232503424E-6
90000000 1.11565000188E-5
100000000 2.376519591E-5
110000000 6.7711392158E-5
120000000 0.00024608803032
130000000 0.00062457300144
140000000 0.001222200099
150000000 0.0023610695665
160000000 0.003764699701
180000000 0.0073389400095
200000000 0.0097644392595
#Header 
#Target 48 109 0
#Product 43 95 0
#Datapoints 19
1000000 0
45000000 0
50000000 5.978654837E-14
55000000 1.1944995786E-10
60000000 1.8376196566E-8
65000000 3.515549495E-7
70000000 1.9306505624E-6
75000000 5.073959472E-6
80000000 9.3400996992E-6
90000000 1.5551605422E-5
100000000 4.521150813E-5
110000000 0.00015315903867
120000000 0.00033502992894
130000000 0.00059731007616
140000000 0.0010494699626
150000000 0.001664550298
160000000 0.002458110289
180000000 0.0037161697485
200000000 0.0040727494746
#Header 
#Target 48 109 0
#Product 43 96 0
#Datapoints 20
1000000 0
40000000 0
45000000 6.974278948E-13
50000000 4.043816692E-10
55000000 2.9552996754E-8
60000000 4.2839298866E-7
65000000 1.8422101796E-6
70000000 3.8928497752E-6
75000000 5.0072902836E-6
80000000 5.1608404864E-6
90000000 1.15405011711E-5
100000000 6.511960303E-5
110000000 0.00013071397533
120000000 0.00020679202584
130000000 0.00032202304848
140000000 0.00052963302794
150000000 0.00074015596215
160000000 0.00092793096325
180000000 0.0011088898788
200000000 0.0011528102592
#Header 
#Target 48 109 0
#Product 43 97 0
#Datapoints 22
1000000 0
30000000 0
35000000 1.1928799251E-12
40000000 2.877316776E-10
45000000 1.04313008254E-8
50000000 1.38577002182E-7
55000000 6.9829902666E-7
60000000 1.4739901995E-6
65000000 1.8293400732E-6
70000000 1.5216100636E-6
75000000 1.5513803136E-6
80000000 3.6078297216E-6
90000000 3.6327602601E-5
100000000 7.225369039E-5
110000000 7.845550185E-5
120000000 0.000109973002782
130000000 0.0001690570296
140000000 0.00024332700038
150000000 0.0002826670425
160000000 0.00032454603435
180000000 0.00035482702464
200000000 0.00036549895239
#Header 
#Target 48 109 0
#Product 43 98 0
#Datapoints 25
1000000 0
24000000 0
26000000 3.456898244E-15
28000000 1.0544699061E-13
30000000 1.783013916E-12
35000000 3.746832183E-10
40000000 9.9627600204E-9
45000000 6.4490103496E-8
50000000 1.7305603514E-7
55000000 1.846990665E-7
60000000 1.4850201002E-7
65000000 1.32279998634E-7
70000000 4.403529788E-7
75000000 3.22477029E-6
80000000 1.09828998176E-5
90000000 2.4771596202E-5
100000000 2.164739699E-5
110000000 2.5011905269E-5
120000000 3.7731697518E-5
130000000 5.3819605728E-5
140000000 6.3609692314E-5
150000000 7.489880451E-5
160000000 8.1229797025E-5
180000000 8.6349294471E-5
200000000 8.7657806961E-5
#Header 
#Target 48 109 0
#Product 43 99 0
#Datapoints 20
1000000 0
40000000 0
45000000 1.59121326E-13
50000000 1.456555412E-11
55000000 9.340451721E-10
60000000 4.4487600521E-8
65000000 5.2388408096E-7
70000000 2.2615292732E-6
75000000 4.3430702376E-6
80000000 5.0912204704E-6
90000000 3.4232598243E-6
100000000 3.9850002765E-6
110000000 6.6720900838E-6
120000000 9.1354602018E-6
130000000 1.2324997296E-5
140000000 1.403610063E-5
150000000 1.6301001315E-5
160000000 1.850489602E-5
180000000 1.9791801744E-5
200000000 2.1866096817E-5
#Header 
#Target 48 109 0
#Product 44 92 0
#Datapoints 11
1000000 0
90000000 0
100000000 4.42064235E-15
110000000 1.1137596921E-10
120000000 1.7685299082E-8
130000000 3.6864599184E-7
140000000 2.0552598178E-6
150000000 6.2441404045E-6
160000000 1.5377802225E-5
180000000 7.5214604619E-5
200000000 0.00019768101804
#Header 
#Target 48 109 0
#Product 44 93 0
#Datapoints 12
1000000 0
80000000 0
90000000 3.598315677E-14
100000000 4.83572648E-10
110000000 1.2132205429E-7
120000000 2.4836305728E-6
130000000 1.3612498848E-5
140000000 3.966840168E-5
150000000 0.00010809899242
160000000 0.00026506805035
180000000 0.00086264598057
200000000 0.0016332999876
#Header 
#Target 48 109 0
#Product 44 94 0
#Datapoints 13
1000000 0
75000000 0
80000000 1.589936128E-13
90000000 1.04998000329E-8
100000000 2.5849303015E-6
110000000 3.5667294292E-5
120000000 0.00015681604656
130000000 0.00040138998768
140000000 0.00093716403074
150000000 0.0019861598555
160000000 0.003463239409
180000000 0.0079100801406
200000000 0.0102312999072
#Header 
#Target 48 109 0
#Product 44 95 0
#Datapoints 15
1000000 0
65000000 0
70000000 3.937783184E-14
75000000 6.59458986E-11
80000000 1.14126999584E-8
90000000 3.7976705631E-6
100000000 8.0363895415E-5
110000000 0.00033118198863
120000000 0.00075059796726
130000000 0.0016024199472
140000000 0.0034370997896
150000000 0.006042300323
160000000 0.0095891590745
180000000 0.016012003095
200000000 0.01845049491
#Header 
#Target 48 109 0
#Product 44 96 0
#Datapoints 17
1000000 0
55000000 0
60000000 9.406992413E-14
65000000 3.0683295E-10
70000000 3.1188596684E-8
75000000 5.7289208868E-7
80000000 7.0581697408E-6
90000000 0.0001636369749
100000000 0.0006503569454
110000000 0.0010873801114
120000000 0.0019060904862
130000000 0.00397850004
140000000 0.0069365703084
150000000 0.010220800181
160000000 0.013102795485
180000000 0.017284698354
200000000 0.018779504121
#Header 
#Target 48 109 0
#Product 44 97 0
#Datapoints 19
1000000 0
45000000 0
50000000 1.4070093017E-15
55000000 1.652053446E-11
60000000 3.5922106948E-9
65000000 1.4514501478E-7
70000000 2.7762799084E-6
75000000 2.5433595564E-5
80000000 0.000124298990144
90000000 0.00060134705667
100000000 0.0008280590385
110000000 0.00116463997239
120000000 0.0022357202964
130000000 0.0039650797728
140000000 0.005531050549
150000000 0.006967960263
160000000 0.0080804194745
180000000 0.0099115898541
200000000 0.0093185701803
#Header 
#Target 48 109 0
#Product 44 98 0
#Datapoints 21
1000000 0
35000000 0
40000000 4.532538519E-15
45000000 4.111662282E-11
50000000 4.5688700218E-9
55000000 9.0260293221E-8
60000000 2.6710896303E-6
65000000 3.1418397888E-5
70000000 0.0001439949504
75000000 0.00035213699796
80000000 0.00054490099936
90000000 0.00060945801975
100000000 0.0008358659445
110000000 0.0015104897982
120000000 0.0024601805088
130000000 0.0032836300704
140000000 0.0039720095572
150000000 0.0046762302225
160000000 0.0054015699485
180000000 0.0055129296651
200000000 0.0051261996429
#Header 
#Target 48 109 0
#Product 44 99 0
#Datapoints 22
1000000 0
30000000 0
35000000 1.2694593561E-13
40000000 5.426450649E-11
45000000 3.0293094468E-9
50000000 1.19865001257E-7
55000000 5.039980407E-6
60000000 5.2160203914E-5
65000000 0.00016738105352
70000000 0.00026393196516
75000000 0.00025903701324
80000000 0.00021143004096
90000000 0.00022023298602
100000000 0.00049709504755
110000000 0.00072767997051
120000000 0.00092059100334
130000000 0.00108279998784
140000000 0.0012468895854
150000000 0.0013604201805
160000000 0.0014108796205
180000000 0.0014032594818
200000000 0.0013997697039
#Header 
#Target 48 109 0
#Product 44 100 0
#Datapoints 23
1000000 0
28000000 0
30000000 1.1232295936E-13
35000000 1.0057996619E-9
40000000 1.610359605E-7
45000000 2.895420073E-6
50000000 1.7455907153E-5
55000000 5.4944104149E-5
60000000 8.7921596126E-5
65000000 7.9215099832E-5
70000000 5.8392096496E-5
75000000 4.7739396456E-5
80000000 6.2163302304E-5
90000000 0.0001826659485
100000000 0.00027523499095
110000000 0.00028956904895
120000000 0.00034129100334
130000000 0.00039439704672
140000000 0.00046298193702
150000000 0.00048273501335
160000000 0.0004965269868
180000000 0.00050721192588
200000000 0.00051798503448
#Header 
#Target 48 109 0
#Product 44 101 0
#Datapoints 26
1000000 0
22000000 0
24000000 8.658814479E-14
26000000 3.133871668E-12
28000000 6.335084145E-11
30000000 8.3391684E-10
35000000 9.5837992337E-8
40000000 1.32797996019E-6
45000000 4.8174696752E-6
50000000 7.8092898414E-6
55000000 6.4226802906E-6
60000000 4.268380571E-6
65000000 3.480640074E-6
70000000 6.7116204536E-6
75000000 2.0681601144E-5
80000000 4.3074303616E-5
90000000 6.4304799183E-5
100000000 5.8132797725E-5
110000000 6.6613002118E-5
120000000 8.105409189E-5
130000000 9.7849105488E-5
140000000 0.000110976006302
150000000 0.0001184719807
160000000 0.00012568896905
180000000 0.0001350900342
200000000 0.0001381110183
#Header 
#Target 48 109 0
#Product 44 102 0
#Datapoints 21
1000000 0
35000000 0
40000000 1.747538118E-13
45000000 3.32469683E-11
50000000 1.0052299426E-9
55000000 2.6342493831E-8
60000000 4.21670067E-7
65000000 2.63532036E-6
70000000 7.4916196376E-6
75000000 1.09916009508E-5
80000000 1.09066007456E-5
90000000 8.7032000529E-6
100000000 1.0012599245E-5
110000000 1.3623798754E-5
120000000 1.7774094186E-5
130000000 2.2116695904E-5
140000000 2.6241500918E-5
150000000 2.9418195465E-5
160000000 3.235019665E-5
180000000 3.6629099232E-5
200000000 3.8910297942E-5
#Header 
#Target 48 109 0
#Product 45 94 0
#Datapoints 12
1000000 0
80000000 0
90000000 2.092801239E-13
100000000 1.016649609E-9
110000000 3.8813098037E-8
120000000 2.4113501532E-7
130000000 7.4706806304E-7
140000000 2.5022194468E-6
150000000 7.1828503355E-6
160000000 1.4749596525E-5
180000000 4.43584944E-5
200000000 7.3112193873E-5
#Header 
#Target 48 109 0
#Product 45 95 0
#Datapoints 14
1000000 0
70000000 0
75000000 7.542379944E-14
80000000 1.864630752E-10
90000000 2.09122047E-7
100000000 5.2264800555E-6
110000000 2.1506202504E-5
120000000 5.0869004988E-5
130000000 0.00015830295552
140000000 0.00043639204524
150000000 0.00083766696035
160000000 0.001416160427
180000000 0.0026205002274
200000000 0.0034280105355
#Header 
#Target 48 109 0
#Product 45 96 0
#Datapoints 16
1000000 0
60000000 0
65000000 2.301658936E-15
70000000 3.11977118E-11
75000000 1.31101983E-8
80000000 5.782920448E-7
90000000 2.4987003984E-5
100000000 9.2618799435E-5
110000000 0.00018206098857
120000000 0.00047921596104
130000000 0.0012728003472
140000000 0.002514989562
150000000 0.0039950198095
160000000 0.0052904801705
180000000 0.0077950002471
200000000 0.0086581098072
#Header 
#Target 48 109 0
#Product 45 97 0
#Datapoints 18
1000000 0
50000000 0
55000000 6.301055232E-15
60000000 1.576243851E-10
65000000 1.16691007996E-7
70000000 5.538169344E-6
75000000 4.2383203956E-5
80000000 0.00014142006048
90000000 0.00035423203581
100000000 0.00053922496005
110000000 0.0014338994535
120000000 0.0036652403688
130000000 0.0068421793824
140000000 0.0103809999292
150000000 0.013216696745
160000000 0.017049901455
180000000 0.022378197435
200000000 0.02117170557
#Header 
#Target 48 109 0
#Product 45 98 0
#Datapoints 19
1000000 0
45000000 0
50000000 2.261809252E-12
55000000 6.4408406067E-9
60000000 1.15800999587E-6
65000000 3.0100103114E-5
70000000 0.00016119505488
75000000 0.00033492400512
80000000 0.0004475070176
90000000 0.00054809704809
100000000 0.001582880479
110000000 0.0039749001123
120000000 0.006743660265
130000000 0.009676630368
140000000 0.0124522056
150000000 0.01594140377
160000000 0.01881780042
180000000 0.019611003786
200000000 0.017709598782
#Header 
#Target 48 109 0
#Product 45 99 0
#Datapoints 21
1000000 0
35000000 0
40000000 1.663852419E-11
45000000 4.2493000004E-8
50000000 2.1377203735E-6
55000000 2.0301005466E-5
60000000 6.0738407912E-5
65000000 8.4419405226E-5
70000000 7.9079296736E-5
75000000 6.8340007404E-5
80000000 7.9829296352E-5
90000000 0.00033879800475
100000000 0.00081432293035
110000000 0.0011245199866
120000000 0.0014210796714
130000000 0.0018237297888
140000000 0.0023144199476
150000000 0.0026946002345
160000000 0.0028983696125
180000000 0.0030419101878
200000000 0.0031381594182
#Header 
#Target 48 109 0
#Product 45 100 0
#Datapoints 24
1000000 0
26000000 0
28000000 1.430768027E-15
30000000 1.2102887504E-12
35000000 1.0609400376E-8
40000000 2.3796598338E-6
45000000 5.014909809E-5
50000000 0.00017808901361
55000000 0.00024172606512
60000000 0.00021876001784
65000000 0.00017518399434
70000000 0.00017501102328
75000000 0.00033045395676
80000000 0.00091353099616
90000000 0.0025751697876
100000000 0.0029716701775
110000000 0.0032378193475
120000000 0.003996550149
130000000 0.005044539312
140000000 0.0055076405368
150000000 0.0060158196335
160000000 0.006052139815
180000000 0.005858570124
200000000 0.0054717205464
#Header 
#Target 48 109 0
#Product 45 101 0
#Datapoints 30
1000000 0
17000000 0
18000000 8.295429911E-15
19000000 3.27422038E-13
20000000 7.068348063E-12
22000000 8.104567E-10
24000000 2.0480904332E-8
26000000 1.843830557E-7
28000000 7.1666103158E-7
30000000 1.6738504944E-6
35000000 1.4554898918E-5
40000000 3.7967502204E-5
45000000 4.6683295568E-5
50000000 3.2017599689E-5
55000000 2.1104193771E-5
60000000 2.1553294399E-5
65000000 6.1806296132E-5
70000000 0.00020845593624
75000000 0.0003944290374
80000000 0.00048659097984
90000000 0.00045222104331
100000000 0.0004954940503
110000000 0.00061478998823
120000000 0.00077671304298
130000000 0.00093323391408
140000000 0.00106551006908
150000000 0.00108762008325
160000000 0.0011537903055
180000000 0.0011842202295
200000000 0.0011822403231
#Header 
#Target 48 109 0
#Product 45 102 0
#Datapoints 40
1000000 0
7000000 0
8000000 1.2250587096E-20
9000000 4.460065502E-18
10000000 1.896550016E-15
11000000 6.073580243623E-14
12000000 6.6158076484E-13
13000000 6.580659764E-12
14000000 3.9031656345E-11
15000000 2.356103188E-10
16000000 1.261869792E-9
17000000 5.755649441E-9
18000000 2.2225602647E-8
19000000 7.345499682E-8
20000000 2.0843000703E-7
22000000 1.10605002892E-6
24000000 3.592210335E-6
26000000 7.8752495066E-6
28000000 1.30981012006E-5
30000000 1.8646698712E-5
35000000 2.2723096457E-5
40000000 1.3714100721E-5
45000000 9.5710809012E-6
50000000 9.742719644E-6
55000000 4.3336401327E-5
60000000 0.00024447602452
65000000 0.0005366660193
70000000 0.0006546139304
75000000 0.0005431280286
80000000 0.00046208198816
90000000 0.00044606002725
100000000 0.0006250550102
110000000 0.00077212004595
120000000 0.00093091100112
130000000 0.00102456999792
140000000 0.0011009299
150000000 0.00108515994035
160000000 0.0011266203545
180000000 0.0011900997339
200000000 0.0011903899293
#Header 
#Target 48 109 0
#Product 45 103 0
#Datapoints 26
1000000 0
22000000 0
24000000 3.465677698E-15
26000000 4.442734354E-13
28000000 1.426770332E-11
30000000 1.71634034E-10
35000000 5.7269498171E-9
40000000 1.08241000371E-7
45000000 2.8191203404E-6
50000000 1.7093599713E-5
55000000 3.5819193348E-5
60000000 3.9432204175E-5
65000000 2.9026100026E-5
70000000 2.2368905972E-5
75000000 2.10402981E-5
80000000 2.4028099648E-5
90000000 3.7969000938E-5
100000000 5.265450376E-5
110000000 6.9858694996E-5
120000000 8.6031194184E-5
130000000 9.440510112E-5
140000000 0.00010825599863
150000000 0.00011270299305
160000000 0.00012096598655
180000000 0.0001263059523
200000000 0.00012861901935
#Header 
#Target 48 109 0
#Product 45 104 0
#Datapoints 26
1000000 0
22000000 0
24000000 2.922456502E-15
26000000 6.15082164E-13
28000000 3.910895924E-11
30000000 9.72349024E-10
35000000 1.873379894E-7
40000000 2.7559703403E-6
45000000 8.4974296316E-6
50000000 7.2929903818E-6
55000000 4.5488495925E-6
60000000 3.7123194017E-6
65000000 3.7489707208E-6
70000000 4.8960605036E-6
75000000 8.3387500584E-6
80000000 1.26718989856E-5
90000000 1.9671301035E-5
100000000 2.8438593505E-5
110000000 3.8302294612E-5
120000000 4.6731296808E-5
130000000 5.5944403632E-5
140000000 5.993569838E-5
150000000 6.409940176E-5
160000000 6.7472005035E-5
180000000 6.9712396842E-5
200000000 7.5177992394E-5
#Header 
#Target 48 109 0
#Product 45 105 0
#Datapoints 21
1000000 0
35000000 0
40000000 1.2519099639E-14
45000000 3.914079806E-11
50000000 3.5424794507E-9
55000000 7.4648697048E-8
60000000 9.7021793232E-7
65000000 4.5708307098E-6
70000000 1.0489700702E-5
75000000 1.3543598244E-5
80000000 1.4213505952E-5
90000000 1.7643298878E-5
100000000 2.518960492E-5
110000000 3.2150494049E-5
120000000 3.7691100174E-5
130000000 4.1916294E-5
140000000 4.5958802816E-5
150000000 4.7739804595E-5
160000000 4.8378604695E-5
180000000 5.0138806146E-5
200000000 5.0399295822E-5
#Header 
#Target 48 109 0
#Product 46 96 0
#Datapoints 12
1000000 0
80000000 0
90000000 5.817989187E-14
100000000 1.3222395805E-9
110000000 2.0129393541E-7
120000000 2.1712604268E-6
130000000 8.2163797056E-6
140000000 1.9861603752E-5
150000000 3.8867797015E-5
160000000 5.959549747E-5
180000000 0.00011557404474
200000000 0.00014624994816
#Header 
#Target 48 109 0
#Product 46 97 0
#Datapoints 13
1000000 0
75000000 0
80000000 5.289068096E-14
90000000 8.2910500101E-9
100000000 2.0942994545E-6
110000000 2.3979295589E-5
120000000 8.951279877E-5
130000000 0.00021559101264
140000000 0.00038965407286
150000000 0.0005738500152
160000000 0.0008380830578
180000000 0.0013941801456
200000000 0.0014451504291
#Header 
#Target 48 109 0
#Product 46 98 0
#Datapoints 15
1000000 0
65000000 0
70000000 1.40136616E-12
75000000 2.4302198136E-9
80000000 2.5793205408E-7
90000000 4.1234197554E-5
100000000 0.00044688103785
110000000 0.0012124799223
120000000 0.002087999955
130000000 0.0032271596064
140000000 0.0048785399756
150000000 0.00711026983
160000000 0.008731629967
180000000 0.0091930101714
200000000 0.0097803606132
#Header 
#Target 48 109 0
#Product 46 99 0
#Datapoints 17
1000000 0
55000000 0
60000000 6.791819034E-13
65000000 1.09570998336E-8
70000000 9.6963990212E-7
75000000 1.699809294E-5
80000000 0.00013441096544
90000000 0.0018583595046
100000000 0.0045345705985
110000000 0.006258800127
120000000 0.008424539766
130000000 0.013026805488
140000000 0.01835950328
150000000 0.021841100995
160000000 0.022981705995
180000000 0.022841895912
200000000 0.022601696643
#Header 
#Target 48 109 0
#Product 46 100 0
#Datapoints 19
1000000 0
45000000 0
50000000 4.775459087E-11
55000000 1.8245799432E-7
60000000 6.1601507604E-6
65000000 6.8776501102E-5
70000000 0.00054908596364
75000000 0.002630590002
80000000 0.0064529997888
90000000 0.012036199212
100000000 0.01294570132
110000000 0.016472005525
120000000 0.02436680625
130000000 0.033132895776
140000000 0.037946999554
150000000 0.03956729463
160000000 0.03997959472
180000000 0.03760900242
200000000 0.034202398347
#Header 
#Target 48 109 0
#Product 46 101 0
#Datapoints 21
1000000 0
35000000 0
40000000 2.316250431E-12
45000000 1.18690001794E-7
50000000 5.4458797589E-6
55000000 8.1027799848E-5
60000000 0.00100566998714
65000000 0.0053536901718
70000000 0.0127632998748
75000000 0.017494495404
80000000 0.018226303328
90000000 0.01628739738
100000000 0.02201089545
110000000 0.031587906337
120000000 0.04044110679
130000000 0.04568550408
140000000 0.046454797762
150000000 0.046393998065
160000000 0.044278598295
180000000 0.041041104489
200000000 0.039163997088
#Header 
#Target 48 109 0
#Product 46 102 0
#Datapoints 24
1000000 0
26000000 0
28000000 1.673589424E-14
30000000 2.752337488E-11
35000000 4.3663292291E-7
40000000 6.3594701676E-6
45000000 0.00018825604252
50000000 0.002544400537
55000000 0.010029699522
60000000 0.019142394726
65000000 0.0222323932
70000000 0.01955709834
75000000 0.016057594452
80000000 0.015340194048
90000000 0.024323902506
100000000 0.035888906595
110000000 0.042105405055
120000000 0.045842801226
130000000 0.045763395552
140000000 0.044923995874
150000000 0.043876097975
160000000 0.042344299995
180000000 0.04056719469
200000000 0.038731197105
#Header 
#Target 48 109 0
#Product 46 103 0
#Datapoints 28
1000000 0
19000000 0
20000000 5.647316724E-15
22000000 1.1444892439E-11
24000000 1.209649847E-9
26000000 2.1109504936E-8
28000000 1.25638001463E-7
30000000 5.9420601684E-7
35000000 2.2476996894E-5
40000000 0.0010389900285
45000000 0.0076677902756
50000000 0.015198002076
55000000 0.015360205851
60000000 0.0112737003925
65000000 0.0081942301302
70000000 0.0072318706748
75000000 0.008867219892
80000000 0.013198404928
90000000 0.021181906296
100000000 0.022668994365
110000000 0.023497206001
120000000 0.024015901068
130000000 0.023633002944
140000000 0.023109498076
150000000 0.022847095735
160000000 0.02257230458
180000000 0.021850704843
200000000 0.021206403675
#Header 
#Target 48 109 0
#Product 46 104 0
#Datapoints 32
1000000 0
15000000 0
16000000 7.18010688E-14
17000000 4.45539533E-12
18000000 1.732129845E-10
19000000 4.2394702932E-9
20000000 6.3378108045E-8
22000000 3.6354403497E-6
24000000 4.7087104799E-5
26000000 0.00027216094148
28000000 0.00084405705098
30000000 0.0015102403
35000000 0.0046219197766
40000000 0.0085518197145
45000000 0.0078870102038
50000000 0.0051222605636
55000000 0.0037212602409
60000000 0.0038847194841
65000000 0.005507810101
70000000 0.0087433094896
75000000 0.0115747003608
80000000 0.012911994688
90000000 0.013098998754
100000000 0.013551293825
110000000 0.014092897904
120000000 0.014546894988
130000000 0.014499895104
140000000 0.014264805244
150000000 0.01431140185
160000000 0.01418439661
180000000 0.013913203359
200000000 0.013538405079
#Header 
#Target 48 109 0
#Product 46 105 0
#Datapoints 39
1000000 0
8000000 0
9000000 5.16142058E-15
10000000 1.308774784E-12
11000000 6.575546796915E-11
12000000 1.16000004396E-9
13000000 1.1362397791E-8
14000000 7.09381978866E-8
15000000 3.5684596124E-7
16000000 1.504969488E-6
17000000 5.309800218E-6
18000000 1.5636098611E-5
19000000 3.8784200708E-5
20000000 8.2398203874E-5
22000000 0.00024458601231
24000000 0.000476677005
26000000 0.00074251299864
28000000 0.00102856007332
30000000 0.00126075002284
35000000 0.00106601000424
40000000 0.00066944895507
45000000 0.00050588906732
50000000 0.00053478594118
55000000 0.0011474599851
60000000 0.002590810586
65000000 0.0037377802632
70000000 0.0039616297604
75000000 0.0037060404096
80000000 0.0036575100928
90000000 0.0040184305551
100000000 0.004437329551
110000000 0.0046988804108
120000000 0.0048362095824
130000000 0.0048860693568
140000000 0.004904220131
150000000 0.004881970073
160000000 0.0048398498965
180000000 0.0047259298614
200000000 0.0046117204254
#Header 
#Target 48 109 0
#Product 46 106 0
#Datapoints 27
1000000 0
20000000 0
22000000 8.984233298E-15
24000000 1.0958394104E-11
26000000 1.3616294032E-9
28000000 4.1485006797E-8
30000000 4.5276798236E-7
35000000 5.1242904001E-6
40000000 3.3028496496E-5
45000000 0.0001871749607
50000000 0.00057840409413
55000000 0.00090531992124
60000000 0.0009151121252
65000000 0.0008841960226
70000000 0.00095310399372
75000000 0.00108250995084
80000000 0.00120891003424
90000000 0.0014258598615
100000000 0.0015578399855
110000000 0.0016547298009
120000000 0.0016837099608
130000000 0.0016784901216
140000000 0.0016587403528
150000000 0.001650319562
160000000 0.001634099649
180000000 0.0015790903458
200000000 0.0015295301496
#Header 
#Target 48 109 0
#Product 46 107 0
#Datapoints 26
1000000 0
22000000 0
24000000 5.180701141E-13
26000000 1.754060278E-10
28000000 9.5582306482E-9
30000000 1.4844401544E-7
35000000 4.7972503313E-6
40000000 1.6914995442E-5
45000000 2.2591101806E-5
50000000 2.4992995074E-5
55000000 3.6485896248E-5
60000000 5.2992193982E-5
65000000 7.0000403394E-5
70000000 8.4025500992E-5
75000000 9.553999536E-5
80000000 0.000104314997952
90000000 0.000114892991919
100000000 0.000120292997015
110000000 0.00012263600515
120000000 0.00012163202934
130000000 0.00011945402928
140000000 0.00011660095772
150000000 0.0001140520218
160000000 0.00011264503925
180000000 0.00010774895307
200000000 0.000103913999991
#Header 
#Target 48 109 0
#Product 47 98 0
#Datapoints 13
1000000 0
75000000 0
80000000 6.515922784E-12
90000000 2.1557394945E-8
100000000 4.6682499315E-7
110000000 1.628170389E-6
120000000 3.6753503124E-6
130000000 7.8041498688E-6
140000000 1.6932301862E-5
150000000 3.0872498115E-5
160000000 4.1553301205E-5
180000000 4.8535895067E-5
200000000 5.3125394571E-5
#Header 
#Target 48 109 0
#Product 47 99 0
#Datapoints 15
1000000 0
65000000 0
70000000 3.540380048E-11
75000000 1.820629344E-8
80000000 7.8835791584E-7
90000000 1.8560194686E-5
100000000 5.2763696255E-5
110000000 8.5536994224E-5
120000000 0.0001581390519
130000000 0.00036947496096
140000000 0.00060146302296
150000000 0.0007350969664
160000000 0.00079448203045
180000000 0.00084507802995
200000000 0.00081902903823
#Header 
#Target 48 109 0
#Product 47 100 0
#Datapoints 17
1000000 0
55000000 0
60000000 1.1853495017E-11
65000000 5.6703998348E-8
70000000 6.8712995068E-6
75000000 7.1448001284E-5
80000000 0.00021030095328
90000000 0.00039371902308
100000000 0.00050416196935
110000000 0.00101690000496
120000000 0.0020760397272
130000000 0.003019520304
140000000 0.0034729295448
150000000 0.003643209664
160000000 0.0034942999645
180000000 0.0033685296612
200000000 0.0029725599645
#Header 
#Target 48 109 0
#Product 47 101 0
#Datapoints 19
1000000 0
45000000 0
50000000 1.0962696248E-9
55000000 4.0718103894E-6
60000000 0.0001424089758
65000000 0.00080703992376
70000000 0.0015518597768
75000000 0.0017959396608
80000000 0.0017199396864
90000000 0.0019246895676
100000000 0.0049387899965
110000000 0.0087821702296
120000000 0.011696402994
130000000 0.013762104624
140000000 0.014332596108
150000000 0.01379809779
160000000 0.01364180382
180000000 0.012071402772
200000000 0.01178709804
#Header 
#Target 48 109 0
#Product 47 102 0
#Datapoints 21
1000000 0
35000000 0
40000000 9.232781499E-10
45000000 1.03558005096E-5
50000000 0.00074701703615
55000000 0.0043239498786
60000000 0.0069798495039
65000000 0.0066871395906
70000000 0.0056119102344
75000000 0.00513825987
80000000 0.0064948693216
90000000 0.019583300745
100000000 0.031390001345
110000000 0.034780099433
120000000 0.035693001786
130000000 0.033743502576
140000000 0.032505293916
150000000 0.03041499805
160000000 0.02821109899
180000000 0.026077200864
200000000 0.024814504179
#Header 
#Target 48 109 0
#Product 47 103 0
#Datapoints 24
1000000 0
26000000 0
28000000 5.016938901E-11
30000000 3.2911704892E-7
35000000 0.00042476998863
40000000 0.0058275395946
45000000 0.015402403744
50000000 0.017844706195
55000000 0.0135402005799
60000000 0.0097227289887
65000000 0.0088534207236
70000000 0.01408020062
75000000 0.030468801312
80000000 0.049187994528
90000000 0.066714501042
100000000 0.06477570664
110000000 0.064490804662
120000000 0.061544403318
130000000 0.05798199312
140000000 0.055464904332
150000000 0.05186070396
160000000 0.05113910353
180000000 0.048590096082
200000000 0.045607503222
#Header 
#Target 48 109 0
#Product 47 104 0
#Datapoints 29
1000000 0
18000000 0
19000000 2.38659116E-12
20000000 2.9683303272E-9
22000000 4.2891803862E-6
24000000 0.000101770993387
26000000 0.0006695459311
28000000 0.0031361903248
30000000 0.0092340289224
35000000 0.023610803947
40000000 0.024886394955
45000000 0.017159294698
50000000 0.0120489995788
55000000 0.0106126005231
60000000 0.019403102719
65000000 0.047772600874
70000000 0.079213303536
75000000 0.088174100736
80000000 0.085753805088
90000000 0.072309502224
100000000 0.06657979975
110000000 0.060708907202
120000000 0.05633489745
130000000 0.053447496768
140000000 0.050098198494
150000000 0.04780620219
160000000 0.046187598405
180000000 0.043188594537
200000000 0.04087059957
#Header 
#Target 48 109 0
#Product 47 105 0
#Datapoints 40
1000000 0
7000000 0
8000000 3.1677500115E-15
9000000 9.62365116E-11
10000000 3.7822700288E-8
11000000 1.679970084821E-6
12000000 2.01832968488E-5
13000000 0.000106341015225
14000000 0.000245816035056
15000000 0.00029747697192
16000000 0.0004686389472
17000000 0.0008413690036
18000000 0.0014154495319
19000000 0.0021931298772
20000000 0.0029335301226
22000000 0.0038486794942
24000000 0.0041152601119
26000000 0.0042866803588
28000000 0.0040082306797
30000000 0.0032623903444
35000000 0.0018358894193
40000000 0.00123577002054
45000000 0.00117314012816
50000000 0.0026044495879
55000000 0.0056809600362
60000000 0.0077819899976
65000000 0.0078765307706
70000000 0.007640530382
75000000 0.0077598808176
80000000 0.0081422902432
90000000 0.0087054392682
100000000 0.0089303505455
110000000 0.0090535603555
120000000 0.0089830000278
130000000 0.0087680508624
140000000 0.008471859871
150000000 0.00840505052
160000000 0.0080327996085
180000000 0.007606550193
200000000 0.0073031106024
#Header 
#Target 48 109 0
#Product 47 106 0
#Datapoints 46
1000000 0
1000000 0
2000000 1.98539014332E-13
3000000 8.7768295482E-10
4000000 5.728379496E-8
5000000 1.15167992802E-6
6000000 1.562270161398E-5
7000000 9.2455105638E-5
8000000 0.000294208993044
9000000 0.000623327885
10000000 0.0010363498496
11000000 0.0014954198298743
12000000 0.002016169627
13000000 0.00264915002175
14000000 0.00338423996385
15000000 0.0041471203416
16000000 0.004805699856
17000000 0.005239439797
18000000 0.0058058096925
19000000 0.00809099954
20000000 0.0082308601935
22000000 0.0054154402462
24000000 0.0032793499081
26000000 0.0025117498896
28000000 0.0019674396443
30000000 0.0015932399536
35000000 0.0015106896314
40000000 0.0043916601105
45000000 0.0120962991058
50000000 0.015776004537
55000000 0.013834099152
60000000 0.0129267990306
65000000 0.01357950148
70000000 0.014570002108
75000000 0.015871900068
80000000 0.016394394176
90000000 0.017411896701
100000000 0.01783020279
110000000 0.017775900035
120000000 0.017260602666
130000000 0.016651699632
140000000 0.016338795982
150000000 0.01562260262
160000000 0.01539060385
180000000 0.014376496794
200000000 0.013359995064
#Header 
#Target 48 109 0
#Product 47 107 0
#Datapoints 35
1000000 0
12000000 0
13000000 1.3099645645E-15
14000000 6.5864156805E-14
15000000 1.66637304E-12
16000000 3.44549568E-11
17000000 5.9613031E-10
18000000 7.2131099083E-9
19000000 6.29320996E-8
20000000 3.969540162E-7
22000000 7.138670204E-6
24000000 5.2878990612E-5
26000000 0.00021469497776
28000000 0.00064813198281
30000000 0.00141304005536
35000000 0.0033700191038
40000000 0.0042088099716
45000000 0.0039962702052
50000000 0.0044459694322
55000000 0.0051142499919
60000000 0.0058090407284
65000000 0.0063321193528
70000000 0.0067791797828
75000000 0.0071517395364
80000000 0.0073986399136
90000000 0.0076858594443
100000000 0.0076451501545
110000000 0.0075423595142
120000000 0.0073069704264
130000000 0.0070385393808
140000000 0.0067382797924
150000000 0.0063451194825
160000000 0.0061153101145
180000000 0.0055974203604
200000000 0.0051542198019
#Header 
#Target 48 109 0
#Product 47 108 0
#Datapoints 37
1000000 0
10000000 0
11000000 3.09552687371E-14
12000000 9.741395896E-12
13000000 2.576955889E-10
14000000 3.52430034993E-9
15000000 7.4581705016E-8
16000000 9.50751E-7
17000000 6.643520348E-6
18000000 2.8836200286E-5
19000000 8.5912103872E-5
20000000 0.00019233701235
22000000 0.00053098294896
24000000 0.00097934503828
26000000 0.0015541606468
28000000 0.0020361495011
30000000 0.0022357905628
35000000 0.0032960198306
40000000 0.0052223004072
45000000 0.007088850041
50000000 0.0085241002732
55000000 0.0096959399436
60000000 0.0104070994937
65000000 0.011040700167
70000000 0.0115084004936
75000000 0.0117976992804
80000000 0.0121611995008
90000000 0.0120816008892
100000000 0.0119680995675
110000000 0.0116233990768
120000000 0.0110324000652
130000000 0.0104045999472
140000000 0.0100614000352
150000000 0.0094203996295
160000000 0.008943899431
180000000 0.0081074304597
200000000 0.0075282892668
#Header 
#Target 48 109 0
#Product 48 101 0
#Datapoints 14
1000000 0
70000000 0
75000000 7.334549892E-11
80000000 2.947619472E-8
90000000 3.5827805763E-6
100000000 3.4284105235E-5
110000000 8.6507396506E-5
120000000 0.00014326100586
130000000 0.00018195104304
140000000 0.00019167900378
150000000 0.00019211195655
160000000 0.00019612405455
180000000 0.00017504700114
200000000 0.00017403198291
#Header 
#Target 48 109 0
#Product 48 102 0
#Datapoints 17
1000000 0
55000000 0
60000000 2.323342021E-14
65000000 1.789440313E-8
70000000 3.0099094864E-6
75000000 2.8214406792E-5
80000000 0.0001299759696
90000000 0.00096620795919
100000000 0.0016708898965
110000000 0.0020735401023
120000000 0.0022805801298
130000000 0.0021816904176
140000000 0.0022019403968
150000000 0.0021177897495
160000000 0.001973010414
180000000 0.0018972902751
200000000 0.0018022802823
#Header 
#Target 48 109 0
#Product 48 103 0
#Datapoints 19
1000000 0
45000000 0
50000000 1.2940096999E-15
55000000 1.20610999296E-7
60000000 2.8137802966E-5
65000000 0.00021620698592
70000000 0.00127227993048
75000000 0.0047438001792
80000000 0.0082484699104
90000000 0.0112454002269
100000000 0.011232800238
110000000 0.0115869998222
120000000 0.0108891994224
130000000 0.010395400176
140000000 0.009938380214
150000000 0.0093998899785
160000000 0.008921649662
180000000 0.0085488004635
200000000 0.0079885902456
#Header 
#Target 48 109 0
#Product 48 104 0
#Datapoints 21
1000000 0
35000000 0
40000000 3.402180621E-12
45000000 6.4047102938E-6
50000000 0.00027264799014
55000000 0.0018474197589
60000000 0.015213403114
65000000 0.039524593628
70000000 0.055817096128
75000000 0.055804501656
80000000 0.053404897696
90000000 0.047042204247
100000000 0.04452029892
110000000 0.040612498489
120000000 0.038165697492
130000000 0.035656797888
140000000 0.033211500988
150000000 0.03150399806
160000000 0.03048919991
180000000 0.02809349994
200000000 0.026244704592
#Header 
#Target 48 109 0
#Product 48 105 0
#Datapoints 22
1000000 0
30000000 0
35000000 1.05959001564E-5
40000000 0.00072306109251
45000000 0.0091267992634
50000000 0.0832142958
55000000 0.17146494405
60000000 0.19444696726
65000000 0.1666099543
70000000 0.13901998112
75000000 0.123223002636
80000000 0.114816000992
90000000 0.103086999972
100000000 0.09363300666
110000000 0.086936897299
120000000 0.080055703098
130000000 0.074296303344
140000000 0.070147603984
150000000 0.066829008325
160000000 0.063217202475
180000000 0.057340005228
200000000 0.053462693646
#Header 
#Target 48 109 0
#Product 48 106 0
#Datapoints 28
1000000 0
19000000 0
20000000 2.183920326E-12
22000000 8.2625890356E-8
24000000 1.00618993545E-5
26000000 0.000120837011834
28000000 0.00047749507078
30000000 0.0014211897424
35000000 0.065422898172
40000000 0.28568797407
45000000 0.41070800134
50000000 0.37441904267
55000000 0.27899992872
60000000 0.22962200352
65000000 0.20694906958
70000000 0.19268904112
75000000 0.18275896224
80000000 0.1749970416
90000000 0.159470964
100000000 0.1472219646
110000000 0.13662604434
120000000 0.12663602274
130000000 0.11733195024
140000000 0.10930599583
150000000 0.102100995415
160000000 0.09615140381
180000000 0.086295701019
200000000 0.078059002743
#Header 
#Target 48 109 0
#Product 48 107 0
#Datapoints 36
1000000 0
11000000 0
12000000 1.6074682336E-12
13000000 4.181787895E-10
14000000 1.27652953131E-8
15000000 1.2154696836E-7
16000000 8.878740048E-7
17000000 6.179890331E-6
18000000 3.0192795227E-5
19000000 8.5516496132E-5
20000000 0.00020594893473
22000000 0.0091500103175
24000000 0.071962696722
26000000 0.19260003732
28000000 0.33671308528
30000000 0.44748594088
35000000 0.55443102632
40000000 0.41941407186
45000000 0.30482395216
50000000 0.26437596612
55000000 0.24286505085
60000000 0.23113406316
65000000 0.2194459807
70000000 0.2123629642
75000000 0.202318962
80000000 0.19408797792
90000000 0.17676096723
100000000 0.1607289781
110000000 0.14728802323
120000000 0.13411999944
130000000 0.12227800752
140000000 0.11277697538
150000000 0.104274007615
160000000 0.09708950689
180000000 0.085507894329
200000000 0.076385695788
#Header 
#Target 48 109 0
#Product 48 108 0
#Datapoints 41
1000000 0
6000000 0
7000000 2.230647429E-13
8000000 9.8872717581E-10
9000000 4.490759943E-7
10000000 0.0007057802752
11000000 0.01854510489232
12000000 0.087370873076
13000000 0.201987975795
14000000 0.28196398458
15000000 0.25021304212
16000000 0.2398849584
17000000 0.2568430073
18000000 0.28527799716
19000000 0.31543998996
20000000 0.34851405708
22000000 0.42016693928
24000000 0.47404200102
26000000 0.44747800712
28000000 0.37575892302
30000000 0.32142203192
35000000 0.28137793608
40000000 0.27094197177
45000000 0.26003101852
50000000 0.24772998362
55000000 0.23981401152
60000000 0.22870905148
65000000 0.21751397952
70000000 0.2065409658
75000000 0.19625402376
80000000 0.18424904192
90000000 0.16353901701
100000000 0.14641498445
110000000 0.13213901928
120000000 0.119190975
130000000 0.108122008896
140000000 0.098511498496
150000000 0.090936797635
160000000 0.084052691525
180000000 0.073164399264
200000000 0.065199801294
#Header 
#Target 48 109 0
#Product 48 109 0
#Datapoints 46
1000000 0
1000000 0
2000000 1.25088001168E-11
3000000 4.5467601096E-7
4000000 3.411790571E-5
5000000 0.00047282503122
6000000 0.0036427300455738
7000000 0.0118524003513
8000000 0.0232804005282
9000000 0.036625197214
10000000 0.053388504704
11000000 0.0751447319827
12000000 0.101073979964
13000000 0.12570000462
14000000 0.141307969653
15000000 0.14596098692
16000000 0.1438159824
17000000 0.1403739892
18000000 0.13852699098
19000000 0.1381659574
20000000 0.13880502531
22000000 0.1398109819
24000000 0.13911304407
26000000 0.137054993184
28000000 0.13460000606
30000000 0.132101006672
35000000 0.12301199131
40000000 0.11330499159
45000000 0.106474999358
50000000 0.097631789407
55000000 0.096598499319
60000000 0.083409697553
65000000 0.081446993934
70000000 0.070413302536
75000000 0.067963101024
80000000 0.059037606752
90000000 0.049228893207
100000000 0.040983894075
110000000 0.034162994473
120000000 0.028379698452
130000000 0.023541005232
140000000 0.019608294726
150000000 0.016357301885
160000000 0.01371839567
180000000 0.0098972193903
200000000 0.0074928898728
#Header 
#Target 48 109 0
#Product 49 104 0
#Datapoints 18
1000000 0
50000000 0
55000000 3.6135506835E-8
60000000 1.7249407084E-5
65000000 9.8212103286E-5
70000000 0.00016354694056
75000000 0.00016429204968
80000000 0.00014019896736
90000000 0.000107040005361
100000000 8.06796002E-5
110000000 6.242970249E-5
120000000 4.9678705692E-5
130000000 4.0102697952E-5
140000000 3.3817902356E-5
150000000 2.9058101345E-5
160000000 2.5532399815E-5
180000000 2.0646099276E-5
200000000 1.6920303246E-5
#Header 
#Target 48 109 0
#Product 49 105 0
#Datapoints 20
1000000 0
40000000 0
45000000 4.8176494002E-5
50000000 0.00127958994897
55000000 0.0027986804019
60000000 0.0027071199064
65000000 0.0020008492282
70000000 0.0015244096116
75000000 0.00127075013232
80000000 0.00108271000896
90000000 0.0007963690176
100000000 0.0006295470099
110000000 0.00051688893647
120000000 0.00042287196858
130000000 0.000356302008
140000000 0.00031246002498
150000000 0.0002771689641
160000000 0.00024856996975
180000000 0.00020059502529
200000000 0.00017179403364
#Header 
#Target 48 109 0
#Product 49 106 0
#Datapoints 22
1000000 0
30000000 0
35000000 0.00077396799508
40000000 0.0144034991361
45000000 0.019918001558
50000000 0.014679201105
55000000 0.0095783793966
60000000 0.0070075499858
65000000 0.0055297603024
70000000 0.0045074805876
75000000 0.003786679722
80000000 0.0032831801216
90000000 0.0025299597942
100000000 0.002051769747
110000000 0.0017411304108
120000000 0.0014854399014
130000000 0.0012784701456
140000000 0.00111772000448
150000000 0.00100196001295
160000000 0.0009146929935
180000000 0.00074985894456
200000000 0.00063181198476
#Header 
#Target 48 109 0
#Product 49 107 0
#Datapoints 26
1000000 0
22000000 0
24000000 0.047009206328
26000000 0.1408219881
28000000 0.19594498651
30000000 0.21298202004
35000000 0.16292393397
40000000 0.084768501294
45000000 0.053593103564
50000000 0.041183097707
55000000 0.033691893948
60000000 0.028304192735
65000000 0.024372703236
70000000 0.021504097732
75000000 0.0190086951
80000000 0.017006596064
90000000 0.013734094482
100000000 0.011526799789
110000000 0.0097111509975
120000000 0.0082827699942
130000000 0.0071521503552
140000000 0.006219979682
150000000 0.005488239594
160000000 0.0049581499855
180000000 0.00409230987
200000000 0.0034748398935
#Header 
#Target 48 109 0
#Product 49 108 0
#Datapoints 34
1000000 0
13000000 0
14000000 0.0504597020373
15000000 0.1547930168
16000000 0.2278850304
17000000 0.2689920313
18000000 0.29331301178
19000000 0.30863497508
20000000 0.321060033
22000000 0.33502604074
24000000 0.30269496705
26000000 0.22294594182
28000000 0.15573392588
30000000 0.11540700286
35000000 0.076431397704
40000000 0.060989700105
45000000 0.050817401908
50000000 0.042964295918
55000000 0.036727698348
60000000 0.031863400296
65000000 0.027873204752
70000000 0.024806900972
75000000 0.021929403228
80000000 0.01948680352
90000000 0.015606894996
100000000 0.012705497215
110000000 0.0106245006482
120000000 0.0089541508878
130000000 0.007688429784
140000000 0.0067205496158
150000000 0.005922910451
160000000 0.005288060391
180000000 0.0043453300143
200000000 0.0036725500098
#Header 
#Target 48 109 0
#Product 49 109 0
#Datapoints 45
1000000 0
2000000 0
3000000 4.3330196722E-5
4000000 0.0016689900976
5000000 0.014564300037
6000000 0.0571963069215
7000000 0.137255999598
8000000 0.2308190229
9000000 0.32205298972
10000000 0.40583202048
11000000 0.47363006710666
12000000 0.501562991616
13000000 0.48085799139
14000000 0.384603000912
15000000 0.24318103636
16000000 0.151119936
17000000 0.10136500094
18000000 0.075188900813
19000000 0.061052098836
20000000 0.052852293585
22000000 0.045247103632
24000000 0.041014200556
26000000 0.03787639939
28000000 0.034722604124
30000000 0.03199110104
35000000 0.0264429977
40000000 0.021997594746
45000000 0.018354897288
50000000 0.015596994564
55000000 0.0135292999176
60000000 0.0114442990298
65000000 0.0101063995726
70000000 0.0088006604196
75000000 0.00790724019
80000000 0.0067748096672
90000000 0.0053842000347
100000000 0.004387040186
110000000 0.0036500705425
120000000 0.0030999397326
130000000 0.0026504100576
140000000 0.0022986800642
150000000 0.002039669674
160000000 0.0018316597735
180000000 0.0015104303973
200000000 0.0012692504007
#Header 
#Target 48 109 0
#Product 49 110 0
#Datapoints 46
1000000 0
1000000 2.2912295544E-14
2000000 1.4010400144E-8
3000000 1.335550162E-6
4000000 1.6721098737E-5
5000000 6.8597098356E-5
6000000 0.00018427997206934
7000000 0.00028075097607
8000000 0.00031260499722
9000000 0.00029303298822
10000000 0.00027702398592
11000000 0.00027259506876298
12000000 0.00029459696832
13000000 0.00032207696811
14000000 0.000351403003368
15000000 0.0003818050108
16000000 0.0004095529776
17000000 0.0004241299751
18000000 0.00042200201272
19000000 0.00039901696404
20000000 0.00036357701184
22000000 0.00028873495366
24000000 0.00022654802891
26000000 0.00018464593612
28000000 0.00015754298807
30000000 0.000138854994468
35000000 0.000112418995641
40000000 9.5554804473E-5
45000000 8.639689877E-5
50000000 7.8416604211E-5
55000000 7.3133897742E-5
60000000 6.7033297422E-5
65000000 6.278740546E-5
70000000 5.7990593548E-5
75000000 5.5238196396E-5
80000000 4.9881602624E-5
90000000 4.4850499146E-5
100000000 3.6387996135E-5
110000000 3.3306501059E-5
120000000 3.036719565E-5
130000000 2.6031905568E-5
140000000 2.151240532E-5
150000000 1.9273499265E-5
160000000 1.8061698315E-5
180000000 1.5503899224E-5
200000000 1.1973902589E-5
