#Header 
#Target 37 93 0
#Product 0 1 0
#Datapoints 45
1000000 0
2000000 9.933758638E-5
3000000 0.006157004188
4000000 0.0655211689
5000000 0.2766913896
6000000 0.6116207642
7000000 0.9487417344
8000000 1.3165379768
9000000 1.674543258339
10000000 1.992441710718
11000000 2.259879647004
12000000 2.487102284
13000000 2.663651326
14000000 2.81520142
15000000 2.953934226
16000000 3.099062422
17000000 3.248866712
18000000 3.395128808
19000000 3.531154725
20000000 3.6393568
22000000 3.819852052
24000000 3.976983616
26000000 4.129083384
28000000 4.266414435
30000000 4.370347404
35000000 4.542193656
40000000 4.648325286
45000000 4.696771515
50000000 4.699677565
55000000 4.699097664
60000000 4.682187981
65000000 4.672407168
70000000 4.660673674
75000000 4.63679216
80000000 4.63678464
90000000 4.694524245
100000000 4.771490901
110000000 4.906311072
120000000 5.04428939
130000000 5.176482825
140000000 5.303136175
150000000 5.4303037848
160000000 5.55392341471
180000000 5.803048906866
200000000 6.051351453466
#Header 
#Target 37 93 0
#Product 1 1 0
#Datapoints 45
1000000 0
2000000 6.3044312E-14
3000000 1.0005941774E-8
4000000 7.75227446E-6
5000000 0.000415272489
6000000 0.004219908056
7000000 0.014252752896
8000000 0.026444489844
9000000 0.03777141867639
10000000 0.04834091205891
11000000 0.05918258989398
12000000 0.0714226388
13000000 0.08505182952
14000000 0.09868331785
15000000 0.11141825919
16000000 0.123344379
17000000 0.1349198585
18000000 0.1466171764
19000000 0.1587266415
20000000 0.174313632
22000000 0.202931914
24000000 0.2327505559
26000000 0.263823324
28000000 0.2947848943
30000000 0.3254212632
35000000 0.4019062704
40000000 0.472205287
45000000 0.5333122971
50000000 0.5876898566
55000000 0.6348025308
60000000 0.6760745775
65000000 0.712628928
70000000 0.7434940612
75000000 0.771020822
80000000 0.7929184
90000000 0.8315421357
100000000 0.8619569841
110000000 0.8891035584
120000000 0.914883179
130000000 0.939520486
140000000 0.9633562926
150000000 0.98653922892
160000000 1.009867737681
180000000 1.057857543936
200000000 1.111096860768
#Header 
#Target 37 93 0
#Product 1 2 0
#Datapoints 43
1000000 0
4000000 0
5000000 6.453970938E-17
6000000 8.636289564E-10
7000000 6.056558592E-7
8000000 4.1461785544E-5
9000000 0.0003548716698996
10000000 0.001762202793618
11000000 0.004540672663842
12000000 0.0082942141
13000000 0.01259669978
14000000 0.0171654687
15000000 0.02178226065
16000000 0.02631516698
17000000 0.03068604781
18000000 0.03485148664
19000000 0.03879885555
20000000 0.0425220512
22000000 0.05014632054
24000000 0.05616597904
26000000 0.06195787791
28000000 0.06679557431
30000000 0.07114110525
35000000 0.07963713504
40000000 0.08625020854
45000000 0.0906610647
50000000 0.09523108056
55000000 0.09813871908
60000000 0.10170303741
65000000 0.10344292992
70000000 0.1064589875
75000000 0.1079159796
80000000 0.110516876
90000000 0.1055849679
100000000 0.10266225933
110000000 0.09990862704
120000000 0.1008370601
130000000 0.1044131195
140000000 0.1089171847
150000000 0.11583342324
160000000 0.1219009033946
180000000 0.138310732026
200000000 0.1532423423653
#Header 
#Target 37 93 0
#Product 1 3 0
#Datapoints 44
1000000 0
3000000 0
4000000 8.07452436E-18
5000000 1.77802683E-12
6000000 8.735842964E-10
7000000 5.094653952E-8
8000000 2.0448060944E-6
9000000 2.158502287326E-5
10000000 0.0001507920476688
11000000 0.0005127014654076
12000000 0.001059613568
13000000 0.001926521618
14000000 0.00298367618
15000000 0.004158577383
16000000 0.005390942039
17000000 0.006634387407
18000000 0.00785586893
19000000 0.009035088615
20000000 0.0101572416
22000000 0.012211769154
24000000 0.01401054151
26000000 0.01552061955
28000000 0.01689020142
30000000 0.01801662864
35000000 0.0197918136
40000000 0.02065800964
45000000 0.02124988857
50000000 0.02175815455
55000000 0.02246996304
60000000 0.02333265111
65000000 0.02441096064
70000000 0.025655608
75000000 0.0270708867
80000000 0.0286388728
90000000 0.03248295015
100000000 0.03682854153
110000000 0.0396326632
120000000 0.0429422105
130000000 0.04661094925
140000000 0.05073256629
150000000 0.054826136568
160000000 0.05930682633018
180000000 0.0687680269326
200000000 0.07978273962746
#Header 
#Target 37 93 0
#Product 2 3 0
#Datapoints 35
1000000 0
12000000 0
13000000 1.0642224936E-17
14000000 6.109267115E-15
15000000 9.674646996E-13
16000000 7.118018264E-11
17000000 1.280964826E-9
18000000 2.558652026E-8
19000000 3.0647295E-7
20000000 2.31591616E-6
22000000 4.37682679E-5
24000000 0.0002515302366
26000000 0.0006889782105
28000000 0.001366464505
30000000 0.002198492598
35000000 0.004542999408
40000000 0.006833975592
45000000 0.008890440063
50000000 0.010611252366
55000000 0.01192252554
60000000 0.01302844698
65000000 0.01387812096
70000000 0.01473870018
75000000 0.0155783342
80000000 0.0164625928
90000000 0.018375402
100000000 0.0205380882
110000000 0.02156618704
120000000 0.0225836506
130000000 0.0236215661
140000000 0.02468205499
150000000 0.025781179968
160000000 0.02688613893372
180000000 0.02910584736378
200000000 0.03123336004337
#Header 
#Target 37 93 0
#Product 2 4 0
#Datapoints 45
1000000 0
2000000 2.8587829475E-11
3000000 9.120670748E-7
4000000 8.23015251E-6
5000000 4.850966706E-5
6000000 0.000198753546
7000000 0.0005860491264
8000000 0.0013104032788
9000000 0.002351379763047
10000000 0.003854173984551
11000000 0.006510545469267
12000000 0.009479977456
13000000 0.01156720292
14000000 0.011275250595
15000000 0.01266226203
16000000 0.01407553467
17000000 0.01530778202
18000000 0.0164125125
19000000 0.01751751855
20000000 0.0183569792
22000000 0.019698988
24000000 0.02065929961
26000000 0.02130999831
28000000 0.02175222539
30000000 0.02203233222
35000000 0.02219747808
40000000 0.02192023036
45000000 0.02176888103
50000000 0.02194322966
55000000 0.02301025656
60000000 0.02533241502
65000000 0.02923341696
70000000 0.0339905791
75000000 0.0383711471
80000000 0.0416577776
90000000 0.04728768267
100000000 0.04894554573
110000000 0.0564179304
120000000 0.064078511
130000000 0.0714140178
140000000 0.0788783455
150000000 0.086471412912
160000000 0.09406322811413
180000000 0.1067742360567
200000000 0.1186641835216
#Header 
#Target 37 93 0
#Product 30 66 0
#Datapoints 8
1000000 0
120000000 0
130000000 5.82566261E-12
140000000 6.444717635E-10
150000000 1.32869969892E-8
160000000 1.3315598018899E-7
180000000 6.274471248036E-6
200000000 8.9945603786936E-5
#Header 
#Target 37 93 0
#Product 31 67 0
#Datapoints 8
1000000 0
120000000 0
130000000 1.72873226E-14
140000000 1.639782389E-10
150000000 3.46153989312E-8
160000000 7.609940208761E-7
180000000 3.5321498679681E-5
200000000 0.00040725405856182
#Header 
#Target 37 93 0
#Product 31 68 0
#Datapoints 8
1000000 0
120000000 0
130000000 1.001129099E-12
140000000 1.4028600792E-9
150000000 8.99523953064E-8
160000000 1.0715597484537E-6
180000000 2.9700499140603E-5
200000000 0.00024917000424072
#Header 
#Target 37 93 0
#Product 31 69 0
#Datapoints 9
1000000 0
110000000 0
120000000 4.303047E-14
130000000 1.420523675E-10
140000000 1.837290396E-8
150000000 3.17313979596E-7
160000000 2.1855506417217E-6
180000000 3.6840807459747E-5
200000000 0.00022093600872088
#Header 
#Target 37 93 0
#Product 31 70 0
#Datapoints 9
1000000 0
110000000 0
120000000 3.9485292E-12
130000000 2.5347101755E-9
140000000 9.0042293488E-8
150000000 7.47388976076E-7
160000000 3.665750747725E-6
180000000 3.6480304074546E-5
200000000 0.00013235502051612
#Header 
#Target 37 93 0
#Product 31 71 0
#Datapoints 10
1000000 0
100000000 0
110000000 1.435911584E-13
120000000 3.33027933E-10
130000000 2.439489623E-8
140000000 2.8202198468E-7
150000000 1.49532960168E-6
160000000 5.5258907113597E-6
180000000 3.3198305263029E-5
200000000 8.6827214626726E-5
#Header 
#Target 37 93 0
#Product 32 68 0
#Datapoints 8
1000000 0
120000000 0
130000000 1.22209623E-12
140000000 2.1292504127E-9
150000000 9.63779043888E-8
160000000 1.1113797005025E-6
180000000 5.4753801788097E-5
200000000 0.00051702208917169
#Header 
#Target 37 93 0
#Product 32 69 0
#Datapoints 9
1000000 0
110000000 0
120000000 1.89829801E-14
130000000 4.92200617E-10
140000000 5.0536195195E-8
150000000 7.0808799024E-7
160000000 6.1949402583871E-6
180000000 0.00018009704459637
200000000 0.0011780698085428
#Header 
#Target 37 93 0
#Product 32 70 0
#Datapoints 10
1000000 0
100000000 0
110000000 7.185450528E-15
120000000 1.06559341E-10
130000000 2.21354034E-8
140000000 4.7041896163E-7
150000000 4.20452974872E-6
160000000 2.7988898255846E-5
180000000 0.00038880905138532
200000000 0.0017346601738378
#Header 
#Target 37 93 0
#Product 32 71 0
#Datapoints 10
1000000 0
100000000 0
110000000 2.260324272E-12
120000000 3.317729569E-9
130000000 1.9792705735E-7
140000000 2.4714396076E-6
150000000 1.50741977076E-5
160000000 5.8770002470597E-5
180000000 0.0003930600019167
200000000 0.0013464399193997
#Header 
#Target 37 93 0
#Product 32 72 0
#Datapoints 11
1000000 0
90000000 0
100000000 7.726511655E-14
110000000 7.840223264E-10
120000000 1.348149593E-7
130000000 2.19825043E-6
140000000 1.2358994765E-5
150000000 4.47111043992E-5
160000000 0.00012234101968935
180000000 0.00049985101627515
200000000 0.0011974601233685
#Header 
#Target 37 93 0
#Product 32 73 0
#Datapoints 11
1000000 0
90000000 0
100000000 4.418562825E-11
110000000 3.6766104384E-8
120000000 1.267070294E-6
130000000 8.9013500775E-6
140000000 3.1044001371E-5
150000000 7.32059987364E-5
160000000 0.00014392097888355
180000000 0.00036177805675395
200000000 0.00061426606215134
#Header 
#Target 37 93 0
#Product 32 74 0
#Datapoints 12
1000000 0
80000000 0
90000000 3.800028534E-12
100000000 8.5534509648E-9
110000000 5.1770904912E-7
120000000 4.674119534E-6
130000000 1.7898598305E-5
140000000 4.1405198128E-5
150000000 8.20507994676E-5
160000000 0.00013392104491678
180000000 0.00026635400626509
200000000 0.00037423101103979
#Header 
#Target 37 93 0
#Product 32 75 0
#Datapoints 13
1000000 0
75000000 0
80000000 3.68133704E-15
90000000 2.276618016E-10
100000000 2.1183504138E-8
110000000 2.580929808E-7
120000000 9.318640954E-7
130000000 1.9999398835E-6
140000000 3.6442201661E-6
150000000 5.80604040432E-6
160000000 8.6794316565044E-6
180000000 1.4510805350697E-5
200000000 1.8388602356985E-5
#Header 
#Target 37 93 0
#Product 33 69 0
#Datapoints 7
1000000 0
130000000 0
140000000 2.062865918E-13
150000000 2.17418995008E-9
160000000 1.5442702200178E-7
180000000 1.0489401162459E-5
200000000 8.7884403089351E-5
#Header 
#Target 37 93 0
#Product 33 70 0
#Datapoints 8
1000000 0
120000000 0
130000000 1.552505185E-14
140000000 7.455544064E-10
150000000 1.7759700684E-7
160000000 3.425560353303E-6
180000000 8.3888805046518E-5
200000000 0.00052562302719197
#Header 
#Target 37 93 0
#Product 33 71 0
#Datapoints 9
1000000 0
110000000 0
120000000 7.96057353E-15
130000000 5.21019718E-10
140000000 2.0526804046E-7
150000000 4.51386976716E-6
160000000 3.3060906621556E-5
180000000 0.00049229905471947
200000000 0.0023827098959962
#Header 
#Target 37 93 0
#Product 33 72 0
#Datapoints 9
1000000 0
110000000 0
120000000 3.35352276E-11
130000000 5.331539892E-8
140000000 2.591499545E-6
150000000 2.3826897126E-5
160000000 0.00012083301898602
180000000 0.0011017802616372
200000000 0.0035256205027134
#Header 
#Target 37 93 0
#Product 33 73 0
#Datapoints 10
1000000 0
100000000 0
110000000 8.26097064E-12
120000000 2.270850344E-8
130000000 1.730519876E-6
140000000 1.9273998079E-5
150000000 9.54891956016E-5
160000000 0.00032748999399842
180000000 0.0017548905180375
200000000 0.0042054905415817
#Header 
#Target 37 93 0
#Product 33 74 0
#Datapoints 11
1000000 0
90000000 0
100000000 3.823250109E-14
110000000 2.4599699472E-9
120000000 4.975919459E-7
130000000 1.01602000235E-5
140000000 6.086570053E-5
150000000 0.000209402007984
160000000 0.00051367698802948
180000000 0.0017256703864698
200000000 0.0032918403464482
#Header 
#Target 37 93 0
#Product 33 75 0
#Datapoints 12
1000000 0
80000000 0
90000000 1.775020137E-15
100000000 3.798710892E-10
110000000 1.7063194656E-7
120000000 6.432009892E-6
130000000 4.756289615E-5
140000000 0.00017033499812
150000000 0.000423447016248
160000000 0.00083465404766568
180000000 0.0019460298903336
200000000 0.0030111599776666
#Header 
#Target 37 93 0
#Product 33 76 0
#Datapoints 12
1000000 0
80000000 0
90000000 6.665038881E-12
100000000 2.8644896454E-8
110000000 1.8979104656E-6
120000000 2.25197021E-5
130000000 9.5067001665E-5
140000000 0.00024110898824
150000000 0.000470315064312
160000000 0.00077790815724589
180000000 0.0013847305011093
200000000 0.0017161503409459
#Header 
#Target 37 93 0
#Product 33 77 0
#Datapoints 13
1000000 0
75000000 0
80000000 2.32321992E-13
90000000 9.2899708062E-9
100000000 8.9514997881E-7
110000000 1.191460424E-5
120000000 5.554379621E-5
130000000 0.0001467669978
140000000 0.0002723320431
150000000 0.000435549963312
160000000 0.00062120403746258
180000000 0.0009591292226385
200000000 0.0011169898944358
#Header 
#Target 37 93 0
#Product 33 78 0
#Datapoints 14
1000000 0
70000000 0
75000000 2.109050515E-12
80000000 5.88075584E-10
90000000 1.8817895019E-7
100000000 2.9894703393E-6
110000000 1.6454696224E-5
120000000 4.325629805E-5
130000000 7.5755100495E-5
140000000 0.00011272898671
150000000 0.000157327031268
160000000 0.00019244598866746
180000000 0.00024283399111992
200000000 0.0002539420661331
#Header 
#Target 37 93 0
#Product 34 71 0
#Datapoints 8
1000000 0
120000000 0
130000000 7.56875373E-15
140000000 2.8155097828E-9
150000000 8.25379002108E-8
160000000 8.589221093332E-7
180000000 2.8639103771898E-5
200000000 0.00014793297998368
#Header 
#Target 37 93 0
#Product 34 72 0
#Datapoints 9
1000000 0
110000000 0
120000000 2.10663271E-12
130000000 7.8322005345E-9
140000000 3.218709533E-7
150000000 3.5260297794E-6
160000000 2.5401004607715E-5
180000000 0.00032788099754244
200000000 0.001161410114128
#Header 
#Target 37 93 0
#Product 34 73 0
#Datapoints 10
1000000 0
100000000 0
110000000 6.758290608E-14
120000000 1.929400235E-9
130000000 2.2440094685E-7
140000000 4.2595301368E-6
150000000 3.0965797062E-5
160000000 0.0001305970112788
180000000 0.00090047410136469
200000000 0.0023338300071489
#Header 
#Target 37 93 0
#Product 34 74 0
#Datapoints 11
1000000 0
90000000 0
100000000 1.162610847E-14
110000000 1.368520296E-9
120000000 4.997529824E-7
130000000 1.251610515E-5
140000000 8.3904998888E-5
150000000 0.00033922602594
160000000 0.0010416800319156
180000000 0.0040146008265684
200000000 0.0078312306637611
#Header 
#Target 37 93 0
#Product 34 75 0
#Datapoints 11
1000000 0
90000000 0
100000000 1.429490148E-10
110000000 2.741519624E-7
120000000 1.344909888E-5
130000000 0.000107467998
140000000 0.00043331198113
150000000 0.00122792033808
160000000 0.002588119853154
180000000 0.0060894708166602
200000000 0.0091473014658855
#Header 
#Target 37 93 0
#Product 34 76 0
#Datapoints 12
1000000 0
80000000 0
90000000 2.825902248E-11
100000000 1.7923497564E-7
110000000 1.4860399136E-5
120000000 0.0001501090094
130000000 0.00065801596675
140000000 0.0017712896091
150000000 0.0036683495676
160000000 0.0060908003832984
180000000 0.011108597197842
200000000 0.013445700686405
#Header 
#Target 37 93 0
#Product 34 77 0
#Datapoints 13
1000000 0
75000000 0
80000000 2.88698824E-14
90000000 8.1207605355E-9
100000000 1.6788400047E-6
110000000 2.369169624E-5
120000000 9.130150372E-5
130000000 0.0002014790131
140000000 0.0003589149976
150000000 0.000586433995632
160000000 0.00083301209424873
180000000 0.0012499202022084
200000000 0.0014122404557296
#Header 
#Target 37 93 0
#Product 34 78 0
#Datapoints 15
1000000 0
65000000 0
70000000 7.375205722E-15
75000000 8.54294727E-11
80000000 3.315520584E-8
90000000 2.1588199602E-5
100000000 0.00021194799084
110000000 0.00084714894768
120000000 0.00183138991
130000000 0.0031413202855
140000000 0.0049852403533
150000000 0.00680919001416
160000000 0.0082279805231019
180000000 0.0095734506596841
200000000 0.009580629053849
#Header 
#Target 37 93 0
#Product 34 79 0
#Datapoints 16
1000000 0
60000000 0
65000000 6.575234688E-13
70000000 2.7341198814E-9
75000000 5.3271195835E-7
80000000 1.1257900024E-5
90000000 0.0002268810195
100000000 0.00055047300567
110000000 0.00102217998608
120000000 0.001607300625
130000000 0.002499999597
140000000 0.003373360018
150000000 0.00397223997552
160000000 0.0042712799572938
180000000 0.0045611305164522
200000000 0.0044756501838025
#Header 
#Target 37 93 0
#Product 34 80 0
#Datapoints 18
1000000 0
50000000 0
55000000 2.034584976E-14
60000000 3.246647337E-10
65000000 1.196430048E-7
70000000 4.0912097402E-6
75000000 3.4164799955E-5
80000000 0.000120217968
90000000 0.00037049800998
100000000 0.00046774198182
110000000 0.00068308801728
120000000 0.001079720215
130000000 0.001489259993
140000000 0.0018166798056
150000000 0.00201933975132
160000000 0.0021405604296472
180000000 0.0022320903475701
200000000 0.0020724601653845
#Header 
#Target 37 93 0
#Product 34 81 0
#Datapoints 19
1000000 0
45000000 0
50000000 2.804300246E-13
55000000 9.969540504E-10
60000000 9.8876002473E-8
65000000 1.12453000704E-6
70000000 4.03195E-6
75000000 7.293E-6
80000000 9.005569536E-6
90000000 1.08365000637E-5
100000000 1.6981305249E-5
110000000 3.0154002448E-5
120000000 4.660679779E-5
130000000 6.0665697285E-5
140000000 7.1251198781E-5
150000000 8.05253976792E-5
160000000 8.6778206833406E-5
180000000 9.4210308140265E-5
200000000 0.00010163605716755
#Header 
#Target 37 93 0
#Product 34 82 0
#Datapoints 21
1000000 0
35000000 0
40000000 7.096406014E-14
45000000 8.432717929E-10
50000000 1.4878105627E-7
55000000 2.2863694332E-6
60000000 9.5486699871E-6
65000000 1.981989504E-5
70000000 2.6861496012E-5
75000000 2.891219903E-5
80000000 3.04854E-5
90000000 4.4830507356E-5
100000000 7.7725090416E-5
110000000 0.00011033897648
120000000 0.0001415299746
130000000 0.0001607999903
140000000 0.00018072495266
150000000 0.000193514980752
160000000 0.00020475105016861
180000000 0.00024408603593451
200000000 0.00029467806030081
#Header 
#Target 37 93 0
#Product 34 83 0
#Datapoints 22
1000000 0
30000000 0
35000000 3.442497672E-12
40000000 8.956059667E-9
45000000 4.3196296442E-7
50000000 2.5273297335E-6
55000000 5.6935699644E-6
60000000 7.3305703485E-6
65000000 7.495380288E-6
70000000 7.2644300668E-6
75000000 8.223859072E-6
80000000 1.0538199032E-5
90000000 1.8008503407E-5
100000000 2.648909895E-5
110000000 3.2994304496E-5
120000000 3.858379784E-5
130000000 4.3658000035E-5
140000000 4.8553704895E-5
150000000 5.81367025836E-5
160000000 6.9082502604148E-5
180000000 0.0001008270471564
200000000 0.00014230099325169
#Header 
#Target 37 93 0
#Product 34 84 0
#Datapoints 26
1000000 0
22000000 0
24000000 2.092879924E-15
26000000 1.483538772E-13
28000000 4.345060481E-12
30000000 8.244932766E-11
35000000 3.2055698304E-8
40000000 5.9692395496E-7
45000000 1.9892198231E-6
50000000 2.8793996429E-6
55000000 2.9375793096E-6
60000000 2.7841205034E-6
65000000 2.91379968E-6
70000000 3.8184204092E-6
75000000 5.150199912E-6
80000000 6.985049672E-6
90000000 1.13690003553E-5
100000000 1.519560102E-5
110000000 1.7896402928E-5
120000000 2.081149497E-5
130000000 2.6258496255E-5
140000000 3.3497396561E-5
150000000 4.45547038716E-5
160000000 5.902780735181E-5
180000000 9.821672690814E-5
200000000 0.00012173103914432
#Header 
#Target 37 93 0
#Product 34 85 0
#Datapoints 29
1000000 0
18000000 0
19000000 8.09783415E-15
20000000 1.085329696E-13
22000000 6.449707372E-12
24000000 1.516654222E-10
26000000 1.6080106944E-9
28000000 8.8314603067E-9
30000000 2.9757898587E-8
35000000 1.8806195136E-7
40000000 3.2368300186E-7
45000000 2.8600095168E-7
50000000 2.5373797581E-7
55000000 2.7202402188E-7
60000000 4.3294493646E-7
65000000 6.5993596416E-7
70000000 9.4772399034E-7
75000000 1.5241798715E-6
80000000 1.999149688E-6
90000000 3.1889498259E-6
100000000 4.0413004896E-6
110000000 5.6849000672E-6
120000000 7.513350488E-6
130000000 1.1213804135E-5
140000000 1.8961804074E-5
150000000 2.61946974924E-5
160000000 3.5762601066258E-5
180000000 5.195530569501E-5
200000000 7.5199014510344E-5
#Header 
#Target 37 93 0
#Product 35 74 0
#Datapoints 8
1000000 0
120000000 0
130000000 4.96924144E-10
140000000 7.1952003519E-8
150000000 9.11263027068E-7
160000000 4.5574302948889E-6
180000000 2.2389905440098E-5
200000000 4.8787306829037E-5
#Header 
#Target 37 93 0
#Product 35 75 0
#Datapoints 9
1000000 0
110000000 0
120000000 9.341380195E-9
130000000 1.909070438E-6
140000000 2.6249501353E-5
150000000 0.00011402304246
160000000 0.00030729903199545
180000000 0.001140090397713
200000000 0.0020369198594383
#Header 
#Target 37 93 0
#Product 35 76 0
#Datapoints 10
1000000 0
100000000 0
110000000 6.350649952E-10
120000000 3.320910082E-7
130000000 7.3305301045E-6
140000000 4.2823698868E-5
150000000 0.000138551979996
160000000 0.0003128110583059
180000000 0.00083883110011524
200000000 0.0011646701501153
#Header 
#Target 37 93 0
#Product 35 77 0
#Datapoints 11
1000000 0
90000000 0
100000000 4.224900171E-10
110000000 2.7508698064E-7
120000000 1.0201799335E-5
130000000 7.6927106235E-5
140000000 0.00024870701174
150000000 0.000527474979864
160000000 0.00089817310657415
180000000 0.0015575805657378
200000000 0.0020441702245307
#Header 
#Target 37 93 0
#Product 35 78 0
#Datapoints 12
1000000 0
80000000 0
90000000 2.080560066E-11
100000000 3.6927199653E-7
110000000 2.9305997664E-5
120000000 0.0003363519866
130000000 0.0012955798685
140000000 0.0029504500711
150000000 0.00504104047128
160000000 0.0072759711128038
180000000 0.011125902817647
200000000 0.012963801096667
#Header 
#Target 37 93 0
#Product 35 79 0
#Datapoints 13
1000000 0
75000000 0
80000000 4.7111416E-13
90000000 8.0485399161E-8
100000000 9.2060393049E-6
110000000 0.00010485300176
120000000 0.0004338259898
130000000 0.0009747510042
140000000 0.0015533202314
150000000 0.0021880600524
160000000 0.0028043305481378
180000000 0.0035316004984308
200000000 0.0037032206549936
#Header 
#Target 37 93 0
#Product 35 80 0
#Datapoints 14
1000000 0
70000000 0
75000000 3.07023145E-11
80000000 1.641649816E-8
90000000 7.3309597698E-6
100000000 0.000101800000479
110000000 0.0004725589984
120000000 0.001117570328
130000000 0.0018106201765
140000000 0.0024874903688
150000000 0.00294066034956
160000000 0.0034978407261523
180000000 0.0038991603579678
200000000 0.0036194106022651
#Header 
#Target 37 93 0
#Product 35 81 0
#Datapoints 16
1000000 0
60000000 0
65000000 2.552090112E-11
70000000 3.549710171E-8
75000000 2.137609903E-6
80000000 2.53800044E-5
90000000 0.00048960304212
100000000 0.002117780097
110000000 0.0050148498784
120000000 0.007780430077
130000000 0.009891260024
140000000 0.011755000114
150000000 0.0134271954324
160000000 0.01359620043243
180000000 0.013385105942085
200000000 0.012958403686092
#Header 
#Target 37 93 0
#Product 35 82 0
#Datapoints 18
1000000 0
50000000 0
55000000 5.719063824E-14
60000000 1.9354997529E-9
65000000 4.168410048E-7
70000000 8.3681000824E-6
75000000 5.2421391165E-5
80000000 0.0002166339608
90000000 0.0013355099586
100000000 0.0025224399168
110000000 0.0036368699968
120000000 0.004389370076
130000000 0.0052582403945
140000000 0.0057880200071
150000000 0.00590642943768
160000000 0.0058563408439591
180000000 0.0055353803446278
200000000 0.005288411041788
#Header 
#Target 37 93 0
#Product 35 83 0
#Datapoints 20
1000000 0
40000000 0
45000000 1.3713790063E-15
50000000 4.220442534E-10
55000000 2.3423299176E-7
60000000 5.5566900099E-6
65000000 3.5398306944E-5
70000000 0.00014978396506
75000000 0.00047362601715
80000000 0.0010267499408
90000000 0.0020864004081
100000000 0.0025213003971
110000000 0.0028405901792
120000000 0.003302119793
130000000 0.003517409657
140000000 0.003733649461
150000000 0.0039465202896
160000000 0.0041607906055595
180000000 0.0045191905146378
200000000 0.0046179005821968
#Header 
#Target 37 93 0
#Product 35 84 0
#Datapoints 21
1000000 0
35000000 0
40000000 4.027481324E-13
45000000 4.802099698E-9
50000000 3.4117102679E-7
55000000 2.6047495008E-6
60000000 1.06167998268E-5
65000000 3.3521000832E-5
70000000 7.5078705236E-5
75000000 0.00011997600043
80000000 0.000153436028
90000000 0.00019044505812
100000000 0.0002178710427
110000000 0.00024684795664
120000000 0.000294586957
130000000 0.0003548049478
140000000 0.00043028901333
150000000 0.000526173023088
160000000 0.00059570709242011
180000000 0.00076585210294743
200000000 0.00089489302003525
#Header 
#Target 37 93 0
#Product 35 85 0
#Datapoints 23
1000000 0
28000000 0
30000000 1.2868000578E-14
35000000 1.2924290352E-9
40000000 1.9502402592E-7
45000000 2.0820403705E-6
50000000 1.10726004081E-5
55000000 4.4362399692E-5
60000000 0.000113303986317
65000000 0.0001915670592
70000000 0.00024546896186
75000000 0.0002727640344
80000000 0.0002919830224
90000000 0.0003180979869
100000000 0.00037604695911
110000000 0.0004875439872
120000000 0.0006740260688
130000000 0.00091782898655
140000000 0.0011759202628
150000000 0.00143518023684
160000000 0.0016482301145882
180000000 0.0020565605484621
200000000 0.0023319601563897
#Header 
#Target 37 93 0
#Product 35 86 0
#Datapoints 26
1000000 0
22000000 0
24000000 1.794421809E-15
26000000 1.0227395517E-12
28000000 8.32110033E-11
30000000 1.754609349E-9
35000000 1.11845996904E-7
40000000 9.2595598828E-7
45000000 7.2640698356E-6
50000000 2.8941596871E-5
55000000 5.5834993884E-5
60000000 7.2126799857E-5
65000000 7.8206603904E-5
70000000 8.112860279E-5
75000000 8.17661988E-5
80000000 8.550659424E-5
90000000 0.000110242005405
100000000 0.0001863799758
110000000 0.00031021699808
120000000 0.0004715270658
130000000 0.00063749893515
140000000 0.00078894099852
150000000 0.000927372970224
160000000 0.0010616303314441
180000000 0.0012361303556901
200000000 0.0014135104899049
#Header 
#Target 37 93 0
#Product 35 87 0
#Datapoints 30
1000000 0
17000000 0
18000000 2.518018768E-15
19000000 5.3039322E-14
20000000 6.16826304E-13
22000000 2.271931984E-11
24000000 2.394598448E-10
26000000 1.0283988885E-9
28000000 3.1597307261E-9
30000000 1.19950993224E-8
35000000 4.1699701584E-7
40000000 4.473999607E-6
45000000 1.3936394556E-5
50000000 2.0962804742E-5
55000000 2.3418203316E-5
60000000 2.3253106068E-5
65000000 2.3501098368E-5
70000000 2.4199503374E-5
75000000 2.7279502965E-5
80000000 3.66118032E-5
90000000 9.1369398144E-5
100000000 0.00019241196708
110000000 0.00031704094144
120000000 0.0004436189891
130000000 0.0005639020189
140000000 0.00065535800043
150000000 0.00075481597962
160000000 0.00082445210277837
180000000 0.00092163805944012
200000000 0.001008639927853
#Header 
#Target 37 93 0
#Product 35 88 0
#Datapoints 29
1000000 0
18000000 0
19000000 1.49754591E-15
20000000 3.43007968E-14
22000000 3.194159914E-12
24000000 9.068834512E-11
26000000 1.5187798641E-9
28000000 1.4970698032E-8
30000000 8.2649294517E-8
35000000 9.9765795384E-7
40000000 2.554680394E-6
45000000 3.3999394501E-6
50000000 3.4704597862E-6
55000000 3.372089394E-6
60000000 3.4190795412E-6
65000000 4.1585296896E-6
70000000 7.527390124E-6
75000000 1.7328301705E-5
80000000 3.41637928E-5
90000000 9.2469495975E-5
100000000 0.00016456301901
110000000 0.00023751997984
120000000 0.0003000449879
130000000 0.00035221300805
140000000 0.00039808902623
150000000 0.000431944974576
160000000 0.00046596002192773
180000000 0.00050828302372662
200000000 0.000532363031914
#Header 
#Target 37 93 0
#Product 35 89 0
#Datapoints 34
1000000 0
13000000 0
14000000 3.838403735E-15
15000000 1.287972495E-14
16000000 4.063724474E-14
17000000 3.087997141E-13
18000000 2.68448446E-12
19000000 1.74318921E-11
20000000 7.42547392E-11
22000000 8.106106614E-10
24000000 4.4150505184E-9
26000000 1.546480755E-8
28000000 3.8671894474E-8
30000000 7.1019302253E-8
35000000 1.28965003896E-7
40000000 1.4433701222E-7
45000000 1.3866896973E-7
50000000 1.4685906004E-7
55000000 2.4456699876E-7
60000000 1.22644001448E-6
65000000 5.8749596928E-6
70000000 1.6387606452E-5
75000000 3.237019929E-5
80000000 5.14966052E-5
90000000 9.5573099073E-5
100000000 0.00013830494292
110000000 0.00017314594544
120000000 0.000200736984
130000000 0.0002258570056
140000000 0.00024153705591
150000000 0.000261379951884
160000000 0.00026855001320554
180000000 0.00028426700059344
200000000 0.00030240302205177
#Header 
#Target 37 93 0
#Product 35 90 0
#Datapoints 22
1000000 0
30000000 0
35000000 1.92694884E-14
40000000 4.649823928E-11
45000000 1.1915590059E-9
50000000 3.5837003378E-8
55000000 6.107639694E-7
60000000 3.3576399972E-6
65000000 9.2227804416E-6
70000000 1.7693102238E-5
75000000 2.659139626E-5
80000000 3.491029472E-5
90000000 5.0605903104E-5
100000000 6.1554102861E-5
110000000 6.9865598432E-5
120000000 7.615930224E-5
130000000 8.295278942E-5
140000000 8.7532803872E-5
150000000 9.02685905136E-5
160000000 9.2207009365394E-5
180000000 9.696401096148E-5
200000000 9.886732634459E-5
#Header 
#Target 37 93 0
#Product 36 76 0
#Datapoints 9
1000000 0
110000000 0
120000000 1.364469673E-9
130000000 2.428159779E-7
140000000 2.7530405288E-6
150000000 1.01088029016E-5
160000000 2.7428204848836E-5
180000000 8.5706307392886E-5
200000000 0.00013623505470947
#Header 
#Target 37 93 0
#Product 36 77 0
#Datapoints 10
1000000 0
100000000 0
110000000 1.5324604496E-9
120000000 3.81742949E-7
130000000 7.053889287E-6
140000000 3.3302598871E-5
150000000 9.602829675E-5
160000000 0.00021178307588361
180000000 0.00048779201936538
200000000 0.00067820613452304
#Header 
#Target 37 93 0
#Product 36 78 0
#Datapoints 11
1000000 0
90000000 0
100000000 7.5599301378E-9
110000000 1.9073798E-6
120000000 3.127670399E-5
130000000 0.0001582269819
140000000 0.00043253096319
150000000 0.00091060406244
160000000 0.0014623800676914
180000000 0.0023793904142937
200000000 0.0026379107321434
#Header 
#Target 37 93 0
#Product 36 79 0
#Datapoints 12
1000000 0
80000000 0
90000000 8.815800342E-10
100000000 3.6400102173E-7
110000000 9.1918998E-6
120000000 5.643849386E-5
130000000 0.0001527509596
140000000 0.00027863601712
150000000 0.0004257140103
160000000 0.00057784702565414
180000000 0.00077381604371808
200000000 0.00078537007879949
#Header 
#Target 37 93 0
#Product 36 80 0
#Datapoints 14
1000000 0
70000000 0
75000000 2.919035405E-12
80000000 4.91371008E-9
90000000 1.4044499133E-5
100000000 0.00021043698549
110000000 0.001077469872
120000000 0.002523979647
130000000 0.0043706600845
140000000 0.0069011695312
150000000 0.00967053102804
160000000 0.0111224026309
180000000 0.011862000472023
200000000 0.011440304520765
#Header 
#Target 37 93 0
#Product 36 81 0
#Datapoints 16
1000000 0
60000000 0
65000000 5.37590592E-15
70000000 5.42960996E-10
75000000 4.4586594195E-7
80000000 2.315730584E-5
90000000 0.00093191104221
100000000 0.0025245997689
110000000 0.0052534799216
120000000 0.008116379558
130000000 0.011891794745
140000000 0.014709499419
150000000 0.016687098738
160000000 0.017127900116525
180000000 0.016787803062591
200000000 0.016496204501783
#Header 
#Target 37 93 0
#Product 36 82 0
#Datapoints 17
1000000 0
55000000 0
60000000 1.815769053E-10
65000000 8.2365300864E-7
70000000 7.8071689954E-5
75000000 0.00085070693565
80000000 0.00309987944
90000000 0.0091779601971
100000000 0.0109576002711
110000000 0.014548004256
120000000 0.01994660472
130000000 0.0247199982
140000000 0.027381297249
150000000 0.0278390942568
160000000 0.028551007903
180000000 0.027937904985162
200000000 0.025284503070023
#Header 
#Target 37 93 0
#Product 36 83 0
#Datapoints 19
1000000 0
45000000 0
50000000 2.693863535E-12
55000000 2.4995603616E-7
60000000 7.0235099091E-5
65000000 0.00125088011136
70000000 0.005162180021
75000000 0.010546400007
80000000 0.01384709448
90000000 0.014454001521
100000000 0.014934302358
110000000 0.01904579728
120000000 0.02349180386
130000000 0.02623299583
140000000 0.027147803947
150000000 0.0273434981508
160000000 0.027250004465717
180000000 0.026180401845852
200000000 0.024079904284494
#Header 
#Target 37 93 0
#Product 36 84 0
#Datapoints 21
1000000 0
35000000 0
40000000 8.557231814E-13
45000000 2.6699199152E-7
50000000 8.0773199529E-5
55000000 0.00130943006784
60000000 0.0054861303717
65000000 0.0109444997376
70000000 0.013905401566
75000000 0.013453700975
80000000 0.01211379536
90000000 0.012499895958
100000000 0.016689597117
110000000 0.021659894672
120000000 0.02489020429
130000000 0.02613240105
140000000 0.027337201305
150000000 0.0278910048168
160000000 0.02783000397969
180000000 0.026449803846351
200000000 0.026475997881356
#Header 
#Target 37 93 0
#Product 36 85 0
#Datapoints 22
1000000 0
30000000 0
35000000 9.4742892912E-9
40000000 3.2903301374E-5
45000000 0.00083335898179
50000000 0.0034534596437
55000000 0.006138439866
60000000 0.0070639001928
65000000 0.0065134802304
70000000 0.0057947098558
75000000 0.005672580485
80000000 0.006452239976
90000000 0.0095249011257
100000000 0.012752896293
110000000 0.014764102656
120000000 0.01635680018
130000000 0.01771949532
140000000 0.01837239641
150000000 0.0187266047436
160000000 0.019037404900679
180000000 0.018920497791834
200000000 0.019178398406324
#Header 
#Target 37 93 0
#Product 36 86 0
#Datapoints 27
1000000 0
20000000 0
22000000 2.848848242E-12
24000000 1.4345097993E-9
26000000 1.7046296382E-7
28000000 5.4747306549E-6
30000000 5.9921501469E-5
35000000 0.00135859993392
40000000 0.0048711901586
45000000 0.007974720175
50000000 0.0083573903721
55000000 0.0073887097788
60000000 0.0064310806602
65000000 0.0063645297408
70000000 0.0070732796594
75000000 0.0083569405205
80000000 0.009855079328
90000000 0.013511600976
100000000 0.01691390316
110000000 0.019545401616
120000000 0.02141369958
130000000 0.022895398825
140000000 0.023736397981
150000000 0.0246350946312
160000000 0.024896803446449
180000000 0.026108504425953
200000000 0.026227801476115
#Header 
#Target 37 93 0
#Product 36 87 0
#Datapoints 32
1000000 0
15000000 0
16000000 6.128022119E-13
17000000 9.985921748E-11
18000000 3.7951399542E-9
19000000 7.2550903635E-8
20000000 7.509239872E-7
22000000 2.5191906632E-5
24000000 0.00025686602662
26000000 0.00104143001379
28000000 0.0025239996169
30000000 0.0043888005651
35000000 0.008237570232
40000000 0.008475359741
45000000 0.0069918496083
50000000 0.0056081192156
55000000 0.0052433103636
60000000 0.0056122497999
65000000 0.0063056898432
70000000 0.0072421302818
75000000 0.008555299181
80000000 0.010066599728
90000000 0.012896898933
100000000 0.015368500578
110000000 0.017002795424
120000000 0.01816880471
130000000 0.018905001285
140000000 0.019430597556
150000000 0.0199480003236
160000000 0.020074102521088
180000000 0.01981910528316
200000000 0.020017503321316
#Header 
#Target 37 93 0
#Product 36 88 0
#Datapoints 40
1000000 0
7000000 0
8000000 4.5864146544E-15
9000000 6.274589374389E-12
10000000 7.050884174316E-10
11000000 2.8310805072606E-8
12000000 5.0040995612E-7
13000000 4.8448600564E-6
14000000 2.642519337E-5
15000000 0.000114925002084
16000000 0.00036572100003
17000000 0.00088216193708
18000000 0.0017145496894
19000000 0.0028508893875
20000000 0.004185329856
22000000 0.0071377598768
24000000 0.0097921596879
26000000 0.0115143002412
28000000 0.0120732998105
30000000 0.0117510996873
35000000 0.0090639692736
40000000 0.0064572506076
45000000 0.0055945705906
50000000 0.0060395010423
55000000 0.0066846604668
60000000 0.0075321694998
65000000 0.008802611136
70000000 0.0104259006708
75000000 0.0120630000205
80000000 0.01352229832
90000000 0.016316402559
100000000 0.018021297984
110000000 0.01910499416
120000000 0.0197010002
130000000 0.019883100345
140000000 0.020083195195
150000000 0.0198715021272
160000000 0.01977740021092
180000000 0.019626404090661
200000000 0.019015105616128
#Header 
#Target 37 93 0
#Product 36 89 0
#Datapoints 45
1000000 0
2000000 0
3000000 2.6029573154E-13
4000000 2.2988799412E-10
5000000 1.4488199958E-8
6000000 3.9107208868E-7
7000000 5.1622576128E-6
8000000 3.99818039552E-5
9000000 0.00019797904392567
10000000 0.00070812714634227
11000000 0.002224250154798
12000000 0.0045435498328
13000000 0.0066989900698
14000000 0.007243289545
15000000 0.0089224104429
16000000 0.0104146987504
17000000 0.0114932003876
18000000 0.0120811010736
19000000 0.0123637994235
20000000 0.012155100096
22000000 0.0109533999564
24000000 0.0093601307328
26000000 0.007758440073
28000000 0.0063317504241
30000000 0.0051445999425
35000000 0.0036073502904
40000000 0.0041708103244
45000000 0.0049742395471
50000000 0.0055950395831
55000000 0.006668310036
60000000 0.0081589694076
65000000 0.0096605701632
70000000 0.011213299566
75000000 0.012392399305
80000000 0.0136104944
90000000 0.015278698302
100000000 0.016288804758
110000000 0.016670101376
120000000 0.01661030049
130000000 0.016653494795
140000000 0.016341800521
150000000 0.0160986026952
160000000 0.015688803430201
180000000 0.01504160370486
200000000 0.014454500189875
#Header 
#Target 37 93 0
#Product 36 90 0
#Datapoints 46
1000000 0
1000000 0
2000000 2.85875998434E-11
3000000 9.1003511746E-7
4000000 8.2101888195E-6
5000000 4.8373507884E-5
6000000 0.000197782996692
7000000 0.000578998272
8000000 0.0012656899126
9000000 0.0021435002876532
10000000 0.0031277702011005
11000000 0.0042489302185176
12000000 0.0048739697276
13000000 0.0047802299902
14000000 0.0039178303105
15000000 0.0035227495329
16000000 0.0031775701906
17000000 0.0027988806723
18000000 0.002470579471
19000000 0.0021440901825
20000000 0.001846140128
22000000 0.0013972794006
24000000 0.00107979999915
26000000 0.00097076504529
28000000 0.00120756996818
30000000 0.0017567906004
35000000 0.0033280794744
40000000 0.004123940646
45000000 0.0051701102782
50000000 0.0067747791738
55000000 0.00854856987
60000000 0.0103682002014
65000000 0.0119808006912
70000000 0.013239596358
75000000 0.01439239516
80000000 0.01514660096
90000000 0.016315494138
100000000 0.01691969544
110000000 0.016791203136
120000000 0.01668289525
130000000 0.016167403935
140000000 0.015769497292
150000000 0.0151708012632
160000000 0.014757802565539
180000000 0.013849500571722
200000000 0.01297190190593
#Header 
#Target 37 93 0
#Product 36 91 0
#Datapoints 34
1000000 0
13000000 0
14000000 6.08491192E-15
15000000 9.671392128E-13
16000000 7.10920535E-11
17000000 1.2781094253E-9
18000000 2.5506306682E-8
19000000 3.052439586E-7
20000000 2.301770176E-6
22000000 4.2680498406E-5
24000000 0.00022669802618
26000000 0.00050817300402
28000000 0.00076916296935
30000000 0.00094922699508
35000000 0.0015708601728
40000000 0.0029802092854
45000000 0.0047734503771
50000000 0.006550050133
55000000 0.0080257796364
60000000 0.0093275005797
65000000 0.0103360992768
70000000 0.0112125998676
75000000 0.011873200911
80000000 0.01241210528
90000000 0.012995399367
100000000 0.013177203081
110000000 0.012958895696
120000000 0.01250860142
130000000 0.01208829802
140000000 0.011575195451
150000000 0.011173698126
160000000 0.010662704849159
180000000 0.009882764884386
200000000 0.0091125618540646
#Header 
#Target 37 93 0
#Product 36 92 0
#Datapoints 33
1000000 0
14000000 0
15000000 2.752580544E-15
16000000 7.152699387E-15
17000000 4.377377754E-14
18000000 5.934840636E-13
19000000 5.051766825E-12
20000000 3.109340288E-9
22000000 3.455939523E-7
24000000 6.7167506968E-6
26000000 4.7844404457E-5
28000000 0.00017833602497
30000000 0.00044182601571
35000000 0.00162571068
40000000 0.0031148797766
45000000 0.0045014795859
50000000 0.0056095305992
55000000 0.0065405905776
60000000 0.0072700593912
65000000 0.007805039616
70000000 0.0081793800104
75000000 0.0084438195985
80000000 0.008601599544
90000000 0.0088109500638
100000000 0.0087653704398
110000000 0.0085051694144
120000000 0.008212949192
130000000 0.007801679681
140000000 0.0075280100228
150000000 0.00709962959736
160000000 0.0068295909059169
180000000 0.0062104308671565
200000000 0.0058142708979692
#Header 
#Target 37 93 0
#Product 37 79 0
#Datapoints 10
1000000 0
100000000 0
110000000 3.908283088E-10
120000000 3.535260169E-7
130000000 4.6169497065E-6
140000000 1.831910366E-5
150000000 3.8507103666E-5
160000000 6.0634512125176E-5
180000000 7.4853718316946E-5
200000000 7.0164403793994E-5
#Header 
#Target 37 93 0
#Product 37 80 0
#Datapoints 11
1000000 0
90000000 0
100000000 2.274383298E-10
110000000 9.5886997904E-7
120000000 1.797249867E-5
130000000 8.424010053E-5
140000000 0.00018276195383
150000000 0.000263361936996
160000000 0.00036076406443165
180000000 0.00038446001969571
200000000 0.00037301401229014
#Header 
#Target 37 93 0
#Product 37 81 0
#Datapoints 12
1000000 0
80000000 0
90000000 7.09074336E-10
100000000 1.06397010084E-6
110000000 1.8769505456E-5
120000000 7.328409312E-5
130000000 0.000149985948
140000000 0.0002570009878
150000000 0.000321781981392
160000000 0.00036910798093004
180000000 0.00033669708428997
200000000 0.00039572209192929
#Header 
#Target 37 93 0
#Product 37 82 0
#Datapoints 13
1000000 0
75000000 0
80000000 1.179749816E-10
90000000 1.2337806054E-6
100000000 3.3840003525E-5
110000000 0.00016963594416
120000000 0.0003965379894
130000000 0.00061872296705
140000000 0.00082892101655
150000000 0.000910209941496
160000000 0.00093879303760429
180000000 0.0009729046877553
200000000 0.0010955598277528
#Header 
#Target 37 93 0
#Product 37 83 0
#Datapoints 15
1000000 0
65000000 0
70000000 3.8886904744E-9
75000000 1.07175995355E-6
80000000 2.515450184E-5
90000000 0.00072237200958
100000000 0.0035933901606
110000000 0.0083146204528
120000000 0.01268260476
130000000 0.015563504215
140000000 0.016325102126
150000000 0.0160094962224
160000000 0.014449701489212
180000000 0.013769597504988
200000000 0.013710905975058
#Header 
#Target 37 93 0
#Product 37 84 0
#Datapoints 17
1000000 0
55000000 0
60000000 2.302933869E-10
65000000 7.045670016E-7
70000000 3.2898094334E-5
75000000 0.000297073062
80000000 0.0010772399616
90000000 0.0059295904386
100000000 0.013475104497
110000000 0.020100899072
120000000 0.02261910238
130000000 0.022732299555
140000000 0.022019102556
150000000 0.0205232991048
160000000 0.02029560641361
180000000 0.018382796364951
200000000 0.016531602128354
#Header 
#Target 37 93 0
#Product 37 85 0
#Datapoints 19
1000000 0
45000000 0
50000000 2.801934421E-10
55000000 2.2405093404E-6
60000000 0.000110299988916
65000000 0.0008157200832
70000000 0.0031620400394
75000000 0.008723850135
80000000 0.01789000088
90000000 0.038219697759
100000000 0.050142698616
110000000 0.05492820544
120000000 0.05502640528
130000000 0.052547293015
140000000 0.04973289581
150000000 0.0483129984672
160000000 0.04491930171729
180000000 0.041679008139978
200000000 0.040220508603994
#Header 
#Target 37 93 0
#Product 37 86 0
#Datapoints 21
1000000 0
35000000 0
40000000 3.752809658E-13
45000000 4.902659655E-7
50000000 5.9041204244E-5
55000000 0.00044042300268
60000000 0.0015751200465
65000000 0.0047049197184
70000000 0.0098957501104
75000000 0.01513129761
80000000 0.0199100952
90000000 0.02503389795
100000000 0.027620097315
110000000 0.027824602512
120000000 0.02724580278
130000000 0.02669380351
140000000 0.025746204622
150000000 0.0250766039268
160000000 0.02453970439514
180000000 0.023290305812811
200000000 0.022105306212935
#Header 
#Target 37 93 0
#Product 37 87 0
#Datapoints 23
1000000 0
28000000 0
30000000 7.388417703E-15
35000000 3.2836401312E-6
40000000 0.0003535240454
45000000 0.0021712999075
50000000 0.0079115999952
55000000 0.022797805524
60000000 0.046280605716
65000000 0.068560702848
70000000 0.083060601576
75000000 0.090840501895
80000000 0.09542930288
90000000 0.097284794217
100000000 0.094995597522
110000000 0.091098603984
120000000 0.08710729601
130000000 0.083128395795
140000000 0.081081995637
150000000 0.077137295256
160000000 0.075787504700897
180000000 0.070943616588717
200000000 0.066189009089285
#Header 
#Target 37 93 0
#Product 37 88 0
#Datapoints 26
1000000 0
22000000 0
24000000 2.273096624E-13
26000000 3.3629506647E-8
28000000 8.3205000107E-6
30000000 0.000129876011601
35000000 0.0019772503824
40000000 0.006807350186
45000000 0.021438302402
50000000 0.047280296118
55000000 0.07174659834
60000000 0.085721904891
65000000 0.09424160064
70000000 0.097324089926
75000000 0.09806690465
80000000 0.09732640664
90000000 0.095125799472
100000000 0.091026894351
110000000 0.085969998608
120000000 0.08126540499
130000000 0.076535796265
140000000 0.072985700151
150000000 0.0703204005168
160000000 0.066487104850254
180000000 0.061279909211979
200000000 0.057697305272242
#Header 
#Target 37 93 0
#Product 37 89 0
#Datapoints 31
1000000 0
16000000 0
17000000 4.777805126E-12
18000000 5.1916199086E-9
19000000 4.07599983E-7
20000000 8.00176992E-6
22000000 0.00020892905666
24000000 0.0010654700201
26000000 0.0025868596893
28000000 0.0046283999434
30000000 0.0071205103674
35000000 0.02056660776
40000000 0.052402104424
45000000 0.086966199447
50000000 0.107986000199
55000000 0.117005988516
60000000 0.12138700329
65000000 0.122160006144
70000000 0.121712995702
75000000 0.119719007265
80000000 0.1193220608
90000000 0.112184991435
100000000 0.105900010182
110000000 0.098693807408
120000000 0.09183650427
130000000 0.08721019141
140000000 0.081286700703
150000000 0.0763665033024
160000000 0.072589703300752
180000000 0.065684012081733
200000000 0.059943106798293
#Header 
#Target 37 93 0
#Product 37 90 0
#Datapoints 37
1000000 0
10000000 0
11000000 4.775877863967E-12
12000000 6.157009782E-9
13000000 7.224020482E-7
14000000 1.185660444E-5
15000000 8.0334104688E-5
16000000 0.00025659406061
17000000 0.00053320599075
18000000 0.0008831130552
19000000 0.0012899099052
20000000 0.00169924992
22000000 0.0025420304406
24000000 0.0036583494848
26000000 0.005710139673
28000000 0.0096693289061
30000000 0.015135697821
35000000 0.031809194736
40000000 0.042901204354
45000000 0.047897092009
50000000 0.048409997834
55000000 0.048186200676
60000000 0.046625205924
65000000 0.045544802688
70000000 0.044861795622
75000000 0.04343479855
80000000 0.04192290224
90000000 0.038093898699
100000000 0.034912900866
110000000 0.031600496896
120000000 0.0287022008
130000000 0.026541700975
140000000 0.024563298441
150000000 0.0226414995228
160000000 0.021468400777857
180000000 0.019039000540194
200000000 0.016922402814387
#Header 
#Target 37 93 0
#Product 37 91 0
#Datapoints 43
1000000 0
4000000 0
5000000 1.777983504E-12
6000000 8.736340731E-10
7000000 5.0940788736E-8
8000000 2.04305023576E-6
9000000 2.15665037448E-5
10000000 0.00015057599690637
11000000 0.00051163211257137
12000000 0.0010574297184
13000000 0.0019385600108
14000000 0.0031131701265
15000000 0.0046970599146
16000000 0.0067498593886
17000000 0.0094968601029
18000000 0.013623901352
19000000 0.0191860074
20000000 0.02636250144
22000000 0.046809807816
24000000 0.070976600156
26000000 0.09583938969
28000000 0.116846992092
30000000 0.131992008876
35000000 0.15487104744
40000000 0.16340702158
45000000 0.16381598729
50000000 0.15861504725
55000000 0.1551629808
60000000 0.15292696212
65000000 0.14655003264
70000000 0.14074594594
75000000 0.1356670601
80000000 0.13008296
90000000 0.11834805297
100000000 0.107224002861
110000000 0.096562698064
120000000 0.08775460281
130000000 0.079613599285
140000000 0.074072496664
150000000 0.0683956967112
160000000 0.064062206673696
180000000 0.056626710880644
200000000 0.05083750619585
#Header 
#Target 37 93 0
#Product 37 92 0
#Datapoints 42
1000000 0
5000000 0
6000000 8.6326799504E-10
7000000 6.0496674816E-7
8000000 4.14213028944E-5
9000000 0.00035572806666936
10000000 0.0018001998612504
11000000 0.0049377804858417
12000000 0.010175003828
13000000 0.018010004866
14000000 0.028023101005
15000000 0.039025902699
16000000 0.050474605367
17000000 0.061709199478
18000000 0.072415696776
19000000 0.08204920164
20000000 0.09379819936
22000000 0.109363998106
24000000 0.120541007606
26000000 0.127347998478
28000000 0.13148300157
30000000 0.133891009731
35000000 0.134657995176
40000000 0.131360005028
45000000 0.125455002756
50000000 0.122666998806
55000000 0.117761009664
60000000 0.112807004643
65000000 0.106706007936
70000000 0.1007820019
75000000 0.096508694425
80000000 0.09106430616
90000000 0.081248300316
100000000 0.072771799896
110000000 0.06508250136
120000000 0.05855210277
130000000 0.05325850142
140000000 0.049057499025
150000000 0.0451521944172
160000000 0.041943702494738
180000000 0.036635105480292
200000000 0.032946610801487
#Header 
#Target 37 93 0
#Product 37 93 0
#Datapoints 46
1000000 0
1000000 0
2000000 6.3043581354E-14
3000000 1.00060006808E-8
4000000 7.752260718E-6
5000000 0.00041526700104
6000000 0.0042198887876
7000000 0.0142526005248
8000000 0.0264427988288
9000000 0.037763807766279
10000000 0.048283105948506
11000000 0.058735704694443
12000000 0.069432798664
13000000 0.079417506728
14000000 0.08731529476
15000000 0.0928911024
16000000 0.096359903977
17000000 0.098496692863
18000000 0.099549300108
19000000 0.100103997105
20000000 0.10016399712
22000000 0.09929879884
24000000 0.096969901376
26000000 0.09540140502
28000000 0.093439094508
30000000 0.091879402317
35000000 0.088152901752
40000000 0.08442389617
45000000 0.080356501103
50000000 0.07943669767
55000000 0.075569499276
60000000 0.070958606706
65000000 0.06674709888
70000000 0.061705694754
75000000 0.05729869431
80000000 0.05260499832
90000000 0.04403139585
100000000 0.03642620085
110000000 0.030079998224
120000000 0.02454889899
130000000 0.02017670179
140000000 0.016440996093
150000000 0.0135653973156
160000000 0.01125940419483
180000000 0.0079349008859811
200000000 0.0059362608250851
#Header 
#Target 37 93 0
#Product 38 83 0
#Datapoints 13
1000000 0
75000000 0
80000000 1.681259976E-9
90000000 4.9260405114E-6
100000000 2.6945396946E-5
110000000 8.2542699648E-5
120000000 0.0001242899875
130000000 0.0001465019589
140000000 0.00013871199386
150000000 0.000115374014784
160000000 0.00010429103905407
180000000 8.3498906076651E-5
200000000 6.4252305533363E-5
#Header 
#Target 37 93 0
#Product 38 84 0
#Datapoints 15
1000000 0
65000000 0
70000000 1.00935005098E-7
75000000 9.5791500805E-6
80000000 8.936879344E-5
90000000 0.00059077193406
100000000 0.00080247906831
110000000 0.00100416994464
120000000 0.0010483299575
130000000 0.0009406209871
140000000 0.00076054804246
150000000 0.000652325966172
160000000 0.00056912603521741
180000000 0.00040570901979201
200000000 0.00031838508330238
#Header 
#Target 37 93 0
#Product 38 85 0
#Datapoints 17
1000000 0
55000000 0
60000000 4.2540991515E-7
65000000 0.00010340599104
70000000 0.00103973991264
75000000 0.0033289494095
80000000 0.005382260248
90000000 0.0063030101145
100000000 0.0053347801059
110000000 0.0047712999408
120000000 0.003851759793
130000000 0.0031281800665
140000000 0.0025930100138
150000000 0.00209723953284
160000000 0.0017965999561741
180000000 0.0013511796501699
200000000 0.0010645599174503
#Header 
#Target 37 93 0
#Product 38 86 0
#Datapoints 19
1000000 0
45000000 0
50000000 1.30823998393E-5
55000000 0.0013906906368
60000000 0.011471400054
65000000 0.029807699328
70000000 0.042218697322
75000000 0.042239293525
80000000 0.03627149912
90000000 0.026279596119
100000000 0.019779500022
110000000 0.015109600128
120000000 0.01176130242
130000000 0.0093055002615
140000000 0.0075557496605
150000000 0.00637187049972
160000000 0.0054610406817659
180000000 0.0041935102550289
200000000 0.0033450409797958
#Header 
#Target 37 93 0
#Product 38 87 0
#Datapoints 21
1000000 0
35000000 0
40000000 5.3239803284E-5
45000000 0.0079010896701
50000000 0.045579605918
55000000 0.091638493008
60000000 0.108661001013
65000000 0.095264699904
70000000 0.073034605834
75000000 0.054512197025
80000000 0.04337200472
90000000 0.029936301117
100000000 0.021745099101
110000000 0.01646209448
120000000 0.01298709475
130000000 0.010639594565
140000000 0.0090195807061
150000000 0.00765787975272
160000000 0.0067101408847715
180000000 0.0053133899898339
200000000 0.0043885200195603
#Header 
#Target 37 93 0
#Product 38 88 0
#Datapoints 24
1000000 0
26000000 0
28000000 4.4077003555E-5
30000000 0.0016947194658
35000000 0.051495299328
40000000 0.1755540052
45000000 0.26140793032
50000000 0.24585896742
55000000 0.18261100344
60000000 0.128921001471
65000000 0.095227089408
70000000 0.073893597274
75000000 0.05975329932
80000000 0.0493909968
90000000 0.036276194274
100000000 0.028488204141
110000000 0.023020794656
120000000 0.01925129955
130000000 0.016398200885
140000000 0.014200000427
150000000 0.012625396902
160000000 0.011254998114382
180000000 0.0092367417826449
200000000 0.0078240704119583
#Header 
#Target 37 93 0
#Product 38 89 0
#Datapoints 28
1000000 0
19000000 0
20000000 1.0768800224E-6
22000000 0.0040334405526
24000000 0.041610398947
26000000 0.130158007101
28000000 0.24200895479
30000000 0.34017800739
35000000 0.4277560668
40000000 0.32125198044
45000000 0.20149296567
50000000 0.133404991797
55000000 0.098048502504
60000000 0.077087900574
65000000 0.063238906368
70000000 0.05334009324
75000000 0.045761496495
80000000 0.04008949896
90000000 0.032087304057
100000000 0.02675509827
110000000 0.022547002976
120000000 0.01950179798
130000000 0.017124006085
140000000 0.015092395139
150000000 0.0135845043948
160000000 0.012207803176261
180000000 0.010187995749822
200000000 0.0087115013945386
#Header 
#Target 37 93 0
#Product 38 90 0
#Datapoints 36
1000000 0
11000000 0
12000000 1.57639032E-6
13000000 0.0016651995374
14000000 0.016869194515
15000000 0.059574403275
16000000 0.13203201852
17000000 0.22301798257
18000000 0.32029701602
19000000 0.4126270176
20000000 0.490194032
22000000 0.6037409709
24000000 0.6370330177
26000000 0.5834739963
28000000 0.48351501915
30000000 0.38123195232
35000000 0.21075602712
40000000 0.14016406458
45000000 0.106263995586
50000000 0.085150002817
55000000 0.070607097864
60000000 0.060182895519
65000000 0.052016899968
70000000 0.0456578018
75000000 0.041035000435
80000000 0.03672130032
90000000 0.030237804897
100000000 0.025222505538
110000000 0.0213820972
120000000 0.01825520389
130000000 0.015806901375
140000000 0.013959604445
150000000 0.0123378024168
160000000 0.011137804242466
180000000 0.0091796111858061
200000000 0.0077738303756461
#Header 
#Target 37 93 0
#Product 38 91 0
#Datapoints 42
1000000 0
5000000 0
6000000 4.7553897376E-6
7000000 0.0250214006784
8000000 0.135129024632
9000000 0.28700004274683
10000000 0.43932907279971
11000000 0.56572509596967
12000000 0.67109302436
13000000 0.74521601462
14000000 0.78856995795
15000000 0.78532900833
16000000 0.74093105636
17000000 0.67119605763
18000000 0.58952298696
19000000 0.50962499595
20000000 0.4366770272
22000000 0.32618303842
24000000 0.25522000157
26000000 0.20946299412
28000000 0.17894899737
30000000 0.15748903179
35000000 0.122466006168
40000000 0.098798688156
45000000 0.081566004349
50000000 0.068786105014
55000000 0.05887789734
60000000 0.051042701367
65000000 0.044788398336
70000000 0.03955020394
75000000 0.035565396295
80000000 0.03182599472
90000000 0.025704899097
100000000 0.021065196819
110000000 0.017473196688
120000000 0.01475639648
130000000 0.01265319709
140000000 0.011088698625
150000000 0.0098085701916
160000000 0.0088043214167029
180000000 0.0072241605187299
200000000 0.0061488305658107
#Header 
#Target 37 93 0
#Product 38 92 0
#Datapoints 46
1000000 0
1000000 2.29901003594E-9
2000000 4.71463005018E-5
3000000 0.00288753017552
4000000 0.03121089911
5000000 0.132878011368
6000000 0.295234984988
7000000 0.422540034048
8000000 0.438954997056
9000000 0.38871003220854
10000000 0.31819604560389
11000000 0.2609930514597
12000000 0.21444895672
13000000 0.18547306344
14000000 0.1628670417
15000000 0.147270984
16000000 0.13598799723
17000000 0.12677096507
18000000 0.119589006414
19000000 0.112852006155
20000000 0.10864900288
22000000 0.099560989406
24000000 0.091130591399
26000000 0.083739194607
28000000 0.076616699645
30000000 0.070127006766
35000000 0.056730397296
40000000 0.046850392138
45000000 0.039203100101
50000000 0.033270299557
55000000 0.028582996404
60000000 0.024683803038
65000000 0.02147910336
70000000 0.018774396792
75000000 0.01692790385
80000000 0.01491339808
90000000 0.011839404897
100000000 0.0096565194012
110000000 0.0079561603264
120000000 0.006651599528
130000000 0.0057257495655
140000000 0.0049618605701
150000000 0.00440644984776
160000000 0.0039061899676723
180000000 0.0032423502463416
200000000 0.0025440399061031
#Header 
#Target 37 93 0
#Product 38 93 0
#Datapoints 46
1000000 0
1000000 6.476050991E-10
2000000 5.04412999869E-6
3000000 0.0003781800197
4000000 0.0030524101434
5000000 0.0107073002442
6000000 0.020572902794
7000000 0.0276471005184
8000000 0.0319040023464
9000000 0.03425790337767
10000000 0.035303204335122
11000000 0.035769604294767
12000000 0.035810800244
13000000 0.035274395576
14000000 0.034418800215
15000000 0.033256896822
16000000 0.031722096082
17000000 0.030345600013
18000000 0.029029297684
19000000 0.027710101125
20000000 0.02644560352
22000000 0.024094799656
24000000 0.02194970621
26000000 0.020108296185
28000000 0.018363401853
30000000 0.016848798492
35000000 0.0136582003728
40000000 0.0111387000836
45000000 0.0097059803496
50000000 0.0079251906459
55000000 0.006995649552
60000000 0.0058516697565
65000000 0.00523077984
70000000 0.0044507492668
75000000 0.004060399629
80000000 0.003530010256
90000000 0.0028083398253
100000000 0.0022955897262
110000000 0.0019068804448
120000000 0.001598130093
130000000 0.0013704300815
140000000 0.0011928399496
150000000 0.00105455004876
160000000 0.00093299304246456
180000000 0.00073716312447513
200000000 0.00012261199041817
#Header 
#Target 37 93 0
#Product 38 94 0
#Datapoints 46
1000000 0
1000000 3.6379486728E-14
2000000 3.81352016326E-10
3000000 2.08850001376E-6
4000000 2.897480087E-5
5000000 0.00014490106302
6000000 0.00034592815432
7000000 0.00052689125376
8000000 0.00064350184852
9000000 0.00068372802948744
10000000 0.0006458210120556
11000000 0.00059505005905821
12000000 0.00053635001144
13000000 0.0004880429806
14000000 0.00044705898155
15000000 0.00041160494664
16000000 0.00038251105788
17000000 0.0003611379534
18000000 0.00034135691776
19000000 0.0003270770244
20000000 0.0003123040192
22000000 0.00028979097708
24000000 0.00026961904076
26000000 0.00025288598589
28000000 0.00023905600243
30000000 0.00021774998169
35000000 0.00019395694608
40000000 0.0001740280515
45000000 0.00016004605693
50000000 0.0001434690356
55000000 0.00013411602012
60000000 0.000121444997868
65000000 0.000114910000128
70000000 0.000103324003706
75000000 9.8698101645E-5
80000000 8.894019792E-5
90000000 7.6890903753E-5
100000000 6.6379796136E-5
110000000 5.8622199072E-5
120000000 5.103689619E-5
130000000 4.500770184E-5
140000000 4.0120802249E-5
150000000 3.63508987284E-5
160000000 3.2608506410557E-5
180000000 2.4840103164057E-5
200000000 2.0299698719779E-5
