#Header 
#Target 83 212 0
#Product 0 1 0
#Datapoints 45
1000000 0
2000000 8.29451793742E-14
3000000 1.1583594726E-9
4000000 5.0980001904E-7
5000000 2.7772814285E-5
6000000 0.00039564515628
7000000 0.00487148128
8000000 0.03020108
9000000 0.10048730608
10000000 0.2508881418
11000000 0.5201311517
12000000 0.91118846
13000000 1.3645498736
14000000 1.801446072
15000000 2.179704759
16000000 2.4883547962
17000000 2.693435532
18000000 2.947094918
19000000 3.282116208
20000000 3.720991794
22000000 4.431592528
24000000 4.96854071
26000000 5.343768808
28000000 5.69656402
30000000 6.110543052
35000000 6.960335
40000000 7.57629901266
45000000 8.154724848
50000000 8.5700034945
55000000 8.9286313704
60000000 9.19760782252
65000000 9.44835546384
70000000 9.64360638752
75000000 9.81780046126
80000000 9.95007786536
90000000 10.26040446611
100000000 10.51451030784
110000000 10.7861095672
120000000 11.02733066864
130000000 11.25627163347
140000000 11.47787458454
150000000 11.7003705632
160000000 11.9220477675
180000000 12.40409455396
200000000 12.990400836
#Header 
#Target 83 212 0
#Product 1 1 0
#Datapoints 45
1000000 0
2000000 0
3000000 1.4401522223E-17
4000000 2.5149799376E-14
5000000 5.6976574E-12
6000000 8.80666083E-10
7000000 5.80434014E-8
8000000 1.3795054E-6
9000000 1.5300846337E-5
10000000 9.785273112E-5
11000000 0.000417831695
12000000 0.0013070954944
13000000 0.0031879019096
14000000 0.0063828095195
15000000 0.01103360673
16000000 0.017177591926
17000000 0.02481565884
18000000 0.03396795713
19000000 0.0445440744
20000000 0.0586430598
22000000 0.08786472972
24000000 0.12144755644
26000000 0.15853714127
28000000 0.1982066992
30000000 0.2399141832
35000000 0.350436665
40000000 0.461746582164
45000000 0.572151489744
50000000 0.673928137314
55000000 0.77171906245
60000000 0.858124793292
65000000 0.939163019296
70000000 1.010919127904
75000000 1.077611456207
80000000 1.137463073307
90000000 1.242709947271
100000000 1.331336483712
110000000 1.40937791092
120000000 1.479573690738
130000000 1.542443692791
140000000 1.600709595628
150000000 1.65519408802
160000000 1.707727707088
180000000 1.806842448
200000000 1.904648004
#Header 
#Target 83 212 0
#Product 1 2 0
#Datapoints 44
1000000 0
3000000 0
4000000 1.2703625584E-18
5000000 2.275712232E-13
6000000 2.3251064562E-10
7000000 4.945207556E-8
8000000 1.31396356E-6
9000000 1.6410468228E-5
10000000 0.00011880976608
11000000 0.0005476682057
12000000 0.0016918215904
13000000 0.003812277757
14000000 0.006893974606
15000000 0.010730271174
16000000 0.015049589674
17000000 0.01961281158
18000000 0.02425110021
19000000 0.02885437128
20000000 0.0333547851
22000000 0.0400228796
24000000 0.04782486436
26000000 0.05489656995
28000000 0.06129032468
30000000 0.06709493649
35000000 0.0795731345
40000000 0.089728224033
45000000 0.0961679956208
50000000 0.105849106295
55000000 0.109544324778
60000000 0.1165767789056
65000000 0.1195531722752
70000000 0.125268582026
75000000 0.1283134633935
80000000 0.1335944584716
90000000 0.1288709429148
100000000 0.1261468364352
110000000 0.1206793570821
120000000 0.1165813262614
130000000 0.1137094805475
140000000 0.1117289507204
150000000 0.110417411412
160000000 0.109730474724
180000000 0.1110926002724
200000000 0.11617173518
#Header 
#Target 83 212 0
#Product 1 3 0
#Datapoints 44
1000000 0
3000000 0
4000000 4.6934320576E-15
5000000 2.523637708E-11
6000000 1.1908646244E-8
7000000 6.480999156E-7
8000000 7.2349004E-6
9000000 4.8915608945E-5
10000000 0.000217459773
11000000 0.0006571268305
12000000 0.0014527396632
13000000 0.00258660828
14000000 0.0039864616055
15000000 0.0055682856516
16000000 0.0072556997378
17000000 0.008986180356
18000000 0.01071062121
19000000 0.01239547008
20000000 0.01406748148
22000000 0.017051142
24000000 0.01970640644
26000000 0.0220483194
28000000 0.02408891116
30000000 0.0257847708
35000000 0.028556513
40000000 0.0300104340018
45000000 0.031066916716
50000000 0.0320312957917
55000000 0.033233883851
60000000 0.034638356012
65000000 0.0363140136704
70000000 0.0381939370568
75000000 0.0403202129165
80000000 0.0426660169657
90000000 0.0481697178778
100000000 0.0548230749696
110000000 0.0580094386097
120000000 0.0613724216534
130000000 0.0647117065575
140000000 0.0679678697022
150000000 0.071192647856
160000000 0.074356881274
180000000 0.0805512516176
200000000 0.0878753688
#Header 
#Target 83 212 0
#Product 2 3 0
#Datapoints 41
1000000 0
6000000 0
7000000 1.5671200928E-20
8000000 1.02715886E-17
9000000 1.1957524649E-15
10000000 7.39271187E-14
11000000 2.1703205636E-12
12000000 3.6493542328E-11
13000000 4.0096087134E-10
14000000 3.1634323962E-9
15000000 1.921682091E-8
16000000 9.473783124E-8
17000000 3.943119162E-7
18000000 1.425968194E-6
19000000 4.570768272E-6
20000000 1.313868192E-5
22000000 7.496623772E-5
24000000 0.0002832691078
26000000 0.0007531089566
28000000 0.0014883584864
30000000 0.002433229029
35000000 0.0052646132
40000000 0.00819329324646
45000000 0.01089421156192
50000000 0.01332917323555
55000000 0.01530139716875
60000000 0.01700361244036
65000000 0.01846662800112
70000000 0.01984610619327
75000000 0.0211697042865
80000000 0.0225113314461
90000000 0.0253454528741
100000000 0.0285674828928
110000000 0.0306194341583
120000000 0.0326957456826
130000000 0.0348089498385
140000000 0.036957191414
150000000 0.039128226434
160000000 0.0413089472198
180000000 0.045605464892
200000000 0.04955234172
#Header 
#Target 83 212 0
#Product 2 4 0
#Datapoints 45
1000000 0
2000000 2.97622820814E-14
3000000 1.3730392621E-9
4000000 4.6936269328E-7
5000000 2.2567827485E-5
6000000 0.00038542501206
7000000 0.0019141055044
8000000 0.0040419652
9000000 0.008272550048
10000000 0.01517547942
11000000 0.02367464437
12000000 0.031626745984
13000000 0.038711790378
14000000 0.046302989216
15000000 0.056650563768
16000000 0.073501593622
17000000 0.1195416468
18000000 0.1431493528
19000000 0.1433502168
20000000 0.1130697724
22000000 0.11824855036
24000000 0.12118551473
26000000 0.12098091252
28000000 0.11944882156
30000000 0.11869485282
35000000 0.1167886605
40000000 0.1352370171852
45000000 0.1891122697768
50000000 0.2009531321852
55000000 0.155284677429
60000000 0.135210350548
65000000 0.135679385712
70000000 0.1253293069462
75000000 0.1074396112097
80000000 0.1052523579803
90000000 0.1110300370819
100000000 0.1006672137216
110000000 0.0989949878693
120000000 0.104370490081
130000000 0.1095740904195
140000000 0.1181516837072
150000000 0.129764271494
160000000 0.1381277956942
180000000 0.1591013040756
200000000 0.179920915
#Header 
#Target 83 212 0
#Product 79 188 0
#Datapoints 10
1000000 0
100000000 0
110000000 1.316160735958E-12
120000000 7.49199993399E-9
130000000 1.959844969332E-6
140000000 2.14450749474E-5
150000000 6.07796114134E-5
160000000 0.00012167120610021
180000000 0.0003725439139824
200000000 0.0008847107191
#Header 
#Target 83 212 0
#Product 79 189 0
#Datapoints 10
1000000 0
100000000 0
110000000 2.72003723087E-11
120000000 5.178011655674E-8
130000000 1.920672413022E-6
140000000 9.131037807528E-6
150000000 2.4086368823E-5
160000000 4.486146163551E-5
180000000 0.00012184480123312
200000000 0.000162226598366
#Header 
#Target 83 212 0
#Product 79 190 0
#Datapoints 11
1000000 0
90000000 0
100000000 2.05341447552E-13
110000000 5.281772352766E-9
120000000 6.848025155686E-7
130000000 8.449571721831E-6
140000000 4.061560817236E-5
150000000 8.65798442696E-5
160000000 0.00012430222517453
180000000 0.0002935502851648
200000000 0.0003887237595
#Header 
#Target 83 212 0
#Product 79 191 0
#Datapoints 11
1000000 0
90000000 0
100000000 5.31090337152E-12
110000000 3.347753722893E-9
120000000 1.0781814167124E-7
130000000 9.641218482186E-7
140000000 2.877674628218E-6
150000000 5.9305287921E-6
160000000 1.2109864788164E-5
180000000 2.244775020988E-5
200000000 2.5421670694E-5
#Header 
#Target 83 212 0
#Product 79 192 0
#Datapoints 12
1000000 0
80000000 0
90000000 3.45229229529E-14
100000000 5.14254831744E-10
110000000 1.0905178093004E-7
120000000 2.337518355172E-6
130000000 1.3304123790495E-5
140000000 3.6820741321E-5
150000000 7.4047541414E-5
160000000 0.00011271097784453
180000000 0.00012212053508256
200000000 0.000150192747948
#Header 
#Target 83 212 0
#Product 80 189 0
#Datapoints 10
1000000 0
100000000 0
110000000 3.368259000741E-9
120000000 3.638402377896E-6
130000000 5.261286751608E-5
140000000 0.00014504162340538
150000000 0.00031565229927
160000000 0.0005025649038137
180000000 0.0007354876794408
200000000 0.00100128498632
#Header 
#Target 83 212 0
#Product 80 190 0
#Datapoints 11
1000000 0
90000000 0
100000000 4.35745103808E-11
110000000 6.937497761912E-7
120000000 4.279727322442E-5
130000000 0.0002935509248649
140000000 0.000615240818335
150000000 0.000915221701878
160000000 0.001287388853569
180000000 0.0012599794282552
200000000 0.002375092414
#Header 
#Target 83 212 0
#Product 80 191 0
#Datapoints 12
1000000 0
80000000 0
90000000 8.96443993329E-15
100000000 4.137118966272E-9
110000000 2.033631390387E-6
120000000 3.50577847763E-5
130000000 0.00011410190267454
140000000 0.00017182359583792
150000000 0.000255680976584
160000000 0.0003141310947073
180000000 0.0007718898434844
200000000 0.0018034832836
#Header 
#Target 83 212 0
#Product 80 192 0
#Datapoints 12
1000000 0
80000000 0
90000000 5.91792590113E-11
100000000 4.080879038016E-7
110000000 3.641681649651E-5
120000000 0.0002278060033392
130000000 0.000438400846269
140000000 0.0007098047088132
150000000 0.001233144497156
160000000 0.002157702751269
180000000 0.00421831079966
200000000 0.0064399519582
#Header 
#Target 83 212 0
#Product 80 193 0
#Datapoints 13
1000000 0
75000000 0
80000000 2.64327261141E-14
90000000 3.812789111478E-9
100000000 2.535885633024E-6
110000000 5.273192492883E-5
120000000 0.000186851453932
130000000 0.0003766660340235
140000000 0.0006512905714484
150000000 0.00109510569168
160000000 0.0014711701088955
180000000 0.002164219961848
200000000 0.0028682231344
#Header 
#Target 83 212 0
#Product 80 194 0
#Datapoints 14
1000000 0
70000000 0
75000000 9.72655748878E-14
80000000 4.76271024695E-11
90000000 2.324585970759E-7
100000000 3.650467879296E-5
110000000 0.0003249758803037
120000000 0.0008308031416256
130000000 0.0012811649418789
140000000 0.001978260677458
150000000 0.00268665308714
160000000 0.003332744719187
180000000 0.004753852670756
200000000 0.0056884048708
#Header 
#Target 83 212 0
#Product 80 195 0
#Datapoints 15
1000000 0
65000000 0
70000000 2.51022148314E-14
75000000 5.52731808112E-12
80000000 1.035288288412E-9
90000000 8.816849327815E-7
100000000 1.509409005408E-5
110000000 3.842430289987E-5
120000000 5.277146722276E-5
130000000 8.21787805782E-5
140000000 0.00013652240251286
150000000 0.000191143680002
160000000 0.0002481117958735
180000000 0.0003985196971412
200000000 0.0004301511573
#Header 
#Target 83 212 0
#Product 80 196 0
#Datapoints 16
1000000 0
60000000 0
65000000 6.52311914224E-13
70000000 3.89959950632E-10
75000000 4.484612319682E-8
80000000 1.4152315361615E-6
90000000 9.746004238676E-5
100000000 0.0005821441423872
110000000 0.000982597607506
120000000 0.0013218357722284
130000000 0.001936235117892
140000000 0.002655859188294
150000000 0.00329404110442
160000000 0.004137819477805
180000000 0.005609508526248
200000000 0.0058371696014
#Header 
#Target 83 212 0
#Product 80 197 0
#Datapoints 17
1000000 0
55000000 0
60000000 5.1415441792E-13
65000000 2.15654432416E-10
70000000 1.8532836057491E-8
75000000 4.635306802533E-7
80000000 4.14859899199E-6
90000000 4.165845905408E-5
100000000 8.69982075168E-5
110000000 0.00012194555420036
120000000 0.00021302019167
130000000 0.0003423947215629
140000000 0.0004996417453742
150000000 0.000656094118064
160000000 0.0007881093714871
180000000 0.000883900748932
200000000 0.000884096355
#Header 
#Target 83 212 0
#Product 80 198 0
#Datapoints 19
1000000 0
45000000 0
50000000 6.34223216004E-15
55000000 3.3548191159E-12
60000000 1.379852044168E-9
65000000 1.5653624483264E-7
70000000 4.844359037441E-6
75000000 4.758553571167E-5
80000000 0.00021154681256
90000000 0.0008364709614512
100000000 0.001280535674208
110000000 0.0018088184121981
120000000 0.002688406250244
130000000 0.003528728762835
140000000 0.00420681058577
150000000 0.00474549190126
160000000 0.005115231560881
180000000 0.0049955991907
200000000 0.0046244728108
#Header 
#Target 83 212 0
#Product 80 199 0
#Datapoints 20
1000000 0
40000000 0
45000000 2.77167748016E-14
50000000 1.33501405433E-11
55000000 1.61348669209E-9
60000000 1.1285469344812E-7
65000000 2.349678803536E-6
70000000 1.5544411941023E-5
75000000 4.641407867426E-5
80000000 7.889557380384E-5
90000000 0.00011278961611645
100000000 0.00016197215125248
110000000 0.0002715861913762
120000000 0.0004503048905784
130000000 0.0006470525417574
140000000 0.0008192772629626
150000000 0.000949201341286
160000000 0.0010453214432895
180000000 0.00115698490892
200000000 0.00118226250532
#Header 
#Target 83 212 0
#Product 80 200 0
#Datapoints 22
1000000 0
30000000 0
35000000 1.86056027E-15
40000000 3.03448444824E-10
45000000 6.857166356064E-8
50000000 1.8764918108668E-6
55000000 2.0531649731565E-5
60000000 0.00011432667442612
65000000 0.0002994126672256
70000000 0.0005555930799496
75000000 0.0008659815513448
80000000 0.0010794577071474
90000000 0.0013292677799929
100000000 0.0018565137451968
110000000 0.002430962826086
120000000 0.003057965883258
130000000 0.003348910781724
140000000 0.003644195224826
150000000 0.00377371461346
160000000 0.003835016225066
180000000 0.004001552010812
200000000 0.0040278034194
#Header 
#Target 83 212 0
#Product 80 201 0
#Datapoints 23
1000000 0
28000000 0
30000000 3.426944538E-14
35000000 1.026549925E-11
40000000 1.687478244144E-9
45000000 1.3529074246568E-7
50000000 3.590253584738E-6
55000000 3.51342500131E-5
60000000 0.00015154923654
65000000 0.0003537627339552
70000000 0.0005340216728105
75000000 0.0006151814751984
80000000 0.0006516285368611
90000000 0.0008400837591447
100000000 0.0012463212339648
110000000 0.0016103281182888
120000000 0.001909409127626
130000000 0.002105148207216
140000000 0.002198326664534
150000000 0.00227177722156
160000000 0.002318111853018
180000000 0.00238928953368
200000000 0.002556180706
#Header 
#Target 83 212 0
#Product 80 202 0
#Datapoints 27
1000000 0
20000000 0
22000000 1.45537744E-14
24000000 3.767637881E-12
26000000 4.453080441E-10
28000000 6.3602507424E-9
30000000 2.754970248E-8
35000000 1.925609935E-6
40000000 5.216643878922E-5
45000000 0.0002177355963328
50000000 0.0003222926808868
55000000 0.0003365756105145
60000000 0.0004056972959312
65000000 0.00044520214856
70000000 0.000544158455211
75000000 0.000560881390982
80000000 0.0005301382769823
90000000 0.0006889745857663
100000000 0.0007199760623616
110000000 0.0008826866641822
120000000 0.0009446882666936
130000000 0.0010304794620438
140000000 0.0010856408569578
150000000 0.00110405991124
160000000 0.0011213439709264
180000000 0.0011925321111156
200000000 0.00122939726892
#Header 
#Target 83 212 0
#Product 80 203 0
#Datapoints 34
1000000 0
13000000 0
14000000 3.6398642523E-15
15000000 8.877740136E-15
16000000 1.763719336E-14
17000000 3.931618974E-14
18000000 9.581202012E-14
19000000 3.220023576E-13
20000000 1.1793792712E-12
22000000 1.519696572E-11
24000000 1.3277390938E-10
26000000 9.383085973E-10
28000000 5.4409001612E-9
30000000 2.5808892954E-8
35000000 6.62922923E-7
40000000 5.947053910014E-6
45000000 2.30526478148E-5
50000000 4.846569662116E-5
55000000 6.763381078895E-5
60000000 7.414223148228E-5
65000000 7.270461773184E-5
70000000 7.455583587515E-5
75000000 8.287138931038E-5
80000000 9.921230754993E-5
90000000 0.00013868223128321
100000000 0.00017068076220672
110000000 0.0001961980372393
120000000 0.0002160500894266
130000000 0.0002390398472898
140000000 0.0002652042200262
150000000 0.000294261386078
160000000 0.0003297173527609
180000000 0.0003973449034116
200000000 0.00046047858924
#Header 
#Target 83 212 0
#Product 81 190 0
#Datapoints 8
1000000 0
120000000 0
130000000 1.6848906519084E-8
140000000 1.0465928163704E-5
150000000 0.0001458715349102
160000000 0.0004695917747651
180000000 0.0008624685514808
200000000 0.00130405963428
#Header 
#Target 83 212 0
#Product 81 191 0
#Datapoints 9
1000000 0
110000000 0
120000000 1.6186704105E-10
130000000 4.108423938207E-6
140000000 7.152995811676E-5
150000000 0.000274732336714
160000000 0.0003928965313585
180000000 0.0004543319181032
200000000 0.00068073212396
#Header 
#Target 83 212 0
#Product 81 192 0
#Datapoints 10
1000000 0
100000000 0
110000000 2.36511633242E-13
120000000 3.691093661112E-8
130000000 4.670136765549E-6
140000000 3.426997400632E-5
150000000 0.0001040062223266
160000000 0.0002065122735494
180000000 0.0005292913038688
200000000 0.00047075252936
#Header 
#Target 83 212 0
#Product 81 193 0
#Datapoints 11
1000000 0
90000000 0
100000000 1.60763252352E-15
110000000 1.924739726427E-8
120000000 6.397592521892E-6
130000000 0.00010009229709255
140000000 0.0004656197671528
150000000 0.001137547764496
160000000 0.001803040575544
180000000 0.002955144475156
200000000 0.0023013193002
#Header 
#Target 83 212 0
#Product 81 194 0
#Datapoints 11
1000000 0
90000000 0
100000000 1.94733380928E-10
110000000 5.776928209891E-7
120000000 2.329902178032E-5
130000000 0.0002791615636212
140000000 0.0011208711865988
150000000 0.00206363533508
160000000 0.002979202854277
180000000 0.00278946879138
200000000 0.002338196484
#Header 
#Target 83 212 0
#Product 81 195 0
#Datapoints 12
1000000 0
80000000 0
90000000 7.2191035643E-12
100000000 3.590507312064E-8
110000000 3.971838598357E-6
120000000 0.00011186871889336
130000000 0.0006026368753485
140000000 0.0011632173434076
150000000 0.001482469726584
160000000 0.0014752272218879
180000000 0.0014858693480952
200000000 0.0025028324292
#Header 
#Target 83 212 0
#Product 81 196 0
#Datapoints 13
1000000 0
75000000 0
80000000 6.87102122584E-16
90000000 1.338836136487E-9
100000000 9.092788156224E-7
110000000 4.646580451801E-5
120000000 0.0003856934521726
130000000 0.0009344062472319
140000000 0.0013348511380698
150000000 0.00167050530383
160000000 0.002125656569153
180000000 0.0032706617416
200000000 0.0034015474118
#Header 
#Target 83 212 0
#Product 81 197 0
#Datapoints 14
1000000 0
70000000 0
75000000 2.15324921691E-13
80000000 1.330535626222E-10
90000000 1.255514575742E-7
100000000 1.1185215306816E-5
110000000 0.00018118976138439
120000000 0.0007410806644098
130000000 0.0012475802948181
140000000 0.0015616037218886
150000000 0.00190638867584
160000000 0.002291451984159
180000000 0.002337488191428
200000000 0.0018407592502
#Header 
#Target 83 212 0
#Product 81 198 0
#Datapoints 15
1000000 0
65000000 0
70000000 5.8200149189E-12
75000000 3.28177433265E-9
80000000 2.396333006688E-8
90000000 5.273384300751E-6
100000000 0.00017922638292864
110000000 0.0010117573856608
120000000 0.0017484958777572
130000000 0.00206382730107
140000000 0.002836799240756
150000000 0.00371317459612
160000000 0.00403938208895
180000000 0.004014580660188
200000000 0.0043287992234
#Header 
#Target 83 212 0
#Product 81 199 0
#Datapoints 17
1000000 0
55000000 0
60000000 4.13236801016E-14
65000000 5.00609228288E-11
70000000 5.343925431285E-9
75000000 1.1925881171226E-7
80000000 1.5632445378091E-6
90000000 0.00012763724086333
100000000 0.0011209712086464
110000000 0.002339306658972
120000000 0.003140326738692
130000000 0.0046442484168
140000000 0.005944315466024
150000000 0.00636061326934
160000000 0.006854927822249
180000000 0.008514288133512
200000000 0.0094171586826
#Header 
#Target 83 212 0
#Product 81 200 0
#Datapoints 18
1000000 0
50000000 0
55000000 1.12682049697E-13
60000000 2.40450304328E-10
65000000 1.9251263346288E-8
70000000 3.906703099334E-7
75000000 6.085085239442E-6
80000000 5.45378588908E-5
90000000 0.0007912261047826
100000000 0.002255079669312
110000000 0.003276731654663
120000000 0.004418637827604
130000000 0.005504776176024
140000000 0.006337533910188
150000000 0.00761977139814
160000000 0.008575610556604
180000000 0.009408278816804
200000000 0.0088155846036
#Header 
#Target 83 212 0
#Product 81 201 0
#Datapoints 20
1000000 0
40000000 0
45000000 1.9572955232E-15
50000000 7.21426760334E-10
55000000 8.8389056847E-9
60000000 1.2340356129296E-7
65000000 2.465486918896E-6
70000000 1.2006999904214E-5
75000000 8.325177058528E-5
80000000 0.0003655842472226
90000000 0.0016001927872291
100000000 0.002609993505408
110000000 0.003209578006367
120000000 0.004341494705262
130000000 0.00580058121846
140000000 0.006953339505398
150000000 0.00758340491854
160000000 0.007921433725556
180000000 0.008185105323036
200000000 0.0098431490356
#Header 
#Target 83 212 0
#Product 81 202 0
#Datapoints 21
1000000 0
35000000 0
40000000 6.9922728834E-13
45000000 5.31577795608E-10
50000000 2.448848581785E-8
55000000 3.237466064665E-7
60000000 3.452619332448E-6
65000000 3.295162170144E-5
70000000 0.00019148020254097
75000000 0.0006322318990119
80000000 0.0013228259558052
90000000 0.002371671357524
100000000 0.00287454097152
110000000 0.003976587926846
120000000 0.005528098827966
130000000 0.006698681269995
140000000 0.007428751509556
150000000 0.00798307038804
160000000 0.008927635150174
180000000 0.010239884976264
200000000 0.0103532501796
#Header 
#Target 83 212 0
#Product 81 203 0
#Datapoints 22
1000000 0
30000000 0
35000000 7.4658831E-11
40000000 5.113134277776E-6
45000000 9.937410708048E-7
50000000 0.0002355880562017
55000000 1.224321174573E-5
60000000 0.0013894837989448
65000000 0.0002397168536096
70000000 0.0006042388354023
75000000 0.0009943231237214
80000000 0.0012735484995061
90000000 0.002661074846271
100000000 0.003060750461184
110000000 0.003706084589943
120000000 0.004470820744962
130000000 0.00457140249318
140000000 0.005869327555312
150000000 0.00668087204884
160000000 0.007026208349576
180000000 0.007726021963116
200000000 0.0083467046492
#Header 
#Target 83 212 0
#Product 81 204 0
#Datapoints 26
1000000 0
22000000 0
24000000 1.87560975E-13
26000000 2.526883275E-11
28000000 1.1839492848E-9
30000000 8.7915588258E-9
35000000 9.278789805E-8
40000000 3.82316703279E-7
45000000 1.8773662949152E-6
50000000 1.5368932255609E-5
55000000 9.526031239025E-5
60000000 0.0003293270962592
65000000 0.0006690662672704
70000000 0.0009718986798528
75000000 0.0011209506547976
80000000 0.0012068216388556
90000000 0.001483253617715
100000000 0.002145826425024
110000000 0.002905905147121
120000000 0.00364367969966
130000000 0.004301955063621
140000000 0.00488155177744
150000000 0.00546958277096
160000000 0.005985044406185
180000000 0.006833021235648
200000000 0.0071599082902
#Header 
#Target 83 212 0
#Product 81 205 0
#Datapoints 34
1000000 0
13000000 0
14000000 3.0122366844E-14
15000000 3.5258561238E-13
16000000 2.3870520304E-12
17000000 1.304813826E-11
18000000 6.47703299E-11
19000000 3.105502344E-10
20000000 1.3895401156E-9
22000000 1.15340005412E-8
24000000 3.6389702755E-8
26000000 6.3709195494E-8
28000000 9.1596793268E-8
30000000 1.302170004E-7
35000000 4.6025002E-7
40000000 2.406847014642E-6
45000000 1.7650265792256E-5
50000000 7.711456678254E-5
55000000 0.00018202566755765
60000000 0.0002745677580568
65000000 0.0003166793312656
70000000 0.0003186419960304
75000000 0.0003314722509747
80000000 0.0003708630940019
90000000 0.0005771749726116
100000000 0.000956363424672
110000000 0.0014203254256676
120000000 0.001914166910656
130000000 0.002424462282627
140000000 0.00283255031137
150000000 0.00321188640762
160000000 0.003562801868249
180000000 0.003991181704348
200000000 0.0044739101492
#Header 
#Target 83 212 0
#Product 81 206 0
#Datapoints 41
1000000 0
6000000 0
7000000 1.8822264448E-15
8000000 5.660928E-14
9000000 1.1176899839E-12
10000000 1.476241344E-11
11000000 1.2875879148E-10
12000000 7.5864894248E-10
13000000 3.53897008728E-9
14000000 1.22738008518E-8
15000000 6.89888964294E-8
16000000 2.75979971626E-7
17000000 8.710950495E-7
18000000 2.0434504172E-6
19000000 3.6687191856E-6
20000000 5.4423495412E-6
22000000 8.9964497332E-6
24000000 2.9157693285E-5
26000000 0.00016744303932
28000000 0.000111128007156
30000000 0.00018987705561
35000000 0.0004140470775
40000000 0.0006283933549908
45000000 0.0009884911890032
50000000 0.0017747122033072
55000000 0.000653789232621
60000000 0.0006189837394104
65000000 0.00205661395448
70000000 0.0018966324364512
75000000 0.0007792855607713
80000000 0.0005229157736945
90000000 0.0006631949676589
100000000 0.0009293256878976
110000000 0.0012508477129352
120000000 0.002147596222486
130000000 0.002358433520304
140000000 0.00209219560147
150000000 0.00271478446844
160000000 0.002547368023954
180000000 0.002810728611908
200000000 0.0029206221718
#Header 
#Target 83 212 0
#Product 81 207 0
#Datapoints 43
1000000 0
4000000 0
5000000 5.616899176E-14
6000000 5.41296983304E-11
7000000 1.13628004588E-8
8000000 2.98977042E-7
9000000 3.71939028139E-6
10000000 2.7091195362E-5
11000000 0.000127387996
12000000 0.00041007205184
13000000 0.00098801277786
14000000 0.00194756994277
15000000 0.00335224011942
16000000 0.00518250049896
17000000 0.0073917603942
18000000 0.0098984300821
19000000 0.012562101048
20000000 0.015595998886
22000000 0.020368596588
24000000 0.024458401597
26000000 0.027499208675
28000000 0.02963939184
30000000 0.031191899052
35000000 0.03304180745
40000000 0.0331045684515
45000000 0.03240144006272
50000000 0.03134367037705
55000000 0.0299161727445
60000000 0.02871957296
65000000 0.02745622014304
70000000 0.0261516555664
75000000 0.02442525030902
80000000 0.023809040428
90000000 0.02158621539824
100000000 0.01972824431808
110000000 0.018081985556837
120000000 0.016691537472038
130000000 0.015899040768429
140000000 0.014695655135954
150000000 0.01410437330676
160000000 0.013151279257753
180000000 0.01186587530234
200000000 0.0110272578712
#Header 
#Target 83 212 0
#Product 81 208 0
#Datapoints 43
1000000 0
4000000 0
5000000 8.643699806E-14
6000000 2.67200994258E-11
7000000 1.8974601728E-9
8000000 4.74328036E-8
9000000 5.5055323995E-7
10000000 3.6272305062E-6
11000000 1.56287994391E-5
12000000 4.7984979168E-5
13000000 0.000111221981974
14000000 0.000208093016798
15000000 0.000324642963606
16000000 0.000450734011086
17000000 0.0005768659629
18000000 0.00070202801908
19000000 0.00081744796728
20000000 0.00089928002918
22000000 0.001084859952
24000000 0.00122327997946
26000000 0.00129035004912
28000000 0.0013198899976
30000000 0.00135685002453
35000000 0.001317549915
40000000 0.0011594490217716
45000000 0.0011262777659904
50000000 0.0009946495997537
55000000 0.000881824532736
60000000 0.000844593060402
65000000 0.0007247722463296
70000000 0.0006949706285018
75000000 0.0006847040904352
80000000 0.0006385860904643
90000000 0.0006417339854222
100000000 0.000666785591424
110000000 0.0006529239271277
120000000 0.0006942681761158
130000000 0.0006988798317942
140000000 0.0007173264524166
150000000 0.000724574804404
160000000 0.0007293997919741
180000000 0.0007361129784604
200000000 0.00073867918446
#Header 
#Target 83 212 0
#Product 82 191 0
#Datapoints 8
1000000 0
120000000 0
130000000 7.436795249016E-9
140000000 3.788864854554E-5
150000000 0.000745551018388
160000000 0.002018237286819
180000000 0.003093695023216
200000000 0.0025965123032
#Header 
#Target 83 212 0
#Product 82 192 0
#Datapoints 9
1000000 0
110000000 0
120000000 1.886767294412E-9
130000000 5.926314675756E-5
140000000 0.003763038737614
150000000 0.00910277074058
160000000 0.008362571546316
180000000 0.008011856131068
200000000 0.006368126745
#Header 
#Target 83 212 0
#Product 82 193 0
#Datapoints 10
1000000 0
100000000 0
110000000 2.9166598092E-12
120000000 1.3592825972154E-6
130000000 0.0003843934944063
140000000 0.002175609079514
150000000 0.00274677376578
160000000 0.002414499161295
180000000 0.0022607596923
200000000 0.00141434012048
#Header 
#Target 83 212 0
#Product 82 194 0
#Datapoints 11
1000000 0
90000000 0
100000000 6.0915814272E-14
110000000 2.786014439999E-6
120000000 0.001112279358333
130000000 0.006180558680793
140000000 0.00744654243294
150000000 0.00556110210392
160000000 0.004896615696284
180000000 0.003489796770564
200000000 0.0029859663124
#Header 
#Target 83 212 0
#Product 82 195 0
#Datapoints 11
1000000 0
90000000 0
100000000 1.749360307584E-9
110000000 5.970019576293E-5
120000000 0.000778504585001
130000000 0.0014988354906336
140000000 0.0012061033365446
150000000 0.000845320974102
160000000 0.0007298823195456
180000000 0.0005698344946608
200000000 0.00058658069782
#Header 
#Target 83 212 0
#Product 82 196 0
#Datapoints 12
1000000 0
80000000 0
90000000 5.745530631284E-8
100000000 0.0013097108486016
110000000 0.009969109507045
120000000 0.011844241083818
130000000 0.007694036312058
140000000 0.004735562828932
150000000 0.00382374082816
160000000 0.003438025707493
180000000 0.002767388622844
200000000 0.0026767289972
#Header 
#Target 83 212 0
#Product 82 197 0
#Datapoints 13
1000000 0
75000000 0
80000000 3.25112888101E-13
90000000 3.246361843151E-6
100000000 0.0002910535451904
110000000 0.0017067438437976
120000000 0.00210062172749
130000000 0.0012456114018498
140000000 0.0008864925787744
150000000 0.00082287279206
160000000 0.0007721355035342
180000000 0.0007577819345772
200000000 0.00077436428036
#Header 
#Target 83 212 0
#Product 82 198 0
#Datapoints 15
1000000 0
65000000 0
70000000 3.72514781443E-15
75000000 1.4532188551067E-6
80000000 9.99991726794E-5
90000000 0.002202787573593
100000000 0.004789846022976
110000000 0.005114492554239
120000000 0.002901050288422
130000000 0.00195556660029
140000000 0.001802968393746
150000000 0.001700355616916
160000000 0.0016106847964506
180000000 0.001779187720532
200000000 0.0021005849906
#Header 
#Target 83 212 0
#Product 82 199 0
#Datapoints 16
1000000 0
60000000 0
65000000 2.596205149728E-9
70000000 2.857488554473E-5
75000000 0.001006394617514
80000000 0.007335764633285
90000000 0.02244034254366
100000000 0.016236110083008
110000000 0.006743366355087
120000000 0.003678267199464
130000000 0.002585429043846
140000000 0.002270695817832
150000000 0.00181559917066
160000000 0.001841660423954
180000000 0.001858752823848
200000000 0.0020074231934
#Header 
#Target 83 212 0
#Product 82 200 0
#Datapoints 17
1000000 0
55000000 0
60000000 6.18081829612E-6
65000000 0.0003151454733808
70000000 0.001910742218077
75000000 0.004443943272263
80000000 0.009578936705182
90000000 0.007240953465733
100000000 0.003553362675648
110000000 0.002065264532433
120000000 0.0017802147416482
130000000 0.00193105854798
140000000 0.002021706025612
150000000 0.00228409864166
160000000 0.002720287557182
180000000 0.003348799024016
200000000 0.0036752368192
#Header 
#Target 83 212 0
#Product 82 201 0
#Datapoints 19
1000000 0
45000000 0
50000000 9.464039269005E-6
55000000 0.0019749456501495
60000000 0.0161351128042
65000000 0.03375541079456
70000000 0.03301088172032
75000000 0.02126094725898
80000000 0.012193610801797
90000000 0.006276723040102
100000000 0.004278476230272
110000000 0.003542864548477
120000000 0.00316699825585
130000000 0.002991644969961
140000000 0.002987854011922
150000000 0.00311625933982
160000000 0.003134744337855
180000000 0.003233325523084
200000000 0.003649177897
#Header 
#Target 83 212 0
#Product 82 202 0
#Datapoints 21
1000000 0
35000000 0
40000000 1.158018958803E-8
45000000 0.0002583325146728
50000000 0.002542638929135
55000000 0.004768714496455
60000000 0.005278817977576
65000000 0.00351869909864
70000000 0.0022323540295
75000000 0.0016368825462363
80000000 0.0012497595071081
90000000 0.0010247757215159
100000000 0.0010568114140224
110000000 0.0015028648522868
120000000 0.00242227020607
130000000 0.003283261463442
140000000 0.00373599450991
150000000 0.0045281352699
160000000 0.004963165687233
180000000 0.00574716084516
200000000 0.0066209499276
#Header 
#Target 83 212 0
#Product 82 203 0
#Datapoints 22
1000000 0
30000000 0
35000000 0.0003579660685
40000000 0.02777067202098
45000000 0.09480360392824
50000000 0.11070652577178
55000000 0.06907769083985
60000000 0.03737115915936
65000000 0.02352319285968
70000000 0.017204170728017
75000000 0.01346812602916
80000000 0.010977569474905
90000000 0.00807039791436
100000000 0.007092138053568
110000000 0.006663635605938
120000000 0.007367452160926
130000000 0.007698763781535
140000000 0.007946641963858
150000000 0.008433882688
160000000 0.008756973881266
180000000 0.009344719153104
200000000 0.009667653928
#Header 
#Target 83 212 0
#Product 82 204 0
#Datapoints 26
1000000 0
22000000 0
24000000 9.168834773E-10
26000000 5.388959485E-5
28000000 0.00101400006164
30000000 0.0044920193469
35000000 0.016821799405
40000000 0.017131283359512
45000000 0.008605391536368
50000000 0.004989478740558
55000000 0.003694022113355
60000000 0.003472690117104
65000000 0.002681553414176
70000000 0.002342200927094
75000000 0.00240952629808
80000000 0.002636023243762
90000000 0.004030469762704
100000000 0.006521899955904
110000000 0.009096007885712
120000000 0.011265244028038
130000000 0.013176683751546
140000000 0.014434800511144
150000000 0.01541380746906
160000000 0.016698202705002
180000000 0.01786730076268
200000000 0.01919457502
#Header 
#Target 83 212 0
#Product 82 205 0
#Datapoints 31
1000000 0
16000000 0
17000000 5.0671304844E-7
18000000 6.8933498534E-5
19000000 0.00061925203872
20000000 0.0022910602754
22000000 0.0086879100048
24000000 0.0148835000314
26000000 0.018464999328
28000000 0.019318307928
30000000 0.0170720992335
35000000 0.00805309054
40000000 0.005038515613908
45000000 0.006378246918656
50000000 0.007964825625105
55000000 0.00844919753454
60000000 0.008045675214564
65000000 0.007704696079344
70000000 0.008191355656694
75000000 0.009401219265031
80000000 0.011345250345105
90000000 0.01649558377537
100000000 0.02151407383488
110000000 0.02553632657617
120000000 0.0285659713911
130000000 0.03123024261297
140000000 0.03274742591562
150000000 0.0348057901796
160000000 0.03607519030323
180000000 0.0382193906436
200000000 0.038727144026
#Header 
#Target 83 212 0
#Product 82 206 0
#Datapoints 39
1000000 0
8000000 0
9000000 1.141097818E-14
10000000 1.08709003098E-7
11000000 3.7330996315E-5
12000000 0.00044420292376
13000000 0.0019865899257
14000000 0.0049819796845
15000000 0.0095121694668
16000000 0.0147742022456
17000000 0.020975594256
18000000 0.026959400652
19000000 0.032459202384
20000000 0.035917000704
22000000 0.032855492364
24000000 0.027354498381
26000000 0.02135460719
28000000 0.01773750262
30000000 0.0162952983753
35000000 0.016241501135
40000000 0.017296482531048
45000000 0.016018068735136
50000000 0.013815940024319
55000000 0.01195781330492
60000000 0.011552265125596
65000000 0.01336876460328
70000000 0.014688331170884
75000000 0.016910305588319
80000000 0.019770541207164
90000000 0.02521327542949
100000000 0.03016909446528
110000000 0.03348814602013
120000000 0.03620248316542
130000000 0.03816886266435
140000000 0.0397960762628
150000000 0.040604744763
160000000 0.04158812514636
180000000 0.0424953248334
200000000 0.04329000319
#Header 
#Target 83 212 0
#Product 82 207 0
#Datapoints 45
1000000 0
2000000 0
3000000 2.696710522E-18
4000000 1.92622009632E-15
5000000 6.615650387E-8
6000000 3.55101022386E-6
7000000 8.1997486572E-5
8000000 0.00070017311
9000000 0.00271599009759
10000000 0.0066921701274
11000000 0.0115967992976
12000000 0.01514040178
13000000 0.0163060994964
14000000 0.0159801985668
15000000 0.0154630963782
16000000 0.0151635984636
17000000 0.015477402204
18000000 0.016169196442
19000000 0.016922897376
20000000 0.016601003952
22000000 0.0174822954
24000000 0.018266295411
26000000 0.019113405872
28000000 0.019568493876
30000000 0.019609392798
35000000 0.018192
40000000 0.015450085411194
45000000 0.013166574714568
50000000 0.011854246893593
55000000 0.011589915366715
60000000 0.011754962358048
65000000 0.012391982909584
70000000 0.013323467268174
75000000 0.014346596462363
80000000 0.015349156690176
90000000 0.016934641482323
100000000 0.018000127160832
110000000 0.018812603534646
120000000 0.01920745872474
130000000 0.01940823274581
140000000 0.0195407376892
150000000 0.0194868121426
160000000 0.01944811939577
180000000 0.01917497702404
200000000 0.018971529324
#Header 
#Target 83 212 0
#Product 82 208 0
#Datapoints 45
1000000 0
2000000 2.973896004046E-14
3000000 4.4743207432E-10
4000000 1.11039961136E-7
5000000 4.173601486E-6
6000000 6.5762780688E-5
7000000 0.00037492502086
8000000 0.000891854964
9000000 0.00185218974136
10000000 0.0034054199208
11000000 0.0055581190502
12000000 0.008193789936
13000000 0.0111801025894
14000000 0.0144398029359
15000000 0.0182371986504
16000000 0.0249880995862
17000000 0.048237704934
18000000 0.059414200727
19000000 0.055485696336
20000000 0.031123900626
22000000 0.028264698068
24000000 0.025240596878
26000000 0.022520004278
28000000 0.019627905104
30000000 0.0170692003119
35000000 0.012743600225
40000000 0.011247988147788
45000000 0.011726777060864
50000000 0.01285584393406
55000000 0.0151942899598
60000000 0.018263986123552
65000000 0.02158372981248
70000000 0.02471127268575
75000000 0.02751133354134
80000000 0.0299902490376
90000000 0.03354551019275
100000000 0.03553233379584
110000000 0.03679322019714
120000000 0.03703080294914
130000000 0.03719381979339
140000000 0.03683362727018
150000000 0.036401721895
160000000 0.0360320186408
180000000 0.034900269526
200000000 0.033804136276
#Header 
#Target 83 212 0
#Product 82 209 0
#Datapoints 45
1000000 0
2000000 0
3000000 9.2126792186E-10
4000000 3.56607974736E-7
5000000 1.82543011595E-5
6000000 0.000314807982786
7000000 0.00145099975924
8000000 0.00243380046
9000000 0.00365342993974
10000000 0.0049238198658
11000000 0.0061072503075
12000000 0.0070719192072
13000000 0.0077547025284
14000000 0.0082571586278
15000000 0.0090627731952
16000000 0.0119671045658
17000000 0.025510900314
18000000 0.027990102823
19000000 0.021988898232
20000000 0.0080873802724
22000000 0.0056035700216
24000000 0.004169709586
26000000 0.0034583500268
28000000 0.0032358497748
30000000 0.0034374300369
35000000 0.004814431315
40000000 0.006368464321716
45000000 0.008670172929056
50000000 0.0117441470492
55000000 0.01514398844861
60000000 0.018114987909252
65000000 0.0210738378944
70000000 0.02362820909225
75000000 0.02566469468541
80000000 0.02734068134477
90000000 0.02943988479537
100000000 0.03030035891712
110000000 0.03069363886389
120000000 0.03025806621838
130000000 0.02991813611757
140000000 0.02912535367872
150000000 0.0286060905526
160000000 0.02786548208015
180000000 0.02649319083912
200000000 0.02508676131
#Header 
#Target 83 212 0
#Product 82 210 0
#Datapoints 39
1000000 0
8000000 0
9000000 1.1836694184E-15
10000000 7.352027172E-14
11000000 2.1583994887E-12
12000000 3.6288864152E-11
13000000 3.986706784E-10
14000000 3.14412973005E-9
15000000 1.9070898741E-8
16000000 9.3774096606E-8
17000000 3.8857596348E-7
18000000 1.3960495336E-6
19000000 4.4333697744E-6
20000000 1.2579499335E-5
22000000 6.8566303536E-5
24000000 0.00023782296706
26000000 0.0005427020844
28000000 0.00087284701292
30000000 0.0011841100008
35000000 0.00236958001
40000000 0.004680745664616
45000000 0.007625265503696
50000000 0.010557953831302
55000000 0.01316110427625
60000000 0.015554417851336
65000000 0.017351794997664
70000000 0.01875813162468
75000000 0.020145694032167
80000000 0.0208647867422
90000000 0.02198107559592
100000000 0.02230204650432
110000000 0.02199319870234
120000000 0.0217742593926
130000000 0.02091944654427
140000000 0.02045403159644
150000000 0.019621125436
160000000 0.01894920176526
180000000 0.01774871374684
200000000 0.0166664403334
#Header 
#Target 83 212 0
#Product 82 211 0
#Datapoints 35
1000000 0
12000000 0
13000000 8.949781306E-15
14000000 1.2953780054E-13
15000000 1.1942227932E-12
16000000 7.7466694598E-12
17000000 3.792576918E-11
18000000 1.483597655E-10
19000000 4.771836552E-10
20000000 1.357980286E-7
22000000 2.1892799688E-6
24000000 1.7391305988E-5
26000000 8.0210494815E-5
28000000 0.0002496489652
30000000 0.00057386799759
35000000 0.002038210835
40000000 0.003968926255056
45000000 0.00590529913092
50000000 0.007549767028841
55000000 0.00896896473228
60000000 0.01006058367262
65000000 0.010961206342832
70000000 0.011647408526929
75000000 0.012138174771646
80000000 0.012502494809613
90000000 0.012836220040921
100000000 0.012861048609408
110000000 0.012604352185395
120000000 0.01223790247251
130000000 0.011866580794005
140000000 0.011420092036548
150000000 0.01098373678468
160000000 0.01064327031092
180000000 0.009814420308444
200000000 0.0091327413362
#Header 
#Target 83 212 0
#Product 83 192 0
#Datapoints 6
1000000 0
140000000 0
150000000 1.544418721956E-6
160000000 0.0003280425321992
180000000 0.0013648019044808
200000000 0.00144614287836
#Header 
#Target 83 212 0
#Product 83 193 0
#Datapoints 7
1000000 0
130000000 0
140000000 1.7283001919274E-6
150000000 0.000675570170154
160000000 0.003017402806665
180000000 0.006809542667976
200000000 0.0039184312718
#Header 
#Target 83 212 0
#Product 83 194 0
#Datapoints 8
1000000 0
120000000 0
130000000 1.243062344442E-7
140000000 0.00013844132456908
150000000 0.000960011179204
160000000 0.002626897741936
180000000 0.002240167918884
200000000 0.0022691065118
#Header 
#Target 83 212 0
#Product 83 195 0
#Datapoints 9
1000000 0
110000000 0
120000000 3.639352072356E-8
130000000 0.0002249263620276
140000000 0.003132032059858
150000000 0.01176931698316
160000000 0.014562512738046
180000000 0.007874463415956
200000000 0.0123471096452
#Header 
#Target 83 212 0
#Product 83 196 0
#Datapoints 10
1000000 0
100000000 0
110000000 1.695515953854E-10
120000000 3.142885327296E-5
130000000 0.0006346991635878
140000000 0.00286931050861
150000000 0.00397236338554
160000000 0.003765089423251
180000000 0.005041336188184
200000000 0.0063174966672
#Header 
#Target 83 212 0
#Product 83 197 0
#Datapoints 11
1000000 0
90000000 0
100000000 3.4761343296E-11
110000000 2.315012527124E-5
120000000 0.001249810944382
130000000 0.008512443949668
140000000 0.016585693147322
150000000 0.017671914249
160000000 0.016911940365814
180000000 0.01943994596924
200000000 0.0168302480374
#Header 
#Target 83 212 0
#Product 83 198 0
#Datapoints 11
1000000 0
90000000 0
100000000 1.1835711523968E-6
110000000 0.0001277141223039
120000000 0.001284079086147
130000000 0.003603125457753
140000000 0.00459071427789
150000000 0.00471807964122
160000000 0.005277479030928
180000000 0.006070750059092
200000000 0.0046013008034
#Header 
#Target 83 212 0
#Product 83 199 0
#Datapoints 12
1000000 0
80000000 0
90000000 3.186105925181E-7
100000000 0.0001712296722432
110000000 0.003387584050568
120000000 0.013555540222796
130000000 0.01960655183178
140000000 0.02044092877294
150000000 0.0229764060504
160000000 0.02648462401923
180000000 0.02495780743132
200000000 0.025304796658
#Header 
#Target 83 212 0
#Product 83 200 0
#Datapoints 14
1000000 0
70000000 0
75000000 2.76113125431E-14
80000000 1.2131912989472E-8
90000000 4.654741138507E-5
100000000 0.001943700010944
110000000 0.011764662573061
120000000 0.02124613616554
130000000 0.02348787942798
140000000 0.025543276681
150000000 0.0274240729004
160000000 0.02522895848655
180000000 0.02260010302664
200000000 0.02210236627
#Header 
#Target 83 212 0
#Product 83 201 0
#Datapoints 15
1000000 0
65000000 0
70000000 2.99451291048E-10
75000000 2.30153926948E-7
80000000 1.2431799441424E-5
90000000 0.0010700913980685
100000000 0.010200872792832
110000000 0.02326998566753
120000000 0.0290233144487
130000000 0.03282550234998
140000000 0.03392875840952
150000000 0.0315563256712
160000000 0.03170049124814
180000000 0.031941218879
200000000 0.028986277666
#Header 
#Target 83 212 0
#Product 83 202 0
#Datapoints 17
1000000 0
55000000 0
60000000 1.027066241136E-13
65000000 5.65752061952E-9
70000000 2.094797821004E-6
75000000 7.43409802751E-5
80000000 0.0006809060784322
90000000 0.009745654073694
100000000 0.02959256910528
110000000 0.04182125678638
120000000 0.04912745233682
130000000 0.0496736243181
140000000 0.04767965659626
150000000 0.0475740468918
160000000 0.04640809041167
180000000 0.04220879146588
200000000 0.041593693636
#Header 
#Target 83 212 0
#Product 83 203 0
#Datapoints 18
1000000 0
50000000 0
55000000 2.18906400685E-11
60000000 2.070765558732E-7
65000000 2.456036123856E-5
70000000 0.0003609560577903
75000000 0.00211468530988
80000000 0.007770544255092
90000000 0.03143291370865
100000000 0.0517209343296
110000000 0.06037893106849
120000000 0.05984328322258
130000000 0.0584594952771
140000000 0.05988310229122
150000000 0.0592385327688
160000000 0.05730176342176
180000000 0.05298077423616
200000000 0.052894124542
#Header 
#Target 83 212 0
#Product 83 204 0
#Datapoints 19
1000000 0
45000000 0
50000000 3.927113328254E-9
55000000 6.13146500197E-6
60000000 0.0002288664003548
65000000 0.0016665507372768
70000000 0.006778129856967
75000000 0.018935735776826
80000000 0.03632624848683
90000000 0.06383753524235
100000000 0.07647740608704
110000000 0.076633361004
120000000 0.07414435966652
130000000 0.07449648686772
140000000 0.07169957190786
150000000 0.0704832873734
160000000 0.06747210378454
180000000 0.06730417160428
200000000 0.063548817026
#Header 
#Target 83 212 0
#Product 83 205 0
#Datapoints 21
1000000 0
35000000 0
40000000 4.2656549607E-11
45000000 1.20651759276E-6
50000000 0.00013235542444298
55000000 0.00126212074233
60000000 0.005565694829396
65000000 0.017425095035984
70000000 0.03851924330716
75000000 0.05983500587856
80000000 0.07513137573907
90000000 0.09222301032591
100000000 0.09587689104
110000000 0.09423537264169
120000000 0.09190731449614
130000000 0.08988525238965
140000000 0.08982910839682
150000000 0.0874817436702
160000000 0.08715104249358
180000000 0.08317721328228
200000000 0.081610934104
#Header 
#Target 83 212 0
#Product 83 206 0
#Datapoints 22
1000000 0
30000000 0
35000000 3.66854945E-8
40000000 5.978073093132E-5
45000000 0.0010728479603184
50000000 0.005178888193612
55000000 0.017673970978405
60000000 0.04270479119868
65000000 0.07407490101008
70000000 0.0961032994635
75000000 0.10997413148227
80000000 0.11787730415235
90000000 0.11932900617187
100000000 0.11821313345856
110000000 0.11447342261707
120000000 0.11252747166232
130000000 0.11028663866886
140000000 0.10590556798978
150000000 0.102649117384
160000000 0.10139650903525
180000000 0.09869129213256
200000000 0.094195155912
#Header 
#Target 83 212 0
#Product 83 207 0
#Datapoints 26
1000000 0
22000000 0
24000000 2.324078526E-11
26000000 1.58599005352E-8
28000000 1.3848400402E-6
30000000 2.9896105965E-5
35000000 0.001077810054
40000000 0.004945664977344
45000000 0.016792666620896
50000000 0.04496059689857
55000000 0.0839096840316
60000000 0.1122456986066
65000000 0.13143569173008
70000000 0.1427944460754
75000000 0.14799980204163
80000000 0.15017572297991
90000000 0.14840133576928
100000000 0.1446959006496
110000000 0.14161463197056
120000000 0.13764366861674
130000000 0.13198872979161
140000000 0.12689780935702
150000000 0.1237601621432
160000000 0.11893826520576
180000000 0.11289411218904
200000000 0.107718596424
#Header 
#Target 83 212 0
#Product 83 208 0
#Datapoints 32
1000000 0
15000000 0
16000000 1.715546608E-12
17000000 1.927924374E-10
18000000 8.7758402424E-9
19000000 1.871259516E-7
20000000 2.083920449E-6
22000000 6.8999897972E-5
24000000 0.00056543397463
26000000 0.0019441305219
28000000 0.0040938196192
30000000 0.0068182298535
35000000 0.01871010058
40000000 0.05187995325198
45000000 0.10323978593376
50000000 0.14728934336212
55000000 0.1712607451079
60000000 0.18516385086888
65000000 0.19041966162336
70000000 0.19084521957508
75000000 0.19078931834545
80000000 0.1895158319127
90000000 0.18183626858204
100000000 0.17264243437056
110000000 0.16370711759197
120000000 0.1558002624893
130000000 0.14812736472558
140000000 0.14253602016784
150000000 0.1350446914696
160000000 0.13024772349108
180000000 0.11924220391044
200000000 0.111551086594
#Header 
#Target 83 212 0
#Product 83 209 0
#Datapoints 40
1000000 0
7000000 0
8000000 2.0432048E-12
9000000 5.9438496845E-10
10000000 3.1014600768E-8
11000000 7.1560206753E-7
12000000 8.5599797056E-6
13000000 5.4133394984E-5
14000000 0.0002527209987
15000000 0.000746505054408
16000000 0.0015880802627
17000000 0.0027461804268
18000000 0.0041616804319
19000000 0.0057504497904
20000000 0.0074139992836
22000000 0.0112905989196
24000000 0.015868605998
26000000 0.02254310064
28000000 0.03380709892
30000000 0.050966292357
35000000 0.1130749911
40000000 0.16798583357976
45000000 0.20190159658008
50000000 0.2165650826972
55000000 0.224055445537
60000000 0.2257424267488
65000000 0.2233800986
70000000 0.2207354924768
75000000 0.2168502890257
80000000 0.2112757631944
90000000 0.1980767237253
100000000 0.18552738538368
110000000 0.17404354702218
120000000 0.16213105610988
130000000 0.15441249781746
140000000 0.14571322895584
150000000 0.1388321942964
160000000 0.13155375890371
180000000 0.12105453265208
200000000 0.11145519126
#Header 
#Target 83 212 0
#Product 83 210 0
#Datapoints 44
1000000 0
3000000 0
4000000 2.84402959984E-15
5000000 1.51799017345E-11
6000000 7.1013783852E-9
7000000 3.82549004972E-7
8000000 4.22011954E-6
9000000 2.81339036258E-5
10000000 0.000122789005668
11000000 0.00036127706265
12000000 0.00076905503848
13000000 0.00130018002142
14000000 0.0018485101436
15000000 0.00233836017552
16000000 0.00280367984342
17000000 0.003357269847
18000000 0.0041083893813
19000000 0.0051651602016
20000000 0.006690959821
22000000 0.0109453006556
24000000 0.017078191774
26000000 0.02388830767
28000000 0.030840003032
30000000 0.036761008101
35000000 0.0474985919
40000000 0.05351545106208
45000000 0.05599078913448
50000000 0.05671294676768
55000000 0.05806928307565
60000000 0.05749732568528
65000000 0.0563381162936
70000000 0.05455233394912
75000000 0.05361250613411
80000000 0.05283965041359
90000000 0.04932036394309
100000000 0.04590436756032
110000000 0.04288249584751
120000000 0.0406552094377
130000000 0.03782882947785
140000000 0.03602989104026
150000000 0.0340402918438
160000000 0.03273130069677
180000000 0.02998074290216
200000000 0.027390447744
#Header 
#Target 83 212 0
#Product 83 211 0
#Datapoints 43
1000000 0
4000000 0
5000000 1.702169824E-13
6000000 1.77053024016E-10
7000000 3.78917996228E-8
8000000 1.018649996E-6
9000000 1.29683983198E-5
10000000 9.6425694504E-5
11000000 0.00046063107964
12000000 0.00149385010584
13000000 0.00358618974028
14000000 0.0069773302759
15000000 0.0117351985626
16000000 0.01767080224
17000000 0.024514304004
18000000 0.031978700462
19000000 0.039660500544
20000000 0.04914130429
22000000 0.062946605344
24000000 0.075402401088
26000000 0.085348811134
28000000 0.092846796584
30000000 0.098469794442
35000000 0.10730799445
40000000 0.11061788313366
45000000 0.11000277511336
50000000 0.11001051343403
55000000 0.1069542104057
60000000 0.1049427802618
65000000 0.10047624022128
70000000 0.09803944629836
75000000 0.09301683131422
80000000 0.09061001864541
90000000 0.08343322009544
100000000 0.0772470650304
110000000 0.07200912152981
120000000 0.06723568627776
130000000 0.06348360933939
140000000 0.05970770518492
150000000 0.0568261218382
160000000 0.05383478076717
180000000 0.04890056400464
200000000 0.045018164242
#Header 
#Target 83 212 0
#Product 83 212 0
#Datapoints 45
1000000 0
2000000 0
3000000 5.587750465E-19
4000000 2.12128006688E-14
5000000 4.937439688E-12
6000000 7.7450488434E-10
7000000 5.1009682852E-8
8000000 1.20380988E-6
9000000 1.31184026596E-5
10000000 8.1148198608E-5
11000000 0.00032794091941
12000000 0.000948976064
13000000 0.00209565009068
14000000 0.00372611004817
15000000 0.00559273016172
16000000 0.00746113028248
17000000 0.0091733100426
18000000 0.0106821998469
19000000 0.0120271993296
20000000 0.01318399719
22000000 0.014876800016
24000000 0.015936096883
26000000 0.0164079003271
28000000 0.016492500278
30000000 0.0162575004876
35000000 0.01539159932
40000000 0.0142566853506
45000000 0.012739873385232
50000000 0.011415649681692
55000000 0.010243425327625
60000000 0.00890338649538
65000000 0.008003310451648
70000000 0.006900908309715
75000000 0.006170874260309
80000000 0.005408888325895
90000000 0.004409944340585
100000000 0.003610903283712
110000000 0.003077460667387
120000000 0.002640873111448
130000000 0.002284126645473
140000000 0.002067540605858
150000000 0.00184044365032
160000000 0.0016465079256418
180000000 0.0013895090904036
200000000 0.00117056623988
#Header 
#Target 83 212 0
#Product 84 194 0
#Datapoints 6
1000000 0
140000000 0
150000000 9.3683745199E-5
160000000 0.00245951448483
180000000 0.0011731000744088
200000000 0.00109629345464
#Header 
#Target 83 212 0
#Product 84 195 0
#Datapoints 7
1000000 0
130000000 0
140000000 5.904287695696E-6
150000000 0.000267390162182
160000000 0.0003197517028875
180000000 0.00015239341879432
200000000 0.000165689549808
#Header 
#Target 83 212 0
#Product 84 196 0
#Datapoints 8
1000000 0
120000000 0
130000000 9.2540352492E-5
140000000 0.006175494454714
150000000 0.0113552905015
160000000 0.006355364469285
180000000 0.003842060089552
200000000 0.0026174177246
#Header 
#Target 83 212 0
#Product 84 197 0
#Datapoints 9
1000000 0
110000000 0
120000000 5.636820222176E-6
130000000 0.0006020680758996
140000000 0.0011560713345636
150000000 0.000761201630882
160000000 0.0005648917640574
180000000 0.0004047489768568
200000000 0.00043246051872
#Header 
#Target 83 212 0
#Product 84 198 0
#Datapoints 10
1000000 0
100000000 0
110000000 2.539185757315E-5
120000000 0.00934942539388
130000000 0.03452444013027
140000000 0.02528561191598
150000000 0.01328301548728
160000000 0.008996353427724
180000000 0.007121032614136
200000000 0.0057353385388
#Header 
#Target 83 212 0
#Product 84 199 0
#Datapoints 11
1000000 0
90000000 0
100000000 9.769290250368E-7
110000000 0.0006387994583011
120000000 0.002520485372548
130000000 0.0018133419917145
140000000 0.0011253487376638
150000000 0.00085975943009
160000000 0.0007781310188769
180000000 0.00071136200603
200000000 0.00054041085226
#Header 
#Target 83 212 0
#Product 84 200 0
#Datapoints 12
1000000 0
80000000 0
90000000 6.463154417513E-7
100000000 0.005314832428032
110000000 0.04848149379028
120000000 0.04956069922518
130000000 0.02414396933694
140000000 0.013584378469272
150000000 0.0108504245509
160000000 0.009720547038306
180000000 0.006664858547468
200000000 0.0052447743436
#Header 
#Target 83 212 0
#Product 84 201 0
#Datapoints 13
1000000 0
75000000 0
80000000 2.800214604659E-9
90000000 0.0004682069744855
100000000 0.00472510536096
110000000 0.004745405130683
120000000 0.002586612039154
130000000 0.00196858134759
140000000 0.001805786856263
150000000 0.001598392965906
160000000 0.0013966763203471
180000000 0.0011288012819768
200000000 0.0008301447914
#Header 
#Target 83 212 0
#Product 84 202 0
#Datapoints 14
1000000 0
70000000 0
75000000 2.144044030502E-5
80000000 0.002224352986136
90000000 0.07738628397229
100000000 0.1183631168928
110000000 0.05708795142836
120000000 0.02960201356112
130000000 0.02282036953653
140000000 0.01831102414908
150000000 0.01511060774476
160000000 0.012990799585244
180000000 0.00916244786374
200000000 0.0066960523174
#Header 
#Target 83 212 0
#Product 84 203 0
#Datapoints 16
1000000 0
60000000 0
65000000 1.1300001969536E-6
70000000 0.0003910232480602
75000000 0.005167577697623
80000000 0.016683192702436
90000000 0.019509705579476
100000000 0.00901758995136
110000000 0.006358953017101
120000000 0.005502587427766
130000000 0.004598379681351
140000000 0.003945565587184
150000000 0.00340598847754
160000000 0.002859453095902
180000000 0.002228549783488
200000000 0.0018207638716
#Header 
#Target 83 212 0
#Product 84 204 0
#Datapoints 18
1000000 0
50000000 0
55000000 7.379036689395E-8
60000000 0.00060138292032
65000000 0.02177641532784
70000000 0.11494312444559
75000000 0.2220211285787
80000000 0.222136182006
90000000 0.09501305801704
100000000 0.04625761598592
110000000 0.0342491562903
120000000 0.02665183427478
130000000 0.02104149187881
140000000 0.01699726277353
150000000 0.01386383170634
160000000 0.011662500862103
180000000 0.008981344791476
200000000 0.0072714873768
#Header 
#Target 83 212 0
#Product 84 205 0
#Datapoints 19
1000000 0
45000000 0
50000000 0.00012968243022737
55000000 0.01816076676358
60000000 0.13474143562932
65000000 0.2781951198448
70000000 0.278812969176
75000000 0.18397054415806
80000000 0.10688382656564
90000000 0.05319019847113
100000000 0.03808411705536
110000000 0.02853467407761
120000000 0.02212382143972
130000000 0.017663035787652
140000000 0.014700551073728
150000000 0.01239650314034
160000000 0.010709021088012
180000000 0.008292884167336
200000000 0.0067263359514
#Header 
#Target 83 212 0
#Product 84 206 0
#Datapoints 21
1000000 0
35000000 0
40000000 2.074637692008E-5
45000000 0.02026505670616
50000000 0.2173880239565
55000000 0.4545346495305
60000000 0.4275299317536
65000000 0.2585985580688
70000000 0.14368339369916
75000000 0.09474177242893
80000000 0.07291677010512
90000000 0.05081352250847
100000000 0.03768928161216
110000000 0.02879000494867
120000000 0.02290115566596
130000000 0.01892705370831
140000000 0.016057289710358
150000000 0.01393588480152
160000000 0.012278636524973
180000000 0.009925667459512
200000000 0.0082647803468
#Header 
#Target 83 212 0
#Product 84 207 0
#Datapoints 22
1000000 0
30000000 0
35000000 0.008825380735
40000000 0.17605281149442
45000000 0.3269743759144
50000000 0.2325499444485
55000000 0.1077222063253
60000000 0.06096247794312
65000000 0.04630098244896
70000000 0.03887741844889
75000000 0.03367411686342
80000000 0.02952236811346
90000000 0.02308348545133
100000000 0.018471752887296
110000000 0.016075486149944
120000000 0.013045317805234
130000000 0.011318931225999
140000000 0.010493912180128
150000000 0.0090363653347
160000000 0.008210145761792
180000000 0.006902286990872
200000000 0.0059131803298
#Header 
#Target 83 212 0
#Product 84 208 0
#Datapoints 27
1000000 0
20000000 0
22000000 3.0621395552E-9
24000000 0.00042519304149
26000000 0.017301097097
28000000 0.12267500736
30000000 0.34808499141
35000000 0.8211370415
40000000 0.6798653747508
45000000 0.320836319772
50000000 0.17684723325208
55000000 0.1292630766644
60000000 0.10337079509744
65000000 0.08702946043248
70000000 0.07443854304271
75000000 0.06419895583827
80000000 0.056457257283
90000000 0.04539322432558
100000000 0.03756641175552
110000000 0.03198330793268
120000000 0.02771327611624
130000000 0.0243848704764
140000000 0.02172630672186
150000000 0.0196570993432
160000000 0.01771504267169
180000000 0.014926031245288
200000000 0.0128625040344
#Header 
#Target 83 212 0
#Product 84 209 0
#Datapoints 33
1000000 0
14000000 0
15000000 4.8753203823E-8
16000000 0.00031572695341
17000000 0.0058683598122
18000000 0.034417998995
19000000 0.11235399924
20000000 0.2562869504
22000000 0.60807102288
24000000 0.87145302489
26000000 0.99607003605
28000000 0.96175712512
30000000 0.77385806199
35000000 0.3231390005
40000000 0.18893080736628
45000000 0.14553671600656
50000000 0.11926147371652
55000000 0.10109026041695
60000000 0.08748088901968
65000000 0.0764049627512
70000000 0.067822399967
75000000 0.06058687062076
80000000 0.05417268402435
90000000 0.04424623728763
100000000 0.03701159655552
110000000 0.03145894948335
120000000 0.02734470155846
130000000 0.02410688647245
140000000 0.02155521095624
150000000 0.0194852240088
160000000 0.01775181003765
180000000 0.015016947957432
200000000 0.0129352205442
#Header 
#Target 83 212 0
#Product 84 210 0
#Datapoints 40
1000000 0
7000000 0
8000000 3.12118898E-5
9000000 0.00184927017184
10000000 0.01857820527
11000000 0.07916180818
12000000 0.19910099516
13000000 0.354960975418
14000000 0.507982000975
15000000 0.636369961176
16000000 0.734264964468
17000000 0.7804380069
18000000 0.81339294489
19000000 0.81111299808
20000000 0.76173098716
22000000 0.50956900936
24000000 0.31500193949
26000000 0.22315192442
28000000 0.18378502248
30000000 0.163180989621
35000000 0.1348619956
40000000 0.11516988568974
45000000 0.09985650409
50000000 0.08744901525
55000000 0.0776827378999
60000000 0.06846561038824
65000000 0.05950425563584
70000000 0.0526152905047
75000000 0.04689955519029
80000000 0.04193777227595
90000000 0.03407937408497
100000000 0.02831068547136
110000000 0.02416936488578
120000000 0.02108020033548
130000000 0.01864019767944
140000000 0.016667348136088
150000000 0.01500038055252
160000000 0.013761218807895
180000000 0.011620802392372
200000000 0.0100080559486
#Header 
#Target 83 212 0
#Product 84 211 0
#Datapoints 45
1000000 0
2000000 0
3000000 7.2130799752E-11
4000000 1.4638303264E-7
5000000 1.0521101346E-5
6000000 0.000150523991046
7000000 0.00208191992088
8000000 0.01348200126
9000000 0.0423358964392
10000000 0.085187700306
11000000 0.118466013801
12000000 0.12277901876
13000000 0.104907009582
14000000 0.083158798357
15000000 0.067351699407
16000000 0.0587378007934
17000000 0.054654102774
18000000 0.053176701198
19000000 0.052557997464
20000000 0.052755592682
22000000 0.05132559848
24000000 0.049186906531
26000000 0.046876399313
28000000 0.044505100152
30000000 0.042282796518
35000000 0.0369839949
40000000 0.03249626455488
45000000 0.0285225537056
50000000 0.02483339291636
55000000 0.02194294919705
60000000 0.019203675738416
65000000 0.016767705113232
70000000 0.0147710311763
75000000 0.012975945823995
80000000 0.011559940688769
90000000 0.009353140768281
100000000 0.007738645390656
110000000 0.006615867629133
120000000 0.005680675622622
130000000 0.005001926667738
140000000 0.00447060205033
150000000 0.00400773951204
160000000 0.003643790636694
180000000 0.003059877301536
200000000 0.0026369444482
#Header 
#Target 83 212 0
#Product 84 212 0
#Datapoints 46
1000000 0
1000000 0
2000000 5.31950320682E-14
3000000 5.6628888943E-10
4000000 1.0575696664E-7
5000000 2.3646598624E-6
6000000 1.85784017166E-5
7000000 0.000112264999892
8000000 0.000400684102
9000000 0.00101550014111
10000000 0.0020677105332
11000000 0.0035807908346
12000000 0.0053245298128
13000000 0.007022551336
14000000 0.0083822908066
15000000 0.0094083410148
16000000 0.0100527987758
17000000 0.010439196876
18000000 0.0106255003701
19000000 0.0106406008296
20000000 0.0104714996724
22000000 0.010219000004
24000000 0.0099627403827
26000000 0.0094989587456
28000000 0.009008040874
30000000 0.008519649927
35000000 0.00753368999
40000000 0.00653242398711
45000000 0.005865187901368
50000000 0.004995159346765
55000000 0.004518576892515
60000000 0.003838284520512
65000000 0.003406380192208
70000000 0.002972116011221
75000000 0.002638046263996
80000000 0.002341327226777
90000000 0.0018981253506725
100000000 0.0015736388514816
110000000 0.0013270786976444
120000000 0.001169569211096
130000000 0.0010127475104196
140000000 0.0009040407836486
150000000 0.0008130174404
160000000 0.0007425827627959
180000000 0.0006194444347024
200000000 0.00050896665806
