#Header 
#Target 46 110 0
#Product 0 1 0
#Datapoints 45
1000000 0
2000000 1.1005284598E-6
3000000 0.00024650050084
4000000 0.005457452733
5000000 0.038970184617
6000000 0.12998561566
7000000 0.2556155117
8000000 0.38339702368
9000000 0.595063227658
10000000 0.978671117445
11000000 1.2904950646
12000000 1.523903916129
13000000 1.6981937056
14000000 1.824866972
15000000 1.917872055
16000000 1.990065973
17000000 2.04883638
18000000 2.094590502
19000000 2.204779086
20000000 2.407141204
22000000 2.82556237
24000000 3.0614436
26000000 3.16790635
28000000 3.282259714
30000000 3.465204282
35000000 3.770115052
40000000 3.858439856
45000000 4.00375976
50000000 4.068338254
55000000 4.10726752
60000000 4.147343028
65000000 4.172516312
70000000 4.196093619
75000000 4.220991
80000000 4.261360644
90000000 4.377545757
100000000 4.500428358
110000000 4.643474924
120000000 4.783170503
130000000 4.941068875
140000000 5.13712397
150000000 5.330343663
160000000 5.517495792
180000000 5.877282318
200000000 6.209701388
#Header 
#Target 46 110 0
#Product 1 1 0
#Datapoints 45
1000000 0
2000000 2.155250342E-14
3000000 2.0914442381E-9
4000000 1.8560789505E-6
5000000 0.00013139691561
6000000 0.001784524759
7000000 0.007319949578
8000000 0.016104411552
9000000 0.02804700879033
10000000 0.0427765506165
11000000 0.059060398409
12000000 0.07595360312932
13000000 0.092415144094
14000000 0.1072659685
15000000 0.1202613819
16000000 0.1322923602
17000000 0.1442821375
18000000 0.1567305531
19000000 0.1698005811
20000000 0.1840697456
22000000 0.2139566755
24000000 0.2466274428
26000000 0.281555519
28000000 0.3185343874
30000000 0.3574098853
35000000 0.4564164781
40000000 0.5505571691
45000000 0.6356427415
50000000 0.7114583748
55000000 0.7760699712
60000000 0.8339079708
65000000 0.881372288
70000000 0.9225013233
75000000 0.9548286804
80000000 0.9840687804
90000000 1.0330073689
100000000 1.0696736624
110000000 1.1040595973
120000000 1.1358686839
130000000 1.167134905
140000000 1.20305339
150000000 1.240934895
160000000 1.282460688
180000000 1.382770209
200000000 1.503671895
#Header 
#Target 46 110 0
#Product 1 2 0
#Datapoints 40
1000000 0
7000000 0
8000000 1.37787278E-17
9000000 6.02404216533E-12
10000000 7.66452062264E-9
11000000 4.4580909076E-7
12000000 8.888117118104E-6
13000000 6.7350238942E-5
14000000 0.0003174321294
15000000 0.001014546588
16000000 0.002376240396
17000000 0.00439410424
18000000 0.006905057382
19000000 0.009730021398
20000000 0.01273398802
22000000 0.01894067385
24000000 0.02503901187
26000000 0.0308298739
28000000 0.03611658194
30000000 0.04028792464
35000000 0.0516486234
40000000 0.06127564598
45000000 0.06957744275
50000000 0.07555058438
55000000 0.08397259456
60000000 0.08723619036
65000000 0.09371478328
70000000 0.09622801053
75000000 0.10139119272
80000000 0.10346880762
90000000 0.10202265736
100000000 0.1005491668
110000000 0.09678830502
120000000 0.09300714346
130000000 0.09045540335
140000000 0.0903366959
150000000 0.09096304506
160000000 0.09263376432
180000000 0.09931271298
200000000 0.1122280786
#Header 
#Target 46 110 0
#Product 1 3 0
#Datapoints 40
1000000 0
7000000 0
8000000 2.6254357928E-19
9000000 1.385300659173E-13
10000000 1.407938251537E-10
11000000 4.6599812882E-9
12000000 1.050505157968E-7
13000000 9.2367288552E-7
14000000 3.841017622E-6
15000000 1.258052004E-5
16000000 4.455340609E-5
17000000 0.000133538298
18000000 0.0003052296756
19000000 0.0005660342142
20000000 0.0009088003184
22000000 0.00178377037
24000000 0.0028132938
26000000 0.00390428276
28000000 0.004997497018
30000000 0.00601818836
35000000 0.008494199736
40000000 0.01055625725
45000000 0.012139786275
50000000 0.013487809354
55000000 0.01474996928
60000000 0.01604579526
65000000 0.01741128816
70000000 0.01889370456
75000000 0.02047077684
80000000 0.02218214799
90000000 0.02603291485
100000000 0.0304560614
110000000 0.03321816795
120000000 0.03604889626
130000000 0.03897853846
140000000 0.0419506846
150000000 0.04537893456
160000000 0.04887600912
180000000 0.05649238706
200000000 0.06703134526
#Header 
#Target 46 110 0
#Product 2 3 0
#Datapoints 33
1000000 0
14000000 0
15000000 1.0880096898E-18
16000000 4.565265435E-15
17000000 1.278222631E-12
18000000 8.351221338E-11
19000000 2.176404879E-9
20000000 3.014985896E-8
22000000 1.602040065E-6
24000000 2.628812547E-5
26000000 0.000160543159
28000000 0.0005261563838
30000000 0.0011432630288
35000000 0.003473572476
40000000 0.006173939507
45000000 0.00883073483
50000000 0.011284551038
55000000 0.013423558144
60000000 0.01506074976
65000000 0.01659333128
70000000 0.01789964064
75000000 0.01924572636
80000000 0.0205209126
90000000 0.02329354035
100000000 0.02637499592
110000000 0.0283127592
120000000 0.0302194362
130000000 0.03200729657
140000000 0.0335881249
150000000 0.03519861345
160000000 0.03682505592
180000000 0.04009849422
200000000 0.04326572877
#Header 
#Target 46 110 0
#Product 2 4 0
#Datapoints 45
1000000 0
2000000 3.53484082E-15
3000000 4.703004642E-12
4000000 9.95419593E-10
5000000 4.02582852E-8
6000000 4.712434056E-7
7000000 2.220441105E-6
8000000 6.449288104E-6
9000000 1.57502918401E-5
10000000 3.837215021969E-5
11000000 9.641090019E-5
12000000 0.0002286296671743
13000000 0.00047918137442
14000000 0.0008889973836
15000000 0.001513223349
16000000 0.002505606683
17000000 0.004451180512
18000000 0.009514316781
19000000 0.012381818469
20000000 0.01458717624
22000000 0.010745528315
24000000 0.011808528876
26000000 0.01332502962
28000000 0.01492446248
30000000 0.01649949161
35000000 0.02010461915
40000000 0.02313365427
45000000 0.0257722771
50000000 0.02790504714
55000000 0.02993166656
60000000 0.0320620041
65000000 0.03426125496
70000000 0.03650183244
75000000 0.03889541916
80000000 0.04151469159
90000000 0.04752707207
100000000 0.0529053661
110000000 0.0588757059
120000000 0.06502744965
130000000 0.06981887294
140000000 0.0762922545
150000000 0.08492642955
160000000 0.09577376496
180000000 0.1113882965
200000000 0.1184956245
#Header 
#Target 46 110 0
#Product 38 82 0
#Datapoints 7
1000000 0
130000000 0
140000000 1.35398032E-14
150000000 5.002207278E-11
160000000 2.1292198488E-8
180000000 6.5092104254E-6
200000000 0.0002075140155
#Header 
#Target 46 110 0
#Product 38 83 0
#Datapoints 7
1000000 0
130000000 0
140000000 1.37958612E-11
150000000 6.0464099262E-9
160000000 1.3943898576E-7
180000000 1.2297002967E-5
200000000 0.00027479895905
#Header 
#Target 46 110 0
#Product 38 84 0
#Datapoints 8
1000000 0
120000000 0
130000000 2.694162808E-12
140000000 1.430230087E-9
150000000 3.2557693236E-8
160000000 2.5633196496E-7
180000000 1.8719297885E-5
200000000 0.00019339401367
#Header 
#Target 46 110 0
#Product 39 83 0
#Datapoints 7
1000000 0
130000000 0
140000000 5.37647022E-13
150000000 1.1426993787E-9
160000000 4.1958996624E-8
180000000 4.9748297746E-6
200000000 0.00017915699087
#Header 
#Target 46 110 0
#Product 39 84 0
#Datapoints 8
1000000 0
120000000 0
130000000 3.358671046E-13
140000000 1.019289854E-9
150000000 3.168260334E-8
160000000 2.6399700792E-7
180000000 3.6370608036E-5
200000000 0.00049166598393
#Header 
#Target 46 110 0
#Product 39 85 0
#Datapoints 9
1000000 0
110000000 0
120000000 4.297773598E-14
130000000 5.644068774E-11
140000000 1.700560488E-9
150000000 1.3178100108E-8
160000000 1.8034095312E-7
180000000 9.841979708E-6
200000000 0.000102834000885
#Header 
#Target 46 110 0
#Product 39 86 0
#Datapoints 10
1000000 0
100000000 0
110000000 6.176650678E-15
120000000 3.450985868E-11
130000000 2.3579903969E-9
140000000 2.298400401E-8
150000000 1.8999102273E-7
160000000 1.7094694896E-6
180000000 5.0182099771E-5
200000000 0.00031477499262
#Header 
#Target 46 110 0
#Product 39 87 0
#Datapoints 11
1000000 0
90000000 0
100000000 3.025578484E-16
110000000 2.298647538E-12
120000000 1.396747649E-10
130000000 1.5820694805E-9
140000000 1.374920426E-8
150000000 1.08750001815E-7
160000000 6.2834999616E-7
180000000 1.01945996289E-5
200000000 3.7753893089E-5
#Header 
#Target 46 110 0
#Product 40 85 0
#Datapoints 7
1000000 0
130000000 0
140000000 1.08145983E-12
150000000 2.4722997501E-9
160000000 3.2450800608E-7
180000000 3.7647596254E-5
200000000 0.00054063698711
#Header 
#Target 46 110 0
#Product 40 86 0
#Datapoints 8
1000000 0
120000000 0
130000000 1.767102501E-12
140000000 8.742369625E-9
150000000 5.6655596226E-7
160000000 6.3398005344E-6
180000000 0.00025176200026
200000000 0.0018400802277
#Header 
#Target 46 110 0
#Product 40 87 0
#Datapoints 9
1000000 0
110000000 0
120000000 4.103732266E-13
130000000 6.3661197986E-9
140000000 4.207600573E-7
150000000 4.2559093782E-6
160000000 2.5604499816E-5
180000000 0.00060806000224
200000000 0.0026294897376
#Header 
#Target 46 110 0
#Product 40 88 0
#Datapoints 10
1000000 0
100000000 0
110000000 1.266729552E-13
120000000 2.4355404748E-9
130000000 2.1214400728E-7
140000000 2.54167023E-6
150000000 1.258159404E-5
160000000 6.600170304E-5
180000000 0.00089143294872
200000000 0.0028818903333
#Header 
#Target 46 110 0
#Product 40 89 0
#Datapoints 11
1000000 0
90000000 0
100000000 5.105785174E-15
110000000 3.572841712E-10
120000000 3.7911406518E-8
130000000 5.80209081E-7
140000000 3.300229592E-6
150000000 1.4723394198E-5
160000000 6.1445606616E-5
180000000 0.0004625110484
200000000 0.0010950298051
#Header 
#Target 46 110 0
#Product 40 90 0
#Datapoints 12
1000000 0
80000000 0
90000000 1.379860262E-15
100000000 5.96456319E-11
110000000 8.7881294831E-9
120000000 9.1869199788E-8
130000000 4.1573805004E-7
140000000 1.885479684E-6
150000000 6.8268599082E-6
160000000 1.990310292E-5
180000000 8.0531697265E-5
200000000 0.00014605295298
#Header 
#Target 46 110 0
#Product 41 87 0
#Datapoints 8
1000000 0
120000000 0
130000000 5.481369212E-11
140000000 8.01575973E-9
150000000 8.5760997756E-8
160000000 5.3722597464E-7
180000000 2.0990998724E-5
200000000 0.000101547002777
#Header 
#Target 46 110 0
#Product 41 88 0
#Datapoints 9
1000000 0
110000000 0
120000000 1.671075872E-10
130000000 3.2325598758E-8
140000000 4.945739876E-7
150000000 2.6090096622E-6
160000000 1.7900801712E-5
180000000 0.00037648996484
200000000 0.0014571298962
#Header 
#Target 46 110 0
#Product 41 89 0
#Datapoints 10
1000000 0
100000000 0
110000000 2.797469103E-10
120000000 5.1305002598E-8
130000000 8.3477997725E-7
140000000 4.281169662E-6
150000000 2.6919295425E-5
160000000 0.00015268098888
180000000 0.0015264801223
200000000 0.0038942496329
#Header 
#Target 46 110 0
#Product 41 90 0
#Datapoints 11
1000000 0
90000000 0
100000000 8.231169784E-11
110000000 3.0130394657E-8
120000000 5.8748103517E-7
130000000 2.8249100286E-6
140000000 1.84526045E-5
150000000 9.4436401347E-5
160000000 0.00033938896968
180000000 0.0019630502943
200000000 0.0038082503195
#Header 
#Target 46 110 0
#Product 41 91 0
#Datapoints 12
1000000 0
80000000 0
90000000 1.605779577E-10
100000000 5.0852802004E-8
110000000 7.4839904139E-7
120000000 2.8231498959E-6
130000000 1.2692397675E-5
140000000 5.643539847E-5
150000000 0.00018134695368
160000000 0.00052701799824
180000000 0.0018168695136
200000000 0.0031876903355
#Header 
#Target 46 110 0
#Product 41 92 0
#Datapoints 13
1000000 0
75000000 0
80000000 4.125037743E-13
90000000 2.4117098814E-9
100000000 1.7366093696E-7
110000000 1.2529596046E-6
120000000 3.3370094843E-6
130000000 1.04752998913E-5
140000000 3.520679668E-5
150000000 9.5524492446E-5
160000000 0.00021023496216
180000000 0.00048326396494
200000000 0.0006684170152
#Header 
#Target 46 110 0
#Product 41 93 0
#Datapoints 15
1000000 0
65000000 0
70000000 1.2180095388E-15
75000000 1.346652216E-12
80000000 1.795730031E-10
90000000 5.2165801053E-8
100000000 7.7103596932E-7
110000000 2.0914802755E-6
120000000 4.7419596188E-6
130000000 1.4801996464E-5
140000000 4.296430039E-5
150000000 9.0956894247E-5
160000000 0.00014852399112
180000000 0.00025331302426
200000000 0.00031646201851
#Header 
#Target 46 110 0
#Product 41 94 0
#Datapoints 16
1000000 0
60000000 0
65000000 1.0566196528E-15
70000000 1.0860797334E-12
75000000 1.3239392328E-10
80000000 4.5821797911E-9
90000000 2.2204800312E-7
100000000 9.5796793482E-7
110000000 1.6382097061E-6
120000000 4.8129296136E-6
130000000 1.3369602055E-5
140000000 2.852930256E-5
150000000 4.3943194152E-5
160000000 6.5515798296E-5
180000000 8.8064299176E-5
200000000 9.4693294927E-5
#Header 
#Target 46 110 0
#Product 42 89 0
#Datapoints 8
1000000 0
120000000 0
130000000 4.828324369E-11
140000000 5.938090389E-8
150000000 1.5404705577E-6
160000000 1.2655202832E-5
180000000 0.00019404699699
200000000 0.00059783698524
#Header 
#Target 46 110 0
#Product 42 90 0
#Datapoints 9
1000000 0
110000000 0
120000000 2.65133454E-10
130000000 2.0452897191E-7
140000000 5.980099763E-6
150000000 3.9571595907E-5
160000000 0.00015346598904
180000000 0.0011389395423
200000000 0.0024849302555
#Header 
#Target 46 110 0
#Product 42 91 0
#Datapoints 10
1000000 0
100000000 0
110000000 2.742660536E-10
120000000 2.0015098004E-7
130000000 7.2563198182E-6
140000000 4.763690569E-5
150000000 0.00016747100979
160000000 0.0006120170136
180000000 0.0028836993651
200000000 0.0059544698785
#Header 
#Target 46 110 0
#Product 42 92 0
#Datapoints 11
1000000 0
90000000 0
100000000 2.845304976E-10
110000000 4.5625497808E-7
120000000 1.4910697736E-5
130000000 8.2285505099E-5
140000000 0.000301777949
150000000 0.00096919298133
160000000 0.0024371104392
180000000 0.006688489412
200000000 0.010681096965
#Header 
#Target 46 110 0
#Product 42 93 0
#Datapoints 12
1000000 0
80000000 0
90000000 1.657226675E-12
100000000 2.5930795304E-8
110000000 2.8461895627E-6
120000000 2.930359963E-5
130000000 0.000106751005296
140000000 0.0003015829597
150000000 0.00067225204635
160000000 0.0012505704696
180000000 0.002681580473
200000000 0.0034829394226
#Header 
#Target 46 110 0
#Product 42 94 0
#Datapoints 13
1000000 0
75000000 0
80000000 1.737735012E-14
90000000 2.7266595003E-9
100000000 1.0245899079E-6
110000000 2.4382995747E-5
120000000 0.00012035905649
130000000 0.00028020500604
140000000 0.0005188360496
150000000 0.00087932804058
160000000 0.001445530536
180000000 0.0023203900674
200000000 0.0024065494618
#Header 
#Target 46 110 0
#Product 42 95 0
#Datapoints 14
1000000 0
70000000 0
75000000 3.667061484E-14
80000000 1.868024655E-11
90000000 7.1347698441E-8
100000000 7.0862201836E-6
110000000 7.706970194E-5
120000000 0.00020636103073
130000000 0.00032400404611
140000000 0.0004527619822
150000000 0.00068110999848
160000000 0.0009687850452
180000000 0.0011264904205
200000000 0.0011229404164
#Header 
#Target 46 110 0
#Product 42 96 0
#Datapoints 15
1000000 0
65000000 0
70000000 1.0106988063E-12
75000000 1.728660204E-10
80000000 9.2975496291E-9
90000000 2.5236294623E-6
100000000 4.9171696798E-5
110000000 0.0001611170253
120000000 0.0002538660455
130000000 0.00030644005119
140000000 0.0003803100312
150000000 0.00048378801039
160000000 0.00055979302176
180000000 0.0005777790591
200000000 0.00055607698971
#Header 
#Target 46 110 0
#Product 42 97 0
#Datapoints 17
1000000 0
55000000 0
60000000 4.675930362E-15
65000000 5.810068464E-12
70000000 8.098281261E-10
75000000 2.968349652E-8
80000000 6.6191604822E-7
90000000 2.8561806695E-5
100000000 0.000100985998518
110000000 0.00014657697373
120000000 0.00018141596298
130000000 0.00020350602232
140000000 0.000230935991
150000000 0.00025985398845
160000000 0.000274717008
180000000 0.00029357200638
200000000 0.00027594496116
#Header 
#Target 46 110 0
#Product 42 98 0
#Datapoints 18
1000000 0
50000000 0
55000000 1.655637632E-13
60000000 5.331360708E-11
65000000 3.1703201864E-9
70000000 1.08054004449E-7
75000000 1.6554401244E-6
80000000 1.00407007539E-5
90000000 5.3687400221E-5
100000000 7.3080190926E-5
110000000 7.987769592E-5
120000000 9.5429806561E-5
130000000 0.000104383992804
140000000 0.0001162269922
150000000 0.00011957894904
160000000 0.00012632498856
180000000 0.00013378400596
200000000 0.00013175599261
#Header 
#Target 46 110 0
#Product 43 91 0
#Datapoints 10
1000000 0
100000000 0
110000000 4.586974216E-13
120000000 4.6919497047E-9
130000000 2.6371004471E-7
140000000 1.833949711E-6
150000000 5.9277003516E-6
160000000 2.7660096432E-5
180000000 0.00016909005144
200000000 0.00041540002449
#Header 
#Target 46 110 0
#Product 43 92 0
#Datapoints 11
1000000 0
90000000 0
100000000 6.268459496E-13
110000000 2.8359299078E-8
120000000 1.842230097E-6
130000000 1.08265993754E-5
140000000 3.544269861E-5
150000000 0.00016365795225
160000000 0.0005237650836
180000000 0.0017630899106
200000000 0.0031792398781
#Header 
#Target 46 110 0
#Product 43 93 0
#Datapoints 12
1000000 0
80000000 0
90000000 3.026686171E-12
100000000 1.7418795464E-7
110000000 7.7045795948E-6
120000000 3.9815193421E-5
130000000 0.00011039099612
140000000 0.0004190699612
150000000 0.0012198502206
160000000 0.002784360096
180000000 0.0076153899712
200000000 0.010815602369
#Header 
#Target 46 110 0
#Product 43 94 0
#Datapoints 12
1000000 0
80000000 0
90000000 2.1238794374E-8
100000000 4.4988192564E-6
110000000 5.0304603701E-5
120000000 0.0001427890085
130000000 0.00037503700687
140000000 0.0010936800281
150000000 0.0026973703887
160000000 0.005401739664
180000000 0.010613000201
200000000 0.012175402954
#Header 
#Target 46 110 0
#Product 43 95 0
#Datapoints 14
1000000 0
70000000 0
75000000 6.918453324E-12
80000000 4.6321200189E-9
90000000 2.7083506093E-6
100000000 5.4495104352E-5
110000000 0.00017460002879
120000000 0.00035654401918
130000000 0.00091813706208
140000000 0.002333830444
150000000 0.0046464402354
160000000 0.0071314598664
180000000 0.0097634892768
200000000 0.010597099799
#Header 
#Target 46 110 0
#Product 43 96 0
#Datapoints 16
1000000 0
60000000 0
65000000 8.78859628E-16
70000000 8.220808563E-12
75000000 4.9444097436E-9
80000000 3.4931506041E-7
90000000 3.1842299393E-5
100000000 0.00017012595726
110000000 0.00027426293334
120000000 0.00059972898417
130000000 0.0014233596408
140000000 0.0026618702
150000000 0.0038335103886
160000000 0.0049092495552
180000000 0.0057030495449
200000000 0.0056009206693
#Header 
#Target 46 110 0
#Product 43 97 0
#Datapoints 17
1000000 0
55000000 0
60000000 1.0202098716E-13
65000000 6.158054664E-10
70000000 1.04879990262E-7
75000000 3.0155105088E-6
80000000 2.6666700003E-5
90000000 0.00018387997556
100000000 0.00027111295224
110000000 0.00049615902314
120000000 0.0012409497451
130000000 0.0020449901731
140000000 0.002755539842
150000000 0.0034739501586
160000000 0.0039050805672
180000000 0.0043141700247
200000000 0.0038287802586
#Header 
#Target 46 110 0
#Product 43 98 0
#Datapoints 18
1000000 0
50000000 0
55000000 1.434136192E-12
60000000 3.2849101026E-9
65000000 5.9042498448E-7
70000000 1.28459992296E-5
75000000 6.6870101772E-5
80000000 0.00015326904294
90000000 0.0002162789943
100000000 0.00029084105454
110000000 0.00080829399222
120000000 0.0014256694837
130000000 0.001754210502
140000000 0.002128649809
150000000 0.0023362205475
160000000 0.0025289794728
180000000 0.0023379898814
200000000 0.0024591602717
#Header 
#Target 46 110 0
#Product 43 99 0
#Datapoints 20
1000000 0
40000000 0
45000000 4.26450882E-14
50000000 3.41144855E-10
55000000 1.5668700736E-7
60000000 6.3070801758E-6
65000000 4.1690591672E-5
70000000 9.87654966E-5
75000000 0.000131482999548
80000000 0.00013141101933
90000000 0.00015284798694
100000000 0.00041327498726
110000000 0.00080686299298
120000000 0.00103185999346
130000000 0.0011897298902
140000000 0.00126845015
150000000 0.0013586799864
160000000 0.0013267901736
180000000 0.001454160397
200000000 0.0013942599308
#Header 
#Target 46 110 0
#Product 43 100 0
#Datapoints 21
1000000 0
35000000 0
40000000 6.893306384E-13
45000000 5.698640414E-9
50000000 1.0174399605E-6
55000000 1.493800288E-5
60000000 4.9523194062E-5
65000000 6.9462299832E-5
70000000 6.6238094505E-5
75000000 6.0994097064E-5
80000000 6.4699091712E-5
90000000 0.00020417500797
100000000 0.00043300099822
110000000 0.00056122892518
120000000 0.00060498198036
130000000 0.00067451503297
140000000 0.0006746259289
150000000 0.00070871598585
160000000 0.00077139000216
180000000 0.00081503898496
200000000 0.0009074199255
#Header 
#Target 46 110 0
#Product 43 101 0
#Datapoints 23
1000000 0
28000000 0
30000000 3.885960521E-14
35000000 5.659475888E-10
40000000 2.0121893681E-7
45000000 4.5353205115E-6
50000000 1.8360998512E-5
55000000 3.0409393216E-5
60000000 2.9153196288E-5
65000000 2.470640064E-5
70000000 2.4439099332E-5
75000000 3.7221396048E-5
80000000 7.7011600095E-5
90000000 0.00021119198218
100000000 0.0002931449731
110000000 0.00032407596408
120000000 0.00036216903361
130000000 0.00037758199577
140000000 0.0004070830478
150000000 0.00043231497087
160000000 0.00046447796304
180000000 0.00055961301363
200000000 0.00066563197954
#Header 
#Target 46 110 0
#Product 43 102 0
#Datapoints 26
1000000 0
22000000 0
24000000 1.835820585E-14
26000000 1.95036513E-12
28000000 8.021069318E-11
30000000 1.5041396663E-9
35000000 1.5938302798E-7
40000000 1.5934605477E-6
45000000 3.7229898425E-6
50000000 3.9103795188E-6
55000000 3.447430144E-6
60000000 3.1939606062E-6
65000000 4.9056402832E-6
70000000 1.16876997789E-5
75000000 2.6086096332E-5
80000000 4.2886304478E-5
90000000 6.1870601441E-5
100000000 6.8388897038E-5
110000000 7.9323201716E-5
120000000 8.2840007088E-5
130000000 9.5448800607E-5
140000000 0.00011161199995
150000000 0.00012717994737
160000000 0.00014811100128
180000000 0.00019808396779
200000000 0.00021912002211
#Header 
#Target 46 110 0
#Product 43 103 0
#Datapoints 34
1000000 0
13000000 0
14000000 1.764187222E-15
15000000 1.367237982E-14
16000000 8.660597022E-14
17000000 4.6638713E-13
18000000 2.347184628E-12
19000000 9.659092251E-12
20000000 3.456848304E-11
22000000 2.730403895E-10
24000000 1.5349096764E-9
26000000 6.022520567E-9
28000000 1.8482196816E-8
30000000 4.9053696656E-8
35000000 2.7511595034E-7
40000000 3.9447395748E-7
45000000 3.414330422E-7
50000000 3.388260709E-7
55000000 7.1453595776E-7
60000000 2.2872504114E-6
65000000 6.2320700552E-6
70000000 1.19433007629E-5
75000000 1.7210604276E-5
80000000 2.0979100674E-5
90000000 2.6649305745E-5
100000000 3.3057294696E-5
110000000 3.8682595281E-5
120000000 5.1264101729E-5
130000000 6.9589996754E-5
140000000 9.483519309E-5
150000000 0.00011697897471
160000000 0.00014600297952
180000000 0.000185929002
200000000 0.00022676000094
#Header 
#Target 46 110 0
#Product 44 93 0
#Datapoints 9
1000000 0
110000000 0
120000000 1.230995204E-10
130000000 1.1914303898E-7
140000000 3.662209496E-6
150000000 1.5108205134E-5
160000000 3.9827698056E-5
180000000 0.00017163599271
200000000 0.00032020996656
#Header 
#Target 46 110 0
#Product 44 94 0
#Datapoints 11
1000000 0
90000000 0
100000000 1.851475604E-15
110000000 2.4415902489E-9
120000000 3.1550798825E-6
130000000 4.5220293672E-5
140000000 0.0001904660241
150000000 0.00057266904432
160000000 0.0013604605776
180000000 0.0030206397049
200000000 0.0038800696935
#Header 
#Target 46 110 0
#Product 44 95 0
#Datapoints 11
1000000 0
90000000 0
100000000 8.550849556E-10
110000000 3.8168004402E-6
120000000 9.9347799796E-5
130000000 0.00046520000724
140000000 0.001501560368
150000000 0.00327768006
160000000 0.0054593401248
180000000 0.0092776299317
200000000 0.010901396605
#Header 
#Target 46 110 0
#Product 44 96 0
#Datapoints 12
1000000 0
80000000 0
90000000 4.031916409E-10
100000000 3.6596801532E-6
110000000 0.00018398697097
120000000 0.00117007005397
130000000 0.0028798997616
140000000 0.005567000032
150000000 0.0086357202423
160000000 0.012110197248
180000000 0.016639094655
200000000 0.01689499504
#Header 
#Target 46 110 0
#Product 44 97 0
#Datapoints 13
1000000 0
75000000 0
80000000 5.376873483E-12
90000000 7.6435305252E-7
100000000 0.000114751001566
110000000 0.0013896497945
120000000 0.0039603396673
130000000 0.0063767594421
140000000 0.009066349842
150000000 0.012594799869
160000000 0.016021901736
180000000 0.016983001914
200000000 0.016747201889
#Header 
#Target 46 110 0
#Product 44 98 0
#Datapoints 15
1000000 0
65000000 0
70000000 8.57109711E-13
75000000 2.0649101256E-9
80000000 2.8095406839E-7
90000000 8.650969977E-5
100000000 0.0015417001722
110000000 0.0054658206471
120000000 0.0084682201956
130000000 0.0108246995625
140000000 0.01380600155
150000000 0.016537102623
160000000 0.017570894544
180000000 0.017350799251
200000000 0.017211998188
#Header 
#Target 46 110 0
#Product 44 99 0
#Datapoints 16
1000000 0
60000000 0
65000000 2.54315612E-11
70000000 2.7858100518E-8
75000000 1.7729703144E-6
80000000 2.9683903599E-5
90000000 0.00124683990565
100000000 0.0050789495912
110000000 0.0078116393157
120000000 0.0094734198213
130000000 0.0107343991166
140000000 0.01176399565
150000000 0.012607503363
160000000 0.012920402016
180000000 0.013032403763
200000000 0.012357995837
#Header 
#Target 46 110 0
#Product 44 100 0
#Datapoints 18
1000000 0
50000000 0
55000000 1.854760576E-11
60000000 1.10112999228E-8
65000000 8.7902401792E-7
70000000 1.8785698812E-5
75000000 0.00019456902108
80000000 0.00103354998435
90000000 0.0055322598023
100000000 0.008076219943
110000000 0.0088122094896
120000000 0.0097096208719
130000000 0.0104123007591
140000000 0.010705799709
150000000 0.0107312006481
160000000 0.011099997
180000000 0.01147229981
200000000 0.011020404923
#Header 
#Target 46 110 0
#Product 44 101 0
#Datapoints 20
1000000 0
40000000 0
45000000 4.89773553E-15
50000000 3.019046744E-10
55000000 1.6928504448E-7
60000000 4.8330594918E-6
65000000 7.7463504192E-5
70000000 0.00067060292994
75000000 0.002300450058
80000000 0.0044334299457
90000000 0.0065279598007
100000000 0.0066019002852
110000000 0.0070372795911
120000000 0.0074400900138
130000000 0.0077638198682
140000000 0.008179880445
150000000 0.0084799405773
160000000 0.008559630288
180000000 0.0085423002243
200000000 0.0089366990867
#Header 
#Target 46 110 0
#Product 44 102 0
#Datapoints 22
1000000 0
30000000 0
35000000 1.4708194215E-15
40000000 1.0671890692E-10
45000000 3.9121696675E-8
50000000 1.5632303864E-6
55000000 3.4319407424E-5
60000000 0.000434015955
65000000 0.0017719195712
70000000 0.0034977894051
75000000 0.0045600398604
80000000 0.0048142199385
90000000 0.0046529496897
100000000 0.0049139797712
110000000 0.0052296205654
120000000 0.0056111400755
130000000 0.0061642799433
140000000 0.006559069561
150000000 0.0067929500631
160000000 0.0070302602808
180000000 0.0075926093062
200000000 0.0078824997691
#Header 
#Target 46 110 0
#Product 44 103 0
#Datapoints 23
1000000 0
28000000 0
30000000 3.165156441E-14
35000000 9.730466504E-10
40000000 1.29321999032E-7
45000000 3.811080145E-6
50000000 0.000109093997672
55000000 0.000670866064
60000000 0.0015522199758
65000000 0.0020325395504
70000000 0.0020640698886
75000000 0.001983480534
80000000 0.0019481194197
90000000 0.0020444805971
100000000 0.0023141698166
110000000 0.0026603792798
120000000 0.0030829097531
130000000 0.0034919298446
140000000 0.003903829677
150000000 0.0041999994927
160000000 0.0044215293744
180000000 0.0047761295979
200000000 0.005121480364
#Header 
#Target 46 110 0
#Product 44 104 0
#Datapoints 28
1000000 0
19000000 0
20000000 1.688132628E-14
22000000 1.186289093E-12
24000000 1.712637909E-11
26000000 2.28758264E-10
28000000 1.6152394826E-9
30000000 6.2740299994E-9
35000000 2.1556303681E-7
40000000 1.3595999887E-5
45000000 0.00012891200011
50000000 0.0004024319797
55000000 0.00059961296128
60000000 0.00063925400592
65000000 0.00061688198632
70000000 0.00059542508826
75000000 0.0006115209696
80000000 0.00066318603597
90000000 0.00086168802644
100000000 0.0012440299084
110000000 0.00167437952
120000000 0.0021550002048
130000000 0.0025804401691
140000000 0.002884709773
150000000 0.0031658803824
160000000 0.0033753101112
180000000 0.003668990356
200000000 0.003758910177
#Header 
#Target 46 110 0
#Product 44 105 0
#Datapoints 28
1000000 0
19000000 0
20000000 1.768128336E-15
22000000 7.986000365E-13
24000000 4.615000758E-11
26000000 1.42622928E-9
28000000 2.3378292752E-8
30000000 2.1446593729E-7
35000000 5.5302504565E-6
40000000 2.4548496572E-5
45000000 3.861659463E-5
50000000 3.988040291E-5
55000000 3.7362397632E-5
60000000 3.6653900616E-5
65000000 4.2836695064E-5
70000000 5.8030901589E-5
75000000 8.968619538E-5
80000000 0.00015254505198
90000000 0.00036997903426
100000000 0.00066298910258
110000000 0.0009546099442
120000000 0.0012029904976
130000000 0.001394259899
140000000 0.001537819767
150000000 0.0016231794573
160000000 0.0017362196424
180000000 0.0018311701703
200000000 0.0018653195473
#Header 
#Target 46 110 0
#Product 44 106 0
#Datapoints 36
1000000 0
11000000 0
12000000 7.768803017409E-15
13000000 8.8445492492E-14
14000000 5.486335852E-13
15000000 2.947198452E-12
16000000 1.837513686E-11
17000000 9.990077184E-11
18000000 4.525291557E-10
19000000 1.5974500167E-9
20000000 4.5617301236E-9
22000000 1.985449364E-8
24000000 5.7721400046E-8
26000000 1.3619899909E-7
28000000 3.2232996936E-7
30000000 7.0756003518E-7
35000000 1.9572596483E-6
40000000 2.413140399E-6
45000000 2.399700127E-6
50000000 2.496170721E-6
55000000 4.0328290496E-6
60000000 9.0721302372E-6
65000000 2.5574803472E-5
70000000 6.6504593415E-5
75000000 0.00013448801304
80000000 0.00022493200311
90000000 0.00043166797658
100000000 0.0006273780111
110000000 0.00078380703181
120000000 0.00090083594437
130000000 0.00099073399375
140000000 0.0010469500096
150000000 0.00109162999326
160000000 0.00112242024
180000000 0.001153229428
200000000 0.0011825703703
#Header 
#Target 46 110 0
#Product 44 107 0
#Datapoints 23
1000000 0
28000000 0
30000000 1.901295997E-15
35000000 6.172638186E-11
40000000 7.2785604938E-9
45000000 6.7199600135E-8
50000000 4.5135593072E-7
55000000 4.2431597952E-6
60000000 1.9645396902E-5
65000000 5.1100703008E-5
70000000 9.3164800938E-5
75000000 0.0001370589984
80000000 0.00018004195179
90000000 0.00025236294623
100000000 0.0003038760077
110000000 0.00033965506223
120000000 0.00036763504782
130000000 0.00038676100689
140000000 0.0003962980208
150000000 0.0004038840378
160000000 0.00040860095544
180000000 0.00041560000439
200000000 0.00042038002259
#Header 
#Target 46 110 0
#Product 44 108 0
#Datapoints 22
1000000 0
30000000 0
35000000 4.651507135E-12
40000000 4.033579613E-9
45000000 2.4857699625E-7
50000000 2.7967103808E-6
55000000 1.18126004352E-5
60000000 2.802969756E-5
65000000 4.8148306856E-5
70000000 6.7243096914E-5
75000000 8.4509500284E-5
80000000 9.8400505248E-5
90000000 0.000116854997427
100000000 0.00012833803158
110000000 0.00013573899064
120000000 0.00013964998717
130000000 0.00014281005323
140000000 0.0001449170448
150000000 0.00014178695613
160000000 0.00014327002008
180000000 0.00014079797345
200000000 0.00014078605794
#Header 
#Target 46 110 0
#Product 45 95 0
#Datapoints 10
1000000 0
100000000 0
110000000 1.824620039E-7
120000000 3.8237603572E-6
130000000 1.2166302731E-5
140000000 3.788299933E-5
150000000 9.1840601979E-5
160000000 0.0001762940052
180000000 0.00044652602272
200000000 0.00056439795236
#Header 
#Target 46 110 0
#Product 45 96 0
#Datapoints 11
1000000 0
90000000 0
100000000 3.2104197246E-7
110000000 1.7437296987E-5
120000000 7.1086297472E-5
130000000 0.00014000699393
140000000 0.0003141829394
150000000 0.00066338996391
160000000 0.0012296301552
180000000 0.0019326803827
200000000 0.0020628799092
#Header 
#Target 46 110 0
#Product 45 97 0
#Datapoints 12
1000000 0
80000000 0
90000000 4.7923895456E-7
100000000 5.907469608E-5
110000000 0.00037301004158
120000000 0.00066685197217
130000000 0.00111568995328
140000000 0.002188590041
150000000 0.0046811002341
160000000 0.0067661902368
180000000 0.0079349806206
200000000 0.0084585695854
#Header 
#Target 46 110 0
#Product 45 98 0
#Datapoints 14
1000000 0
70000000 0
75000000 2.530030788E-11
80000000 4.7621497878E-8
90000000 3.9432403891E-5
100000000 0.00055962499214
110000000 0.0012941806394
120000000 0.0017680695291
130000000 0.003201259623
140000000 0.006846160431
150000000 0.0095700901335
160000000 0.0103839999624
180000000 0.010780101495
200000000 0.011346604841
#Header 
#Target 46 110 0
#Product 45 99 0
#Datapoints 16
1000000 0
60000000 0
65000000 8.108828816E-14
70000000 2.1757006167E-9
75000000 4.9223304072E-7
80000000 1.3586296302E-5
90000000 0.00021587194729
100000000 0.00037441801308
110000000 0.00041995903367
120000000 0.00076955296213
130000000 0.0012856802345
140000000 0.001857819755
150000000 0.0022712496549
160000000 0.0024773199408
180000000 0.0027818100135
200000000 0.0028073203851
#Header 
#Target 46 110 0
#Product 45 100 0
#Datapoints 17
1000000 0
55000000 0
60000000 9.60864561E-12
65000000 2.4030997632E-7
70000000 2.7383297082E-5
75000000 0.00032708303172
80000000 0.00106061998545
90000000 0.0022589805796
100000000 0.0021245406376
110000000 0.0033763097357
120000000 0.0056266302668
130000000 0.007456759872
140000000 0.009098010394
150000000 0.009553340052
160000000 0.0100235002608
180000000 0.0093833602219
200000000 0.0086935396592
#Header 
#Target 46 110 0
#Product 45 101 0
#Datapoints 19
1000000 0
45000000 0
50000000 4.436834172E-13
55000000 1.8863901824E-7
60000000 1.4649498522E-5
65000000 0.00021063497984
70000000 0.00068998595949
75000000 0.00102229997616
80000000 0.00103193994024
90000000 0.00078331496485
100000000 0.00120735001916
110000000 0.0020107003444
120000000 0.002690849735
130000000 0.0033113001503
140000000 0.003763829399
150000000 0.0041521102227
160000000 0.004033310112
180000000 0.0041743495195
200000000 0.0041047499559
#Header 
#Target 46 110 0
#Product 45 102 0
#Datapoints 20
1000000 0
40000000 0
45000000 2.7933103325E-9
50000000 1.01861001446E-5
55000000 0.0004543220032
60000000 0.0022025995974
65000000 0.0036439201112
70000000 0.0035503996161
75000000 0.0029261902212
80000000 0.0024886993365
90000000 0.0033014397395
100000000 0.005832279784
110000000 0.0076077399255
120000000 0.0091395099649
130000000 0.0100771007204
140000000 0.010786999553
150000000 0.0105464998827
160000000 0.0103743003744
180000000 0.0105903994117
200000000 0.011247396006
#Header 
#Target 46 110 0
#Product 45 103 0
#Datapoints 22
1000000 0
30000000 0
35000000 5.3925608594E-9
40000000 3.5833294898E-6
45000000 0.00016963996805
50000000 0.00066696209016
55000000 0.00091861499648
60000000 0.00078961695984
65000000 0.00056851803128
70000000 0.00045686404362
75000000 0.00046293903108
80000000 0.00061065895086
90000000 0.0011750600693
100000000 0.0017331205224
110000000 0.0022422500386
120000000 0.0026927697155
130000000 0.0028762395399
140000000 0.00317162956
150000000 0.003216439842
160000000 0.0034449103008
180000000 0.0034921703887
200000000 0.0033739598123
#Header 
#Target 46 110 0
#Product 45 104 0
#Datapoints 25
1000000 0
24000000 0
26000000 1.70026913E-12
28000000 2.0428503404E-9
30000000 2.7062703087E-7
35000000 0.00016404692568
40000000 0.00140524985438
45000000 0.002247029876
50000000 0.001690289891
55000000 0.00118479008
60000000 0.00095528604852
65000000 0.0009423239124
70000000 0.00122295998253
75000000 0.0017389101384
80000000 0.0023406102765
90000000 0.0035534508058
100000000 0.0048484507078
110000000 0.0057729094357
120000000 0.0064753896465
130000000 0.0072742199959
140000000 0.007250679953
150000000 0.0078422597838
160000000 0.0075568900752
180000000 0.0077636193961
200000000 0.008161879671
#Header 
#Target 46 110 0
#Product 45 105 0
#Datapoints 32
1000000 0
15000000 0
16000000 4.075774196E-13
17000000 4.532939389E-10
18000000 3.0293399628E-8
19000000 1.5774198906E-7
20000000 5.3239003584E-7
22000000 1.3952999695E-5
24000000 0.00017964999945
26000000 0.0009342489548
28000000 0.0025475193864
30000000 0.0047140995716
35000000 0.0101760000595
40000000 0.0104834994789
45000000 0.008283870585
50000000 0.0065621096826
55000000 0.0062797399424
60000000 0.0076920190938
65000000 0.010323700744
70000000 0.0133269993399
75000000 0.015926599404
80000000 0.018108601884
90000000 0.022136904314
100000000 0.025278801606
110000000 0.027347098735
120000000 0.028745396125
130000000 0.029351798238
140000000 0.02989690154
150000000 0.029480199255
160000000 0.029863803168
180000000 0.02924229561
200000000 0.02873430362
#Header 
#Target 46 110 0
#Product 45 106 0
#Datapoints 39
1000000 0
8000000 0
9000000 1.633506166663E-15
10000000 2.988014661296E-12
11000000 3.1951703903E-10
12000000 1.0573504322367E-8
13000000 1.12422003428E-7
14000000 8.936660308E-7
15000000 4.0230695703E-6
16000000 1.4504095044E-5
17000000 4.7114096369E-5
18000000 0.00015534303282
19000000 0.00035591206299
20000000 0.00066183703092
22000000 0.00099651297955
24000000 0.00138504002292
26000000 0.001595599691
28000000 0.0015762207616
30000000 0.00144948998322
35000000 0.00104996000681
40000000 0.00072939698875
45000000 0.0007070990421
50000000 0.00096382999124
55000000 0.00126460995072
60000000 0.0016362496152
65000000 0.002144799692
70000000 0.0026599701048
75000000 0.0032248995588
80000000 0.0037913398101
90000000 0.0046109695663
100000000 0.0051798998032
110000000 0.0054940397985
120000000 0.0057119302445
130000000 0.0058344106713
140000000 0.005763459966
150000000 0.0057920699016
160000000 0.0055950803784
180000000 0.0055242401739
200000000 0.0053328295383
#Header 
#Target 46 110 0
#Product 45 107 0
#Datapoints 46
1000000 0
1000000 0
2000000 3.526359382E-15
3000000 4.7028708354E-12
4000000 9.9540699705E-10
5000000 4.0258010961E-8
6000000 4.7124195437E-7
7000000 2.22019980562E-6
8000000 6.44702946E-6
9000000 1.573630391948E-5
10000000 3.8303505316613E-5
11000000 9.6163127763E-5
12000000 0.00022786000793787
13000000 0.000477128008084
14000000 0.00088295399709
15000000 0.0014940696507
16000000 0.0024444605638
17000000 0.004250380614
18000000 0.0087872405391
19000000 0.0106646005041
20000000 0.0113728001608
22000000 0.006066609838
24000000 0.0047141003565
26000000 0.003797790178
28000000 0.0030757193676
30000000 0.0025350004835
35000000 0.0026544997413
40000000 0.0045923001889
45000000 0.006639810411
50000000 0.0086006103012
55000000 0.0112790003264
60000000 0.014316896682
65000000 0.017349593752
70000000 0.019893406737
75000000 0.022229007228
80000000 0.024134899437
90000000 0.026665893828
100000000 0.028169993042
110000000 0.028756604184
120000000 0.028780495952
130000000 0.028519394467
140000000 0.0276597024
150000000 0.027064101861
160000000 0.026222398272
180000000 0.024724798187
200000000 0.023300999898
#Header 
#Target 46 110 0
#Product 45 108 0
#Datapoints 32
1000000 0
15000000 0
16000000 3.558169932E-15
17000000 9.761856173E-13
18000000 6.200069184E-11
19000000 1.5642202146E-9
20000000 2.0956199836E-8
22000000 1.03992003E-6
24000000 1.6010095338E-5
26000000 8.861380157E-5
28000000 0.0002693279656
30000000 0.00053536598611
35000000 0.00111018008178
40000000 0.0015506204472
45000000 0.002273840032
50000000 0.003255059364
55000000 0.0041671200064
60000000 0.0050525795106
65000000 0.00571606056
70000000 0.006218010438
75000000 0.006695979534
80000000 0.0070453997127
90000000 0.0074686799835
100000000 0.007594670455
110000000 0.0075555907801
120000000 0.0075325802304
130000000 0.0073494094982
140000000 0.006937399788
150000000 0.0066477495732
160000000 0.0064856303424
180000000 0.0059900493025
200000000 0.0055253105347
#Header 
#Target 46 110 0
#Product 45 109 0
#Datapoints 34
1000000 0
13000000 0
14000000 1.182442544E-14
15000000 9.989371524E-14
16000000 2.826303842E-13
17000000 2.694259476E-12
18000000 4.460451381E-11
19000000 4.123025823E-10
20000000 1.3612896648E-8
22000000 5.966719891E-7
24000000 8.7536598516E-6
26000000 5.732359472E-5
28000000 0.0002171960411
30000000 0.00058222496869
35000000 0.0027550606765
40000000 0.0061987098443
45000000 0.0097546396865
50000000 0.012718701234
55000000 0.015076698176
60000000 0.01680319359
65000000 0.018238703656
70000000 0.019383205323
75000000 0.020183603328
80000000 0.020668701303
90000000 0.021394603416
100000000 0.021072698598
110000000 0.020671302465
120000000 0.020042200848
130000000 0.019359300829
140000000 0.01860739496
150000000 0.017589795849
160000000 0.016709895
180000000 0.015194100379
200000000 0.014026501335
#Header 
#Target 46 110 0
#Product 46 98 0
#Datapoints 11
1000000 0
90000000 0
100000000 1.0716998018E-9
110000000 1.6976098557E-6
120000000 3.7657898634E-5
130000000 0.0002106349867
140000000 0.0005988580268
150000000 0.00089207897733
160000000 0.0011008299816
180000000 0.0012934904671
200000000 0.001338690298
#Header 
#Target 46 110 0
#Product 46 99 0
#Datapoints 12
1000000 0
80000000 0
90000000 6.565970678E-10
100000000 4.7259092556E-6
110000000 0.00016653499676
120000000 0.00106298011776
130000000 0.0022052703251
140000000 0.003587379378
150000000 0.0045834597057
160000000 0.0048063402864
180000000 0.0048178295244
200000000 0.0048631494373
#Header 
#Target 46 110 0
#Product 46 100 0
#Datapoints 13
1000000 0
75000000 0
80000000 3.682820826E-10
90000000 1.10830992698E-5
100000000 0.00055537096054
110000000 0.00395612965
120000000 0.0073646999538
130000000 0.0104660992207
140000000 0.01276440066
150000000 0.012841502169
160000000 0.01265859576
180000000 0.012284896363
200000000 0.0104396997232
#Header 
#Target 46 110 0
#Product 46 101 0
#Datapoints 15
1000000 0
65000000 0
70000000 1.276909719E-11
75000000 1.26828006984E-7
80000000 1.4325905826E-5
90000000 0.0012965301346
100000000 0.010196100583
110000000 0.019350004366
120000000 0.023561096485
130000000 0.026094005068
140000000 0.02597959936
150000000 0.025621005036
160000000 0.024492599856
180000000 0.021347195694
200000000 0.01937389454
#Header 
#Target 46 110 0
#Product 46 102 0
#Datapoints 17
1000000 0
55000000 0
60000000 7.924659498E-13
65000000 1.6763393616E-7
70000000 2.837719875E-5
75000000 0.00039919203756
80000000 0.0026662194648
90000000 0.022632003551
100000000 0.040489892452
110000000 0.04533509761
120000000 0.04475409959
130000000 0.044064898666
140000000 0.0427932967
150000000 0.039690102315
160000000 0.03639350412
180000000 0.033272599161
200000000 0.030503001056
#Header 
#Target 46 110 0
#Product 46 103 0
#Datapoints 18
1000000 0
50000000 0
55000000 2.1622094272E-8
60000000 2.2517803602E-5
65000000 0.00040856292176
70000000 0.0029813007261
75000000 0.0131486001732
80000000 0.032949802791
90000000 0.060340398233
100000000 0.06211790333
110000000 0.05959660597
120000000 0.056790099183
130000000 0.054167997675
140000000 0.05040679611
150000000 0.047592702579
160000000 0.045492301512
180000000 0.041563597953
200000000 0.038848900695
#Header 
#Target 46 110 0
#Product 46 104 0
#Datapoints 20
1000000 0
40000000 0
45000000 2.6159797965E-8
50000000 4.1677304648E-5
55000000 0.00072307403904
60000000 0.0057204894366
65000000 0.024606899304
70000000 0.056083904631
75000000 0.082046992068
80000000 0.091790000271
90000000 0.089508802401
100000000 0.085047896378
110000000 0.080812201789
120000000 0.077193502968
130000000 0.072028393362
140000000 0.06790090527
150000000 0.064750702425
160000000 0.061812296208
180000000 0.057379400452
200000000 0.055313402331
#Header 
#Target 46 110 0
#Product 46 105 0
#Datapoints 22
1000000 0
30000000 0
35000000 3.885028268E-12
40000000 1.7968802548E-5
45000000 0.00064848800015
50000000 0.004762740474
55000000 0.029155897728
60000000 0.073734098076
65000000 0.10543699616
70000000 0.113350991409
75000000 0.110551998528
80000000 0.107208004149
90000000 0.100610000522
100000000 0.095309892624
110000000 0.089761503502
120000000 0.085431100038
130000000 0.081747405273
140000000 0.0778644053
150000000 0.07497160104
160000000 0.070987798008
180000000 0.065730199836
200000000 0.061569003001
#Header 
#Target 46 110 0
#Product 46 106 0
#Datapoints 25
1000000 0
24000000 0
26000000 2.20063165E-10
28000000 4.3029897438E-7
30000000 2.2801299436E-5
35000000 0.00099095302009
40000000 0.0064403395715
45000000 0.03821420701
50000000 0.095039293838
55000000 0.134292012928
60000000 0.14350900032
65000000 0.1424010472
70000000 0.13910905077
75000000 0.13736293632
80000000 0.13521902373
90000000 0.12850399453
100000000 0.121674997736
110000000 0.115613997697
120000000 0.109856011603
130000000 0.104198988586
140000000 0.09850479881
150000000 0.092976593511
160000000 0.08905400496
180000000 0.081249595186
200000000 0.074817394168
#Header 
#Target 46 110 0
#Product 46 107 0
#Datapoints 30
1000000 0
17000000 0
18000000 8.576550864E-14
19000000 2.981508669E-10
20000000 5.0019597264E-8
22000000 1.4361604625E-5
24000000 0.00016908495201
26000000 0.0005150330661
28000000 0.00095433013226
30000000 0.0016761498636
35000000 0.0126137999482
40000000 0.033646900978
45000000 0.04539530553
50000000 0.049394192022
55000000 0.051869400384
60000000 0.054078100542
65000000 0.055173497696
70000000 0.055463804529
75000000 0.055372507524
80000000 0.055167497379
90000000 0.052251208803
100000000 0.050797406098
110000000 0.048379103256
120000000 0.045757503711
130000000 0.043013503727
140000000 0.04068329947
150000000 0.038757802044
160000000 0.036233893296
180000000 0.032980403473
200000000 0.030212002568
#Header 
#Target 46 110 0
#Product 46 108 0
#Datapoints 39
1000000 0
8000000 0
9000000 1.385305998074E-13
10000000 1.407938251537E-10
11000000 4.66000941752E-9
12000000 1.0505398874719E-7
13000000 9.2374904167E-7
14000000 3.8407506311E-6
15000000 1.2568498239E-5
16000000 4.4454993113E-5
17000000 0.00013335501014
18000000 0.00031567796604
19000000 0.00063006997056
20000000 0.00119477994948
22000000 0.0045836501255
24000000 0.014120197614
26000000 0.03169850278
28000000 0.057146107772
30000000 0.08817700284
35000000 0.16016296582
40000000 0.19531395399
45000000 0.2073119723
50000000 0.20676098088
55000000 0.20398998144
60000000 0.19758904992
65000000 0.1931540256
70000000 0.18934997694
75000000 0.18282995028
80000000 0.17469598896
90000000 0.1599579607
100000000 0.14587600882
110000000 0.13391903899
120000000 0.12375701097
130000000 0.114602993073
140000000 0.1053000003
150000000 0.098302404996
160000000 0.09200050956
180000000 0.081321599321
200000000 0.072949699317
#Header 
#Target 46 110 0
#Product 46 109 0
#Datapoints 39
1000000 0
8000000 0
9000000 5.53489205571E-12
10000000 2.9942401328471E-8
11000000 1.14764968942E-6
12000000 1.5592701276005E-5
13000000 0.000116559984688
14000000 0.00055240702141
15000000 0.001787689629
16000000 0.0041124301027
17000000 0.0076508700746
18000000 0.0121212995859
19000000 0.017536393875
20000000 0.023734096152
22000000 0.036466097685
24000000 0.047583797607
26000000 0.05607369733
28000000 0.061936908686
30000000 0.065265406945
35000000 0.070970099486
40000000 0.072808696056
45000000 0.07177260515
50000000 0.069018402026
55000000 0.068962189824
60000000 0.066223199754
65000000 0.064519890728
70000000 0.060716794155
75000000 0.058919694192
80000000 0.055651294152
90000000 0.050066301416
100000000 0.045357793852
110000000 0.041473703854
120000000 0.038278398754
130000000 0.035139096084
140000000 0.03226569863
150000000 0.030050996934
160000000 0.027813295944
180000000 0.024459400747
200000000 0.021857698984
#Header 
#Target 46 110 0
#Product 46 110 0
#Datapoints 46
1000000 0
1000000 0
2000000 2.1553196014E-14
3000000 2.09141004308E-9
4000000 1.8560800458E-6
5000000 0.000131398012566
6000000 0.0017845801696
7000000 0.0073198890558
8000000 0.0161035000992
9000000 0.028043602571492
10000000 0.042767005025757
11000000 0.0590389029203
12000000 0.075894411587673
13000000 0.0922214912878
14000000 0.10658403364
15000000 0.11813104314
16000000 0.12724604323
17000000 0.13438399251
18000000 0.14010199749
19000000 0.14423601942
20000000 0.14710896148
22000000 0.14930303685
24000000 0.14812995609
26000000 0.1457350601
28000000 0.14302499308
30000000 0.140674992282
35000000 0.131863004394
40000000 0.12319600546
45000000 0.115930999605
50000000 0.114900996074
55000000 0.1077800032
60000000 0.101335998438
65000000 0.093710501432
70000000 0.087670596672
75000000 0.080303799168
80000000 0.074229406263
90000000 0.061878496913
100000000 0.051177500992
110000000 0.042089607175
120000000 0.034524396514
130000000 0.028285299268
140000000 0.02317229728
150000000 0.019085001558
160000000 0.015842197728
180000000 0.011256502825
200000000 0.0085104404253
#Header 
#Target 46 110 0
#Product 47 101 0
#Datapoints 12
1000000 0
80000000 0
90000000 5.4224899661E-5
100000000 0.00047153602906
110000000 0.00063229392677
120000000 0.00059446107437
130000000 0.0005733529339
140000000 0.0005501560218
150000000 0.00048281001996
160000000 0.00039678596496
180000000 0.0003211039749
200000000 0.000245448049
#Header 
#Target 46 110 0
#Product 47 102 0
#Datapoints 14
1000000 0
70000000 0
75000000 8.0831399796E-6
80000000 0.0003081310227
90000000 0.0035331402102
100000000 0.0038468796872
110000000 0.002906450184
120000000 0.0023607704452
130000000 0.0019326604231
140000000 0.00156797003
150000000 0.0013128603366
160000000 0.00109443001608
180000000 0.00081293303904
200000000 0.00062450698398
#Header 
#Target 46 110 0
#Product 47 103 0
#Datapoints 16
1000000 0
60000000 0
65000000 7.7380194024E-5
70000000 0.0019959402738
75000000 0.0085206206232
80000000 0.01476489717
90000000 0.014137399348
100000000 0.008722419399
110000000 0.0067301103958
120000000 0.0052059102829
130000000 0.004171569764
140000000 0.003408900154
150000000 0.0028657597785
160000000 0.0023765995512
180000000 0.0017750995756
200000000 0.0014007695526
#Header 
#Target 46 110 0
#Product 47 104 0
#Datapoints 18
1000000 0
50000000 0
55000000 8.151709696E-5
60000000 0.0067699001232
65000000 0.029269294824
70000000 0.047769801168
75000000 0.047395903896
80000000 0.036787895127
90000000 0.019664596685
100000000 0.012888104186
110000000 0.0091501204465
120000000 0.0070070704117
130000000 0.0055577499857
140000000 0.004438419865
150000000 0.0036195703773
160000000 0.0030975295536
180000000 0.0024031102703
200000000 0.0018913897475
#Header 
#Target 46 110 0
#Product 47 105 0
#Datapoints 20
1000000 0
40000000 0
45000000 6.6609106155E-5
50000000 0.0035228995986
55000000 0.0098591104448
60000000 0.011214199665
65000000 0.0083538000864
70000000 0.0055201902759
75000000 0.0039813091164
80000000 0.0031867694874
90000000 0.0023576398165
100000000 0.0017988402668
110000000 0.0014664897973
120000000 0.0011962394469
130000000 0.00099856700644
140000000 0.0008559949827
150000000 0.00074467904154
160000000 0.00064277104176
180000000 0.00051529401077
200000000 0.00042866705233
#Header 
#Target 46 110 0
#Product 47 106 0
#Datapoints 22
1000000 0
30000000 0
35000000 2.0943393625E-6
40000000 0.020925799542
45000000 0.070262798685
50000000 0.071126602524
55000000 0.042911493952
60000000 0.024003995382
65000000 0.016161800856
70000000 0.0126981011232
75000000 0.010496100204
80000000 0.0090974100069
90000000 0.0069533498648
100000000 0.0054942294354
110000000 0.00443700972
120000000 0.0037988605
130000000 0.0032955198366
140000000 0.002863869371
150000000 0.0025467703557
160000000 0.002341709676
180000000 0.0019296505004
200000000 0.00163469944
#Header 
#Target 46 110 0
#Product 47 107 0
#Datapoints 25
1000000 0
24000000 0
26000000 0.0005532770075
28000000 0.014967598682
30000000 0.045371404176
35000000 0.085307199989
40000000 0.065976303982
45000000 0.032168202145
50000000 0.0166731964
55000000 0.0116029989888
60000000 0.0092353701546
65000000 0.0077973195552
70000000 0.0066622996812
75000000 0.0058185806328
80000000 0.0051234792588
90000000 0.0041420304068
100000000 0.0034226599796
110000000 0.0029195900789
120000000 0.0025332199231
130000000 0.0022194999122
140000000 0.001959669657
150000000 0.0017523498792
160000000 0.0015607501848
180000000 0.0012974304989
200000000 0.0010977602944
#Header 
#Target 46 110 0
#Product 47 108 0
#Datapoints 30
1000000 0
17000000 0
18000000 0.00062433405828
19000000 0.040851799566
20000000 0.127612001348
22000000 0.29165197645
24000000 0.36312903396
26000000 0.372068956
28000000 0.32112501126
30000000 0.2301520418
35000000 0.081852903374
40000000 0.045548697534
45000000 0.033852395205
50000000 0.027846399382
55000000 0.023554194816
60000000 0.020196293238
65000000 0.017406304144
70000000 0.015388196016
75000000 0.013672596852
80000000 0.0122591009907
90000000 0.0099422187494
100000000 0.0081885199802
110000000 0.0069304598902
120000000 0.0059824795701
130000000 0.0051811400167
140000000 0.004507129517
150000000 0.0040599998445
160000000 0.0036257104008
180000000 0.0029945997353
200000000 0.0025379395921
#Header 
#Target 46 110 0
#Product 47 109 0
#Datapoints 39
1000000 0
8000000 0
9000000 0.041152905592823
10000000 0.17839200855639
11000000 0.252539956055
12000000 0.28792406158285
13000000 0.302101030854
14000000 0.30463598372
15000000 0.3002269644
16000000 0.29293505411
17000000 0.28398604213
18000000 0.2742149538
19000000 0.24522500772
20000000 0.19612705268
22000000 0.108736999305
24000000 0.06260289696
26000000 0.04332279434
28000000 0.034754395196
30000000 0.030468297923
35000000 0.024590804986
40000000 0.020186202
45000000 0.017197894535
50000000 0.014567694018
55000000 0.0124978005824
60000000 0.0107475993864
65000000 0.0095075102984
70000000 0.0084887893746
75000000 0.0074993108364
80000000 0.0065986500168
90000000 0.0052842394922
100000000 0.0042966604904
110000000 0.0036184203099
120000000 0.0030977200247
130000000 0.0026894000266
140000000 0.002360539786
150000000 0.0020853097965
160000000 0.0018723796056
180000000 0.001539229755
200000000 0.0012859896346
#Header 
#Target 46 110 0
#Product 47 110 0
#Datapoints 46
1000000 0
1000000 0
2000000 1.0998500583E-6
3000000 0.000243919991001
4000000 0.0053277199245
5000000 0.0374562012051
6000000 0.122595002604
7000000 0.234973020748
8000000 0.341038014344
9000000 0.35248807177359
10000000 0.1983240355305
11000000 0.103691002617
12000000 0.061111406432594
13000000 0.041516795404
14000000 0.032046105146
15000000 0.027170404602
16000000 0.024566900195
17000000 0.023199498731
18000000 0.022341493143
19000000 0.021610405071
20000000 0.020896395572
22000000 0.019322297995
24000000 0.017629593426
26000000 0.01627749816
28000000 0.014918996542
30000000 0.0136042000693
35000000 0.0111178996489
40000000 0.0090919602352
45000000 0.007622960242
50000000 0.0065092295102
55000000 0.0053778094848
60000000 0.0047979203598
65000000 0.0039700000464
70000000 0.0036190795356
75000000 0.0031252695588
80000000 0.0028472994765
90000000 0.0022468400261
100000000 0.0018156005116
110000000 0.0015110903137
120000000 0.0012613496847
130000000 0.00106192997182
140000000 0.0009473929597
150000000 0.00081786400443
160000000 0.0007411779612
180000000 0.0006087639948
200000000 0.00051173301894
#Header 
#Target 46 110 0
#Product 47 111 0
#Datapoints 46
1000000 0
1000000 2.7824399799E-12
2000000 2.1596397984E-8
3000000 7.8174994531E-7
4000000 1.02228018255E-5
5000000 4.3953616548E-5
6000000 8.8594398794E-5
7000000 0.000104751008026
8000000 0.000116030020192
9000000 0.00014572605024114
10000000 0.00017791201682783
11000000 0.000200372022416
12000000 0.00021392706527325
13000000 0.000220683031352
14000000 0.00022307195225
15000000 0.00021657502482
16000000 0.00020350201491
17000000 0.00018329002198
18000000 0.00016154201142
19000000 0.00014029204287
20000000 0.000125113000168
22000000 0.000104950003995
24000000 9.260100135E-5
26000000 8.384870543E-5
28000000 7.729550221E-5
30000000 7.2108694011E-5
35000000 6.006100089E-5
40000000 5.3108800708E-5
45000000 4.930330633E-5
50000000 4.4524397268E-5
55000000 4.2099203072E-5
60000000 3.797480106E-5
65000000 3.6014100344E-5
70000000 3.2528794758E-5
75000000 3.0821895468E-5
80000000 2.8048995153E-5
90000000 2.4907999885E-5
100000000 2.1043395234E-5
110000000 1.9230006367E-5
120000000 1.7485996351E-5
130000000 1.473109623E-5
140000000 1.247889599E-5
150000000 1.11493007664E-5
160000000 1.0395600912E-5
180000000 8.7919203035E-6
200000000 6.5271009485E-6
