#Header 
#Target 67 163 0
#Product 0 1 0
#Datapoints 45
1000000 0
2000000 0
3000000 4.1586704508E-7
4000000 3.6043577732E-5
5000000 0.00067792035802
6000000 0.0054911569144
7000000 0.026045848516
8000000 0.082757416192
9000000 0.18567389802
10000000 0.408886059
11000000 0.7157539806
12000000 0.998283426644
13000000 1.2324981493
14000000 1.435706907075
15000000 1.614949772805
16000000 1.770663154
17000000 1.90111749
18000000 2.007246528
19000000 2.120621888
20000000 2.394250023
22000000 2.99008908
24000000 3.328507894
26000000 3.501262135
28000000 3.68219052
30000000 4.00612986
35000000 4.571093139
40000000 4.87473408
45000000 5.232003286
50000000 5.444488536
55000000 5.6430302
60000000 5.752059495
65000000 5.890670163
70000000 6.010438294
75000000 6.134796528
80000000 6.227425149
90000000 6.488824384
100000000 6.735922102
110000000 7.002131616
120000000 7.25755857
130000000 7.503059928
140000000 7.746078111
150000000 7.972168386
160000000 8.189653368
180000000 8.74812636
200000000 9.3644694
#Header 
#Target 67 163 0
#Product 1 1 0
#Datapoints 45
1000000 0
2000000 7.315193942E-20
3000000 2.0478396228E-14
4000000 1.5424812808E-10
5000000 6.6841516438E-8
6000000 5.3632731074E-6
7000000 0.00014210402388
8000000 0.0016243692352
9000000 0.008782457385
10000000 0.024519474438
11000000 0.043173753624
12000000 0.06029920429449
13000000 0.0771478558
14000000 0.0953861402163
15000000 0.1151139975381
16000000 0.1351802595
17000000 0.1539383238
18000000 0.1705281984
19000000 0.1853267988
20000000 0.1996970121
22000000 0.2282460228
24000000 0.2587930663
26000000 0.2914160774
28000000 0.32682302
30000000 0.364736385
35000000 0.465306813
40000000 0.569407872
45000000 0.6715495432
50000000 0.7660830588
55000000 0.8522744633
60000000 0.931005621
65000000 0.9995806138
70000000 1.0601621186
75000000 1.1133102681
80000000 1.1614002121
90000000 1.2438862464
100000000 1.3126065498
110000000 1.3778239158
120000000 1.4371933365
130000000 1.4923197744
140000000 1.546138789
150000000 1.599404118
160000000 1.647984312
180000000 1.7659928
200000000 1.916843214
#Header 
#Target 67 163 0
#Product 1 2 0
#Datapoints 39
1000000 0
8000000 0
9000000 4.690023156E-14
10000000 4.53291348E-11
11000000 2.3591321808E-8
12000000 9.0242759775E-7
13000000 1.3096020629E-5
14000000 9.94695336486E-5
15000000 0.0004499395722999
16000000 0.00131820078
17000000 0.002813788063
18000000 0.004880481984
19000000 0.007390564632
20000000 0.010205467347
22000000 0.01628813178
24000000 0.02247331229
26000000 0.02718284121
28000000 0.0345090976
30000000 0.0397473804
35000000 0.05132517483
40000000 0.0611112576
45000000 0.06950479129
50000000 0.07615935978
55000000 0.08229228439
60000000 0.08853069225
65000000 0.09321124118
70000000 0.09851668394
75000000 0.10254606363
80000000 0.10748446589
90000000 0.1059753408
100000000 0.1053526019
110000000 0.10242063738
120000000 0.0996730179
130000000 0.097357806
140000000 0.09543391258
150000000 0.09422370204
160000000 0.0933004332
180000000 0.0947389512
200000000 0.10449409464
#Header 
#Target 67 163 0
#Product 1 3 0
#Datapoints 38
1000000 0
9000000 0
10000000 3.639918735E-17
11000000 5.413747488E-14
12000000 7.76191566682E-12
13000000 4.6114629131E-10
14000000 1.484787213372E-8
15000000 3.149927076426E-7
16000000 3.527349215E-6
17000000 2.231501895E-5
18000000 8.5173984E-5
19000000 0.0002214694856
20000000 0.000445212384
22000000 0.0011428789662
24000000 0.00209342
26000000 0.003188922905
28000000 0.00434554076
30000000 0.00552125457
35000000 0.008319349155
40000000 0.010785161472
45000000 0.01274844216
50000000 0.01440426984
55000000 0.015972044829
60000000 0.017515503915
65000000 0.01915671525
70000000 0.02088053731
75000000 0.02275197873
80000000 0.02475473199
90000000 0.02921984128
100000000 0.03445330798
110000000 0.03800829582
120000000 0.04163155755
130000000 0.04524147264
140000000 0.0489357977
150000000 0.05271547372
160000000 0.05647604976
180000000 0.064195662
200000000 0.07276007778
#Header 
#Target 67 163 0
#Product 2 3 0
#Datapoints 36
1000000 0
11000000 0
12000000 5.783220239258E-20
13000000 1.827922283E-17
14000000 3.267188869896E-15
15000000 2.46909275385E-13
16000000 8.427577093E-12
17000000 1.554483926E-10
18000000 1.801590336E-9
19000000 1.464349128E-8
20000000 9.026943693E-8
22000000 1.834216704E-6
24000000 1.9468806E-5
26000000 0.00011436824063
28000000 0.000382316608
30000000 0.000887492538
35000000 0.003007583601
40000000 0.005709040128
45000000 0.008466671966
50000000 0.011124149556
55000000 0.013404287398
60000000 0.015421700385
65000000 0.017133407508
70000000 0.01874151642
75000000 0.02025247332
80000000 0.02176403827
90000000 0.02490013568
100000000 0.02837792412
110000000 0.03071044422
120000000 0.03304177545
130000000 0.03540028128
140000000 0.03778303
150000000 0.04018500434
160000000 0.0425901216
180000000 0.046823652
200000000 0.05062192434
#Header 
#Target 67 163 0
#Product 2 4 0
#Datapoints 45
1000000 0
2000000 4.761010446E-12
3000000 9.57701784E-11
4000000 1.44845446E-9
5000000 1.81159263E-8
6000000 1.4553852348E-7
7000000 8.003433116E-7
8000000 3.0491892672E-6
9000000 9.378216978E-6
10000000 2.5355184E-5
11000000 6.273795798E-5
12000000 0.000144376200038
13000000 0.00030547518885
14000000 0.0005892591564489
15000000 0.001031639129253
16000000 0.001696129175
17000000 0.002775990859
18000000 0.005110390656
19000000 0.01310485528
20000000 0.02030923401
22000000 0.01727730108
24000000 0.011754672924
26000000 0.01283000628
28000000 0.01367477368
30000000 0.0147014514
35000000 0.017012354565
40000000 0.01942315776
45000000 0.02130032544
50000000 0.02351491854
55000000 0.02600797212
60000000 0.0290457258
65000000 0.03238913171
70000000 0.03755189328
75000000 0.04407107727
80000000 0.04864648956
90000000 0.05723875136
100000000 0.0770174405
110000000 0.0880816752
120000000 0.093137118
130000000 0.09426458496
140000000 0.09094435533
150000000 0.08870321694
160000000 0.08849753328
180000000 0.0963418144
200000000 0.10807103112
#Header 
#Target 67 163 0
#Product 61 137 0
#Datapoints 9
1000000 0
110000000 0
120000000 5.10387549E-15
130000000 1.07746002E-10
140000000 2.8702398068E-8
150000000 9.9107991502E-7
160000000 6.5627500224E-6
180000000 9.229490792E-5
200000000 0.00067111296564
#Header 
#Target 67 163 0
#Product 61 138 0
#Datapoints 9
1000000 0
110000000 0
120000000 2.152485345E-12
130000000 2.7271300056E-9
140000000 1.8982405014E-7
150000000 2.1052503914E-6
160000000 8.0084605848E-6
180000000 8.216589524E-5
200000000 0.00038983694568
#Header 
#Target 67 163 0
#Product 62 138 0
#Datapoints 9
1000000 0
110000000 0
120000000 2.41839807E-13
130000000 1.7410692936E-9
140000000 2.0944096921E-7
150000000 3.266409497E-6
160000000 2.0700303624E-5
180000000 0.0003824760152
200000000 0.0033161304306
#Header 
#Target 67 163 0
#Product 62 139 0
#Datapoints 10
1000000 0
100000000 0
110000000 6.929517834E-16
120000000 9.86522988E-11
130000000 2.0914305048E-8
140000000 4.4460796701E-7
150000000 3.6448206756E-6
160000000 1.7674093944E-5
180000000 0.0002022159404
200000000 0.00115232005434
#Header 
#Target 67 163 0
#Product 62 140 0
#Datapoints 10
1000000 0
100000000 0
110000000 3.64837077E-11
120000000 2.041369758E-8
130000000 6.4334793432E-7
140000000 7.9574207257E-6
150000000 3.765220251E-5
160000000 0.00011228899344
180000000 0.0008885189688
200000000 0.0034168397718
#Header 
#Target 67 163 0
#Product 62 141 0
#Datapoints 11
1000000 0
90000000 0
100000000 3.662594572E-14
110000000 1.4105088396E-10
120000000 1.3436399667E-8
130000000 2.6029394664E-7
140000000 1.02611002344E-6
150000000 2.845970777E-6
160000000 7.2389701176E-6
180000000 4.103680176E-5
200000000 8.8991005896E-5
#Header 
#Target 67 163 0
#Product 62 142 0
#Datapoints 12
1000000 0
80000000 0
90000000 4.69009632E-15
100000000 6.509052914E-11
110000000 3.1206498318E-8
120000000 1.3098700617E-6
130000000 1.07158010232E-5
140000000 2.786189876E-5
150000000 6.3342106906E-5
160000000 0.00011603799168
180000000 0.000390553946
200000000 0.00057343405314
#Header 
#Target 67 163 0
#Product 63 139 0
#Datapoints 8
1000000 0
120000000 0
130000000 3.160962168E-12
140000000 2.5197894085E-8
150000000 1.72851978E-6
160000000 1.9646695224E-5
180000000 0.0003400149312
200000000 0.0032666002512
#Header 
#Target 67 163 0
#Product 63 140 0
#Datapoints 9
1000000 0
110000000 0
120000000 4.675537455E-15
130000000 1.8924801168E-9
140000000 6.0322699762E-7
150000000 1.5685496762E-5
160000000 7.3730797296E-5
180000000 0.000917204074
200000000 0.0057483102924
#Header 
#Target 67 163 0
#Product 63 141 0
#Datapoints 9
1000000 0
110000000 0
120000000 7.568207475E-11
130000000 3.1118402952E-8
140000000 9.9850507939E-7
150000000 8.648010267E-6
160000000 2.9126897904E-5
180000000 0.0002780199392
200000000 0.00086051595942
#Header 
#Target 67 163 0
#Product 63 142 0
#Datapoints 10
1000000 0
100000000 0
110000000 4.165167132E-12
120000000 1.13736993375E-8
130000000 5.3925607008E-7
140000000 8.8310501814E-6
150000000 4.0858003212E-5
160000000 8.2487698176E-5
180000000 0.0005277080292
200000000 0.00099622198728
#Header 
#Target 67 163 0
#Product 63 143 0
#Datapoints 11
1000000 0
90000000 0
100000000 3.809170274E-14
110000000 4.41677016E-9
120000000 8.583370329E-7
130000000 3.006400488E-5
140000000 0.00019582492859
150000000 0.00037405491682
160000000 0.0006807549372
180000000 0.002354469908
200000000 0.0034727696406
#Header 
#Target 67 163 0
#Product 63 144 0
#Datapoints 11
1000000 0
90000000 0
100000000 1.039368967E-10
110000000 1.8825000084E-7
120000000 1.48997005155E-5
130000000 0.00015883803936
140000000 0.00039317698403
150000000 0.00058651394438
160000000 0.00099434794992
180000000 0.002017839916
200000000 0.0020417705724
#Header 
#Target 67 163 0
#Product 63 145 0
#Datapoints 13
1000000 0
75000000 0
80000000 5.279715539E-14
90000000 5.2013797248E-8
100000000 5.8635593744E-6
110000000 6.9995800638E-5
120000000 0.00023279099685
130000000 0.00040892999784
140000000 0.00048221608115
150000000 0.00060978000174
160000000 0.0007623219708
180000000 0.0009064230168
200000000 0.00084188401128
#Header 
#Target 67 163 0
#Product 64 140 0
#Datapoints 7
1000000 0
130000000 0
140000000 1.23305008723E-8
150000000 6.827170636E-7
160000000 3.6948396888E-6
180000000 8.065499348E-5
200000000 0.00097413296448
#Header 
#Target 67 163 0
#Product 64 141 0
#Datapoints 8
1000000 0
120000000 0
130000000 2.6482806168E-9
140000000 2.5890497668E-7
150000000 2.6608604568E-6
160000000 1.13911007808E-5
180000000 0.00022826297
200000000 0.0011615499792
#Header 
#Target 67 163 0
#Product 64 142 0
#Datapoints 9
1000000 0
110000000 0
120000000 7.907679795E-9
130000000 8.343831132E-7
140000000 1.5200293605E-5
150000000 8.797479795E-5
160000000 0.00023883902016
180000000 0.00339988078
200000000 0.0081357502122
#Header 
#Target 67 163 0
#Product 64 143 0
#Datapoints 10
1000000 0
100000000 0
110000000 7.197597324E-10
120000000 1.9437699105E-7
130000000 9.0212699304E-6
140000000 6.7956994295E-5
150000000 0.00015891099016
160000000 0.00053084603832
180000000 0.002485539372
200000000 0.0046942900602
#Header 
#Target 67 163 0
#Product 64 144 0
#Datapoints 11
1000000 0
90000000 0
100000000 5.971943432E-11
110000000 1.772520021E-7
120000000 2.040899997E-5
130000000 0.00023731195488
140000000 0.00061660806091
150000000 0.0016002399478
160000000 0.0034680301344
180000000 0.0097641897
200000000 0.0128302012176
#Header 
#Target 67 163 0
#Product 64 145 0
#Datapoints 12
1000000 0
80000000 0
90000000 3.083268608E-11
100000000 6.8628609686E-8
110000000 8.4467208834E-6
120000000 0.00013726599969
130000000 0.00054778402224
140000000 0.00102333997038
150000000 0.0018944698526
160000000 0.0029371904016
180000000 0.005462690472
200000000 0.0053604902442
#Header 
#Target 67 163 0
#Product 64 146 0
#Datapoints 13
1000000 0
75000000 0
80000000 2.7735101262E-9
90000000 1.657699456E-5
100000000 0.00099424992394
110000000 0.0028274702994
120000000 0.0031804795185
130000000 0.0046156902792
140000000 0.0061926205534
150000000 0.0072683610948
160000000 0.0084093303528
180000000 0.009067479836
200000000 0.008913519303
#Header 
#Target 67 163 0
#Product 64 147 0
#Datapoints 15
1000000 0
65000000 0
70000000 1.6654297361E-11
75000000 1.5593386986E-9
80000000 2.8361802048E-7
90000000 4.3305197824E-5
100000000 0.00033962200818
110000000 0.0008304779097
120000000 0.00124846996575
130000000 0.00146012997312
140000000 0.0019237598523
150000000 0.0023492295554
160000000 0.0024329203704
180000000 0.002755040672
200000000 0.0027590397978
#Header 
#Target 67 163 0
#Product 64 148 0
#Datapoints 17
1000000 0
55000000 0
60000000 2.695483245E-14
65000000 2.361369491E-11
70000000 6.9852604173E-8
75000000 2.2666198413E-6
80000000 1.65842015768E-5
90000000 0.000124508999552
100000000 0.00050375407446
110000000 0.00080176398768
120000000 0.00088403498175
130000000 0.00111865001976
140000000 0.00141774994564
150000000 0.0016201796104
160000000 0.0017429806368
180000000 0.001679600168
200000000 0.0018807406644
#Header 
#Target 67 163 0
#Product 64 149 0
#Datapoints 17
1000000 0
55000000 0
60000000 1.4395897425E-13
65000000 4.443830568E-10
70000000 7.3253092679E-8
75000000 1.8801306162E-6
80000000 1.42461997614E-5
90000000 0.0002203679744
100000000 0.00050500893352
110000000 0.00044899595874
120000000 0.00062432807955
130000000 0.00089042402904
140000000 0.00102098011157
150000000 0.00116891005374
160000000 0.00114981993048
180000000 0.0013242399972
200000000 0.00137450010282
#Header 
#Target 67 163 0
#Product 64 150 0
#Datapoints 18
1000000 0
50000000 0
55000000 2.229497261E-11
60000000 6.7733392545E-9
65000000 3.2717401956E-7
70000000 4.1931799822E-6
75000000 2.6188295949E-5
80000000 0.000106204998483
90000000 0.00032744097792
100000000 0.00029343098148
110000000 0.00036942701652
120000000 0.00056110695975
130000000 0.00068666495352
140000000 0.00081005205649
150000000 0.00088380598514
160000000 0.00095276392536
180000000 0.0009455599044
200000000 0.0010740699099
#Header 
#Target 67 163 0
#Product 64 151 0
#Datapoints 20
1000000 0
40000000 0
45000000 1.0377293422E-15
50000000 1.3805083614E-11
55000000 5.5307003053E-9
60000000 3.055490256E-7
65000000 5.1924691989E-6
70000000 3.4675004953E-5
75000000 9.8200107249E-5
80000000 0.000147306999553
90000000 0.000134111012224
100000000 0.000157811995432
110000000 0.00027580899636
120000000 0.00037082793345
130000000 0.00046567997112
140000000 0.00051758205094
150000000 0.00055791297692
160000000 0.00060396499488
180000000 0.0007157700356
200000000 0.00083748696018
#Header 
#Target 67 163 0
#Product 64 152 0
#Datapoints 21
1000000 0
35000000 0
40000000 1.9024128E-12
45000000 1.0645585696E-9
50000000 5.5123000074E-8
55000000 9.5455697668E-7
60000000 9.0892001655E-6
65000000 3.4373906284E-5
70000000 6.0697104394E-5
75000000 6.8163693561E-5
80000000 6.6603693288E-5
90000000 7.4153200128E-5
100000000 0.000138988996146
110000000 0.00021031291908
120000000 0.00025565000265
130000000 0.00028186699632
140000000 0.00031576497464
150000000 0.00038591197164
160000000 0.00045675295224
180000000 0.0005897270024
200000000 0.00072262601814
#Header 
#Target 67 163 0
#Product 64 153 0
#Datapoints 22
1000000 0
30000000 0
35000000 3.580356471E-12
40000000 8.019561984E-10
45000000 6.1956903255E-8
50000000 1.51974993522E-6
55000000 9.4439005175E-6
60000000 2.136150198E-5
65000000 2.594009977E-5
70000000 2.5430403938E-5
75000000 2.4080499456E-5
80000000 2.6527803105E-5
90000000 5.4253811584E-5
100000000 9.5818993634E-5
110000000 0.00012095300979
120000000 0.00014156499726
130000000 0.00016910698896
140000000 0.00021477801036
150000000 0.00025714593294
160000000 0.00031255700112
180000000 0.0004762209672
200000000 0.00061238194446
#Header 
#Target 67 163 0
#Product 64 154 0
#Datapoints 27
1000000 0
20000000 0
22000000 5.933368368E-15
24000000 4.253306085E-13
26000000 8.585442075E-12
28000000 8.2467254E-11
30000000 5.02198299E-10
35000000 1.54523013258E-8
40000000 3.0910392576E-7
45000000 2.4802392444E-6
50000000 7.4399491068E-6
55000000 1.09667002713E-5
60000000 1.1470399941E-5
65000000 1.11969001025E-5
70000000 1.14881002337E-5
75000000 1.56504014211E-5
80000000 2.3676896977E-5
90000000 4.6271207808E-5
100000000 6.4745803304E-5
110000000 7.9384006224E-5
120000000 9.670188846E-5
130000000 0.00013195600236
140000000 0.00018226202506
150000000 0.00025286805804
160000000 0.00034519598568
180000000 0.000505578982
200000000 0.00063789797058
#Header 
#Target 67 163 0
#Product 64 155 0
#Datapoints 32
1000000 0
15000000 0
16000000 7.577792976E-15
17000000 4.87508883E-14
18000000 2.439920448E-13
19000000 1.0481188432E-12
20000000 3.605122134E-12
22000000 3.421915092E-11
24000000 2.393810817E-10
26000000 1.2727800302E-9
28000000 5.720739784E-9
30000000 2.069129394E-8
35000000 2.4300108909E-7
40000000 1.02427989504E-6
45000000 1.8040608281E-6
50000000 2.0575692618E-6
55000000 2.000220122E-6
60000000 1.978549755E-6
65000000 2.8598290676E-6
70000000 4.9223094467E-6
75000000 8.1647909094E-6
80000000 1.19024006326E-5
90000000 1.8778403392E-5
100000000 2.316970019E-5
110000000 3.0570703524E-5
120000000 5.3126095905E-5
130000000 9.8902994736E-5
140000000 0.00015383097237
150000000 0.00021765304912
160000000 0.00027701205168
180000000 0.0003751290084
200000000 0.00046040195682
#Header 
#Target 67 163 0
#Product 64 156 0
#Datapoints 40
1000000 0
7000000 0
8000000 1.17072304E-14
9000000 1.1245188552E-13
10000000 5.886280143E-13
11000000 2.0363958147E-12
12000000 5.483137868327E-12
13000000 1.2506096594E-11
14000000 2.83720915011E-11
15000000 6.512405027235E-11
16000000 1.527341842E-10
17000000 3.542544082E-10
18000000 8.57685024E-10
19000000 2.5509198836E-9
20000000 4.7454801792E-9
22000000 6.4472293926E-9
24000000 8.1320709213E-9
26000000 1.49447993926E-8
28000000 2.643069596E-8
30000000 4.503810438E-8
35000000 1.09107005568E-7
40000000 1.54368999168E-7
45000000 1.62188007575E-7
50000000 1.890439443E-7
55000000 3.4310391983E-7
60000000 7.880369952E-7
65000000 1.5878899752E-6
70000000 2.7413097718E-6
75000000 3.8327800602E-6
80000000 4.811039939E-6
90000000 6.1116806016E-6
100000000 1.04793009594E-5
110000000 2.8836298206E-5
120000000 6.5875098345E-5
130000000 0.000115790990952
140000000 0.00016807095984
150000000 0.00021811104822
160000000 0.00025822600128
180000000 0.0003226169296
200000000 0.00036274902144
#Header 
#Target 67 163 0
#Product 65 142 0
#Datapoints 6
1000000 0
140000000 0
150000000 4.033019822E-9
160000000 5.1776589696E-8
180000000 4.5383703E-6
200000000 2.1755597994E-5
#Header 
#Target 67 163 0
#Product 65 143 0
#Datapoints 8
1000000 0
120000000 0
130000000 1.1967492264E-13
140000000 7.8021309671E-8
150000000 3.6366702216E-6
160000000 6.7889598192E-5
180000000 0.0005458919536
200000000 0.0018474998334
#Header 
#Target 67 163 0
#Product 65 144 0
#Datapoints 8
1000000 0
120000000 0
130000000 6.8091498384E-9
140000000 7.4571402919E-7
150000000 1.7929796274E-5
160000000 4.9140002496E-5
180000000 0.0002664200748
200000000 0.00048075898338
#Header 
#Target 67 163 0
#Product 65 145 0
#Datapoints 10
1000000 0
100000000 0
110000000 2.635964334E-15
120000000 3.4244596935E-9
130000000 4.511519376E-6
140000000 7.2816795133E-5
150000000 0.00019643395824
160000000 0.00038574194568
180000000 0.0012727601152
200000000 0.0015101897538
#Header 
#Target 67 163 0
#Product 65 146 0
#Datapoints 10
1000000 0
100000000 0
110000000 2.3675708556E-9
120000000 1.605350664E-5
130000000 0.00055764401784
140000000 0.0021234092966
150000000 0.0037499095712
160000000 0.0059299500312
180000000 0.009089049992
200000000 0.0094408703688
#Header 
#Target 67 163 0
#Product 65 147 0
#Datapoints 11
1000000 0
90000000 0
100000000 7.291740274E-8
110000000 1.981560177E-5
120000000 0.0003176909646
130000000 0.00088570003704
140000000 0.0010461699523
150000000 0.00129482996578
160000000 0.0017405200176
180000000 0.002061530216
200000000 0.0019435601172
#Header 
#Target 67 163 0
#Product 65 148 0
#Datapoints 12
1000000 0
80000000 0
90000000 4.4507206464E-8
100000000 2.3759194004E-5
110000000 0.00055507392666
120000000 0.0018780095925
130000000 0.0024426402
140000000 0.0026662400455
150000000 0.0032517802486
160000000 0.0036170105088
180000000 0.003528190252
200000000 0.0035381204508
#Header 
#Target 67 163 0
#Product 65 149 0
#Datapoints 13
1000000 0
75000000 0
80000000 6.934174369E-11
90000000 6.318680032E-7
100000000 4.1722192876E-5
110000000 0.00034713193716
120000000 0.0006221909781
130000000 0.00067162507776
140000000 0.0007512320074
150000000 0.00085177306786
160000000 0.00090687499032
180000000 0.0009969030792
200000000 0.00111914995452
#Header 
#Target 67 163 0
#Product 65 150 0
#Datapoints 15
1000000 0
65000000 0
70000000 2.674097809E-16
75000000 1.2917388273E-11
80000000 4.5775206232E-9
90000000 1.8921404544E-6
100000000 6.0589607078E-5
110000000 0.00029746103382
120000000 0.00041098098825
130000000 0.00046333005264
140000000 0.00054792302827
150000000 0.00059929902266
160000000 0.00072200506248
180000000 0.00093288304
200000000 0.00096030099516
#Header 
#Target 67 163 0
#Product 65 151 0
#Datapoints 16
1000000 0
60000000 0
65000000 8.500079344E-13
70000000 3.238840362E-9
75000000 1.8049804587E-7
80000000 2.107749644E-6
90000000 8.350980512E-5
100000000 0.00056076698496
110000000 0.00088624795842
120000000 0.00091575007125
130000000 0.00107078008128
140000000 0.00119574002249
150000000 0.0013853299941
160000000 0.0015211201824
180000000 0.001788849612
200000000 0.0020269805556
#Header 
#Target 67 163 0
#Product 65 152 0
#Datapoints 17
1000000 0
55000000 0
60000000 2.06246586E-12
65000000 1.4088285233E-9
70000000 8.213050757E-8
75000000 1.58595998664E-6
80000000 1.31937004004E-5
90000000 0.00020106306752
100000000 0.00042991905502
110000000 0.00046698099228
120000000 0.00056186604375
130000000 0.00073409505624
140000000 0.00091426593238
150000000 0.00117209006694
160000000 0.00142280994024
180000000 0.001866759792
200000000 0.0021513403704
#Header 
#Target 67 163 0
#Product 65 153 0
#Datapoints 19
1000000 0
45000000 0
50000000 3.733367664E-14
55000000 8.555105392E-10
60000000 1.09508990955E-7
65000000 1.9419204878E-6
70000000 2.0357893526E-5
75000000 0.000129876006054
80000000 0.00047757398362
90000000 0.0014173300512
100000000 0.00157588009488
110000000 0.00168959061
120000000 0.0020165393115
130000000 0.002428659324
140000000 0.0029075998475
150000000 0.003413919353
160000000 0.0037028608968
180000000 0.004600339444
200000000 0.0050903098428
#Header 
#Target 67 163 0
#Product 65 154 0
#Datapoints 20
1000000 0
40000000 0
45000000 8.975150726E-14
50000000 2.154869592E-10
55000000 2.7801698078E-8
60000000 6.5631497295E-7
65000000 6.8325389198E-6
70000000 4.1995200116E-5
75000000 0.000120871994559
80000000 0.00019064297004
90000000 0.0002235629984
100000000 0.00023227705228
110000000 0.00028886805936
120000000 0.0004099150041
130000000 0.00056905895592
140000000 0.00072632696943
150000000 0.00086549893716
160000000 0.0009993889932
180000000 0.0012432899488
200000000 0.0014587592916
#Header 
#Target 67 163 0
#Product 65 155 0
#Datapoints 22
1000000 0
30000000 0
35000000 1.1508388443E-13
40000000 1.7372596992E-9
45000000 6.4429908656E-8
50000000 9.373770543E-7
55000000 9.8275497344E-6
60000000 7.515990573E-5
65000000 0.00026461897227
70000000 0.00050318601467
75000000 0.00062916399339
80000000 0.0006730860856
90000000 0.00071157104704
100000000 0.000898575951
110000000 0.00134056998504
120000000 0.001973360187
130000000 0.0028058800224
140000000 0.0036193794472
150000000 0.0043276594764
160000000 0.0048813200592
180000000 0.005389550684
200000000 0.0059294202318
#Header 
#Target 67 163 0
#Product 65 156 0
#Datapoints 24
1000000 0
26000000 0
28000000 2.85184784E-14
30000000 2.55446406E-12
35000000 1.1173399962E-9
40000000 4.1042904576E-8
45000000 6.0742794002E-7
50000000 9.6289403946E-6
55000000 5.348799246E-5
60000000 0.000121250005695
65000000 0.000166831003282
70000000 0.00017985007975
75000000 0.00018272599668
80000000 0.00018088297048
90000000 0.00023733997504
100000000 0.00046204098486
110000000 0.00084181495248
120000000 0.0012538499736
130000000 0.00166042968
140000000 0.0020032005545
150000000 0.0023452196508
160000000 0.0026064996048
180000000 0.002789040844
200000000 0.0029856294624
#Header 
#Target 67 163 0
#Product 65 157 0
#Datapoints 30
1000000 0
17000000 0
18000000 4.794878592E-15
19000000 1.2680789396E-13
20000000 2.026413981E-12
22000000 1.448859636E-10
24000000 2.2346196837E-9
26000000 9.542359925E-9
28000000 2.337720928E-8
30000000 5.804820207E-8
35000000 4.5617193945E-7
40000000 4.6556103936E-6
45000000 3.062100572E-5
50000000 8.4940799262E-5
55000000 0.000128966005176
60000000 0.00014405699763
65000000 0.000141708995014
70000000 0.000138129991003
75000000 0.000145971992481
80000000 0.00019052800867
90000000 0.00050076195456
100000000 0.00112732993828
110000000 0.001843080192
120000000 0.0025078097655
130000000 0.003010650552
140000000 0.0034201499816
150000000 0.0037807803436
160000000 0.004098529344
180000000 0.004408870384
200000000 0.0045282397914
#Header 
#Target 67 163 0
#Product 65 158 0
#Datapoints 31
1000000 0
16000000 0
17000000 3.619775914E-15
18000000 6.930669312E-14
19000000 9.000600972E-13
20000000 7.457559429E-12
22000000 1.43283978E-10
24000000 1.3368086671E-9
26000000 9.5667702697E-9
28000000 5.48762084E-8
30000000 2.449670391E-7
35000000 3.5447793594E-6
40000000 1.46814000384E-5
45000000 2.6049899669E-5
50000000 3.0932601354E-5
55000000 3.075040472E-5
60000000 2.8328100255E-5
65000000 2.8751702609E-5
70000000 4.3227801992E-5
75000000 9.9656396133E-5
80000000 0.00022427095377
90000000 0.00062586301568
100000000 0.00106959994232
110000000 0.00143666010882
120000000 0.0017565094875
130000000 0.0019740201936
140000000 0.0021270506173
150000000 0.0022487592504
160000000 0.0023687096472
180000000 0.002489850244
200000000 0.0025316298774
#Header 
#Target 67 163 0
#Product 65 159 0
#Datapoints 38
1000000 0
9000000 0
10000000 3.805536639E-14
11000000 9.540300531E-13
12000000 1.172557312577E-11
13000000 7.7265035E-11
14000000 3.265207708662E-10
15000000 1.0665498210429E-9
16000000 2.8960399975E-9
17000000 6.6457900468E-9
18000000 1.2979903104E-8
19000000 2.3061305256E-8
20000000 3.8832498966E-8
22000000 1.14139996992E-7
24000000 2.4452805383E-7
26000000 4.2673700993E-7
28000000 7.242289372E-7
30000000 1.0399498929E-6
35000000 2.350990311E-6
40000000 3.0100798464E-6
45000000 2.978659279E-6
50000000 2.672940846E-6
55000000 3.1460197138E-6
60000000 1.0190399856E-5
65000000 4.5706296529E-5
70000000 0.000136010011068
75000000 0.00027483198903
80000000 0.00043598496747
90000000 0.00075335798272
100000000 0.00101996003746
110000000 0.001213240077
120000000 0.00135053005395
130000000 0.00145860010296
140000000 0.0015174402445
150000000 0.0015867597798
160000000 0.001617380544
180000000 0.001648059864
200000000 0.0016628194518
#Header 
#Target 67 163 0
#Product 65 160 0
#Datapoints 23
1000000 0
28000000 0
30000000 3.23620677E-14
35000000 3.821624754E-11
40000000 1.9867195392E-9
45000000 3.0860995537E-8
50000000 1.14566994348E-6
55000000 1.29736998919E-5
60000000 5.412079491E-5
65000000 0.000124523008717
70000000 0.00020713707244
75000000 0.00028188295578
80000000 0.0003472920158
90000000 0.0004500599488
100000000 0.00052007793292
110000000 0.00056410902216
120000000 0.00059530400505
130000000 0.00061085695944
140000000 0.00062499499039
150000000 0.00063903389628
160000000 0.00064510396704
180000000 0.000648662022
200000000 0.0006437109159
#Header 
#Target 67 163 0
#Product 66 144 0
#Datapoints 7
1000000 0
130000000 0
140000000 1.12389988105E-8
150000000 2.478510008E-6
160000000 9.4819799568E-6
180000000 0.000166591078
200000000 0.00036082205562
#Header 
#Target 67 163 0
#Product 66 145 0
#Datapoints 8
1000000 0
120000000 0
130000000 9.3625301952E-9
140000000 7.6944794376E-7
150000000 2.111420389E-6
160000000 5.5328195832E-6
180000000 5.786149472E-5
200000000 7.8956298564E-5
#Header 
#Target 67 163 0
#Product 66 146 0
#Datapoints 9
1000000 0
110000000 0
120000000 4.7344395735E-7
130000000 2.767999416E-5
140000000 8.818589308E-5
150000000 0.0002217279792
160000000 0.00062683101
180000000 0.0013381500984
200000000 0.0017505204678
#Header 
#Target 67 163 0
#Product 66 147 0
#Datapoints 10
1000000 0
100000000 0
110000000 1.03933998036E-6
120000000 0.000140803999995
130000000 0.00068219596536
140000000 0.00132796993986
150000000 0.00229199971
160000000 0.0041756194584
180000000 0.006183031152
200000000 0.005342759448
#Header 
#Target 67 163 0
#Product 66 148 0
#Datapoints 11
1000000 0
90000000 0
100000000 3.7403903264E-6
110000000 0.0016416502902
120000000 0.0082420796295
130000000 0.0097943810328
140000000 0.0116840001124
150000000 0.021861299148
160000000 0.0247663962
180000000 0.02243709792
200000000 0.022119701214
#Header 
#Target 67 163 0
#Product 66 149 0
#Datapoints 12
1000000 0
80000000 0
90000000 4.7913607616E-7
100000000 0.002656990336
110000000 0.011751000012
120000000 0.0117388000755
130000000 0.0094007700696
140000000 0.015332007355
150000000 0.016517095452
160000000 0.015677106432
180000000 0.01727869872
200000000 0.01588239705
#Header 
#Target 67 163 0
#Product 66 150 0
#Datapoints 14
1000000 0
70000000 0
75000000 2.039134428E-11
80000000 2.046940683E-8
90000000 0.0030236397632
100000000 0.016910096476
110000000 0.018207806724
120000000 0.01243700025
130000000 0.015713801376
140000000 0.01732570194
150000000 0.01775759752
160000000 0.01904589648
180000000 0.01836379776
200000000 0.019629794262
#Header 
#Target 67 163 0
#Product 66 151 0
#Datapoints 15
1000000 0
65000000 0
70000000 3.620146354E-10
75000000 8.3869896015E-6
80000000 0.000132488003492
90000000 0.0047416907776
100000000 0.0133089992308
110000000 0.0106028998416
120000000 0.0114638996715
130000000 0.0151460998416
140000000 0.017979092458
150000000 0.01829480003
160000000 0.017579701776
180000000 0.01877130584
200000000 0.018469195836
#Header 
#Target 67 163 0
#Product 66 152 0
#Datapoints 17
1000000 0
55000000 0
60000000 6.03585528E-13
65000000 8.7706008171E-5
70000000 0.001742829914
75000000 0.004994559387
80000000 0.008154649782
90000000 0.0156628994368
100000000 0.013095799535
110000000 0.0110719001916
120000000 0.01638669474
130000000 0.019644804816
140000000 0.018411098505
150000000 0.020168098002
160000000 0.02261900004
180000000 0.02062279808
200000000 0.019730794434
#Header 
#Target 67 163 0
#Product 66 153 0
#Datapoints 18
1000000 0
50000000 0
55000000 4.497216313E-12
60000000 9.0789400065E-7
65000000 6.881809341E-5
70000000 0.00116321002816
75000000 0.0057159991803
80000000 0.0111755000599
90000000 0.0110571003648
100000000 0.0072451807428
110000000 0.011848399848
120000000 0.015040499709
130000000 0.016332200976
140000000 0.019234000856
150000000 0.019535198176
160000000 0.018215899416
180000000 0.01850139528
200000000 0.02039020386
#Header 
#Target 67 163 0
#Product 66 154 0
#Datapoints 20
1000000 0
40000000 0
45000000 2.417365953E-14
50000000 2.8662708366E-7
55000000 6.5160898841E-5
60000000 0.0008493299997
65000000 0.0048640495314
70000000 0.0114047999681
75000000 0.0139817998074
80000000 0.0119999004403
90000000 0.0077464902592
100000000 0.0112989003218
110000000 0.016138195002
120000000 0.02006209236
130000000 0.022979499816
140000000 0.023215203243
150000000 0.024417097432
160000000 0.025503100896
180000000 0.02598329992
200000000 0.024732604182
#Header 
#Target 67 163 0
#Product 66 155 0
#Datapoints 21
1000000 0
35000000 0
40000000 2.572125696E-10
45000000 6.9119695509E-6
50000000 0.00022533796572
55000000 0.0027081398688
60000000 0.008135660169
65000000 0.0107437996196
70000000 0.009003780754
75000000 0.0067593703893
80000000 0.0058567604848
90000000 0.0082054995904
100000000 0.0137397008112
110000000 0.018005902668
120000000 0.021069294165
130000000 0.023562599424
140000000 0.025144305405
150000000 0.026109006976
160000000 0.026730301728
180000000 0.02768369624
200000000 0.027948797526
#Header 
#Target 67 163 0
#Product 66 156 0
#Datapoints 23
1000000 0
28000000 0
30000000 1.113039306E-10
35000000 1.53566011722E-5
40000000 0.00022322597376
45000000 0.0018574099762
50000000 0.006255109557
55000000 0.0091583699796
60000000 0.0084020889225
65000000 0.0069907305829
70000000 0.0062343407969
75000000 0.0066580805235
80000000 0.0084173407577
90000000 0.0149413014016
100000000 0.02128020349
110000000 0.02626409889
120000000 0.02969810376
130000000 0.03153960264
140000000 0.033241795801
150000000 0.03452949487
160000000 0.035622199392
180000000 0.03626520352
200000000 0.036193300104
#Header 
#Target 67 163 0
#Product 66 157 0
#Datapoints 27
1000000 0
20000000 0
22000000 1.166559381E-12
24000000 9.9753690997E-9
26000000 1.39505998366E-6
28000000 1.3541099528E-5
30000000 4.631130126E-5
35000000 0.00079942794237
40000000 0.0040597595136
45000000 0.0069820391398
50000000 0.0071192797218
55000000 0.0064241002721
60000000 0.00577550064
65000000 0.0058101899852
70000000 0.0070955797111
75000000 0.0096771798801
80000000 0.0132636009888
90000000 0.0203056
100000000 0.026340102334
110000000 0.029999498364
120000000 0.032247397155
130000000 0.034322905344
140000000 0.035652804705
150000000 0.036504101946
160000000 0.036570505608
180000000 0.0372400034
200000000 0.03764550582
#Header 
#Target 67 163 0
#Product 66 158 0
#Datapoints 36
1000000 0
11000000 0
12000000 2.738035571285E-15
13000000 1.8927297043E-11
14000000 2.6832102701208E-9
15000000 9.540904439931E-8
16000000 1.2130696929E-6
17000000 7.0544592384E-6
18000000 2.452500288E-5
19000000 5.3646807588E-5
20000000 6.1817105547E-5
22000000 8.4446000928E-5
24000000 0.0002449570554
26000000 0.00072955105944
28000000 0.001713559616
30000000 0.003177739917
35000000 0.0071890411395
40000000 0.0085012910592
45000000 0.007771679478
50000000 0.0066814094178
55000000 0.0064711600705
60000000 0.007817268732
65000000 0.0106548006584
70000000 0.0149334001927
75000000 0.019683102384
80000000 0.023985407785
90000000 0.030853505536
100000000 0.03515119881
110000000 0.037633396842
120000000 0.039163399035
130000000 0.040290499704
140000000 0.040845803698
150000000 0.04111540316
160000000 0.041573803752
180000000 0.04114399916
200000000 0.0403803036
#Header 
#Target 67 163 0
#Product 66 159 0
#Datapoints 42
1000000 0
5000000 0
6000000 2.6900588451E-13
7000000 1.49520004464E-10
8000000 1.39308982336E-8
9000000 3.403689978E-7
10000000 1.43493010902E-6
11000000 3.13945981647E-6
12000000 6.0364111895717E-6
13000000 1.34993001695E-5
14000000 2.8386306756279E-5
15000000 5.6059413173349E-5
16000000 0.00011099294739
17000000 0.00023278495151
18000000 0.00054175601088
19000000 0.0017353703224
20000000 0.0039050900787
22000000 0.0061274500596
24000000 0.0061571893335
26000000 0.0077294802242
28000000 0.008472919876
30000000 0.008647629498
35000000 0.0072550592061
40000000 0.0055067096064
45000000 0.005013700696
50000000 0.006380850309
55000000 0.0088452693616
60000000 0.0126286994925
65000000 0.0171595000177
70000000 0.02126709478
75000000 0.024602795199
80000000 0.027234908926
90000000 0.0308669984
100000000 0.03285780498
110000000 0.034209099612
120000000 0.034488997095
130000000 0.03468480288
140000000 0.034475599893
150000000 0.033855590392
160000000 0.033534896304
180000000 0.03269309608
200000000 0.031044606684
#Header 
#Target 67 163 0
#Product 66 160 0
#Datapoints 46
1000000 0
1000000 0
2000000 4.7378707787E-12
3000000 9.531721134E-11
4000000 1.44266986916E-9
5000000 1.80658996882E-8
6000000 1.45235996101E-7
7000000 7.9852291032E-7
8000000 3.02791968768E-6
9000000 9.0103495872E-6
10000000 2.38266002031E-5
11000000 5.9316615771E-5
12000000 0.00013759000558093
13000000 0.000290204981402
14000000 0.00055726704311523
15000000 0.0009688372757391
16000000 0.0015719297152
17000000 0.0025150798527
18000000 0.0045019304064
19000000 0.0112054994216
20000000 0.016158405741
22000000 0.0109037005362
24000000 0.0052403999693
26000000 0.0042495299168
28000000 0.003350369436
30000000 0.002739369456
35000000 0.0025842594354
40000000 0.0044116405248
45000000 0.0072023209351
50000000 0.0115108991472
55000000 0.016884900563
60000000 0.02203499571
65000000 0.026348301729
70000000 0.029604998557
75000000 0.032063104728
80000000 0.034081800955
90000000 0.036442402304
100000000 0.037477506976
110000000 0.03757259727
120000000 0.03736370109
130000000 0.036631607376
140000000 0.035875303098
150000000 0.035222001386
160000000 0.034332500592
180000000 0.03217830444
200000000 0.030198698478
#Header 
#Target 67 163 0
#Product 66 161 0
#Datapoints 34
1000000 0
13000000 0
14000000 3.247106329524E-15
15000000 2.456005656078E-13
16000000 8.379440784E-12
17000000 1.545409868E-10
18000000 1.7908998912E-9
19000000 1.455670458E-8
20000000 8.9737603893E-8
22000000 1.8235893474E-6
24000000 1.934140644E-5
26000000 0.000113348994857
28000000 0.0003752700756
30000000 0.0008460599472
35000000 0.0025467696315
40000000 0.0056803997184
45000000 0.0104260995162
50000000 0.015308300325
55000000 0.019237104247
60000000 0.02234950809
65000000 0.024664708162
70000000 0.026491602441
75000000 0.02781819072
80000000 0.028807400469
90000000 0.029632202432
100000000 0.029568493318
110000000 0.029181193848
120000000 0.02843040237
130000000 0.027657994728
140000000 0.026647693674
150000000 0.02564119467
160000000 0.024890101704
180000000 0.02295269372
200000000 0.0211657056
#Header 
#Target 67 163 0
#Product 66 162 0
#Datapoints 37
1000000 0
10000000 0
11000000 4.2048399837E-14
12000000 8.22500913864E-13
13000000 7.1032053641E-12
14000000 3.726064757595E-11
15000000 1.474463784477E-10
16000000 5.097053533E-10
17000000 1.60694972E-9
18000000 4.2172002432E-9
19000000 1.00156009932E-8
20000000 1.5713803455E-7
22000000 3.3316997274E-6
24000000 3.2840002895E-5
26000000 0.00017719599968
28000000 0.0005959499996
30000000 0.0014324098995
35000000 0.005535390156
40000000 0.0108355992576
45000000 0.0155367008164
50000000 0.01908289755
55000000 0.021697701285
60000000 0.02365099737
65000000 0.024991607246
70000000 0.025922599583
75000000 0.026533599966
80000000 0.026946894185
90000000 0.027003398016
100000000 0.026599999244
110000000 0.025858704978
120000000 0.024905592705
130000000 0.023859400656
140000000 0.02299210273
150000000 0.022152800358
160000000 0.021167000088
180000000 0.01935759592
200000000 0.017704494366
#Header 
#Target 67 163 0
#Product 67 148 0
#Datapoints 8
1000000 0
120000000 0
130000000 2.7545597352E-6
140000000 0.00016720405757
150000000 0.00079786590572
160000000 0.00109541003832
180000000 0.0010876598588
200000000 0.0010837499166
#Header 
#Target 67 163 0
#Product 67 149 0
#Datapoints 10
1000000 0
100000000 0
110000000 1.745854794E-11
120000000 2.68161978E-5
130000000 0.00111425991768
140000000 0.0053703699973
150000000 0.0057396298752
160000000 0.0050647095096
180000000 0.00550868986
200000000 0.0049363191696
#Header 
#Target 67 163 0
#Product 67 150 0
#Datapoints 10
1000000 0
100000000 0
110000000 1.9557401814E-6
120000000 0.00019139603085
130000000 0.00142128010752
140000000 0.0018594097826
150000000 0.001643630352
160000000 0.0018388494696
180000000 0.002071079616
200000000 0.0020252299236
#Header 
#Target 67 163 0
#Product 67 151 0
#Datapoints 11
1000000 0
90000000 0
100000000 8.5404894484E-6
110000000 0.00072978690438
120000000 0.0072151291965
130000000 0.011470999176
140000000 0.0113075004976
150000000 0.012294900475
160000000 0.0129680013528
180000000 0.012739999576
200000000 0.012071800611
#Header 
#Target 67 163 0
#Product 67 152 0
#Datapoints 12
1000000 0
80000000 0
90000000 1.8186292096E-7
100000000 4.8313806996E-5
110000000 0.00094147804224
120000000 0.002131859415
130000000 0.0024251996496
140000000 0.0028624498793
150000000 0.0032078004582
160000000 0.0032753906328
180000000 0.003210060248
200000000 0.0031014507108
#Header 
#Target 67 163 0
#Product 67 153 0
#Datapoints 14
1000000 0
70000000 0
75000000 2.164599528E-15
80000000 3.29855925E-7
90000000 0.00037611507584
100000000 0.0092273397216
110000000 0.02966849433
120000000 0.03261690618
130000000 0.030145902696
140000000 0.027057496546
150000000 0.024322394798
160000000 0.022650996888
180000000 0.02135320512
200000000 0.02226189771
#Header 
#Target 67 163 0
#Product 67 154 0
#Datapoints 15
1000000 0
65000000 0
70000000 2.5142998546E-9
75000000 3.7971204726E-6
80000000 6.5568497566E-5
90000000 0.0022869691712
100000000 0.009566530701
110000000 0.0127125990018
120000000 0.0137920009665
130000000 0.0150558012696
140000000 0.015499005337
150000000 0.015017604914
160000000 0.014486800224
180000000 0.01384209942
200000000 0.0130123996548
#Header 
#Target 67 163 0
#Product 67 155 0
#Datapoints 17
1000000 0
55000000 0
60000000 5.300946105E-10
65000000 2.5058600815E-6
70000000 0.000130082987807
75000000 0.00127511006106
80000000 0.0074259288461
90000000 0.04382089376
100000000 0.057516198558
110000000 0.05636480301
120000000 0.056210496855
130000000 0.056938596624
140000000 0.056578702549
150000000 0.056845898148
160000000 0.057076408584
180000000 0.05325200652
200000000 0.044880500808
#Header 
#Target 67 163 0
#Product 67 156 0
#Datapoints 18
1000000 0
50000000 0
55000000 6.0058298677E-9
60000000 7.9295892585E-6
65000000 0.000156318005385
70000000 0.00115686999876
75000000 0.0049264198068
80000000 0.0104555990554
90000000 0.0163083009152
100000000 0.018589602304
110000000 0.020274897024
120000000 0.020702102835
130000000 0.020066906496
140000000 0.019439504412
150000000 0.01898959283
160000000 0.019089697848
180000000 0.0186720926
200000000 0.018668005512
#Header 
#Target 67 163 0
#Product 67 157 0
#Datapoints 20
1000000 0
40000000 0
45000000 2.2835094558E-9
50000000 1.8031395888E-5
55000000 0.00051076803207
60000000 0.0044745490335
65000000 0.02153990028
70000000 0.051139501379
75000000 0.075460606281
80000000 0.086299802359
90000000 0.091653709952
100000000 0.094881097038
110000000 0.09246070332
120000000 0.08928330453
130000000 0.087119004336
140000000 0.086795507682
150000000 0.085472994568
160000000 0.083025207096
180000000 0.07854660084
200000000 0.0749334027
#Header 
#Target 67 163 0
#Product 67 158 0
#Datapoints 22
1000000 0
30000000 0
35000000 3.600518214E-15
40000000 4.8072805632E-7
45000000 0.000106219997192
50000000 0.00094291799904
55000000 0.0065272294187
60000000 0.01792170471
65000000 0.029139899666
70000000 0.035637503492
75000000 0.03898939698
80000000 0.04075049437
90000000 0.042561001728
100000000 0.042187399436
110000000 0.040842802314
120000000 0.039778194855
130000000 0.039498504864
140000000 0.038482302062
150000000 0.0373272978
160000000 0.036482594928
180000000 0.03425669904
200000000 0.032961393426
#Header 
#Target 67 163 0
#Product 67 159 0
#Datapoints 25
1000000 0
24000000 0
26000000 3.725667533E-15
28000000 5.011698E-10
30000000 3.273310386E-7
35000000 0.00029915404416
40000000 0.0026036806656
45000000 0.0176848000899
50000000 0.055101798348
55000000 0.093786590116
60000000 0.118832001015
65000000 0.130087992747
70000000 0.13475501216
75000000 0.136604011887
80000000 0.136143995811
90000000 0.134384002368
100000000 0.129232001262
110000000 0.124203994938
120000000 0.12087899385
130000000 0.115460005752
140000000 0.111021008073
150000000 0.107269001008
160000000 0.103533001728
180000000 0.0960706976
200000000 0.089439111216
#Header 
#Target 67 163 0
#Product 67 160 0
#Datapoints 29
1000000 0
18000000 0
19000000 1.2188489456E-14
20000000 2.815177854E-11
22000000 1.03177004526E-7
24000000 1.12819996222E-5
26000000 0.000147449007307
28000000 0.0005470279996
30000000 0.0011977201404
35000000 0.0075669091119
40000000 0.033240698112
45000000 0.066908206241
50000000 0.08984370288
55000000 0.100763005096
60000000 0.10431501171
65000000 0.106574990349
70000000 0.107017000977
75000000 0.106278994095
80000000 0.105210998667
90000000 0.100212992768
100000000 0.095815997004
110000000 0.090861804612
120000000 0.085767298995
130000000 0.081636299472
140000000 0.078041495744
150000000 0.07507199089
160000000 0.071630399256
180000000 0.0654075024
200000000 0.059275298316
#Header 
#Target 67 163 0
#Product 67 161 0
#Datapoints 37
1000000 0
10000000 0
11000000 4.6882753932E-14
12000000 6.80201366166E-12
13000000 3.9843930717E-10
14000000 1.2854798532813E-8
15000000 2.7522405082041E-7
16000000 3.1078502741E-6
17000000 1.98116933E-5
18000000 7.6248200448E-5
19000000 0.0002002700062
20000000 0.00041109291861
22000000 0.0013061700117
24000000 0.0039613098822
26000000 0.0106374999332
28000000 0.02343759988
30000000 0.04313219598
35000000 0.11045599692
40000000 0.165080007168
45000000 0.19263603397
50000000 0.19972491864
55000000 0.20154605921
60000000 0.20082105225
65000000 0.19823803142
70000000 0.19365503296
75000000 0.18911302962
80000000 0.18388402261
90000000 0.17029204416
100000000 0.157503990462
110000000 0.14703101505
120000000 0.137845998975
130000000 0.129198001296
140000000 0.122095003424
150000000 0.114935995018
160000000 0.109120000392
180000000 0.09814610532
200000000 0.088844799888
#Header 
#Target 67 163 0
#Product 67 162 0
#Datapoints 39
1000000 0
8000000 0
9000000 7.957894815E-13
10000000 5.4165517575E-10
11000000 3.52159995438E-8
12000000 9.177080942918E-7
13000000 1.21447012938E-5
14000000 8.620650583707E-5
15000000 0.00036977499367776
16000000 0.0010617100806
17000000 0.0022969897582
18000000 0.0041906797632
19000000 0.0067198299652
20000000 0.0101386006062
22000000 0.01830950244
24000000 0.027539702703
26000000 0.035560793023
28000000 0.04423209648
30000000 0.05047139268
35000000 0.061533398178
40000000 0.066774406656
45000000 0.069238412069
50000000 0.068769993726
55000000 0.069442007468
60000000 0.06837230127
65000000 0.066705396453
70000000 0.06475420154
75000000 0.062855402676
80000000 0.060583589168
90000000 0.056269900736
100000000 0.052366805764
110000000 0.048727796364
120000000 0.04553769804
130000000 0.042818294064
140000000 0.040200406323
150000000 0.03811740192
160000000 0.03600180636
180000000 0.03221569788
200000000 0.029165995014
#Header 
#Target 67 163 0
#Product 67 163 0
#Datapoints 45
1000000 0
2000000 0
3000000 1.71825014208E-14
4000000 1.22930988828E-10
5000000 5.24243992572E-8
6000000 4.13466000534E-6
7000000 0.000107793007012
8000000 0.0012144999232
9000000 0.0064769594214
10000000 0.0178836013227
11000000 0.0313099987668
12000000 0.043702507176195
13000000 0.0560598036038
14000000 0.069600412373682
15000000 0.084376611438813
16000000 0.099430809998
17000000 0.113250998214
18000000 0.12469996224
19000000 0.13360599472
20000000 0.14032293789
22000000 0.14889405204
24000000 0.15271693289
26000000 0.153080006331
28000000 0.15186301476
30000000 0.14957001567
35000000 0.139744990296
40000000 0.131060997888
45000000 0.124430992343
50000000 0.12329099382
55000000 0.117244995447
60000000 0.1137159933
65000000 0.106872005133
70000000 0.102235999761
75000000 0.095114507952
80000000 0.08979009408
90000000 0.077247906176
100000000 0.065397691814
110000000 0.054653391792
120000000 0.04529469783
130000000 0.037376209416
140000000 0.030770605003
150000000 0.025327305692
160000000 0.020947098744
180000000 0.01465880288
200000000 0.0107940990222
#Header 
#Target 67 163 0
#Product 68 150 0
#Datapoints 9
1000000 0
110000000 0
120000000 1.7053895355E-5
130000000 0.00077544298104
140000000 0.00088123091964
150000000 0.00044862296024
160000000 0.00050711206104
180000000 0.0004155580088
200000000 0.00031163000232
#Header 
#Target 67 163 0
#Product 68 151 0
#Datapoints 10
1000000 0
100000000 0
110000000 1.913299416E-5
120000000 0.00185284938
130000000 0.0025271492064
140000000 0.0015652004029
150000000 0.0014072100289
160000000 0.00116173985616
180000000 0.0008838870072
200000000 0.00076784300736
#Header 
#Target 67 163 0
#Product 68 152 0
#Datapoints 11
1000000 0
90000000 0
100000000 3.1050205368E-5
110000000 0.0033406890966
120000000 0.00531113031
130000000 0.0031847793432
140000000 0.0021921006515
150000000 0.0018967902824
160000000 0.0017802301296
180000000 0.001196300008
200000000 0.00102712007736
#Header 
#Target 67 163 0
#Product 68 153 0
#Datapoints 12
1000000 0
80000000 0
90000000 2.0754693568E-5
100000000 0.0067485905578
110000000 0.0146105002998
120000000 0.0093044207985
130000000 0.0056562802296
140000000 0.0046161590012
150000000 0.0042006103776
160000000 0.003292999164
180000000 0.002654520672
200000000 0.0019776593226
#Header 
#Target 67 163 0
#Product 68 154 0
#Datapoints 13
1000000 0
75000000 0
80000000 1.54470994776E-5
90000000 0.0129289998656
100000000 0.03179230054
110000000 0.01904220711
120000000 0.010228299135
130000000 0.0083840492736
140000000 0.0071410303025
150000000 0.0051930105474
160000000 0.0046746104496
180000000 0.003656930524
200000000 0.0025521193308
#Header 
#Target 67 163 0
#Product 68 155 0
#Datapoints 15
1000000 0
65000000 0
70000000 6.0847397521E-8
75000000 0.001865769159
80000000 0.020343102152
90000000 0.073726003456
100000000 0.041190801288
110000000 0.020521806084
120000000 0.0147928998855
130000000 0.0112686991872
140000000 0.0087316507065
150000000 0.007550059491
160000000 0.0064424407008
180000000 0.00456933046
200000000 0.0034077308382
#Header 
#Target 67 163 0
#Product 68 156 0
#Datapoints 17
1000000 0
55000000 0
60000000 7.610869539E-8
65000000 0.0034830802073
70000000 0.042530398758
75000000 0.109751988372
80000000 0.134814994827
90000000 0.071660799616
100000000 0.033970397006
110000000 0.023656599666
120000000 0.01724389968
130000000 0.0138811003968
140000000 0.0112517005319
150000000 0.0093661795786
160000000 0.0080064090912
180000000 0.005668859864
200000000 0.004732099476
#Header 
#Target 67 163 0
#Product 68 157 0
#Datapoints 18
1000000 0
50000000 0
55000000 0.00119674000093
60000000 0.050494799355
65000000 0.163263011231
70000000 0.19866793388
75000000 0.143050013424
80000000 0.08369849995
90000000 0.037443808192
100000000 0.025301907722
110000000 0.017958201804
120000000 0.0142927008615
130000000 0.0116979999864
140000000 0.0093082393132
150000000 0.0078693405362
160000000 0.0067266304872
180000000 0.005293400432
200000000 0.0042949101936
#Header 
#Target 67 163 0
#Product 68 158 0
#Datapoints 20
1000000 0
40000000 0
45000000 0.0026813797823
50000000 0.124888991028
55000000 0.32335599448
60000000 0.35511808605
65000000 0.23886995623
70000000 0.134274988815
75000000 0.082546600137
80000000 0.06013549454
90000000 0.039750308864
100000000 0.02823789241
110000000 0.021555398808
120000000 0.01733299872
130000000 0.01438360014
140000000 0.0121710007896
150000000 0.0104410002866
160000000 0.0093638805
180000000 0.007450759236
200000000 0.0061286195646
#Header 
#Target 67 163 0
#Product 68 159 0
#Datapoints 21
1000000 0
35000000 0
40000000 0.175255001088
45000000 0.50226205291
50000000 0.47133892212
55000000 0.25673893296
60000000 0.13152299433
65000000 0.083836905429
70000000 0.062770307919
75000000 0.051555190794
80000000 0.042853896878
90000000 0.031565693376
100000000 0.02497780194
110000000 0.020408199372
120000000 0.01708240767
130000000 0.0147047994912
140000000 0.0129503006208
150000000 0.0117170006252
160000000 0.0105101008584
180000000 0.008649299404
200000000 0.0072716396688
#Header 
#Target 67 163 0
#Product 68 160 0
#Datapoints 25
1000000 0
24000000 0
26000000 0.00044449696991
28000000 0.08313960268
30000000 0.3313869408
35000000 0.77488097715
40000000 0.6644949504
45000000 0.30273402202
50000000 0.15581198619
55000000 0.108358991913
60000000 0.084835296
65000000 0.06949980703
70000000 0.059468797601
75000000 0.05161909206
80000000 0.045084707829
90000000 0.035951006784
100000000 0.029796998504
110000000 0.025312492026
120000000 0.02171219787
130000000 0.019055299536
140000000 0.017008806184
150000000 0.015328405924
160000000 0.0139316989032
180000000 0.011653799124
200000000 0.0098357395344
#Header 
#Target 67 163 0
#Product 68 161 0
#Datapoints 29
1000000 0
18000000 0
19000000 0.034471003292
20000000 0.23872405275
22000000 0.68858198172
24000000 0.91009296221
26000000 0.99810900462
28000000 0.949033066
30000000 0.714429072
35000000 0.26039900034
40000000 0.145544011776
45000000 0.110684008033
50000000 0.091485501456
55000000 0.076800908393
60000000 0.0660987054
65000000 0.058079099889
70000000 0.050828307835
75000000 0.044868004086
80000000 0.040276792394
90000000 0.032453205568
100000000 0.026848298386
110000000 0.022669994196
120000000 0.01961239731
130000000 0.017293800888
140000000 0.015320296121
150000000 0.0137647999658
160000000 0.0125920999776
180000000 0.010484600744
200000000 0.0088776793482
#Header 
#Target 67 163 0
#Product 68 162 0
#Datapoints 39
1000000 0
8000000 0
9000000 0.000120411006378
10000000 0.096657501693
11000000 0.279859959909
12000000 0.44861706727985
13000000 0.578381004956
14000000 0.68598909970392
15000000 0.77847008133675
16000000 0.85750401568
17000000 0.92272003538
18000000 0.9747809568
19000000 0.97750002856
20000000 0.80396499519
22000000 0.4170729744
24000000 0.24066001179
26000000 0.17450403663
28000000 0.14812000056
30000000 0.13452799761
35000000 0.113202995598
40000000 0.09626049792
45000000 0.082711400704
50000000 0.071251402158
55000000 0.061747097867
60000000 0.054353698035
65000000 0.047532596418
70000000 0.041684893411
75000000 0.036698696433
80000000 0.032563308992
90000000 0.02615129216
100000000 0.021456308146
110000000 0.018050495364
120000000 0.015602893845
130000000 0.013727599704
140000000 0.012243899458
150000000 0.0110037008016
160000000 0.0099696899328
180000000 0.008301119664
200000000 0.0070196503104
#Header 
#Target 67 163 0
#Product 68 163 0
#Datapoints 45
1000000 0
2000000 0
3000000 4.15867001796E-7
4000000 3.604259967E-5
5000000 0.000677898992631
6000000 0.00549078006943
7000000 0.0260429003488
8000000 0.0827443034176
9000000 0.185391012924
10000000 0.215467004952
11000000 0.155849004096
12000000 0.10073400739668
13000000 0.075286683919
14000000 0.063083611089966
15000000 0.057051905473698
16000000 0.054031697486
17000000 0.052741597605
18000000 0.052000994304
19000000 0.051363001272
20000000 0.050608106568
22000000 0.048944693448
24000000 0.046504502885
26000000 0.043886009412
28000000 0.04115209568
30000000 0.03886750359
35000000 0.033369892281
40000000 0.028624494336
45000000 0.024601092783
50000000 0.02078539794
55000000 0.018068793289
60000000 0.01564959942
65000000 0.0136555008004
70000000 0.0118328997591
75000000 0.0104648996202
80000000 0.0092427599981
90000000 0.0073476998784
100000000 0.0060374497638
110000000 0.00509136948
120000000 0.004376669907
130000000 0.0038465097216
140000000 0.0034054793278
150000000 0.0030663507394
160000000 0.00276695016
180000000 0.002300519388
200000000 0.0019478999904
#Header 
#Target 67 163 0
#Product 68 164 0
#Datapoints 46
1000000 0
1000000 0
2000000 1.75607005484E-10
3000000 1.68795999888E-8
4000000 8.6306885164E-7
5000000 8.9929876358E-6
6000000 3.70338002844E-5
7000000 8.7239394292E-5
8000000 0.000159082978496
9000000 0.00026454602265
10000000 0.00039678098166
11000000 0.00053715413247
12000000 0.0006758019171057
13000000 0.00080484094098
14000000 0.0009208742209668
15000000 0.0010023200239893
16000000 0.0010030599267
17000000 0.00093292698611
18000000 0.00084106197504
19000000 0.00075681295844
20000000 0.00068651396817
22000000 0.0005817259917
24000000 0.00051293709537
26000000 0.00046554900714
28000000 0.000431629984
30000000 0.0004077150147
35000000 0.00035677592622
40000000 0.00032791590912
45000000 0.00030121806161
50000000 0.00028520103012
55000000 0.00026107806223
60000000 0.0002480509668
65000000 0.00022865602986
70000000 0.00021703506513
75000000 0.00020032393785
80000000 0.00019086898715
90000000 0.0001688630272
100000000 0.000146978011726
110000000 0.000125798992578
120000000 0.0001175650011
130000000 0.000105310990512
140000000 8.9002503277E-5
150000000 7.5443497194E-5
160000000 6.9074097456E-5
180000000 6.064100196E-5
200000000 4.7571504552E-5
