#Header 
#Target 35 74 1
#Product 0 1 0
#Datapoints 44
1000000 0
3000000 0
4000000 1.491772042E-5
5000000 0.00507646304
6000000 0.013070381548
7000000 0.019307259279
8000000 0.0250452630652
9000000 0.03295660851
10000000 0.04278134269536
11000000 0.053543138528
12000000 0.06505712092232
13000000 0.0780911869466
14000000 0.09482073234939
15000000 0.1188099096
16000000 0.1487072288
17000000 0.1796762289
18000000 0.2087206992
19000000 0.2349917292
20000000 0.2600205942
22000000 0.3122271219
24000000 0.3900293026
26000000 0.4834798936
28000000 0.557901444
30000000 0.6032401544
35000000 0.6658762404
40000000 0.726045945
45000000 0.79312554
50000000 0.8382723219
55000000 0.878282286
60000000 0.9173256729
65000000 0.9487003824
70000000 0.980353626
75000000 1.0062932105
80000000 1.035204440426
90000000 1.125088116732
100000000 1.21352693832
110000000 1.2987498216
120000000 1.383410319114
130000000 1.4659528736
140000000 1.549686124536
150000000 1.632476773253
160000000 1.714467792
180000000 1.881031014226
200000000 2.04715451628
#Header 
#Target 35 74 1
#Product 1 1 0
#Datapoints 45
1000000 0
2000000 1.3403559395E-5
3000000 0.003624856708
4000000 0.03921030554
5000000 0.131799472
6000000 0.24867960926
7000000 0.37328721507
8000000 0.4946308607852
9000000 0.61211619483
10000000 0.7487036707728
11000000 0.9471767888
12000000 1.179853082254
13000000 1.392310201531
14000000 1.550686311747
15000000 1.652526896
16000000 1.713811632
17000000 1.751501268
18000000 1.778490896
19000000 1.799186172
20000000 1.815868284
22000000 1.862626239
24000000 1.932860468
26000000 2.009830688
28000000 2.081236944
30000000 2.13336132
35000000 2.196710215
40000000 2.2682085
45000000 2.30804478
50000000 2.326159134
55000000 2.35059642
60000000 2.36440386
65000000 2.36284813
70000000 2.366057224
75000000 2.360121171
80000000 2.360741005027
90000000 2.395206673263
100000000 2.430713453733
110000000 2.4677461039
120000000 2.505120194658
130000000 2.5417257376
140000000 2.579389830358
150000000 2.617680811968
160000000 2.657072544
180000000 2.740285364229
200000000 2.827594815907
#Header 
#Target 35 74 1
#Product 1 2 0
#Datapoints 39
1000000 0
8000000 0
9000000 2.903177193E-12
10000000 1.871419723887E-8
11000000 1.3382346208E-6
12000000 1.945541307304E-5
13000000 0.0001351004238169
14000000 0.0005650666742169
15000000 0.00157594474
16000000 0.003267972968
17000000 0.005525412411
18000000 0.007199653136
19000000 0.009963049788
20000000 0.0129191622
22000000 0.01906961886
24000000 0.02515498706
26000000 0.03093204676
28000000 0.036348792
30000000 0.04205530956
35000000 0.05301222115
40000000 0.061799646
45000000 0.0690869304
50000000 0.0754526916
55000000 0.07926672885
60000000 0.08210753551
65000000 0.08683949864
70000000 0.08878421848
75000000 0.09223349031
80000000 0.09381623584344
90000000 0.09322761071085
100000000 0.0941824290942
110000000 0.0946076131
120000000 0.0961317682821
130000000 0.09870727392
140000000 0.1019204338988
150000000 0.1062780016584
160000000 0.11168759232
180000000 0.1247411006695
200000000 0.1420022714545
#Header 
#Target 35 74 1
#Product 1 3 0
#Datapoints 32
1000000 0
15000000 0
16000000 1.893367008E-13
17000000 4.946493879E-10
18000000 6.162757744E-8
19000000 6.792185568E-7
20000000 6.725596158E-6
22000000 8.339251857E-5
24000000 0.0002988079472
26000000 0.0006415290164
28000000 0.001072361796
30000000 0.001555572938
35000000 0.002852862117
40000000 0.00414175275
45000000 0.00535361481
50000000 0.00646109919
55000000 0.007472520435
60000000 0.008478901249
65000000 0.0094845267
70000000 0.01053802204
75000000 0.011638609
80000000 0.0127596863622
90000000 0.01528472337528
100000000 0.01826454885942
110000000 0.02043230805
120000000 0.02271997050117
130000000 0.025171542256
140000000 0.02772496499454
150000000 0.03045432527677
160000000 0.033293685504
180000000 0.03934510903407
200000000 0.04606168448439
#Header 
#Target 35 74 1
#Product 2 3 0
#Datapoints 40
1000000 0
7000000 0
8000000 9.44080594578E-17
9000000 1.5747550602E-13
10000000 2.20108897779E-11
11000000 4.8391037552E-10
12000000 4.667160072012E-9
13000000 2.643629002673E-8
14000000 1.134934802361E-7
15000000 4.734930636E-7
16000000 2.42505848E-6
17000000 1.258049427E-5
18000000 4.311332064E-5
19000000 0.0001522280184
20000000 0.0004163240352
22000000 0.001639313781
24000000 0.003695165292
26000000 0.006511562276
28000000 0.009696640848
30000000 0.01306293648
35000000 0.02095021488
40000000 0.0277044705
45000000 0.0331769682
50000000 0.03706889823
55000000 0.0395146995
60000000 0.04162472678
65000000 0.04316145092
70000000 0.04482911326
75000000 0.04639796926
80000000 0.04795301502672
90000000 0.05106014721483
100000000 0.05499068640342
110000000 0.056884741914
120000000 0.05889587510475
130000000 0.061046296464
140000000 0.0633339845237
150000000 0.06570113695416
160000000 0.068089205376
180000000 0.07300314272559
200000000 0.07785502918267
#Header 
#Target 35 74 1
#Product 2 4 0
#Datapoints 45
1000000 0
2000000 2.44185542E-8
3000000 2.696238944E-6
4000000 3.521913786E-5
5000000 0.000206947648
6000000 0.0007542990219
7000000 0.001890833868
8000000 0.003245887447566
9000000 0.0041036059722
10000000 0.004697743493562
11000000 0.0059233814112
12000000 0.008233979800202
13000000 0.01157637027749
14000000 0.01573530667665
15000000 0.02066790376
16000000 0.02680232152
17000000 0.03336617892
18000000 0.03995736992
19000000 0.0453256884
20000000 0.05153682756
22000000 0.06279684111
24000000 0.07133350686
26000000 0.07757566852
28000000 0.08279569128
30000000 0.08727811748
35000000 0.09546054847
40000000 0.0986565825
45000000 0.099303813
50000000 0.09888429096
55000000 0.0985343433
60000000 0.0976418443
65000000 0.09540833634
70000000 0.0940516758
75000000 0.09243227004
80000000 0.09265590248684
90000000 0.1013925968259
100000000 0.1109652682665
110000000 0.1190230657
120000000 0.1264534419282
130000000 0.13373576272
140000000 0.1409901604507
150000000 0.1477902306184
160000000 0.153609816
180000000 0.1631580963691
200000000 0.1710539643882
#Header 
#Target 35 74 1
#Product 26 51 0
#Datapoints 9
1000000 0
110000000 0
120000000 2.742314431659E-13
130000000 1.0858961536E-11
140000000 9.30453208157E-11
150000000 5.590533894173E-10
160000000 3.39210963552E-9
180000000 6.1132310344896E-8
200000000 6.8610806760938E-7
#Header 
#Target 35 74 1
#Product 26 52 0
#Datapoints 11
1000000 0
90000000 0
100000000 5.374326414546E-13
110000000 8.0446559963E-11
120000000 1.2023104260912E-9
130000000 6.13856953488E-9
140000000 3.3609698445378E-8
150000000 1.6832698309819E-7
160000000 5.75923958016E-7
180000000 5.5508306842093E-6
200000000 3.815810130351E-5
#Header 
#Target 35 74 1
#Product 26 53 0
#Datapoints 13
1000000 0
75000000 0
80000000 1.33030328568E-15
90000000 1.311133191801E-11
100000000 1.0406999181402E-9
110000000 8.62396925236E-9
120000000 3.4367702336868E-8
130000000 2.15448997584E-7
140000000 1.0292000084828E-6
150000000 3.2569699748921E-6
160000000 9.9226209888E-6
180000000 7.0759000530988E-5
200000000 0.00035550606272387
#Header 
#Target 35 74 1
#Product 26 54 0
#Datapoints 16
1000000 0
60000000 0
65000000 7.903126504E-15
70000000 7.828980362E-13
75000000 2.41874039E-11
80000000 2.437336938524E-10
90000000 8.8132411558293E-9
100000000 4.1840708480151E-8
110000000 1.32738042899E-7
120000000 9.413286188424E-7
130000000 4.0017199112E-6
140000000 1.1516299429921E-5
150000000 3.5190502347462E-5
160000000 9.4438102656E-5
180000000 0.00050931302309251
200000000 0.0018485998765953
#Header 
#Target 35 74 1
#Product 26 55 0
#Datapoints 18
1000000 0
50000000 0
55000000 1.475380245E-14
60000000 1.764715498E-12
65000000 5.918854906E-11
70000000 6.383252154E-10
75000000 2.244080079E-9
80000000 4.4324704367917E-9
90000000 1.6642202144406E-8
100000000 8.9681512433949E-8
110000000 8.59380973374E-7
120000000 3.3915403964562E-6
130000000 9.6276817696E-6
140000000 3.1546802589324E-5
150000000 8.82436163836E-5
160000000 0.00020692196736
180000000 0.0008853969725055
200000000 0.0027238103426316
#Header 
#Target 35 74 1
#Product 26 56 0
#Datapoints 16
1000000 0
60000000 0
65000000 1.160257358E-14
70000000 9.181548718E-13
75000000 3.163946217E-11
80000000 7.358016142395E-10
90000000 6.9947905442919E-8
100000000 6.5328907884036E-7
110000000 1.93046023401E-6
120000000 5.3520802879611E-6
130000000 1.89284974256E-5
140000000 5.1411808840876E-5
150000000 0.00011993000118158
160000000 0.000255391008
180000000 0.0009368993454331
200000000 0.0023232301500609
#Header 
#Target 35 74 1
#Product 26 57 0
#Datapoints 16
1000000 0
60000000 0
65000000 2.92528231E-13
70000000 2.864422036E-11
75000000 4.695970718E-10
80000000 2.6747504976013E-9
90000000 4.355850318684E-8
100000000 1.4969402323956E-7
110000000 3.33780988002E-7
120000000 1.2729005142873E-6
130000000 3.82336973648E-6
140000000 8.627527122401E-6
150000000 1.9412499212861E-5
160000000 4.03118007168E-5
180000000 0.00012773803786436
200000000 0.00027942101837424
#Header 
#Target 35 74 1
#Product 26 58 0
#Datapoints 14
1000000 0
70000000 0
75000000 6.715152689E-15
80000000 8.770886202172E-13
90000000 3.872924600307E-10
100000000 1.2764902881216E-8
110000000 1.01918020127E-7
120000000 4.1679003836385E-7
130000000 9.766157624E-7
140000000 2.524170307868E-6
150000000 5.6691702751487E-6
160000000 1.19261993184E-5
180000000 2.9216906494083E-5
200000000 6.4634404956569E-5
#Header 
#Target 35 74 1
#Product 26 59 0
#Datapoints 13
1000000 0
75000000 0
80000000 1.445072793413E-13
90000000 1.516369658268E-10
100000000 4.9019606813289E-9
110000000 2.48398953957E-8
120000000 5.7140809444842E-8
130000000 1.41098029088E-7
140000000 3.6472605213858E-7
150000000 7.429910629547E-7
160000000 1.32736033536E-6
180000000 3.2678607673866E-6
200000000 6.2708209366468E-6
#Header 
#Target 35 74 1
#Product 26 60 0
#Datapoints 11
1000000 0
90000000 0
100000000 1.568328990222E-13
110000000 2.5227669698E-11
120000000 5.763135838587E-10
130000000 3.53719005984E-9
140000000 1.034230175154E-8
150000000 2.5027505235558E-8
160000000 5.4001797792E-8
180000000 1.6559199260891E-7
200000000 3.0764301125445E-7
#Header 
#Target 35 74 1
#Product 27 53 0
#Datapoints 10
1000000 0
100000000 0
110000000 1.1610934335E-14
120000000 4.895816140587E-12
130000000 1.6473660368E-10
140000000 1.3889105283999E-9
150000000 5.6100103272401E-9
160000000 1.94876945664E-8
180000000 1.8125305112236E-7
200000000 1.0783198436201E-6
#Header 
#Target 35 74 1
#Product 27 54 0
#Datapoints 11
1000000 0
90000000 0
100000000 8.847032278278E-13
110000000 2.5194771371E-10
120000000 6.8837712997296E-9
130000000 4.63725015168E-8
140000000 1.5159903040557E-7
150000000 4.8879009197804E-7
160000000 1.47331996608E-6
180000000 9.063142855879E-6
200000000 3.7168399466077E-5
#Header 
#Target 35 74 1
#Product 27 55 0
#Datapoints 14
1000000 0
70000000 0
75000000 1.198391141E-15
80000000 2.763514009101E-13
90000000 3.129493513509E-10
100000000 2.6924300184786E-8
110000000 3.20534018959E-7
120000000 1.257870217929E-6
130000000 3.62983982768E-6
140000000 1.2816902115182E-5
150000000 3.5041501901459E-5
160000000 8.5930621632E-5
180000000 0.00035787903891005
200000000 0.0011349398525789
#Header 
#Target 35 74 1
#Product 27 56 0
#Datapoints 16
1000000 0
60000000 0
65000000 8.007949076E-15
70000000 1.937443184E-12
75000000 7.881590927E-11
80000000 1.1836604356841E-9
90000000 1.1612098116726E-7
100000000 1.3583698336146E-6
110000000 3.8842501852E-6
120000000 1.0043101892388E-5
130000000 3.69096958928E-5
140000000 0.00010126298975353
150000000 0.00022968498679142
160000000 0.000501313004736
180000000 0.0017934401675785
200000000 0.0044696301321192
#Header 
#Target 35 74 1
#Product 27 57 0
#Datapoints 18
1000000 0
50000000 0
55000000 1.20664659E-14
60000000 2.013046126E-11
65000000 2.4176899616E-9
70000000 5.3724895116E-8
75000000 2.4083995823E-7
80000000 6.3841302446508E-7
90000000 3.1180901001618E-6
100000000 6.9797307385995E-6
110000000 2.2905301573E-5
120000000 7.9568210001354E-5
130000000 0.000191010960464
140000000 0.00039837201338902
150000000 0.0008660472027978
160000000 0.0016307297232
180000000 0.0044186706646131
200000000 0.008707634813909
#Header 
#Target 35 74 1
#Product 27 58 0
#Datapoints 19
1000000 0
45000000 0
50000000 3.821310441E-13
55000000 1.262681265E-10
60000000 5.4474699734E-9
65000000 5.0395595154E-8
70000000 1.541979923E-7
75000000 2.4713201146E-7
80000000 3.2658497850399E-7
90000000 6.3667604252982E-7
100000000 2.7023704727961E-6
110000000 1.24737042892E-5
120000000 2.9200202725983E-5
130000000 5.9435497344E-5
140000000 0.00013130598351651
150000000 0.00025367202483346
160000000 0.000439078990752
180000000 0.0010005498996521
200000000 0.0018301504746096
#Header 
#Target 35 74 1
#Product 27 59 0
#Datapoints 17
1000000 0
55000000 0
60000000 6.963436844E-14
65000000 2.43171006E-11
70000000 1.0382103066E-9
75000000 1.31149975E-8
80000000 7.6341615493044E-8
90000000 1.1764601480703E-6
100000000 5.7210606354216E-6
110000000 1.27535032009E-5
120000000 2.6970606988857E-5
130000000 6.01482965392E-5
140000000 0.00012713601618641
150000000 0.000217119000742
160000000 0.000362234994816
180000000 0.00076244811840498
200000000 0.0012602600327124
#Header 
#Target 35 74 1
#Product 27 60 0
#Datapoints 17
1000000 0
55000000 0
60000000 3.658815888E-14
65000000 1.545937096E-11
70000000 6.587346186E-10
75000000 6.2680606485E-9
80000000 2.4665701741016E-8
90000000 2.5951198819158E-7
100000000 7.3674010074612E-7
110000000 1.45229981743E-6
120000000 4.0079701714077E-6
130000000 9.3407887824E-6
140000000 1.6986103689192E-5
150000000 2.9590703526382E-5
160000000 4.83191953056E-5
180000000 9.446830550815E-5
200000000 0.00013120799095009
#Header 
#Target 35 74 1
#Product 27 61 0
#Datapoints 14
1000000 0
70000000 0
75000000 4.368039972E-15
80000000 4.869200606498E-13
90000000 2.977038176037E-10
100000000 1.2414803339319E-8
110000000 1.28497965134E-7
120000000 4.6839210881646E-7
130000000 1.00328993712E-6
140000000 1.9928002452556E-6
150000000 3.9392602832141E-6
160000000 6.43176978432E-6
180000000 1.1172597294824E-5
200000000 1.4910006479293E-5
#Header 
#Target 35 74 1
#Product 27 62 0
#Datapoints 13
1000000 0
75000000 0
80000000 5.254767638243E-14
90000000 4.995611391789E-11
100000000 1.5759498500004E-9
110000000 7.75548967116E-9
120000000 1.8320199276432E-8
130000000 3.33085956336E-8
140000000 7.3684411798195E-8
150000000 1.1635902885691E-7
160000000 1.7552998416E-7
180000000 2.6496803797065E-7
200000000 3.7091304765875E-7
#Header 
#Target 35 74 1
#Product 28 54 0
#Datapoints 10
1000000 0
100000000 0
110000000 2.1957140975E-15
120000000 5.942777218485E-13
130000000 1.1672291584E-11
140000000 6.161162890927E-11
150000000 2.84559634E-10
160000000 1.22034020544E-9
180000000 1.0229405233278E-8
200000000 5.4096805286794E-8
#Header 
#Target 35 74 1
#Product 28 55 0
#Datapoints 11
1000000 0
90000000 0
100000000 1.111738548489E-12
110000000 1.2836238415E-10
120000000 1.6305105860943E-9
130000000 6.72243026256E-9
140000000 2.8799303772008E-8
150000000 1.1279399880695E-7
160000000 3.15831017664E-7
180000000 1.7313199916299E-6
200000000 6.3244309331829E-6
#Header 
#Target 35 74 1
#Product 28 56 0
#Datapoints 15
1000000 0
65000000 0
70000000 1.378276912E-14
75000000 2.173507694E-12
80000000 3.980351420579E-11
90000000 2.9810301391326E-9
100000000 3.0016503149856E-8
110000000 9.2481366131E-8
120000000 3.0465002651295E-7
130000000 1.3073301128E-6
140000000 3.7411405163396E-6
150000000 9.211488281615E-6
160000000 2.05006988352E-5
180000000 7.7690207498225E-5
200000000 0.00019874804497729
#Header 
#Target 35 74 1
#Product 28 57 0
#Datapoints 17
1000000 0
55000000 0
60000000 2.93585019E-13
65000000 4.84071315E-11
70000000 1.1905402336E-9
75000000 9.0868201313E-9
80000000 2.9720406413555E-8
90000000 2.3735399957973E-7
100000000 6.1030701996654E-7
110000000 2.24329976024E-6
120000000 9.890170419108E-6
130000000 2.61970973632E-5
140000000 5.9802011134184E-5
150000000 0.00013519403103137
160000000 0.000260239973664
180000000 0.00077181710382161
200000000 0.0015566703571587
#Header 
#Target 35 74 1
#Product 28 58 0
#Datapoints 20
1000000 0
40000000 0
45000000 8.52396912E-13
50000000 7.881222258E-10
55000000 3.939739803E-8
60000000 2.8090599264E-7
65000000 7.1324191256E-7
70000000 1.1895603668E-6
75000000 1.4832996217E-6
80000000 1.7738004080663E-6
90000000 4.5623710138947E-6
100000000 2.6478306686391E-5
110000000 9.1018976587E-5
120000000 0.00018322703883315
130000000 0.000362314008208
140000000 0.00077591010083741
150000000 0.0014383100178134
160000000 0.00235501021056
180000000 0.0052655807134203
200000000 0.009148628768778
#Header 
#Target 35 74 1
#Product 28 59 0
#Datapoints 22
1000000 0
30000000 0
35000000 1.858599113E-12
40000000 1.588140555E-9
45000000 8.493079554E-8
50000000 5.2100103978E-7
55000000 1.168370085E-6
60000000 1.5669097353E-6
65000000 1.5106401962E-6
70000000 1.434919635E-6
75000000 2.2301198364E-6
80000000 5.6510403871838E-6
90000000 4.9783401000609E-5
100000000 0.0001572640400385
110000000 0.00028134504244
120000000 0.00057340505380206
130000000 0.00126143035504
140000000 0.0023210203222316
150000000 0.0038156400457436
160000000 0.00601468006656
180000000 0.01187980245501
200000000 0.01738170094995
#Header 
#Target 35 74 1
#Product 28 60 0
#Datapoints 20
1000000 0
40000000 0
45000000 7.52856255E-13
50000000 4.754379825E-10
55000000 2.5987995465E-8
60000000 5.750339777E-7
65000000 6.83882065E-6
70000000 2.8472598658E-5
75000000 5.4760599016E-5
80000000 7.5780406233649E-5
90000000 0.0001533889727292
100000000 0.00026164802915424
110000000 0.000644988014055
120000000 0.0013310304044955
130000000 0.00219244971168
140000000 0.0034176502594795
150000000 0.0052442608080193
160000000 0.00739080961152
180000000 0.011713703363845
200000000 0.014633300842912
#Header 
#Target 35 74 1
#Product 28 61 0
#Datapoints 21
1000000 0
35000000 0
40000000 1.3997931E-15
45000000 2.92340961E-11
50000000 1.6623300213E-8
55000000 6.724420389E-7
60000000 4.7743707375E-6
65000000 1.133660033E-5
70000000 1.5654998336E-5
75000000 1.6886901222E-5
80000000 1.8207202686412E-5
90000000 3.7846701341889E-5
100000000 0.00014968806362292
110000000 0.000379736960064
120000000 0.00065000310094701
130000000 0.00104224033392
140000000 0.0017474502923394
150000000 0.0026451801528337
160000000 0.00349650988416
180000000 0.0048918903109881
200000000 0.0055860906949486
#Header 
#Target 35 74 1
#Product 28 62 0
#Datapoints 18
1000000 0
50000000 0
55000000 4.28486241E-13
60000000 2.884314979E-10
65000000 1.7204197824E-8
70000000 2.2865202136E-7
75000000 1.4353895465E-6
80000000 5.0873203893165E-6
90000000 3.1601805291438E-5
100000000 6.8918608471932E-5
110000000 0.000109153023826
120000000 0.00018687102059289
130000000 0.000336389979648
140000000 0.00047048709316477
150000000 0.0006289111056841
160000000 0.000779913010752
180000000 0.0009843603622979
200000000 0.0010467599380875
#Header 
#Target 35 74 1
#Product 28 63 0
#Datapoints 18
1000000 0
50000000 0
55000000 2.71972692E-14
60000000 2.074045883E-11
65000000 1.7005900872E-9
70000000 2.3555397108E-8
75000000 1.0662498041E-7
80000000 2.5664902012624E-7
90000000 1.0807702184481E-6
100000000 1.9918398348426E-6
110000000 3.64224991053E-6
120000000 7.6821709424622E-6
130000000 1.35620965392E-5
140000000 1.9099105518735E-5
150000000 2.3954799109388E-5
160000000 2.9011000128E-5
180000000 3.6218105761628E-5
200000000 3.5907505498164E-5
#Header 
#Target 35 74 1
#Product 28 64 0
#Datapoints 15
1000000 0
65000000 0
70000000 9.678836298E-14
75000000 9.31210484E-12
80000000 2.331055975844E-10
90000000 6.841020241113E-9
100000000 7.0127106983712E-8
110000000 2.70933039146E-7
120000000 5.9208712009698E-7
130000000 9.2521319936E-7
140000000 1.2476004520716E-6
150000000 1.5959602397499E-6
160000000 1.90301018304E-6
180000000 2.1820405053657E-6
200000000 2.1966200769634E-6
#Header 
#Target 35 74 1
#Product 28 65 0
#Datapoints 14
1000000 0
70000000 0
75000000 5.802206805E-14
80000000 2.407821083158E-12
90000000 2.39162389599E-10
100000000 2.2259605809747E-9
110000000 6.37969976182E-9
120000000 1.0882800113067E-8
130000000 1.72354985808E-8
140000000 2.649320378177E-8
150000000 3.7433501815462E-8
160000000 4.53926963808E-8
180000000 5.1244306461593E-8
200000000 4.9680203912857E-8
#Header 
#Target 35 74 1
#Product 29 56 0
#Datapoints 10
1000000 0
100000000 0
110000000 4.2105780255E-15
120000000 1.565919164136E-12
130000000 4.0244756448E-11
140000000 2.773985469629E-10
150000000 9.108854317152E-10
160000000 2.48092036896E-9
180000000 1.3070901328499E-8
200000000 4.3231604264967E-8
#Header 
#Target 35 74 1
#Product 29 57 0
#Datapoints 12
1000000 0
80000000 0
90000000 2.291450211861E-15
100000000 1.041824795781E-11
110000000 6.3063555247E-10
120000000 6.750030602298E-9
130000000 2.67082021472E-8
140000000 6.9376114884637E-8
150000000 1.8118104393003E-7
160000000 4.0326998832E-7
180000000 1.3877605189364E-6
200000000 3.2432903517595E-6
#Header 
#Target 35 74 1
#Product 29 58 0
#Datapoints 14
1000000 0
70000000 0
75000000 2.18759173E-15
80000000 1.081150058843E-12
90000000 1.3184303389707E-9
100000000 5.6532699961416E-8
110000000 4.36633030603E-7
120000000 1.2122598220554E-6
130000000 2.64097991184E-6
140000000 6.4862705948172E-6
150000000 1.3805904438169E-5
160000000 2.51629989888E-5
180000000 6.5541310851436E-5
200000000 0.00012748098680423
#Header 
#Target 35 74 1
#Product 29 59 0
#Datapoints 17
1000000 0
55000000 0
60000000 3.828343883E-14
65000000 8.25427471E-12
70000000 4.926099072E-10
75000000 8.4263498719E-9
80000000 6.0967108955485E-8
90000000 1.443110027541E-6
100000000 8.1602907538092E-6
110000000 1.66314999851E-5
120000000 3.4589904333375E-5
130000000 8.56501977904E-5
140000000 0.00017361298648089
150000000 0.00030320799853216
160000000 0.000501312015168
180000000 0.0010882701532857
200000000 0.0016786399616662
#Header 
#Target 35 74 1
#Product 29 60 0
#Datapoints 20
1000000 0
40000000 0
45000000 2.02928868E-15
50000000 3.735954612E-12
55000000 6.622699995E-10
60000000 1.7740999094E-8
65000000 2.3642497164E-7
70000000 2.1253404114E-6
75000000 8.5754600369E-6
80000000 1.8503704679207E-5
90000000 6.1940801660406E-5
100000000 0.00010463000954016
110000000 0.000244853003703
120000000 0.0006034651155066
130000000 0.00110227976176
140000000 0.0018508801165756
150000000 0.0029422001510425
160000000 0.00437301066912
180000000 0.0074415406979795
200000000 0.009588372156688
#Header 
#Target 35 74 1
#Product 29 61 0
#Datapoints 21
1000000 0
35000000 0
40000000 9.89390865E-14
45000000 6.79321998E-10
50000000 1.7579203785E-7
55000000 3.842360295E-6
60000000 1.9572302113E-5
65000000 4.3327905184E-5
70000000 6.0437200214E-5
75000000 6.3357096828E-5
80000000 6.8868511398084E-5
90000000 0.00013102504646391
100000000 0.00048136605800964
110000000 0.0012207001268
120000000 0.001994490147561
130000000 0.00322673008912
140000000 0.0053073006068918
150000000 0.0078538007036346
160000000 0.010349603088
180000000 0.014806498180831
200000000 0.017272799376904
#Header 
#Target 35 74 1
#Product 29 62 0
#Datapoints 23
1000000 0
28000000 0
30000000 1.456042692E-14
35000000 4.175598623E-10
40000000 1.708479675E-7
45000000 4.91103E-6
50000000 2.4334003746E-5
55000000 4.8845598015E-5
60000000 5.6469899668E-5
65000000 4.9952295818E-5
70000000 4.52888013E-5
75000000 5.47176975E-5
80000000 0.00010424998124991
90000000 0.00052593306939246
100000000 0.0013348004809935
110000000 0.00209252029294
120000000 0.0034379605857213
130000000 0.00575672043792
140000000 0.008532913703281
150000000 0.011235602805262
160000000 0.013541702064
180000000 0.01762330245858
200000000 0.018395698393272
#Header 
#Target 35 74 1
#Product 29 63 0
#Datapoints 20
1000000 0
40000000 0
45000000 2.41436916E-11
50000000 1.491860097E-8
55000000 5.762029557E-7
60000000 6.5980999539E-6
65000000 4.8337401518E-5
70000000 0.00015684104316
75000000 0.00026893801593
80000000 0.00037079009688609
90000000 0.00067857907208931
100000000 0.0010226096880675
110000000 0.0019012604765
120000000 0.0032467705785384
130000000 0.00466219001968
140000000 0.0058035003431306
150000000 0.0069852008335318
160000000 0.0081094396656
180000000 0.009098854361422
200000000 0.008849263488316
#Header 
#Target 35 74 1
#Product 29 64 0
#Datapoints 21
1000000 0
35000000 0
40000000 4.0737693E-15
45000000 5.44684311E-11
50000000 2.1069497943E-8
55000000 8.480630241E-7
60000000 7.3728997433E-6
65000000 2.2988303536E-5
70000000 3.9349296224E-5
75000000 4.5513495858E-5
80000000 4.938750948087E-5
90000000 7.3492905067086E-5
100000000 0.00016468301780322
110000000 0.000348605989193
120000000 0.00054799108211649
130000000 0.000693094055984
140000000 0.0008631951490921
150000000 0.001024849891252
160000000 0.00112524024672
180000000 0.0011923503435347
200000000 0.0010920005742395
#Header 
#Target 35 74 1
#Product 29 65 0
#Datapoints 18
1000000 0
50000000 0
55000000 6.277513095E-13
60000000 2.259232612E-10
65000000 6.7557300774E-9
70000000 6.9984800652E-8
75000000 4.56270002E-7
80000000 1.7228104244824E-6
90000000 1.2092199876609E-5
100000000 3.4928707853475E-5
110000000 5.7383201414E-5
120000000 7.3867105221576E-5
130000000 9.7894637248E-5
140000000 0.0001212659852525
150000000 0.00013606202160908
160000000 0.000148148967456
180000000 0.000145193030864
200000000 0.0001300070534094
#Header 
#Target 35 74 1
#Product 29 66 0
#Datapoints 18
1000000 0
50000000 0
55000000 1.27885428E-14
60000000 2.578200807E-11
65000000 2.9707904654E-9
70000000 4.7411393734E-8
75000000 2.1110995852E-7
80000000 5.0428207094648E-7
90000000 1.788430203792E-6
100000000 2.8247400262173E-6
110000000 3.92454021344E-6
120000000 5.9736006985278E-6
130000000 8.45024004944E-6
140000000 1.002059910973E-5
150000000 1.0730701951135E-5
160000000 1.08129023328E-5
180000000 1.0179000810307E-5
200000000 9.348082400937E-6
#Header 
#Target 35 74 1
#Product 29 67 0
#Datapoints 14
1000000 0
70000000 0
75000000 3.403253065E-13
80000000 1.603389631922E-11
90000000 1.7120997583353E-9
100000000 2.0669207614155E-8
110000000 8.09147946915E-8
120000000 1.6994501118039E-7
130000000 2.51558026208E-7
140000000 2.883080187251E-7
150000000 3.1215204260482E-7
160000000 3.01843968768E-7
180000000 2.9921507439145E-7
200000000 2.6542198307037E-7
#Header 
#Target 35 74 1
#Product 30 58 0
#Datapoints 11
1000000 0
90000000 0
100000000 1.071678750387E-12
110000000 5.9397974713E-11
120000000 3.983440069296E-10
130000000 1.22876021136E-9
140000000 4.0768309693936E-9
150000000 1.1555899781532E-8
160000000 2.54822995968E-8
180000000 8.508453072168E-8
200000000 1.8699004139435E-7
#Header 
#Target 35 74 1
#Product 30 59 0
#Datapoints 13
1000000 0
75000000 0
80000000 6.862207490372E-14
90000000 1.187032702881E-10
100000000 3.3224406484851E-9
110000000 1.21956001398E-8
120000000 3.0999200783655E-8
130000000 1.05392978656E-7
140000000 2.812460458951E-7
150000000 5.7922808160983E-7
160000000 1.09019964384E-6
180000000 2.8818598221028E-6
200000000 5.0438503671669E-6
#Header 
#Target 35 74 1
#Product 30 60 0
#Datapoints 17
1000000 0
55000000 0
60000000 8.976006494E-13
65000000 1.290306368E-10
70000000 2.960290505E-9
75000000 2.0878396171E-8
80000000 6.6273305434096E-8
90000000 3.5425301012799E-7
100000000 6.8342313542844E-7
110000000 1.77767967839E-6
120000000 5.3476507623606E-6
130000000 1.15458024672E-5
140000000 2.0480503979892E-5
150000000 3.475410504052E-5
160000000 5.33724078048E-5
180000000 9.777654286274E-5
200000000 0.00013130803630681
#Header 
#Target 35 74 1
#Product 30 61 0
#Datapoints 20
1000000 0
40000000 0
45000000 1.058349024E-13
50000000 3.452433894E-10
55000000 2.699649768E-8
60000000 3.034080049E-7
65000000 1.1817300004E-6
70000000 2.2707097624E-6
75000000 2.7137502092E-6
80000000 3.0410904274742E-6
90000000 5.5343611985178E-6
100000000 2.3711405670855E-5
110000000 7.15731017617E-5
120000000 0.00012564497606685
130000000 0.000205399985888
140000000 0.00035421902774368
150000000 0.00053831208877707
160000000 0.000729046989024
180000000 0.001095819965835
200000000 0.0013486003973042
#Header 
#Target 35 74 1
#Product 30 62 0
#Datapoints 23
1000000 0
28000000 0
30000000 3.3795763E-13
35000000 4.5169395257E-9
40000000 4.713350535E-7
45000000 3.319759917E-6
50000000 1.1943698949E-5
55000000 2.300960007E-5
60000000 2.527369481E-5
65000000 2.130480137E-5
70000000 1.9666195984E-5
75000000 2.7643096661E-5
80000000 5.4088103500225E-5
90000000 0.00028669604660469
100000000 0.00072076208917725
110000000 0.00109707038903
120000000 0.0018404400088746
130000000 0.00313477976432
140000000 0.0046548806724123
150000000 0.0060519205586208
160000000 0.0073954704768
180000000 0.009740278976624
200000000 0.010277505337906
#Header 
#Target 35 74 1
#Product 30 63 0
#Datapoints 30
1000000 0
17000000 0
18000000 5.079815104E-15
19000000 1.219940268E-13
20000000 2.519619936E-12
22000000 2.498409528E-10
24000000 9.5675793052E-9
26000000 1.4225299096E-7
28000000 1.00841001384E-6
30000000 3.777370638E-6
35000000 2.1657000323E-5
40000000 4.095790155E-5
45000000 4.409729937E-5
50000000 3.3132599721E-5
55000000 2.490950256E-5
60000000 3.6119295667E-5
65000000 0.00013333998568
70000000 0.00039909902258
75000000 0.00074623797984
80000000 0.0010826805843168
90000000 0.0019866000503133
100000000 0.0029156502533001
110000000 0.0052629800993
120000000 0.009018965482869
130000000 0.012802797816
140000000 0.016170803180169
150000000 0.019690003441818
160000000 0.0228546007296
180000000 0.025656799740957
200000000 0.025226806361395
#Header 
#Target 35 74 1
#Product 30 64 0
#Datapoints 24
1000000 0
26000000 0
28000000 3.045029208E-15
30000000 7.996560236E-13
35000000 7.8425403791E-9
40000000 7.45587069E-7
45000000 1.313570493E-5
50000000 0.0001828289853
55000000 0.0008331590199
60000000 0.0018915804817
65000000 0.002615790014
70000000 0.002822259797
75000000 0.0027288499599
80000000 0.0028061905922895
90000000 0.0044513510238765
100000000 0.009802228459056
110000000 0.0160686032661
120000000 0.021150104147388
130000000 0.0255826968896
140000000 0.030827204574749
150000000 0.034967499657817
160000000 0.0374413938048
180000000 0.037921302641229
200000000 0.035066699780862
#Header 
#Target 35 74 1
#Product 30 65 0
#Datapoints 25
1000000 0
24000000 0
26000000 3.76674862E-15
28000000 3.12375072E-12
30000000 5.260137812E-10
35000000 2.1997195556E-6
40000000 0.000139428048
45000000 0.0007471270683
50000000 0.0011804004108
55000000 0.0012277801425
60000000 0.0010711700272
65000000 0.0008811029501
70000000 0.00090346598484
75000000 0.0013105499908
80000000 0.0022103405060135
90000000 0.0058659304258572
100000000 0.009428560495728
110000000 0.0117467962689
120000000 0.014319103056141
130000000 0.0176843988704
140000000 0.020324204653522
150000000 0.021424503213261
160000000 0.0216847994112
180000000 0.020233899517174
200000000 0.01835250270938
#Header 
#Target 35 74 1
#Product 30 66 0
#Datapoints 21
1000000 0
35000000 0
40000000 7.35075645E-12
45000000 3.401159949E-8
50000000 2.8557397908E-6
55000000 3.261550635E-5
60000000 0.00021099494325
65000000 0.00080076092654
70000000 0.0015988204838
75000000 0.0021393295539
80000000 0.0025456300744862
90000000 0.0033730906705797
100000000 0.0041954602341282
110000000 0.00569887024399
120000000 0.0074356503636474
130000000 0.00856309999424
140000000 0.009016454640512
150000000 0.008948931802844
160000000 0.008665193424
180000000 0.0079747207900444
200000000 0.0074103210327655
#Header 
#Target 35 74 1
#Product 30 67 0
#Datapoints 21
1000000 0
35000000 0
40000000 4.3677441E-12
45000000 1.948490046E-8
50000000 1.7201395575E-6
55000000 1.9646200455E-5
60000000 7.0681608543E-5
65000000 0.00012307103638
70000000 0.0001486719993
75000000 0.00014729395347
80000000 0.00014765898755201
90000000 0.00018563598529941
100000000 0.00030856399372452
110000000 0.000473886987343
120000000 0.00059631707366493
130000000 0.00064929202064
140000000 0.00064288108103439
150000000 0.00062243210128797
160000000 0.000592692929952
180000000 0.00054283409435899
200000000 0.0004973520526345
#Header 
#Target 35 74 1
#Product 30 68 0
#Datapoints 19
1000000 0
45000000 0
50000000 1.0257294294E-14
55000000 2.123010285E-10
60000000 4.0030903731E-8
65000000 5.5998606164E-7
70000000 2.3536203734E-6
75000000 6.6939596648E-6
80000000 1.3590200435457E-5
90000000 3.5700108674409E-5
100000000 5.4889307737233E-5
110000000 6.49626043759E-5
120000000 6.5656003786389E-5
130000000 6.61697037312E-5
140000000 6.1593106120293E-5
150000000 5.9708210629308E-5
160000000 5.94178024128E-5
180000000 5.6289603530097E-5
200000000 5.1205706838013E-5
#Header 
#Target 35 74 1
#Product 30 69 0
#Datapoints 18
1000000 0
50000000 0
55000000 6.704751165E-14
60000000 5.181124221E-11
65000000 1.884080401E-9
70000000 1.4059400226E-8
75000000 4.2584696219E-8
80000000 8.3233607526609E-8
90000000 1.8820098487845E-7
100000000 2.4338906743542E-7
110000000 2.56707005016E-7
120000000 2.5330806346773E-7
130000000 2.464800004E-7
140000000 2.3975704060286E-7
150000000 2.3556700181422E-7
160000000 2.27226006048E-7
180000000 2.1603105807122E-7
200000000 2.0649400953013E-7
#Header 
#Target 35 74 1
#Product 31 61 0
#Datapoints 13
1000000 0
75000000 0
80000000 1.053992685514E-13
90000000 1.91068647492E-10
100000000 6.1105606928298E-9
110000000 3.84040024984E-8
120000000 9.732990849348E-8
130000000 1.78833024432E-7
140000000 3.4272205089243E-7
150000000 5.7714602572306E-7
160000000 8.851809456E-7
180000000 1.5239601661515E-6
200000000 2.0658099865319E-6
#Header 
#Target 35 74 1
#Product 31 62 0
#Datapoints 16
1000000 0
60000000 0
65000000 7.450829068E-13
70000000 1.96175341E-10
75000000 5.272269583E-9
80000000 3.8319899636304E-8
90000000 5.7094110855321E-7
100000000 2.8814699894895E-6
110000000 5.4519596901E-6
120000000 8.7168205057491E-6
130000000 1.62307967568E-5
140000000 2.6983900284242E-5
150000000 3.776340686408E-5
160000000 4.74759019488E-5
180000000 6.891910647048E-5
200000000 7.8625512137831E-5
#Header 
#Target 35 74 1
#Product 31 63 0
#Datapoints 20
1000000 0
40000000 0
45000000 7.43282649E-15
50000000 2.747059497E-11
55000000 3.122050344E-9
60000000 6.1252300109E-8
65000000 4.036579418E-7
70000000 2.3219497526E-6
75000000 6.6391404973E-6
80000000 1.1912802234298E-5
90000000 2.5808905890144E-5
100000000 3.7079300701326E-5
110000000 7.02247053739E-5
120000000 0.00012889804444842
130000000 0.000192256003744
140000000 0.00025320005893083
150000000 0.00031482204891184
160000000 0.000371608017984
180000000 0.00043308210039934
200000000 0.00044116006791412
#Header 
#Target 35 74 1
#Product 31 64 0
#Datapoints 22
1000000 0
30000000 0
35000000 4.503879373E-13
40000000 3.334069785E-9
45000000 2.256369831E-7
50000000 2.1763001286E-6
55000000 2.482099992E-5
60000000 0.0001216399912
65000000 0.0002606299665
70000000 0.0003393560466
75000000 0.00034509399062
80000000 0.00035069304353857
90000000 0.00046703201891832
100000000 0.0009944393251623
110000000 0.00182740962327
120000000 0.0025132101633921
130000000 0.00307186975984
140000000 0.0037664206773908
150000000 0.00441377100537
160000000 0.00474439966272
180000000 0.0050645505774794
200000000 0.0048552507123879
#Header 
#Target 35 74 1
#Product 31 65 0
#Datapoints 25
1000000 0
24000000 0
26000000 3.828548484E-15
28000000 2.25179016E-12
30000000 2.645747914E-10
35000000 1.03701997546E-6
40000000 7.57948041E-5
45000000 0.0006681960189
50000000 0.0016109996292
55000000 0.001915410405
60000000 0.00159901014
65000000 0.001268509794
70000000 0.001208659483
75000000 0.0015255395533
80000000 0.0023858802342332
90000000 0.0065021807614467
100000000 0.010729898660478
110000000 0.013030003217
120000000 0.015824504545839
130000000 0.0196107014048
140000000 0.022535299838194
150000000 0.024332803105553
160000000 0.0242486958816
180000000 0.022780805833044
200000000 0.021021503612323
#Header 
#Target 35 74 1
#Product 31 66 0
#Datapoints 31
1000000 0
16000000 0
17000000 1.24842378E-15
18000000 1.225339648E-13
19000000 4.310859648E-12
20000000 9.896769342E-11
22000000 1.13398005036E-8
24000000 4.3472904454E-7
26000000 6.6426506368E-6
28000000 5.0390000784E-5
30000000 0.00021269397016
35000000 0.0013314898562
40000000 0.00224648982
45000000 0.002003540022
50000000 0.0013530096216
55000000 0.0009954689154
60000000 0.0011500398
65000000 0.0026639002082
70000000 0.0060523803452
75000000 0.0095090702864
80000000 0.012477205893414
90000000 0.018047102284569
100000000 0.020969805090336
110000000 0.0265551035981
120000000 0.033990506770248
130000000 0.038859997904
140000000 0.040467410092571
150000000 0.039726399652224
160000000 0.0388721029728
180000000 0.035171605129129
200000000 0.032542402845917
#Header 
#Target 35 74 1
#Product 31 67 0
#Datapoints 24
1000000 0
26000000 0
28000000 1.229967792E-14
30000000 8.948201014E-12
35000000 2.1551396321E-7
40000000 2.86355013E-5
45000000 0.0003444760143
50000000 0.0032751806724
55000000 0.011597005065
60000000 0.018909404878
65000000 0.021051298428
70000000 0.020458696922
75000000 0.019177505296
80000000 0.018902397608871
90000000 0.023268899304306
100000000 0.034163707250622
110000000 0.0433547022524
120000000 0.047229310041324
130000000 0.0469579015392
140000000 0.04490470287369
150000000 0.042328806307367
160000000 0.0402235972224
180000000 0.036365798517503
200000000 0.033434898664191
#Header 
#Target 35 74 1
#Product 31 68 0
#Datapoints 24
1000000 0
26000000 0
28000000 3.124825128E-12
30000000 8.002149512E-10
35000000 4.674320329E-6
40000000 0.000297065991
45000000 0.001832019687
50000000 0.0039353497326
55000000 0.004541559972
60000000 0.0038311897442
65000000 0.0030306098342
70000000 0.0027243798044
75000000 0.002992340153
80000000 0.003857690451853
90000000 0.007476641429487
100000000 0.010812904945992
110000000 0.0118584965114
120000000 0.01172890587927
130000000 0.0112591001584
140000000 0.010516204959579
150000000 0.010137905647706
160000000 0.0094650035136
180000000 0.008838987450391
200000000 0.008197238325416
#Header 
#Target 35 74 1
#Product 31 69 0
#Datapoints 21
1000000 0
35000000 0
40000000 3.70811385E-12
45000000 5.200610103E-8
50000000 3.9356493462E-6
55000000 2.748920376E-5
60000000 0.00012148697743
65000000 0.00035803693964
70000000 0.0007065870249
75000000 0.0011170101716
80000000 0.0015117004085283
90000000 0.0021692602173099
100000000 0.0023154805412382
110000000 0.00223085005451
120000000 0.0020972604516132
130000000 0.0019842601008
140000000 0.0018974797780125
150000000 0.0018418005139036
160000000 0.00173519017056
180000000 0.0016167401525646
200000000 0.0015137704048243
#Header 
#Target 35 74 1
#Product 31 70 0
#Datapoints 21
1000000 0
35000000 0
40000000 1.09913964E-13
45000000 5.601890016E-9
50000000 1.2635602083E-6
55000000 1.7415499395E-5
60000000 6.1355197267E-5
65000000 0.000104921000628
70000000 0.00012692703558
75000000 0.0001312900036
80000000 0.00013213798644033
90000000 0.00012866002925169
100000000 0.00011836403920605
110000000 0.000110073995724
120000000 0.0001033039711725
130000000 9.7923932384E-5
140000000 9.349873350499E-5
150000000 9.013618903173E-5
160000000 8.6218091136E-5
180000000 8.0001207289745E-5
200000000 7.4673209309326E-5
#Header 
#Target 35 74 1
#Product 32 63 0
#Datapoints 16
1000000 0
60000000 0
65000000 1.862543184E-14
70000000 1.450803628E-11
75000000 4.657097561E-10
80000000 2.7638702692568E-9
90000000 2.326000479558E-8
100000000 4.5216710251998E-8
110000000 8.86857964223E-8
120000000 2.2297798213068E-7
130000000 4.3886193856E-7
140000000 6.9755810787663E-7
150000000 9.534630854225E-7
160000000 1.23332003904E-6
180000000 1.6721400067071E-6
200000000 1.8755798755856E-6
#Header 
#Target 35 74 1
#Product 32 64 0
#Datapoints 20
1000000 0
40000000 0
45000000 2.37430305E-14
50000000 1.593944352E-10
55000000 1.1685396855E-8
60000000 1.8388605781E-7
65000000 7.739149364E-7
70000000 1.3896800342E-6
75000000 1.5967999049E-6
80000000 1.7071300019267E-6
90000000 2.3410097229006E-6
100000000 5.8722402793467E-6
110000000 1.33860029919E-5
120000000 2.0192698253409E-5
130000000 2.63694966384E-5
140000000 3.3816903534931E-5
150000000 4.0929601478786E-5
160000000 4.61570964288E-5
180000000 5.1629505244317E-5
200000000 5.0231310681726E-5
#Header 
#Target 35 74 1
#Product 32 65 0
#Datapoints 22
1000000 0
30000000 0
35000000 1.246129633E-11
40000000 1.71660048E-8
45000000 1.0831699269E-6
50000000 9.9382988718E-6
55000000 2.288429523E-5
60000000 2.5281697441E-5
65000000 2.0706300688E-5
70000000 1.7973802364E-5
75000000 1.9710801175E-5
80000000 2.9132199003247E-5
90000000 9.880060635105E-5
100000000 0.00021443399063295
110000000 0.000287052041199
120000000 0.00035476198862319
130000000 0.000449611
140000000 0.00054986502911813
150000000 0.0006087810223989
160000000 0.000629800987776
180000000 0.00062045208311373
200000000 0.00059647906848574
#Header 
#Target 35 74 1
#Product 32 66 0
#Datapoints 30
1000000 0
17000000 0
18000000 6.361101552E-14
19000000 7.442133744E-12
20000000 2.806505202E-10
22000000 3.7868803206E-8
24000000 8.6877799218E-7
26000000 5.9195393048E-6
28000000 1.8155599896E-5
30000000 3.8504401384E-5
35000000 0.00016280303753
40000000 0.0002739379905
45000000 0.0002354139963
50000000 0.00015472295982
55000000 0.00011995200435
60000000 0.00014505402184
65000000 0.00032025899902
70000000 0.00072083093218
75000000 0.0011560801804
80000000 0.001521310476474
90000000 0.0021418197934131
100000000 0.0024941498481054
110000000 0.00317771012636
120000000 0.0040486899462087
130000000 0.00461850039792
140000000 0.0048431307462175
150000000 0.0048112104245372
160000000 0.00471333959712
180000000 0.0043747904435438
200000000 0.0041065606561577
#Header 
#Target 35 74 1
#Product 32 67 0
#Datapoints 40
1000000 0
7000000 0
8000000 1.125958654328E-13
9000000 3.684784425E-11
10000000 2.5681003296633E-9
11000000 5.6188796136E-8
12000000 5.5111204495162E-7
13000000 3.0638201174961E-6
14000000 1.1198997077154E-5
15000000 2.982860192E-5
16000000 6.1804296528E-5
17000000 0.000105339997974
18000000 0.00015855697936
19000000 0.00022331798352
20000000 0.00031374204282
22000000 0.00055434196215
24000000 0.0007981770076
26000000 0.00095428696612
28000000 0.00101828998008
30000000 0.00098016205496
35000000 0.00059520408101
40000000 0.000351024018
45000000 0.0003231059517
50000000 0.00090651896595
55000000 0.0036165799065
60000000 0.0079621900995
65000000 0.01096000338
70000000 0.011772001654
75000000 0.011455496238
80000000 0.011376003761556
90000000 0.012803299520241
100000000 0.017771604756183
110000000 0.0230779045035
120000000 0.025912406155689
130000000 0.0263870997216
140000000 0.025784904923723
150000000 0.024729805641988
160000000 0.0237408990624
180000000 0.022035702912643
200000000 0.020767701441254
#Header 
#Target 35 74 1
#Product 32 68 0
#Datapoints 31
1000000 0
16000000 0
17000000 1.340993832E-14
18000000 1.557922704E-12
19000000 6.880945704E-11
20000000 1.5036698814E-9
22000000 1.4486904858E-7
24000000 3.0053093896E-6
26000000 1.9017903808E-5
28000000 5.4584501688E-5
30000000 0.00012959002562
35000000 0.0022908201743
40000000 0.01590700155
45000000 0.03524259618
50000000 0.042576102621
55000000 0.03779550468
60000000 0.030470001289
65000000 0.026222802906
70000000 0.026244002452
75000000 0.030474799657
80000000 0.037715600810579
90000000 0.05889730440675
100000000 0.071400714307284
110000000 0.0728211990352
120000000 0.06985870758546
130000000 0.0660264955856
140000000 0.062539206277889
150000000 0.059757305535574
160000000 0.0570591011136
180000000 0.053262404390972
200000000 0.050076507795644
#Header 
#Target 35 74 1
#Product 32 69 0
#Datapoints 33
1000000 0
14000000 0
15000000 1.475351004E-14
16000000 7.240470224E-12
17000000 9.243111069E-10
18000000 4.1308306E-8
19000000 7.974840732E-7
20000000 8.7270502494E-6
22000000 0.00025505000922
24000000 0.0023907000292
26000000 0.0098658202584
28000000 0.02241130584
30000000 0.034212103572
35000000 0.04569089784
40000000 0.0407781963
45000000 0.0289131957
50000000 0.02013289902
55000000 0.01792539831
60000000 0.024457502251
65000000 0.040854698004
70000000 0.059264198146
75000000 0.071982199033
80000000 0.081130209751442
90000000 0.090148813976019
100000000 0.086508510103902
110000000 0.0799324035202
120000000 0.073952509661226
130000000 0.0694772025904
140000000 0.065664809927244
150000000 0.062398705229976
160000000 0.0598769949504
180000000 0.055567512547659
200000000 0.052277309013459
#Header 
#Target 35 74 1
#Product 32 70 0
#Datapoints 25
1000000 0
24000000 0
26000000 3.658219976E-13
28000000 4.84334676E-10
30000000 6.952369758E-8
35000000 8.7761395099E-5
40000000 0.00162568017
45000000 0.009018869751
50000000 0.032224395996
55000000 0.05863829763
60000000 0.071960903287
65000000 0.074102296408
70000000 0.072570002082
75000000 0.069774800359
80000000 0.066758605406663
90000000 0.059897802164211
100000000 0.053927006575992
110000000 0.049504097412
120000000 0.045981201595098
130000000 0.0430423032608
140000000 0.040558203239642
150000000 0.038538405027279
160000000 0.0365913961248
180000000 0.033422103054067
200000000 0.030849803725516
#Header 
#Target 35 74 1
#Product 32 71 0
#Datapoints 25
1000000 0
24000000 0
26000000 2.23047232E-11
28000000 4.7631005544E-8
30000000 5.6962199004E-6
35000000 0.0014423403267
40000000 0.007044010905
45000000 0.010385898489
50000000 0.0109668995982
55000000 0.0098495202165
60000000 0.0084761593462
65000000 0.0074342905602
70000000 0.0067507094546
75000000 0.0063127297719
80000000 0.0059024008347626
90000000 0.0052152202701423
100000000 0.0046812006507516
110000000 0.004269169674
120000000 0.0039471206144322
130000000 0.00368021966112
140000000 0.0034207507208039
150000000 0.0031692301964487
160000000 0.00299284038816
180000000 0.0026508603142133
200000000 0.0024005804692954
#Header 
#Target 35 74 1
#Product 33 65 0
#Datapoints 15
1000000 0
65000000 0
70000000 1.32986362E-12
75000000 5.257394081E-11
80000000 4.249586574634E-10
90000000 5.2117200984579E-9
100000000 2.2806000224724E-8
110000000 4.12862040822E-8
120000000 5.5283807169816E-8
130000000 7.73266002672E-8
140000000 1.0560899590032E-7
150000000 1.256950119784E-7
160000000 1.36003009824E-7
180000000 1.4335103092583E-7
200000000 1.4102006515362E-7
#Header 
#Target 35 74 1
#Product 33 66 0
#Datapoints 19
1000000 0
45000000 0
50000000 2.962838034E-15
55000000 6.213508305E-11
60000000 5.5539493646E-9
65000000 4.1052899682E-8
70000000 1.7494599852E-7
75000000 5.3480007028E-7
80000000 1.0538006234747E-6
90000000 2.2071800245977E-6
100000000 2.7810206510223E-6
110000000 3.58643966604E-6
120000000 4.9673709006921E-6
130000000 6.23598019568E-6
140000000 6.9687309651212E-6
150000000 7.1520306144851E-6
160000000 7.10486074368E-6
180000000 6.7323003919003E-6
200000000 6.4449612059074E-6
#Header 
#Target 35 74 1
#Product 33 67 0
#Datapoints 22
1000000 0
30000000 0
35000000 6.292569745E-14
40000000 1.190530395E-9
45000000 1.839409452E-7
50000000 1.3448996262E-6
55000000 9.7156400205E-6
60000000 4.2989104977E-5
65000000 8.1557804488E-5
70000000 9.6519603954E-5
75000000 9.5950001559E-5
80000000 9.4421211364433E-5
90000000 0.00010334996506368
100000000 0.00014751699390477
110000000 0.000200549017053
120000000 0.00023159400681222
130000000 0.00023953497304
140000000 0.00023226598911043
150000000 0.00022251500464873
160000000 0.000215968020768
180000000 0.00020136305751632
200000000 0.00019020502095511
#Header 
#Target 35 74 1
#Product 33 68 0
#Datapoints 26
1000000 0
22000000 0
24000000 8.39630078E-14
26000000 6.623963936E-11
28000000 8.4190695384E-9
30000000 2.449929686E-7
35000000 9.3292510115E-6
40000000 6.90900978E-5
45000000 0.0007105699647
50000000 0.0019940703705
55000000 0.002471329806
60000000 0.0021567296296
65000000 0.001804309598
70000000 0.0016398702736
75000000 0.0016468296884
80000000 0.0018663006706415
90000000 0.0029029601736648
100000000 0.0038385108578556
110000000 0.00408119062736
120000000 0.0040055107005498
130000000 0.0037955098888
140000000 0.0036072004169575
150000000 0.0034302701397585
160000000 0.00330503012544
180000000 0.003070940307967
200000000 0.0029074399768987
#Header 
#Target 35 74 1
#Product 33 69 0
#Datapoints 32
1000000 0
15000000 0
16000000 2.28451496E-15
17000000 7.658468721E-13
18000000 4.087765344E-11
19000000 8.122901724E-10
20000000 1.6323294504E-8
22000000 2.4297698106E-6
24000000 7.5953496458E-5
26000000 0.00072252292224
28000000 0.0030258600792
30000000 0.0073741495908
35000000 0.019472300967
40000000 0.01974500325
45000000 0.01321350354
50000000 0.0092923501086
55000000 0.0078565502835
60000000 0.0085335497975
65000000 0.01204300411
70000000 0.017390398372
75000000 0.021687903537
80000000 0.024789507120857
90000000 0.02768420643618
100000000 0.026703701250096
110000000 0.0248442999651
120000000 0.023217404898576
130000000 0.0218889009264
140000000 0.020783700849527
150000000 0.019943705094331
160000000 0.019154696688
180000000 0.017951304960988
200000000 0.017009102782977
#Header 
#Target 35 74 1
#Product 33 70 0
#Datapoints 40
1000000 0
7000000 0
8000000 2.494969203294E-13
9000000 4.3647555777E-10
10000000 7.95564786465E-8
11000000 2.74874994592E-6
12000000 3.609339957313E-5
13000000 0.00025119906284217
14000000 0.0011068800016743
15000000 0.0034387100972
16000000 0.00811153018
17000000 0.014922102672
18000000 0.0227923956
19000000 0.030175500312
20000000 0.037394595654
22000000 0.049433893695
24000000 0.056411595716
26000000 0.055116902724
28000000 0.04650399984
30000000 0.036060496502
35000000 0.019485203304
40000000 0.0132806031
45000000 0.01350770094
50000000 0.026912598687
55000000 0.05803310097
60000000 0.086962089578
65000000 0.097351703634
70000000 0.097587399816
75000000 0.094821604424
80000000 0.091059608203831
90000000 0.081759217502385
100000000 0.073430615606274
110000000 0.0672889964285
120000000 0.062556309388149
130000000 0.0586906988464
140000000 0.055506408754918
150000000 0.052744701609288
160000000 0.05040220296
180000000 0.046440405667222
200000000 0.043246603203274
#Header 
#Target 35 74 1
#Product 33 71 0
#Datapoints 30
1000000 0
17000000 0
18000000 4.096430208E-13
19000000 1.0092198372E-10
20000000 5.0994694158E-9
22000000 1.2134999307E-6
24000000 4.3931704152E-5
26000000 0.00043777806424
28000000 0.001739689884
30000000 0.0043140899394
35000000 0.043752198224
40000000 0.155490012
45000000 0.230569956
50000000 0.23799295611
55000000 0.21407496105
60000000 0.1904550375
65000000 0.1751739522
70000000 0.16451103858
75000000 0.15581195409
80000000 0.14713604142946
90000000 0.13049502595473
100000000 0.11752997223348
110000000 0.107745011682
120000000 0.09946289543649
130000000 0.092329688144
140000000 0.08614449710064
150000000 0.080704510179206
160000000 0.0759477936768
180000000 0.067909209528335
200000000 0.061446709778078
#Header 
#Target 35 74 1
#Product 33 72 0
#Datapoints 32
1000000 0
15000000 0
16000000 8.564089768E-15
17000000 3.442090407E-11
18000000 1.4320098832E-8
19000000 1.1462594604E-6
20000000 2.7272704962E-5
22000000 0.0014231895528
24000000 0.0111298998146
26000000 0.035772799556
28000000 0.0696331068
30000000 0.100461997666
35000000 0.12866701974
40000000 0.103651002
45000000 0.07412510151
50000000 0.058491906174
55000000 0.05055700008
60000000 0.045913703836
65000000 0.042280102904
70000000 0.039322500078
75000000 0.036807704709
80000000 0.03458340729723
90000000 0.030158800922208
100000000 0.026541199265745
110000000 0.0237420972558
120000000 0.021452205758523
130000000 0.0194766024864
140000000 0.017803003777603
150000000 0.016361300167895
160000000 0.0151498984992
180000000 0.01313400531905
200000000 0.011659798683254
#Header 
#Target 35 74 1
#Product 34 67 0
#Datapoints 18
1000000 0
50000000 0
55000000 1.266051105E-13
60000000 1.942267782E-10
65000000 5.5650792548E-9
70000000 2.208030397E-8
75000000 3.5538802065E-8
80000000 4.3690700610207E-8
90000000 5.4612600552573E-8
100000000 8.0052410838285E-8
110000000 1.41156026935E-7
120000000 2.0823806086719E-7
130000000 2.50026965328E-7
140000000 2.6763200870703E-7
150000000 2.7576105011672E-7
160000000 2.785510224E-7
180000000 2.7364304828294E-7
200000000 2.6569506284909E-7
#Header 
#Target 35 74 1
#Product 34 68 0
#Datapoints 22
1000000 0
30000000 0
35000000 1.358672707E-13
40000000 3.20925966E-9
45000000 6.250020588E-7
50000000 4.9056903675E-6
55000000 8.7436008045E-6
60000000 8.6355892987E-6
65000000 7.374339925E-6
70000000 6.5819900642E-6
75000000 6.4484601027E-6
80000000 7.135880969273E-6
90000000 1.2455203412001E-5
100000000 1.9385403758988E-5
110000000 2.2903398364E-5
120000000 2.3801102205129E-5
130000000 2.34837957344E-5
140000000 2.2960405077357E-5
150000000 2.241350696003E-5
160000000 2.1885203424E-5
180000000 2.0971101377492E-5
200000000 2.0245703781286E-5
#Header 
#Target 35 74 1
#Product 34 69 0
#Datapoints 26
1000000 0
22000000 0
24000000 4.132684346E-12
26000000 6.5016199312E-8
28000000 1.3820701632E-6
30000000 5.5179897448E-6
35000000 8.6877097111E-5
40000000 0.000206240955
45000000 0.0001930119543
50000000 0.0001326630006
55000000 0.000101786006115
60000000 9.3622401054E-5
65000000 0.0001136280068
70000000 0.00017091797948
75000000 0.00024486801282
80000000 0.00031229207978972
90000000 0.00040767308374551
100000000 0.00041661500945406
110000000 0.000394796055962
120000000 0.00037169304265026
130000000 0.00035207596488
140000000 0.00033750001977868
150000000 0.00032452201728282
160000000 0.000314823967296
180000000 0.00029821598815715
200000000 0.00028531103144711
#Header 
#Target 35 74 1
#Product 34 70 0
#Datapoints 39
1000000 0
8000000 0
9000000 1.0872068718E-15
10000000 1.172418013623E-10
11000000 1.54322004144E-7
12000000 8.7743405201434E-6
13000000 2.7831005481515E-5
14000000 4.3502700136587E-5
15000000 8.1837398712E-5
16000000 0.00019477504176
17000000 0.00046084094661
18000000 0.00092031096976
19000000 0.0015154798128
20000000 0.0021693299712
22000000 0.0033099105876
24000000 0.0040498104486
26000000 0.0044573494708
28000000 0.0042012394944
30000000 0.0034243594666
35000000 0.0019610901702
40000000 0.001397860365
45000000 0.001273339521
50000000 0.0018290003004
55000000 0.003612730086
60000000 0.0056320502784
65000000 0.0065309501292
70000000 0.006649219699
75000000 0.0065237001077
80000000 0.0062958503712397
90000000 0.0056892706903953
100000000 0.0051422207637903
110000000 0.00473257025164
120000000 0.0044132005197354
130000000 0.0041561694152
140000000 0.0039355004729029
150000000 0.0037663007529684
160000000 0.00360031969056
180000000 0.0033406003538964
200000000 0.0031315400029113
#Header 
#Target 35 74 1
#Product 34 71 0
#Datapoints 46
1000000 0
1000000 1.3110700865479E-14
2000000 2.44185999825E-8
3000000 2.6962102304E-6
4000000 3.5219300794E-5
5000000 0.0002069520512
6000000 0.00075429691766
7000000 0.00189079002189
8000000 0.003245730430536
9000000 0.00410284026075
10000000 0.0046949207529078
11000000 0.00591349971608
12000000 0.0081743308418964
13000000 0.011268005446926
14000000 0.014527403966085
15000000 0.017038005408
16000000 0.018299196968
17000000 0.017676600669
18000000 0.015812803552
19000000 0.013068102876
20000000 0.011203600209
22000000 0.0085217404839
24000000 0.0066206901796
26000000 0.0053657004224
28000000 0.0046228202928
30000000 0.004317080565
35000000 0.0071071204218
40000000 0.0295306977
45000000 0.0619253019
50000000 0.076853600811
55000000 0.07273919358
60000000 0.064532891514
65000000 0.058276395784
70000000 0.053829604138
75000000 0.050298496354
80000000 0.046997302377482
90000000 0.040917199096656
100000000 0.036452805313947
110000000 0.0330764039221
120000000 0.030402201624999
130000000 0.028173903672
140000000 0.026285198902523
150000000 0.024691306397388
160000000 0.02323649976
180000000 0.020936804507325
200000000 0.019057405618603
#Header 
#Target 35 74 1
#Product 34 72 0
#Datapoints 39
1000000 0
8000000 0
9000000 1.5747679836E-13
10000000 2.20108897779E-11
11000000 4.839078596E-10
12000000 4.667070044002E-9
13000000 2.6433202969404E-8
14000000 1.135279734396E-7
15000000 5.183860516E-7
16000000 4.487749968E-6
17000000 4.2667496589E-5
18000000 0.0003022720168
19000000 0.001791810108
20000000 0.0075745101756
22000000 0.055610398374
24000000 0.17075400062
26000000 0.3069689936
28000000 0.4085720112
30000000 0.4637919525
35000000 0.48118308105
40000000 0.396218022
45000000 0.3232810305
50000000 0.28538399682
55000000 0.26232996135
60000000 0.2446119494
65000000 0.22984598436
70000000 0.21739401474
75000000 0.20609602141
80000000 0.19565200721075
90000000 0.17187898504818
100000000 0.15216102517149
110000000 0.136834020554
120000000 0.12394299391254
130000000 0.113083038528
140000000 0.10395598375404
150000000 0.09600598472907
160000000 0.089223903936
180000000 0.078228805804534
200000000 0.06965941108866
#Header 
#Target 35 74 1
#Product 34 73 0
#Datapoints 42
1000000 0
5000000 0
6000000 1.7753499183E-15
7000000 1.05103984293E-8
8000000 2.9829404484468E-5
9000000 0.00227165005137
10000000 0.02588450162541
11000000 0.100451963744
12000000 0.20830797990213
13000000 0.30796606987689
14000000 0.37997299057158
15000000 0.42366704688
16000000 0.44619899584
17000000 0.45640700496
18000000 0.46121196992
19000000 0.46350500292
20000000 0.46296300024
22000000 0.45295300368
24000000 0.41078605106
26000000 0.33572301012
28000000 0.2600109612
30000000 0.2053750431
35000000 0.14334496407
40000000 0.121020969
45000000 0.10629699201
50000000 0.094607397612
55000000 0.08507950332
60000000 0.076870696084
65000000 0.070104895776
70000000 0.064125994754
75000000 0.059061303496
80000000 0.054951705981807
90000000 0.045902907423114
100000000 0.038981601020913
110000000 0.0337976929444
120000000 0.029789502209769
130000000 0.0265587016144
140000000 0.023900404711436
150000000 0.021803402735333
160000000 0.01999360296
180000000 0.0172046989905
200000000 0.015082600450037
#Header 
#Target 35 74 1
#Product 35 70 0
#Datapoints 20
1000000 0
40000000 0
45000000 6.97728492E-10
50000000 3.6966405411E-8
55000000 1.652820057E-7
60000000 7.0310996847E-7
65000000 1.6168400068E-6
70000000 2.285399478E-6
75000000 2.6281196762E-6
80000000 2.7864798523288E-6
90000000 2.8227299760021E-6
100000000 2.6489900003136E-6
110000000 2.50201020993E-6
120000000 2.359950347655E-6
130000000 2.246559908E-6
140000000 2.1410999730054E-6
150000000 2.0517703723114E-6
160000000 1.98988023456E-6
180000000 1.8369803938955E-6
200000000 1.7446101215738E-6
#Header 
#Target 35 74 1
#Product 35 71 0
#Datapoints 24
1000000 0
26000000 0
28000000 6.241127424E-10
30000000 4.3245897936E-7
35000000 2.9113298221E-5
40000000 8.60049063E-5
45000000 0.0004126400658
50000000 0.00071235698274
55000000 0.00073260997785
60000000 0.00068975196381
65000000 0.00065489802044
70000000 0.0006271520408
75000000 0.00059998206447
80000000 0.00056968506665472
90000000 0.00050949513357912
100000000 0.00046294804902174
110000000 0.0004259200484
120000000 0.0003973200386739
130000000 0.000372361026448
140000000 0.00035065409280869
150000000 0.00033216302931379
160000000 0.000315208991712
180000000 0.00028863601308927
200000000 0.0002655850286871
#Header 
#Target 35 74 1
#Product 35 72 0
#Datapoints 32
1000000 0
15000000 0
16000000 9.780442464E-14
17000000 2.280707052E-10
18000000 2.9027702288E-8
19000000 3.1205293296E-7
20000000 3.0935094648E-6
22000000 3.6517994448E-5
24000000 0.00011966194492
26000000 0.0002352460296
28000000 0.00056946303984
30000000 0.0014998398716
35000000 0.0050135301174
40000000 0.00504089046
45000000 0.004170309678
50000000 0.0037662303393
55000000 0.0035181096345
60000000 0.00331075017
65000000 0.0031328494222
70000000 0.0029721203768
75000000 0.0028284701618
80000000 0.0026860801676398
90000000 0.0023796499277634
100000000 0.0021221906186109
110000000 0.00192164021973
120000000 0.0017507104759959
130000000 0.00160620030368
140000000 0.0014836600819359
150000000 0.0013785298972907
160000000 0.001285490064
180000000 0.0011347899553634
200000000 0.0010152204820775
#Header 
#Target 35 74 1
#Product 35 73 0
#Datapoints 39
1000000 0
8000000 0
9000000 2.9031836547E-12
10000000 1.8714400910697E-8
11000000 1.6760597788E-6
12000000 0.0017691701337533
13000000 0.018054503259095
14000000 0.043731202826973
15000000 0.075230309144
16000000 0.11115794976
17000000 0.14693695662
18000000 0.178812036
19000000 0.20703194904
20000000 0.22939299186
22000000 0.24092397372
24000000 0.21238799232
26000000 0.1781250576
28000000 0.1562370312
30000000 0.14557898438
35000000 0.13275998799
40000000 0.123358026
45000000 0.11477699406
50000000 0.107072004312
55000000 0.099100310145
60000000 0.091412397076
65000000 0.087383597868
70000000 0.081349701832
75000000 0.077982008516
80000000 0.073233006800065
90000000 0.063892502770596
100000000 0.056244608368278
110000000 0.0503576957114
120000000 0.04550720252994
130000000 0.0414466024032
140000000 0.038033003415253
150000000 0.035112206601107
160000000 0.0326243994336
180000000 0.028518607106605
200000000 0.025285000983594
#Header 
#Target 35 74 1
#Product 35 74 0
#Datapoints 46
1000000 0
1000000 1.7213502138925E-14
2000000 4.35993981135E-6
3000000 0.0009889629836
4000000 0.010097902208
5000000 0.03536929568
6000000 0.073206798933
7000000 0.114975007686
8000000 0.15259302284074
9000000 0.182855965131
10000000 0.19471305767037
11000000 0.17319299756
12000000 0.13136203006324
13000000 0.093194804304075
14000000 0.067752309165177
15000000 0.053080702272
16000000 0.04489840264
17000000 0.04020469989
18000000 0.037308699584
19000000 0.03529609662
20000000 0.033747595458
22000000 0.031111996521
24000000 0.02861159896
26000000 0.026171195968
28000000 0.023849793288
30000000 0.021728903252
35000000 0.01736960554
40000000 0.01409679555
45000000 0.011469299571
50000000 0.009717490458
55000000 0.008133649788
60000000 0.0070729602671
65000000 0.0060826901936
70000000 0.0053207399078
75000000 0.0046518099593
80000000 0.0041444808724121
90000000 0.0031620199442853
100000000 0.0024696604796655
110000000 0.00199151971018
120000000 0.001616940572901
130000000 0.00137734982144
140000000 0.0011906605308994
150000000 0.0010376400098602
160000000 0.00091597382784
180000000 0.00073754611505183
200000000 0.00061366712818707
#Header 
#Target 35 74 1
#Product 36 71 0
#Datapoints 20
1000000 0
40000000 0
45000000 8.3987901E-13
50000000 1.01513990448E-8
55000000 7.688019486E-8
60000000 1.4037795135E-7
65000000 1.596109443E-7
70000000 1.6371098666E-7
75000000 1.6094501698E-7
80000000 1.5340403086332E-7
90000000 1.3353702478143E-7
100000000 1.1561805272016E-7
110000000 1.01172959118E-7
120000000 8.954385566172E-8
130000000 7.95805056272E-8
140000000 7.1975507965746E-8
150000000 6.5540201742331E-8
160000000 5.9929598736E-8
180000000 5.1230907614026E-8
200000000 4.3809208896005E-8
#Header 
#Target 35 74 1
#Product 36 72 0
#Datapoints 23
1000000 0
28000000 0
30000000 2.9041297392E-8
35000000 6.0982203128E-6
40000000 1.688960355E-5
45000000 1.679550201E-5
50000000 1.4162905107E-5
55000000 1.265669781E-5
60000000 1.1320896496E-5
65000000 1.0212499455E-5
70000000 9.1962601854E-6
75000000 8.2917204906E-6
80000000 7.4551905780199E-6
90000000 6.0647505512562E-6
100000000 5.0160705785631E-6
110000000 4.27708974231E-6
120000000 3.6738803937783E-6
130000000 3.22993001936E-6
140000000 2.8505806479513E-6
150000000 2.5434007042128E-6
160000000 2.28459997344E-6
180000000 1.8969906733316E-6
200000000 1.6143600334535E-6
#Header 
#Target 35 74 1
#Product 36 73 0
#Datapoints 30
1000000 0
17000000 0
18000000 4.4502201328E-7
19000000 8.1925897872E-5
20000000 0.0003435929622
22000000 0.00085179606084
24000000 0.0012101103266
26000000 0.0015580698332
28000000 0.0015927096624
30000000 0.001379220392
35000000 0.00099395399845
40000000 0.0008434169955
45000000 0.0007305619203
50000000 0.00063573897582
55000000 0.00055459396755
60000000 0.00048565097854
65000000 0.00042807201016
70000000 0.00037847500162
75000000 0.00033668902758
80000000 0.00030285506670741
90000000 0.00023777403939246
100000000 0.00019007098468962
110000000 0.000155711950625
120000000 0.00012999900945282
130000000 0.000110986009488
140000000 9.59909292419E-5
150000000 8.437511185338E-5
160000000 7.49541931872E-5
180000000 6.0968003661054E-5
200000000 5.1044108418267E-5
#Header 
#Target 35 74 1
#Product 36 74 0
#Datapoints 44
1000000 0
3000000 0
4000000 1.4908198716E-5
5000000 0.005076540096
6000000 0.0130703000087
7000000 0.0193019977458
8000000 0.025033502489653
9000000 0.0329310977184
10000000 0.042739205257374
11000000 0.0534836034744
12000000 0.06321190682936
13000000 0.060011608448857
14000000 0.051421501968102
15000000 0.044811399608
16000000 0.040274898976
17000000 0.037321004799
18000000 0.035390501536
19000000 0.033953102016
20000000 0.032718204486
22000000 0.030306594993
24000000 0.027760206012
26000000 0.025212203528
28000000 0.0228353952
30000000 0.02083590148
35000000 0.016573804814
40000000 0.0133080951
45000000 0.010883799144
50000000 0.0090530904906
55000000 0.0078174002805
60000000 0.0065701102376
65000000 0.0057626595346
70000000 0.0049431100154
75000000 0.0043598797546
80000000 0.0038522908216704
90000000 0.0028574502575268
100000000 0.0022507600357179
110000000 0.00182659033711
120000000 0.0015147605772555
130000000 0.0012776796216
140000000 0.0010948304104364
150000000 0.0009506308801241
160000000 0.00083448867552
180000000 0.00065996815404807
200000000 0.00055311908054485
#Header 
#Target 35 74 1
#Product 36 75 0
#Datapoints 46
1000000 0
1000000 9.1857706868567E-9
2000000 7.8137304071E-5
3000000 0.00036048700484
4000000 0.00048007907
5000000 0.0005171259808
6000000 0.0005257890791
7000000 0.00052445912211
8000000 0.00050957008908752
9000000 0.00049707402654
10000000 0.00051246803773194
11000000 0.000581089965984
12000000 0.00069541803220863
13000000 0.00081617212460956
14000000 0.00091738005766188
15000000 0.00099259507832
16000000 0.00103857008008
17000000 0.00104842999842
18000000 0.0010114200304
19000000 0.0009236799828
20000000 0.00081137601936
22000000 0.00061262399769
24000000 0.00047683701422
26000000 0.00039399000996
28000000 0.0003399529524
30000000 0.00030294795368
35000000 0.00024355600605
40000000 0.000201281019
45000000 0.0001839369978
50000000 0.00016121799252
55000000 0.0001502800101
60000000 0.00013512599464
65000000 0.00012650704026
70000000 0.00011551200168
75000000 0.00010777696932
80000000 9.8814904176948E-5
90000000 8.2244803889139E-5
100000000 7.1039207686662E-5
110000000 5.97039019654E-5
120000000 5.1122203704189E-5
130000000 4.63414036032E-5
140000000 4.1180303487158E-5
150000000 3.4685007265864E-5
160000000 2.92510033536E-5
180000000 2.3537499118287E-5
200000000 1.8559703564524E-5
