#Header 
#Target 45 105 0
#Product 0 1 0
#Datapoints 45
1000000 0
2000000 1.542908655E-6
3000000 0.0002786371545
4000000 0.0055807613598
5000000 0.038888210328
6000000 0.13425676815
7000000 0.27066246074
8000000 0.421135541
9000000 0.6738708732
10000000 0.972013255203
11000000 1.23954936
12000000 1.4526678628
13000000 1.615373984076
14000000 1.732705386
15000000 1.811401571
16000000 1.870640098
17000000 1.917283823
18000000 1.974589071
19000000 2.084327828
20000000 2.25463994
22000000 2.59480786
24000000 2.804601209
26000000 2.905144178
28000000 2.96566644
30000000 3.065705095
35000000 3.336751827
40000000 3.414181326
45000000 3.504325635
50000000 3.557109458
55000000 3.577240347
60000000 3.611001639
65000000 3.630284966
70000000 3.657058427
75000000 3.676820658
80000000 3.7224396
90000000 3.830394501
100000000 3.93841982
110000000 4.065307764
120000000 4.242812936
130000000 4.416416568
140000000 4.583629317
150000000 4.746049184
160000000 4.900992186
180000000 5.198409902
200000000 5.477315256
#Header 
#Target 45 105 0
#Product 1 1 0
#Datapoints 45
1000000 0
2000000 2.49794145E-14
3000000 1.9068739125E-9
4000000 1.5635047824E-6
5000000 0.00011829447025
6000000 0.001940404968
7000000 0.009653350218
8000000 0.02221834454
9000000 0.036278125576
10000000 0.0512702922084
11000000 0.067456260638
12000000 0.085291976952
13000000 0.1045586543332
14000000 0.123735079
15000000 0.1412904808
16000000 0.1572600162
17000000 0.1725083183
18000000 0.1879109583
19000000 0.2037919224
20000000 0.2208027818
22000000 0.2562645256
24000000 0.2944919241
26000000 0.3338455138
28000000 0.3737663756
30000000 0.4145406352
35000000 0.518749953
40000000 0.6161377228
45000000 0.7023101715
50000000 0.7775976636
55000000 0.8438706509
60000000 0.9023343973
65000000 0.9507418486
70000000 0.9879706573
75000000 1.019445714
80000000 1.0479260943
90000000 1.1013379488
100000000 1.144213937
110000000 1.189479282
120000000 1.239383168
130000000 1.292274108
140000000 1.347115926
150000000 1.404389536
160000000 1.466723008
180000000 1.595427554
200000000 1.725997896
#Header 
#Target 45 105 0
#Product 1 2 0
#Datapoints 40
1000000 0
7000000 0
8000000 2.642516208E-19
9000000 3.5394304176E-12
10000000 9.53464944636E-9
11000000 1.301759826E-6
12000000 1.9216965992E-5
13000000 0.0001865364081125
14000000 0.0008189114188
15000000 0.002175270671
16000000 0.004344760968
17000000 0.006990897862
18000000 0.009979183266
19000000 0.01315230048
20000000 0.01660536134
22000000 0.02311360832
24000000 0.02932439556
26000000 0.03528564064
28000000 0.0394048807
30000000 0.04435224569
35000000 0.0551901897
40000000 0.06418798576
45000000 0.0718339752
50000000 0.07772320516
55000000 0.08277931196
60000000 0.08802687712
65000000 0.09216146278
70000000 0.09611678626
75000000 0.09974045472
80000000 0.10295260299
90000000 0.10110193524
100000000 0.0998362874
110000000 0.09642820758
120000000 0.09475886396
130000000 0.09405637119
140000000 0.09436040325
150000000 0.09555680832
160000000 0.09761448994
180000000 0.104638919
200000000 0.116389224
#Header 
#Target 45 105 0
#Product 1 3 0
#Datapoints 39
1000000 0
8000000 0
9000000 1.6099901188E-19
10000000 1.134972933513E-13
11000000 6.6748723378E-11
12000000 2.959086354E-9
13000000 5.62610184499E-8
14000000 6.473135357E-7
15000000 6.900007128E-6
16000000 4.080434978E-5
17000000 0.0001383856385
18000000 0.0003226726386
19000000 0.0005963113376
20000000 0.0009494482654
22000000 0.00183427558
24000000 0.002859061736
26000000 0.003935092068
28000000 0.005007108162
30000000 0.006043032066
35000000 0.00842169114
40000000 0.010469476292
45000000 0.012066007455
50000000 0.01344306107
55000000 0.01471126598
60000000 0.01601369686
65000000 0.01737748324
70000000 0.01883598343
75000000 0.0203795367
80000000 0.0220543182
90000000 0.02586183795
100000000 0.0302423339
110000000 0.03295188966
120000000 0.0356548486
130000000 0.03853031103
140000000 0.04160637237
150000000 0.04481064736
160000000 0.04810418124
180000000 0.05480387318
200000000 0.06272689248
#Header 
#Target 45 105 0
#Product 2 3 0
#Datapoints 36
1000000 0
11000000 0
12000000 6.3176994916E-20
13000000 1.177599888735E-16
14000000 2.205077799E-14
15000000 1.466195787E-12
16000000 5.879263574E-11
17000000 1.4862574E-9
18000000 2.262191919E-8
19000000 2.199720512E-7
20000000 1.48153131E-6
22000000 2.798279068E-5
24000000 0.000198201948
26000000 0.0006774711174
28000000 0.001480128708
30000000 0.00260667094
35000000 0.005936407143
40000000 0.009510994388
45000000 0.012825818415
50000000 0.0157206129
55000000 0.01807536949
60000000 0.01986910751
65000000 0.0215110334
70000000 0.02294632076
75000000 0.02442487056
80000000 0.02586880863
90000000 0.0290290554
100000000 0.0325807402
110000000 0.03467871588
120000000 0.0363238132
130000000 0.03798612999
140000000 0.03969568299
150000000 0.04146847008
160000000 0.04325259986
180000000 0.04685144016
200000000 0.050335992
#Header 
#Target 45 105 0
#Product 2 4 0
#Datapoints 45
1000000 0
2000000 6.041289825E-12
3000000 2.34541281E-9
4000000 1.2919043784E-7
5000000 2.0459716002E-6
6000000 1.3070587944E-5
7000000 4.179676678E-5
8000000 9.51464109E-5
9000000 0.00020561620016
10000000 0.0004406574494964
11000000 0.0008782315948
12000000 0.0015831963476
13000000 0.002634399862351
14000000 0.004309278418
15000000 0.008735622931
16000000 0.01224473212
17000000 0.01617947814
18000000 0.01415199591
19000000 0.0141243036
20000000 0.01547644812
22000000 0.0184216052
24000000 0.02140995664
26000000 0.02437221184
28000000 0.02723133692
30000000 0.0298951951
35000000 0.03584510628
40000000 0.04116566866
45000000 0.0453980772
50000000 0.04902336626
55000000 0.05180805108
60000000 0.05398077111
65000000 0.05575696626
70000000 0.05703895769
75000000 0.0581821032
80000000 0.05922100881
90000000 0.06196065597
100000000 0.0642134907
110000000 0.06650594748
120000000 0.07281194544
130000000 0.07919882604
140000000 0.08517543237
150000000 0.09008069312
160000000 0.094618022
180000000 0.1050404362
200000000 0.1153961802
#Header 
#Target 45 105 0
#Product 36 78 0
#Datapoints 8
1000000 0
120000000 0
130000000 2.721250323E-14
140000000 5.962480596E-12
150000000 3.813136128E-10
160000000 1.9001897594E-8
180000000 1.9181100764E-6
200000000 5.8367899674E-5
#Header 
#Target 45 105 0
#Product 37 79 0
#Datapoints 8
1000000 0
120000000 0
130000000 2.295312876E-15
140000000 2.062841733E-11
150000000 3.4436698176E-9
160000000 6.2941395986E-8
180000000 5.277329876E-6
200000000 0.00012620004768
#Header 
#Target 45 105 0
#Product 37 80 0
#Datapoints 8
1000000 0
120000000 0
130000000 1.858075434E-12
140000000 8.136051234E-10
150000000 2.1372097856E-8
160000000 1.9442699876E-7
180000000 1.1818502752E-5
200000000 0.00017517700872
#Header 
#Target 45 105 0
#Product 37 81 0
#Datapoints 9
1000000 0
110000000 0
120000000 1.06449914E-13
130000000 4.558106259E-11
140000000 1.3015402809E-9
150000000 1.5812503712E-8
160000000 1.6436898902E-7
180000000 3.9565796144E-6
200000000 3.7238499522E-5
#Header 
#Target 45 105 0
#Product 37 82 0
#Datapoints 10
1000000 0
100000000 0
110000000 8.394238068E-16
120000000 1.626474796E-12
130000000 1.348339896E-10
140000000 2.2019594931E-9
150000000 1.716500064E-8
160000000 9.604649766E-8
180000000 1.2533900302E-6
200000000 8.7213199122E-6
#Header 
#Target 45 105 0
#Product 38 80 0
#Datapoints 8
1000000 0
120000000 0
130000000 9.675768231E-15
140000000 1.697868753E-11
150000000 1.543260496E-9
160000000 7.1381204358E-8
180000000 1.03235002668E-5
200000000 0.00017804397618
#Header 
#Target 45 105 0
#Product 38 81 0
#Datapoints 9
1000000 0
110000000 0
120000000 2.88057632E-15
130000000 9.217723212E-12
140000000 9.888140478E-10
150000000 4.1328299648E-8
160000000 1.05316009562E-6
180000000 4.0694101084E-5
200000000 0.0005159500416
#Header 
#Target 45 105 0
#Product 38 82 0
#Datapoints 10
1000000 0
100000000 0
110000000 4.566550128E-15
120000000 1.352125548E-11
130000000 1.3694502906E-9
140000000 5.1063496617E-8
150000000 1.1271803456E-6
160000000 7.9996903706E-6
180000000 0.000165553031
200000000 0.0013001096808
#Header 
#Target 45 105 0
#Product 38 83 0
#Datapoints 10
1000000 0
100000000 0
110000000 2.552685006E-12
120000000 5.249459972E-10
130000000 1.9350400896E-8
140000000 3.8297499309E-7
150000000 3.1015797696E-6
160000000 1.6540796748E-5
180000000 0.00024023200558
200000000 0.0012424804812
#Header 
#Target 45 105 0
#Product 38 84 0
#Datapoints 11
1000000 0
90000000 0
100000000 3.69667234E-13
110000000 1.983965478E-10
120000000 7.97997034E-9
130000000 1.2827398068E-7
140000000 1.1406894417E-6
150000000 6.1582398656E-6
160000000 2.521169615E-5
180000000 0.00019381703334
200000000 0.00080250604686
#Header 
#Target 45 105 0
#Product 38 85 0
#Datapoints 12
1000000 0
80000000 0
90000000 3.493442682E-14
100000000 5.57258142E-11
110000000 2.018330352E-9
120000000 2.082590634E-8
130000000 1.5298400817E-7
140000000 8.1158901441E-7
150000000 2.9753498144E-6
160000000 9.336529897E-6
180000000 5.7509995088E-5
200000000 0.00018135694584
#Header 
#Target 45 105 0
#Product 38 86 0
#Datapoints 13
1000000 0
75000000 0
80000000 1.1126899773E-14
90000000 1.621879524E-11
100000000 9.26070485E-10
110000000 7.9978497426E-9
120000000 5.0046302764E-8
130000000 2.7324000225E-7
140000000 9.8079996804E-7
150000000 2.8730096544E-6
160000000 6.9744400906E-6
180000000 3.0562698712E-5
200000000 7.6220102196E-5
#Header 
#Target 45 105 0
#Product 39 82 0
#Datapoints 8
1000000 0
120000000 0
130000000 2.450640492E-13
140000000 1.6276098123E-9
150000000 1.0847496192E-7
160000000 9.5275303846E-7
180000000 2.8124001822E-5
200000000 0.00029601798786
#Header 
#Target 45 105 0
#Product 39 83 0
#Datapoints 9
1000000 0
110000000 0
120000000 1.933710548E-13
130000000 1.2797394633E-9
140000000 9.7117602246E-8
150000000 9.6515096128E-7
160000000 6.7518200926E-6
180000000 0.0001586679472
200000000 0.00096887099106
#Header 
#Target 45 105 0
#Product 39 84 0
#Datapoints 10
1000000 0
100000000 0
110000000 5.08955034E-14
120000000 7.605872172E-10
130000000 7.489569888E-8
140000000 1.1230702452E-6
150000000 8.2854895488E-6
160000000 4.6214406806E-5
180000000 0.0004852330161
200000000 0.0023486598324
#Header 
#Target 45 105 0
#Product 39 85 0
#Datapoints 11
1000000 0
90000000 0
100000000 5.8276457E-15
110000000 4.693606218E-11
120000000 5.1541095368E-9
130000000 1.04236998705E-7
140000000 8.085640299E-7
150000000 4.124599616E-6
160000000 1.5612495088E-5
180000000 0.0001219769726
200000000 0.00037717895754
#Header 
#Target 45 105 0
#Product 39 86 0
#Datapoints 11
1000000 0
90000000 0
100000000 1.45623964E-11
110000000 5.847299871E-9
120000000 1.9406396368E-7
130000000 1.7287400331E-6
140000000 7.9772803248E-6
150000000 2.8958296768E-5
160000000 8.8166799032E-5
180000000 0.00041275094392
200000000 0.00096658801092
#Header 
#Target 45 105 0
#Product 39 87 0
#Datapoints 12
1000000 0
80000000 0
90000000 5.491388763E-13
100000000 6.50786071E-10
110000000 2.438989812E-8
120000000 2.3193904848E-7
130000000 1.05840005976E-6
140000000 3.6753195072E-6
150000000 9.2901798304E-6
160000000 2.01335998E-5
180000000 6.4516303796E-5
200000000 0.00012208202874
#Header 
#Target 45 105 0
#Product 39 88 0
#Datapoints 13
1000000 0
75000000 0
80000000 2.406049596E-13
90000000 6.160338846E-10
100000000 6.278030577E-8
110000000 6.0855494664E-7
120000000 2.5897702024E-6
130000000 7.3946699694E-6
140000000 1.8016200402E-5
150000000 3.51526048E-5
160000000 6.40510054E-5
180000000 0.00015766196978
200000000 0.00024787597968
#Header 
#Target 45 105 0
#Product 39 89 0
#Datapoints 16
1000000 0
60000000 0
65000000 9.13995776E-15
70000000 7.077138453E-13
75000000 1.492563894E-11
80000000 2.807222013E-10
90000000 1.2727395135E-8
100000000 7.128930104E-8
110000000 1.6236701286E-7
120000000 3.6148497948E-7
130000000 9.0842396553E-7
140000000 1.6390297227E-6
150000000 2.6493796896E-6
160000000 3.6871305474E-6
180000000 7.1729497882E-6
200000000 9.8308396872E-6
#Header 
#Target 45 105 0
#Product 40 84 0
#Datapoints 9
1000000 0
110000000 0
120000000 1.242197472E-12
130000000 6.686045613E-10
140000000 2.5227602334E-8
150000000 6.0183606016E-7
160000000 7.0860895694E-6
180000000 9.8862293124E-5
200000000 0.00059119602192
#Header 
#Target 45 105 0
#Product 40 85 0
#Datapoints 10
1000000 0
100000000 0
110000000 4.695427104E-13
120000000 6.712126388E-10
130000000 4.1862896649E-8
140000000 9.4880101128E-7
150000000 1.1286200096E-5
160000000 5.5986402022E-5
180000000 0.00061591895918
200000000 0.0023294000898
#Header 
#Target 45 105 0
#Product 40 86 0
#Datapoints 11
1000000 0
90000000 0
100000000 8.33999081E-13
110000000 2.1552296646E-9
120000000 1.4600302756E-7
130000000 2.4719401476E-6
140000000 2.3081300673E-5
150000000 0.00012879503744
160000000 0.00044902099218
180000000 0.002459989784
200000000 0.0065508098922
#Header 
#Target 45 105 0
#Product 40 87 0
#Datapoints 12
1000000 0
80000000 0
90000000 2.660988591E-13
100000000 3.011729866E-9
110000000 1.8752098722E-7
120000000 2.7032104844E-6
130000000 2.5281996498E-5
140000000 0.00014180601489
150000000 0.00045163100832
160000000 0.0011248402444
180000000 0.0045899001834
200000000 0.0098586398106
#Header 
#Target 45 105 0
#Product 40 88 0
#Datapoints 13
1000000 0
75000000 0
80000000 3.618872946E-13
90000000 4.1263700238E-9
100000000 3.931159786E-7
110000000 3.03566052E-6
120000000 2.1539797672E-5
130000000 0.00011586602952
140000000 0.00037045698912
150000000 0.00090289805664
160000000 0.0020083603684
180000000 0.0058592999318
200000000 0.0090293390334
#Header 
#Target 45 105 0
#Product 40 89 0
#Datapoints 15
1000000 0
65000000 0
70000000 2.592767881E-13
75000000 8.195349774E-11
80000000 5.0250106152E-9
90000000 5.5955002581E-7
100000000 3.503690506E-6
110000000 9.765660975E-6
120000000 4.3958395812E-5
130000000 0.00014588605269
140000000 0.00033635303373
150000000 0.00064957995552
160000000 0.0011520901496
180000000 0.0023515395722
200000000 0.0030027695166
#Header 
#Target 45 105 0
#Product 40 90 0
#Datapoints 18
1000000 0
50000000 0
55000000 1.547650726E-14
60000000 2.592945201E-11
65000000 2.2122193472E-9
70000000 2.6817495496E-8
75000000 1.1141599143E-7
80000000 2.7774399708E-7
90000000 8.1600302907E-7
100000000 2.398519762E-6
110000000 9.7262300946E-6
120000000 2.7526605292E-5
130000000 5.7219901578E-5
140000000 0.000102382999776
150000000 0.00015578005632
160000000 0.00022155696862
180000000 0.00035391099072
200000000 0.00040872692826
#Header 
#Target 45 105 0
#Product 40 91 0
#Datapoints 19
1000000 0
45000000 0
50000000 1.334090064E-13
55000000 4.94600763E-11
60000000 2.6154302328E-9
65000000 4.773059448E-8
70000000 2.9934103485E-7
75000000 8.6883998076E-7
80000000 1.4039102664E-6
90000000 1.7913999609E-6
100000000 3.762910341E-6
110000000 1.07552997582E-5
120000000 2.2505705388E-5
130000000 3.5751903885E-5
140000000 5.0374196868E-5
150000000 6.376180192E-5
160000000 7.8494498072E-5
180000000 0.000103534996348
200000000 0.00011490802722
#Header 
#Target 45 105 0
#Product 41 86 0
#Datapoints 9
1000000 0
110000000 0
120000000 4.312569092E-12
130000000 1.1770898634E-8
140000000 3.2039800017E-7
150000000 2.4654801376E-6
160000000 1.1994300224E-5
180000000 0.00010002599607
200000000 0.00031615901856
#Header 
#Target 45 105 0
#Product 41 87 0
#Datapoints 10
1000000 0
100000000 0
110000000 2.22316263E-11
120000000 1.32399953E-8
130000000 3.7911895146E-7
140000000 3.1588301949E-6
150000000 1.18561992E-5
160000000 3.6781008104E-5
180000000 0.00018844096768
200000000 0.00045774501948
#Header 
#Target 45 105 0
#Product 41 88 0
#Datapoints 11
1000000 0
90000000 0
100000000 5.30166777E-11
110000000 4.739499504E-8
120000000 2.3292201224E-6
130000000 2.2161294135E-5
140000000 9.0429499755E-5
150000000 0.00029382399136
160000000 0.00082090004192
180000000 0.0029081901198
200000000 0.0047583097002
#Header 
#Target 45 105 0
#Product 41 89 0
#Datapoints 12
1000000 0
80000000 0
90000000 2.673880065E-11
100000000 8.247649503E-8
110000000 5.3455402362E-6
120000000 5.8611602944E-5
130000000 0.00025913404593
140000000 0.00081208600821
150000000 0.00209436064
160000000 0.0039623401168
180000000 0.0088946690644
200000000 0.012099702888
#Header 
#Target 45 105 0
#Product 41 90 0
#Datapoints 14
1000000 0
70000000 0
75000000 3.01919538E-15
80000000 4.284884061E-12
90000000 3.5867101725E-8
100000000 5.835010366E-6
110000000 6.3183398832E-5
120000000 0.00028016600584
130000000 0.00080261604486
140000000 0.001860300339
150000000 0.0033773902752
160000000 0.005327800238
180000000 0.0090171099662
200000000 0.010580601024
#Header 
#Target 45 105 0
#Product 41 91 0
#Datapoints 16
1000000 0
60000000 0
65000000 6.534853982E-13
70000000 5.245843031E-10
75000000 3.4261001376E-8
80000000 5.2346402811E-7
90000000 2.5160695875E-5
100000000 0.0001443070276
110000000 0.00030869202006
120000000 0.0006869999764
130000000 0.001486689687
140000000 0.0025910301042
150000000 0.0037698998368
160000000 0.0051306806004
180000000 0.0072264805606
200000000 0.0079459200828
#Header 
#Target 45 105 0
#Product 41 92 0
#Datapoints 17
1000000 0
55000000 0
60000000 4.393376505E-12
65000000 1.109369567E-9
70000000 3.6009599802E-8
75000000 4.4891297604E-7
80000000 3.4344202554E-6
90000000 5.0997998439E-5
100000000 0.0001385010217
110000000 0.00020056003872
120000000 0.00031988298452
130000000 0.00053328695418
140000000 0.00073969393509
150000000 0.0009101609728
160000000 0.0010763403936
180000000 0.0012386795218
200000000 0.0011826498474
#Header 
#Target 45 105 0
#Product 41 93 0
#Datapoints 19
1000000 0
45000000 0
50000000 2.244984238E-13
55000000 1.502338932E-10
60000000 6.9448209012E-9
65000000 1.06785994686E-7
70000000 1.11133008503E-6
75000000 7.6084494336E-6
80000000 2.762749719E-5
90000000 8.3423700387E-5
100000000 0.0001086789993
110000000 0.00014550804408
120000000 0.00022577504184
130000000 0.00032756303043
140000000 0.00039743400963
150000000 0.00046217495648
160000000 0.00049110499402
180000000 0.00052603506914
200000000 0.00050642600652
#Header 
#Target 45 105 0
#Product 41 94 0
#Datapoints 20
1000000 0
40000000 0
45000000 5.448502485E-13
50000000 1.2142691682E-10
55000000 3.7657293927E-9
60000000 7.5858098981E-8
65000000 1.17431005396E-6
70000000 6.2513003113E-6
75000000 1.6545403926E-5
80000000 2.5036802973E-5
90000000 3.0655399239E-5
100000000 3.891149936E-5
110000000 5.9471493726E-5
120000000 8.8772294648E-5
130000000 0.000108572990481
140000000 0.00012835806327
150000000 0.00013612999072
160000000 0.00013781996594
180000000 0.00015097296368
200000000 0.00015070700106
#Header 
#Target 45 105 0
#Product 41 95 0
#Datapoints 22
1000000 0
30000000 0
35000000 2.017056105E-14
40000000 3.962220632E-12
45000000 1.658320515E-10
50000000 8.7958892774E-9
55000000 2.7751497136E-7
60000000 2.2167301443E-6
65000000 6.6222702816E-6
70000000 1.09729004011E-5
75000000 1.16709995028E-5
80000000 1.20997002681E-5
90000000 1.4631994224E-5
100000000 2.745839741E-5
110000000 4.5255198834E-5
120000000 5.9050101012E-5
130000000 7.2085206429E-5
140000000 7.9644504408E-5
150000000 8.9435195232E-5
160000000 9.618649317E-5
180000000 0.000100661006964
200000000 0.00011789603784
#Header 
#Target 45 105 0
#Product 41 96 0
#Datapoints 22
1000000 0
30000000 0
35000000 5.302708311E-14
40000000 6.409019618E-11
45000000 8.726319891E-9
50000000 1.6083398438E-7
55000000 7.8629108263E-7
60000000 1.5188200573E-6
65000000 1.723660309E-6
70000000 1.6073803262E-6
75000000 1.6530502566E-6
80000000 2.2016601351E-6
90000000 6.187919751E-6
100000000 1.204200176E-5
110000000 1.7040094746E-5
120000000 2.183230372E-5
130000000 2.5477603308E-5
140000000 2.7943596822E-5
150000000 3.0751395584E-5
160000000 3.4260099218E-5
180000000 3.8959297132E-5
200000000 4.2883499358E-5
#Header 
#Target 45 105 0
#Product 42 88 0
#Datapoints 10
1000000 0
100000000 0
110000000 3.558277998E-11
120000000 1.314660126E-8
130000000 2.5846395066E-7
140000000 2.4996500217E-6
150000000 1.4755995232E-5
160000000 5.6540797012E-5
180000000 0.00023812601666
200000000 0.00043865398206
#Header 
#Target 45 105 0
#Product 42 89 0
#Datapoints 11
1000000 0
90000000 0
100000000 7.2655034E-11
110000000 3.4615298016E-8
120000000 9.5344500196E-7
130000000 8.2559299824E-6
140000000 5.5620601353E-5
150000000 0.00021947499744
160000000 0.00049950397968
180000000 0.0013831497792
200000000 0.00217892997
#Header 
#Target 45 105 0
#Product 42 90 0
#Datapoints 12
1000000 0
80000000 0
90000000 8.031999852E-10
100000000 5.115180254E-7
110000000 7.5378603048E-6
120000000 5.1275404644E-5
130000000 0.00028221297759
140000000 0.00090345098385
150000000 0.0018506400832
160000000 0.003297439663
180000000 0.0064819293252
200000000 0.0082723702194
#Header 
#Target 45 105 0
#Product 42 91 0
#Datapoints 15
1000000 0
65000000 0
70000000 1.317748487E-15
75000000 6.46185915E-12
80000000 2.8208099277E-9
90000000 2.4041094597E-6
100000000 3.726800411E-5
110000000 0.000110675005212
120000000 0.0004743390238
130000000 0.0016047395658
140000000 0.0034571096721
150000000 0.00581750968
160000000 0.0087859202664
180000000 0.014232297254
200000000 0.016726297014
#Header 
#Target 45 105 0
#Product 42 92 0
#Datapoints 17
1000000 0
55000000 0
60000000 1.958841787E-13
65000000 1.465280119E-9
70000000 3.2869802746E-7
75000000 7.3225694112E-6
80000000 4.7784494997E-5
90000000 0.00032952796893
100000000 0.0005466690269
110000000 0.0012104705022
120000000 0.0037425794784
130000000 0.0074724495606
140000000 0.011628198969
150000000 0.016173703008
160000000 0.02042460529
180000000 0.024860800804
200000000 0.02533159818
#Header 
#Target 45 105 0
#Product 42 93 0
#Datapoints 18
1000000 0
50000000 0
55000000 5.074658291E-11
60000000 5.0957005316E-8
65000000 2.3948906112E-6
70000000 2.9096406614E-5
75000000 0.000126529002126
80000000 0.00026475902163
90000000 0.00037027493388
100000000 0.0005380680387
110000000 0.0013068603204
120000000 0.0025961398348
130000000 0.0040080102561
140000000 0.0051622997787
150000000 0.0062409898112
160000000 0.007192970368
180000000 0.0078039902388
200000000 0.0074783403576
#Header 
#Target 45 105 0
#Product 42 94 0
#Datapoints 20
1000000 0
40000000 0
45000000 5.10341787E-11
50000000 7.9132400366E-8
55000000 3.0939702971E-6
60000000 3.494830332E-5
65000000 0.00015968601808
70000000 0.00032662997598
75000000 0.0004135840353
80000000 0.00039282003531
90000000 0.00049876599204
100000000 0.001234380563
110000000 0.0021638898912
120000000 0.0030568799828
130000000 0.0036856197288
140000000 0.0046112299881
150000000 0.0048571103648
160000000 0.0054231802272
180000000 0.005417070344
200000000 0.005310339993
#Header 
#Target 45 105 0
#Product 42 95 0
#Datapoints 22
1000000 0
30000000 0
35000000 1.969898331E-13
40000000 2.8441602474E-9
45000000 4.9449494115E-7
50000000 1.5246104772E-5
55000000 9.0505802217E-5
60000000 0.00019737802308
65000000 0.00023606996982
70000000 0.0002080110318
75000000 0.00017737204422
80000000 0.00019572696009
90000000 0.00056297996514
100000000 0.001116979892
110000000 0.0014767002726
120000000 0.0017162896768
130000000 0.0019904000454
140000000 0.0021759997773
150000000 0.002309819568
160000000 0.0023695296286
180000000 0.0024167299464
200000000 0.0023761496934
#Header 
#Target 45 105 0
#Product 42 96 0
#Datapoints 25
1000000 0
24000000 0
26000000 6.474647506E-13
28000000 6.281665786E-11
30000000 1.3701796068E-9
35000000 1.5267697527E-7
40000000 5.3850201356E-6
45000000 3.8657194245E-5
50000000 8.9475409164E-5
55000000 0.000104287001465
60000000 8.6349810813E-5
65000000 7.1020607794E-5
70000000 7.9885197942E-5
75000000 0.00013731706008
80000000 0.00026522306388
90000000 0.00058221602577
100000000 0.0007645759868
110000000 0.00087856508514
120000000 0.0010069999588
130000000 0.00107963002278
140000000 0.0011637799488
150000000 0.0012266196096
160000000 0.0013025201406
180000000 0.0013833401358
200000000 0.0014997798648
#Header 
#Target 45 105 0
#Product 42 97 0
#Datapoints 30
1000000 0
17000000 0
18000000 1.1851791705E-14
19000000 1.818689312E-13
20000000 1.8615533E-12
22000000 7.869117112E-11
24000000 1.6620799097E-9
26000000 2.0444406516E-8
28000000 1.5284704514E-7
30000000 7.8814492741E-7
35000000 8.6964104418E-6
40000000 2.389810272E-5
45000000 2.892539727E-5
50000000 2.282269631E-5
55000000 1.8310996348E-5
60000000 2.1350301854E-5
65000000 4.2630706406E-5
70000000 9.5252905231E-5
75000000 0.00017133301116
80000000 0.00023676597279
90000000 0.00031969302183
100000000 0.0003791329819
110000000 0.00042850504308
120000000 0.0004882709634
130000000 0.0005461649406
140000000 0.00060830202024
150000000 0.00065710298176
160000000 0.0007081160195
180000000 0.00081896599918
200000000 0.00089090500968
#Header 
#Target 45 105 0
#Product 42 98 0
#Datapoints 39
1000000 0
8000000 0
9000000 2.370026652E-14
10000000 3.216285096399E-13
11000000 2.3485266408E-12
12000000 1.1223628528E-11
13000000 4.053791398384E-11
14000000 1.321625699E-10
15000000 4.859280608E-10
16000000 1.1042791802E-9
17000000 2.5190496589E-9
18000000 4.7936803863E-9
19000000 1.07565008144E-8
20000000 2.4376801476E-8
22000000 9.7999494144E-8
24000000 2.7990692306E-7
26000000 6.1790601794E-7
28000000 1.1570599593E-6
30000000 1.8501004205E-6
35000000 2.7675996567E-6
40000000 2.39462054E-6
45000000 1.99244961E-6
50000000 2.6735504058E-6
55000000 7.4995000094E-6
60000000 2.1563601549E-5
65000000 4.467479412E-5
70000000 6.7634098642E-5
75000000 8.3059101576E-5
80000000 9.6068602503E-5
90000000 0.000115604990262
100000000 0.0001383200559
110000000 0.00016664203566
120000000 0.00019923706296
130000000 0.00023708703204
140000000 0.00028088403738
150000000 0.000318988024
160000000 0.00035260702626
180000000 0.00041498893422
200000000 0.00045802599066
#Header 
#Target 45 105 0
#Product 42 99 0
#Datapoints 25
1000000 0
24000000 0
26000000 1.465636776E-15
28000000 1.3085499592E-13
30000000 3.865248268E-12
35000000 1.3663697895E-9
40000000 3.204560216E-8
45000000 2.6317398645E-7
50000000 1.29421993478E-6
55000000 4.0142503451E-6
60000000 7.5922109249E-6
65000000 1.04384011442E-5
70000000 1.27536010195E-5
75000000 1.4544600888E-5
80000000 1.6849405665E-5
90000000 2.2248898398E-5
100000000 3.107990117E-5
110000000 4.7060694288E-5
120000000 6.5593301072E-5
130000000 8.5945602168E-5
140000000 0.000106012006905
150000000 0.00012243495776
160000000 0.0001376920491
180000000 0.00016137798026
200000000 0.00017490501882
#Header 
#Target 45 105 0
#Product 42 100 0
#Datapoints 25
1000000 0
24000000 0
26000000 2.396949408E-15
28000000 1.0985798174E-13
30000000 2.658812895E-12
35000000 5.653532694E-10
40000000 1.23947010872E-8
45000000 9.7550303805E-8
50000000 3.018169246E-7
55000000 5.2912204674E-7
60000000 7.3001199649E-7
65000000 8.984749799E-7
70000000 1.08512997065E-6
75000000 1.410850488E-6
80000000 1.9607496021E-6
90000000 4.8488197239E-6
100000000 1.1235199865E-5
110000000 2.053710051E-5
120000000 3.0590996516E-5
130000000 3.9575198745E-5
140000000 4.7301297339E-5
150000000 5.3814004064E-5
160000000 5.9346304904E-5
180000000 6.5994698448E-5
200000000 7.120379196E-5
#Header 
#Target 45 105 0
#Product 43 90 0
#Datapoints 10
1000000 0
100000000 0
110000000 4.241933706E-10
120000000 6.2357101128E-8
130000000 1.3693500936E-6
140000000 7.1422803846E-6
150000000 1.6373002112E-5
160000000 3.323879712E-5
180000000 8.4852796308E-5
200000000 0.00012399402078
#Header 
#Target 45 105 0
#Product 43 91 0
#Datapoints 12
1000000 0
80000000 0
90000000 1.847027772E-15
100000000 2.87328984E-9
110000000 6.3812196E-7
120000000 1.206360488E-5
130000000 6.6031392753E-5
140000000 0.00016876201716
150000000 0.00031473201056
160000000 0.00053568294856
180000000 0.00103111999018
200000000 0.001338169896
#Header 
#Target 45 105 0
#Product 43 92 0
#Datapoints 12
1000000 0
80000000 0
90000000 8.748809838E-9
100000000 4.736649025E-6
110000000 0.000101377004592
120000000 0.000600399984
130000000 0.0014487194772
140000000 0.00260669964
150000000 0.0041579696256
160000000 0.0057808897732
180000000 0.0076970597592
200000000 0.0080308299204
#Header 
#Target 45 105 0
#Product 43 93 0
#Datapoints 15
1000000 0
65000000 0
70000000 3.757191251E-14
75000000 9.59172282E-10
80000000 1.7454504132E-7
90000000 3.3754697946E-5
100000000 0.0007068799996
110000000 0.0024799794636
120000000 0.0053621807908
130000000 0.0084442903227
140000000 0.01253880327
150000000 0.017062897728
160000000 0.019722999514
180000000 0.022173204858
200000000 0.02104880337
#Header 
#Target 45 105 0
#Product 43 94 0
#Datapoints 16
1000000 0
60000000 0
65000000 8.084469022E-11
70000000 6.2509497941E-8
75000000 2.6830399674E-6
80000000 3.1856595165E-5
90000000 0.0010747000539
100000000 0.004628259785
110000000 0.0072691694388
120000000 0.010700999454
130000000 0.015091204554
140000000 0.019442298933
150000000 0.023154304832
160000000 0.024828701212
180000000 0.024943600724
200000000 0.023527401912
#Header 
#Target 45 105 0
#Product 43 95 0
#Datapoints 18
1000000 0
50000000 0
55000000 4.759728882E-11
60000000 1.19675000501E-7
65000000 4.6187800304E-6
70000000 4.4618799236E-5
75000000 0.00035157292488
80000000 0.0015656899158
90000000 0.0068260000131
100000000 0.009568690331
110000000 0.0115015997436
120000000 0.014673599488
130000000 0.018315198891
140000000 0.021671403702
150000000 0.022945095232
160000000 0.023152799052
180000000 0.021876196552
200000000 0.019637997372
#Header 
#Target 45 105 0
#Product 43 96 0
#Datapoints 20
1000000 0
40000000 0
45000000 7.43543154E-15
50000000 1.8859307548E-9
55000000 5.9975107993E-7
60000000 1.29592995196E-5
65000000 0.00012005300147
70000000 0.00086531004054
75000000 0.0029216004642
80000000 0.0056236705749
90000000 0.0077095503297
100000000 0.008135829998
110000000 0.0096223700046
120000000 0.01184509914
130000000 0.013380396444
140000000 0.01436060301
150000000 0.014156598944
160000000 0.013853297994
180000000 0.01288480137
200000000 0.012333001842
#Header 
#Target 45 105 0
#Product 43 97 0
#Datapoints 21
1000000 0
35000000 0
40000000 2.938980135E-9
45000000 3.343929975E-7
50000000 7.3338293886E-6
55000000 8.1614102175E-5
60000000 0.00081721092061
65000000 0.002957570593
70000000 0.0054873794635
75000000 0.006739319904
80000000 0.0066030004917
90000000 0.0065349804915
100000000 0.007757710163
110000000 0.009355810851
120000000 0.010610601286
130000000 0.011748499038
140000000 0.01178389815
150000000 0.012043096704
160000000 0.012223794954
180000000 0.012045495196
200000000 0.011935896588
#Header 
#Target 45 105 0
#Product 43 98 0
#Datapoints 23
1000000 0
28000000 0
30000000 1.0318999597E-12
35000000 1.42697994663E-8
40000000 1.08345007428E-6
45000000 1.559529684E-5
50000000 0.00033293303696
55000000 0.0016923899767
60000000 0.0034026805204
65000000 0.0040966801928
70000000 0.0039174103089
75000000 0.0036258194688
80000000 0.0036148600854
90000000 0.0041920700634
100000000 0.005315000027
110000000 0.0060825096306
120000000 0.0068409704452
130000000 0.0070792498134
140000000 0.0075808401933
150000000 0.0073927695392
160000000 0.0078367698642
180000000 0.0077908608344
200000000 0.0080584606242
#Header 
#Target 45 105 0
#Product 43 99 0
#Datapoints 29
1000000 0
18000000 0
19000000 3.330698316E-15
20000000 2.745577622E-13
22000000 8.582631296E-11
24000000 1.4498993506E-9
26000000 8.4796896784E-9
28000000 3.3795398834E-8
30000000 1.12192002177E-7
35000000 2.4028604094E-6
40000000 0.000108537014892
45000000 0.00064610792595
50000000 0.00139996997152
55000000 0.0016580398217
60000000 0.0015421995498
65000000 0.001398750051
70000000 0.0013514805359
75000000 0.0014369304372
80000000 0.0016639393401
90000000 0.0022750797483
100000000 0.002873239902
110000000 0.0034383396006
120000000 0.0038283805716
130000000 0.0042306001182
140000000 0.0043907497452
150000000 0.004722469968
160000000 0.004735189826
180000000 0.0049660801918
200000000 0.0050800099644
#Header 
#Target 45 105 0
#Product 43 100 0
#Datapoints 29
1000000 0
18000000 0
19000000 2.161629844E-15
20000000 7.115913356E-14
22000000 1.794930392E-11
24000000 1.4681606077E-9
26000000 4.845740384E-8
28000000 7.2520094766E-7
30000000 5.4584702446E-6
35000000 9.2315587671E-5
40000000 0.00028980395696
45000000 0.0003642610545
50000000 0.00034855395028
55000000 0.00030889995463
60000000 0.00030871897084
65000000 0.0003307179839
70000000 0.00040665396827
75000000 0.00053327201574
80000000 0.00069984692928
90000000 0.0010648100673
100000000 0.00145121017
110000000 0.001778309742
120000000 0.0019962402976
130000000 0.0021935594826
140000000 0.0023272599498
150000000 0.0024349398496
160000000 0.0024878803748
180000000 0.0025816505358
200000000 0.0027087397596
#Header 
#Target 45 105 0
#Product 43 101 0
#Datapoints 38
1000000 0
9000000 0
10000000 2.693238826572E-15
11000000 1.5088096154E-13
12000000 2.7996206112E-12
13000000 4.043319347997E-11
14000000 1.472133623E-10
15000000 4.599906409E-10
16000000 1.9662506172E-9
17000000 1.01976006624E-8
18000000 4.0111997835E-8
19000000 1.11195002732E-7
20000000 2.7826595598E-7
22000000 1.21325001944E-6
24000000 3.5706192772E-6
26000000 7.78297961E-6
28000000 1.4504593662E-5
30000000 2.3437403303E-5
35000000 3.6738504966E-5
40000000 3.5109598856E-5
45000000 3.215379501E-5
50000000 3.3188907408E-5
55000000 4.5908602025E-5
60000000 7.7350694645E-5
65000000 0.00013574198782
70000000 0.00022416895919
75000000 0.00033865807032
80000000 0.00047312497737
90000000 0.00074645205912
100000000 0.0009835950184
110000000 0.00115844001852
120000000 0.0012855400232
130000000 0.001397570022
140000000 0.0014458096992
150000000 0.0014810400512
160000000 0.0015277197594
180000000 0.0015567196316
200000000 0.0015643797624
#Header 
#Target 45 105 0
#Product 43 102 0
#Datapoints 23
1000000 0
28000000 0
30000000 1.2042088475E-13
35000000 7.030840026E-10
40000000 5.858510369E-8
45000000 6.6832994295E-7
50000000 2.9135296854E-6
55000000 1.10521990022E-5
60000000 3.0698502009E-5
65000000 6.082079168E-5
70000000 9.6863793345E-5
75000000 0.00013247193426
80000000 0.00016675898058
90000000 0.00021956895504
100000000 0.0002600930366
110000000 0.00029360998086
120000000 0.00030858003608
130000000 0.00031777601013
140000000 0.0003233240238
150000000 0.00033762698176
160000000 0.00033479402098
180000000 0.00033993704794
200000000 0.00033753395466
#Header 
#Target 45 105 0
#Product 43 103 0
#Datapoints 24
1000000 0
26000000 0
28000000 5.008657622E-15
30000000 7.294567029E-13
35000000 9.56121702E-10
40000000 5.5764702422E-8
45000000 1.0186898976E-6
50000000 6.282360213E-6
55000000 1.9586900717E-5
60000000 3.9924504445E-5
65000000 6.360449019E-5
70000000 8.3942892297E-5
75000000 0.000102495998796
80000000 0.000117412992882
90000000 0.0001382029614
100000000 0.0001533460434
110000000 0.00016236805668
120000000 0.00016602305568
130000000 0.00016747895151
140000000 0.0001682510112
150000000 0.00016497805344
160000000 0.0001685650232
180000000 0.00016566599672
200000000 0.00016543099314
#Header 
#Target 45 105 0
#Product 44 92 0
#Datapoints 11
1000000 0
90000000 0
100000000 6.54076034E-10
110000000 4.7722800912E-8
120000000 5.7669094804E-7
130000000 2.2416495894E-6
140000000 7.3278703491E-6
150000000 1.9880703008E-5
160000000 4.042890479E-5
180000000 6.7184000716E-5
200000000 8.2994600052E-5
#Header 
#Target 45 105 0
#Product 44 93 0
#Datapoints 13
1000000 0
75000000 0
80000000 6.127277004E-15
90000000 8.5752495018E-9
100000000 1.52046942E-6
110000000 9.303660444E-6
120000000 3.4875002692E-5
130000000 8.8488401634E-5
140000000 0.00020729698974
150000000 0.00037228999296
160000000 0.00051644998122
180000000 0.00065806703102
200000000 0.00065262501738
#Header 
#Target 45 105 0
#Product 44 94 0
#Datapoints 15
1000000 0
65000000 0
70000000 1.851267055E-12
75000000 5.456120118E-9
80000000 1.05926993856E-6
90000000 0.00015837897438
100000000 0.0005690140228
110000000 0.00083099194482
120000000 0.0015975498788
130000000 0.0031229801748
140000000 0.0049667600859
150000000 0.0064729094368
160000000 0.0072901403416
180000000 0.0071448695892
200000000 0.0069074595828
#Header 
#Target 45 105 0
#Product 44 95 0
#Datapoints 17
1000000 0
55000000 0
60000000 4.229944012E-14
65000000 1.32871003566E-8
70000000 5.5570996888E-6
75000000 0.000127295009106
80000000 0.00076951400265
90000000 0.003130389909
100000000 0.00354434955
110000000 0.0046952102214
120000000 0.0089581304916
130000000 0.014487795954
140000000 0.018283701294
150000000 0.019830503488
160000000 0.020005299848
180000000 0.018690095158
200000000 0.017220298032
#Header 
#Target 45 105 0
#Product 44 96 0
#Datapoints 19
1000000 0
45000000 0
50000000 6.638979564E-15
55000000 2.3143600086E-7
60000000 4.8951390971E-5
65000000 0.0007613669542
70000000 0.0036683495277
75000000 0.0075775201194
80000000 0.0096300901422
90000000 0.0087099507279
100000000 0.010914999787
110000000 0.01862940348
120000000 0.028680799024
130000000 0.034566896232
140000000 0.035999297076
150000000 0.03638850512
160000000 0.035143204304
180000000 0.032344301262
200000000 0.029329400646
#Header 
#Target 45 105 0
#Product 44 97 0
#Datapoints 20
1000000 0
40000000 0
45000000 2.931640092E-8
50000000 3.6382204802E-5
55000000 0.00118698999495
60000000 0.0070256494735
65000000 0.014285193922
70000000 0.016265606797
75000000 0.013972003284
80000000 0.0114267998619
90000000 0.014000201919
100000000 0.02548620311
110000000 0.034853799288
120000000 0.041143297452
130000000 0.042819098886
140000000 0.041700604146
150000000 0.040464997312
160000000 0.0388566025
180000000 0.036225599522
200000000 0.034869503214
#Header 
#Target 45 105 0
#Product 44 98 0
#Datapoints 22
1000000 0
30000000 0
35000000 3.5966191734E-7
40000000 0.00018708399628
45000000 0.00295120026
50000000 0.0132608006756
55000000 0.022480704298
60000000 0.022323703122
65000000 0.016997100174
70000000 0.013234404678
75000000 0.013718705856
80000000 0.018788205753
90000000 0.035626297797
100000000 0.04578369345
110000000 0.050447901786
120000000 0.051624196772
130000000 0.050764297932
140000000 0.050184102213
150000000 0.047941501376
160000000 0.046908595108
180000000 0.045459995826
200000000 0.043444104732
#Header 
#Target 45 105 0
#Product 44 99 0
#Datapoints 26
1000000 0
22000000 0
24000000 4.034102503E-13
26000000 2.3433306532E-8
28000000 1.9950593412E-6
30000000 2.4696194036E-5
35000000 0.0027932996328
40000000 0.01477169934
45000000 0.02313700263
50000000 0.020125000044
55000000 0.014075905608
60000000 0.0106864993123
65000000 0.0103390989562
70000000 0.013851406503
75000000 0.020684397972
80000000 0.027713196639
90000000 0.036366395607
100000000 0.04025649616
110000000 0.041702302308
120000000 0.04145430074
130000000 0.041327098758
140000000 0.040668302046
150000000 0.040170098048
160000000 0.040004203854
180000000 0.038651397932
200000000 0.03819809826
#Header 
#Target 45 105 0
#Product 44 100 0
#Datapoints 34
1000000 0
13000000 0
14000000 7.517431667E-13
15000000 9.697537668E-10
16000000 7.520139885E-8
17000000 1.8357999377E-6
18000000 1.603320381E-5
19000000 3.7038299672E-5
20000000 5.8123697392E-5
22000000 0.0002690109618
24000000 0.0014427893399
26000000 0.0043924896106
28000000 0.0087283899
30000000 0.0133532004232
35000000 0.021422797764
40000000 0.017840203862
45000000 0.012716999289
50000000 0.0099202896098
55000000 0.0101178996676
60000000 0.013612103813
65000000 0.019586097654
70000000 0.025686999052
75000000 0.030149099544
80000000 0.033435298467
90000000 0.037611499176
100000000 0.04032900138
110000000 0.041677401402
120000000 0.0417839034
130000000 0.041556605553
140000000 0.041027692056
150000000 0.041118000864
160000000 0.040394701402
180000000 0.039212897892
200000000 0.038423201796
#Header 
#Target 45 105 0
#Product 44 101 0
#Datapoints 41
1000000 0
6000000 0
7000000 5.675658775E-13
8000000 1.0229898463E-9
9000000 3.56668979688E-8
10000000 3.2833801073481E-7
11000000 2.14932966066E-6
12000000 1.30685998044E-5
13000000 5.9502806868598E-5
14000000 0.0002115790102
15000000 0.00065211997263
16000000 0.0016651102734
17000000 0.0034734400734
18000000 0.0047843604627
19000000 0.006318630428
20000000 0.0082285703276
22000000 0.0119505992668
24000000 0.01486159996
26000000 0.015737197704
28000000 0.0149860954
30000000 0.0136181996387
35000000 0.0097185703542
40000000 0.0071045397246
45000000 0.0073058097645
50000000 0.01021069944
55000000 0.014690199728
60000000 0.019293693748
65000000 0.022754495558
70000000 0.025264194219
75000000 0.027441201282
80000000 0.029504399724
90000000 0.031668603048
100000000 0.03312750185
110000000 0.033725696622
120000000 0.033456899872
130000000 0.032488198137
140000000 0.032314296042
150000000 0.031440601024
160000000 0.03081130371
180000000 0.02949440291
200000000 0.028006600986
#Header 
#Target 45 105 0
#Product 44 102 0
#Datapoints 46
1000000 0
1000000 0
2000000 6.035589045E-12
3000000 2.3449299615E-9
4000000 1.29173980602E-7
5000000 2.0456902026E-6
6000000 1.30682989842E-5
7000000 4.1780400221E-5
8000000 9.506070029E-5
9000000 0.000205250979668
10000000 0.00043928204567922
11000000 0.00087340775954
12000000 0.0015641397842
13000000 0.0025635299964247
14000000 0.0040759300295
15000000 0.0080267895337
16000000 0.0104913997028
17000000 0.01257889593
18000000 0.009242310129
19000000 0.007658888996
20000000 0.0070659401138
22000000 0.0060548997592
24000000 0.0049352898807
26000000 0.004058890233
28000000 0.0033818894282
30000000 0.0030778293444
35000000 0.0044631497682
40000000 0.0077095591034
45000000 0.0112280998995
50000000 0.015146700494
55000000 0.018845296767
60000000 0.022307401949
65000000 0.025241699636
70000000 0.027516097202
75000000 0.02927590554
80000000 0.030617899092
90000000 0.032455704591
100000000 0.03296540548
110000000 0.032997504594
120000000 0.032178298016
130000000 0.031452996132
140000000 0.030123396303
150000000 0.029159698752
160000000 0.028057505296
180000000 0.026380897074
200000000 0.02476659402
#Header 
#Target 45 105 0
#Product 44 103 0
#Datapoints 34
1000000 0
13000000 0
14000000 2.207957045E-14
15000000 1.468315625E-12
16000000 5.884330344E-11
17000000 1.4865494696E-9
18000000 2.2608904773E-8
19000000 2.1973098048E-7
20000000 1.4799495314E-6
22000000 2.7934500392E-5
24000000 0.00019760196839
26000000 0.00067033900812
28000000 0.0014109692652
30000000 0.0022757096617
35000000 0.0040997894454
40000000 0.0069021700216
45000000 0.010366600887
50000000 0.0138395996266
55000000 0.016793894452
60000000 0.019250599473
65000000 0.021101501798
70000000 0.022349499832
75000000 0.023552601468
80000000 0.02430710127
90000000 0.024818203413
100000000 0.02489379575
110000000 0.024492099696
120000000 0.023560501988
130000000 0.022465703754
140000000 0.02158879764
150000000 0.020525996
160000000 0.01953940373
180000000 0.017930998806
200000000 0.016680094452
#Header 
#Target 45 105 0
#Product 44 104 0
#Datapoints 38
1000000 0
9000000 0
10000000 4.86619988793E-14
11000000 3.3751391286E-12
12000000 8.772060528E-11
13000000 7.010801703522E-10
14000000 2.9627399912E-9
15000000 1.3226499734E-8
16000000 5.7381500444E-8
17000000 1.9846694616E-7
18000000 5.3256098103E-7
19000000 1.13789003372E-6
20000000 3.9865103376E-6
22000000 2.7652497832E-5
24000000 0.000133416998058
26000000 0.0004313689871
28000000 0.00103039005484
30000000 0.0019937703573
35000000 0.0057218493786
40000000 0.0099088395566
45000000 0.0136335012885
50000000 0.01642399414
55000000 0.018555801678
60000000 0.019896104207
65000000 0.02104369764
70000000 0.021907403474
75000000 0.022406198736
80000000 0.02262139677
90000000 0.022904296533
100000000 0.02243010452
110000000 0.021778005324
120000000 0.020634397492
130000000 0.019667401938
140000000 0.018535405665
150000000 0.017669896736
160000000 0.016825002
180000000 0.01527819755
200000000 0.013903695036
#Header 
#Target 45 105 0
#Product 45 95 0
#Datapoints 12
1000000 0
80000000 0
90000000 7.0276500639E-8
100000000 7.586690348E-6
110000000 7.4469296652E-5
120000000 0.00028153502856
130000000 0.00054884598966
140000000 0.00077155200396
150000000 0.00086226103296
160000000 0.00090580596188
180000000 0.00083407906498
200000000 0.00078349298328
#Header 
#Target 45 105 0
#Product 45 96 0
#Datapoints 14
1000000 0
70000000 0
75000000 2.967670074E-10
80000000 1.7243203914E-7
90000000 4.1854298535E-5
100000000 0.0005360550617
110000000 0.001405509429
120000000 0.0025843106796
130000000 0.0030738201867
140000000 0.0031606605333
150000000 0.002973439968
160000000 0.002745290135
180000000 0.0024873199988
200000000 0.002212619976
#Header 
#Target 45 105 0
#Product 45 97 0
#Datapoints 16
1000000 0
60000000 0
65000000 5.562414592E-10
70000000 1.19768993729E-6
75000000 3.9836293836E-5
80000000 0.00029414104047
90000000 0.0042397795251
100000000 0.010108900591
110000000 0.013044804108
120000000 0.014763396212
130000000 0.014734503234
140000000 0.013662895965
150000000 0.013125303456
160000000 0.01228640184
180000000 0.01058829982
200000000 0.0101657995866
#Header 
#Target 45 105 0
#Product 45 98 0
#Datapoints 18
1000000 0
50000000 0
55000000 1.560589054E-12
60000000 4.9290295208E-7
65000000 4.9309890936E-5
70000000 0.00040177393179
75000000 0.002488989576
80000000 0.0087277091634
90000000 0.023442900849
100000000 0.02591650221
110000000 0.026084899428
120000000 0.024459399764
130000000 0.022096299681
140000000 0.02112760053
150000000 0.01952400064
160000000 0.017832597202
180000000 0.016940603582
200000000 0.015397404372
#Header 
#Target 45 105 0
#Product 45 99 0
#Datapoints 20
1000000 0
40000000 0
45000000 2.09341728E-13
50000000 7.8689095816E-7
55000000 3.9301401547E-5
60000000 0.0002932080179
65000000 0.0019126501976
70000000 0.0050487895854
75000000 0.0080328709968
80000000 0.0092127703176
90000000 0.0099089801199
100000000 0.010113200015
110000000 0.0100358004312
120000000 0.0096106597832
130000000 0.0091857002508
140000000 0.0086386597503
150000000 0.008413989536
160000000 0.008138480142
180000000 0.0075904600632
200000000 0.0073249400952
#Header 
#Target 45 105 0
#Product 45 100 0
#Datapoints 21
1000000 0
35000000 0
40000000 2.932189592E-7
45000000 0.00010756600281
50000000 0.0008157380262
55000000 0.0073261803239
60000000 0.024461993542
65000000 0.038939499934
70000000 0.043204096122
75000000 0.041727494802
80000000 0.040144604409
90000000 0.037948194144
100000000 0.03612900156
110000000 0.034704602616
120000000 0.032688299832
130000000 0.031107995595
140000000 0.029350297269
150000000 0.027973199936
160000000 0.027066500972
180000000 0.02508759561
200000000 0.023403705192
#Header 
#Target 45 105 0
#Product 45 101 0
#Datapoints 24
1000000 0
26000000 0
28000000 2.921041992E-10
30000000 4.2463995569E-7
35000000 0.00012335699748
40000000 0.00072313205306
45000000 0.0062527189635
50000000 0.016354204434
55000000 0.02244150227
60000000 0.023312401161
65000000 0.023292597782
70000000 0.023605999362
75000000 0.023976301086
80000000 0.024177598758
90000000 0.023808399822
100000000 0.02365749733
110000000 0.0228353022
120000000 0.021878399296
130000000 0.020807398872
140000000 0.01957170342
150000000 0.019058897504
160000000 0.018541003216
180000000 0.01718269973
200000000 0.01595779542
#Header 
#Target 45 105 0
#Product 45 102 0
#Datapoints 29
1000000 0
18000000 0
19000000 1.032619456E-13
20000000 2.714298938E-10
22000000 1.405049926E-6
24000000 6.6482405326E-5
26000000 0.00032073799632
28000000 0.00074969903714
30000000 0.00132401000413
35000000 0.0135930002193
40000000 0.044684106064
45000000 0.062874200025
50000000 0.065692292316
55000000 0.064595100168
60000000 0.065301494636
65000000 0.065851498608
70000000 0.06568469985
75000000 0.065025501396
80000000 0.065047093983
90000000 0.061540704585
100000000 0.05959479642
110000000 0.057015199698
120000000 0.0534104968
130000000 0.049901601762
140000000 0.04604910285
150000000 0.043488302496
160000000 0.042325500746
180000000 0.038415293336
200000000 0.035121897594
#Header 
#Target 45 105 0
#Product 45 103 0
#Datapoints 38
1000000 0
9000000 0
10000000 2.567154557163E-14
11000000 1.9793879094E-11
12000000 1.08324020532E-9
13000000 2.1257501207431E-8
14000000 2.1355398653E-7
15000000 1.9167903006E-6
16000000 1.05715013514E-5
17000000 3.4378099376E-5
18000000 7.7649894387E-5
19000000 0.00014241501824
20000000 0.00025610295626
22000000 0.00106835994004
24000000 0.0037030798813
26000000 0.0080753101514
28000000 0.0130827007038
30000000 0.018683707339
35000000 0.03026789814
40000000 0.034264604712
45000000 0.035973205965
50000000 0.03635139496
55000000 0.036378597312
60000000 0.035750996967
65000000 0.035163805338
70000000 0.03502189988
75000000 0.03437300565
80000000 0.032871401901
90000000 0.030938705892
100000000 0.02862869444
110000000 0.026676698976
120000000 0.0244887003
130000000 0.022432505148
140000000 0.021275505447
150000000 0.019874200256
160000000 0.018274399832
180000000 0.016339399188
200000000 0.014830603956
#Header 
#Target 45 105 0
#Product 45 104 0
#Datapoints 39
1000000 0
8000000 0
9000000 2.20373524E-12
10000000 1.8322506504315E-8
11000000 1.28869019152E-6
12000000 1.77314996516E-5
13000000 0.00017249605713411
14000000 0.00083090192484
15000000 0.0024238905166
16000000 0.0051412503804
17000000 0.0086707090793
18000000 0.012755899494
19000000 0.017442898572
20000000 0.022730604592
22000000 0.032466300084
24000000 0.039896898273
26000000 0.044999301478
28000000 0.048478602976
30000000 0.050477396
35000000 0.054413400378
40000000 0.05590510752
45000000 0.055106993115
50000000 0.054125805146
55000000 0.051676497589
60000000 0.051082406263
65000000 0.048744105596
70000000 0.047095804888
75000000 0.04497339639
80000000 0.044265804669
90000000 0.03914800632
100000000 0.03555690232
110000000 0.032334098994
120000000 0.030170099196
130000000 0.027767505546
140000000 0.02508329898
150000000 0.023633696768
160000000 0.021911803506
180000000 0.019285703276
200000000 0.01710510291
#Header 
#Target 45 105 0
#Product 45 105 0
#Datapoints 46
1000000 0
1000000 0
2000000 2.1994997175E-14
3000000 1.54145019525E-9
4000000 1.27356015573E-6
5000000 9.7619993163E-5
6000000 0.001614739734
7000000 0.008070959427
8000000 0.018581801547
9000000 0.0302796989992
10000000 0.042721103039649
11000000 0.0561547004146
12000000 0.0709694001156
13000000 0.086906708012326
14000000 0.10233699915
15000000 0.11524805243
16000000 0.1249710281
17000000 0.13207304873
18000000 0.13735595211
19000000 0.14144500744
20000000 0.14400596498
22000000 0.14600801812
24000000 0.14473502215
26000000 0.14159200448
28000000 0.138785005426
30000000 0.135454000797
35000000 0.126785003787
40000000 0.117458996284
45000000 0.10998700155
50000000 0.106058008602
55000000 0.101233003137
60000000 0.09176610289
65000000 0.087327295318
70000000 0.078169403169
75000000 0.074263201302
80000000 0.065719102923
90000000 0.054561903912
100000000 0.04531660669
110000000 0.037632807666
120000000 0.031136903404
130000000 0.0257985009
140000000 0.021346704735
150000000 0.01766570176
160000000 0.014787899718
180000000 0.010622397576
200000000 0.0080111302992
#Header 
#Target 45 105 0
#Product 46 97 0
#Datapoints 13
1000000 0
75000000 0
80000000 5.1948500787E-8
90000000 1.5659801847E-5
100000000 4.540360582E-5
110000000 5.8192303914E-5
120000000 7.0307702844E-5
130000000 6.6018600936E-5
140000000 6.1620903834E-5
150000000 5.5662198336E-5
160000000 4.7841600532E-5
180000000 3.8256798062E-5
200000000 3.1079096874E-5
#Header 
#Target 45 105 0
#Product 46 98 0
#Datapoints 16
1000000 0
60000000 0
65000000 1.3644698806E-9
70000000 1.19086008349E-5
75000000 0.00026051803614
80000000 0.00095246395398
90000000 0.0015596200647
100000000 0.001246509552
110000000 0.00104380005144
120000000 0.00090420705128
130000000 0.00073955706291
140000000 0.00063745202025
150000000 0.00054948707328
160000000 0.00045915696508
180000000 0.0003512360124
200000000 0.00028316506176
#Header 
#Target 45 105 0
#Product 46 99 0
#Datapoints 17
1000000 0
55000000 0
60000000 0.00015975095248
65000000 0.0028598896924
70000000 0.0082239300231
75000000 0.0112068003006
80000000 0.0103211001918
90000000 0.0065556802359
100000000 0.004726100217
110000000 0.0036554901144
120000000 0.002882380652
130000000 0.0023121103464
140000000 0.0019316496009
150000000 0.0016475299136
160000000 0.0013788796832
180000000 0.001071900095
200000000 0.00087192705474
#Header 
#Target 45 105 0
#Product 46 100 0
#Datapoints 20
1000000 0
40000000 0
45000000 1.00202994675E-6
50000000 0.0032204398664
55000000 0.026921605685
60000000 0.050408303218
65000000 0.051777405098
70000000 0.039611504086
75000000 0.028014505416
80000000 0.020784597588
90000000 0.013906096605
100000000 0.010277399726
110000000 0.007915959744
120000000 0.006160329888
130000000 0.0050568101073
140000000 0.004242630267
150000000 0.0036660704064
160000000 0.0032369005176
180000000 0.0025690401912
200000000 0.002080350216
#Header 
#Target 45 105 0
#Product 46 101 0
#Datapoints 21
1000000 0
35000000 0
40000000 0.0165731015
45000000 0.121056998175
50000000 0.1804569429
55000000 0.15170493686
60000000 0.098201306504
65000000 0.063411401122
70000000 0.045628694221
75000000 0.03592820664
80000000 0.029732203431
90000000 0.021678004242
100000000 0.0168189995
110000000 0.01374780528
120000000 0.011376699092
130000000 0.0096697107657
140000000 0.0083814194814
150000000 0.0073758397376
160000000 0.0066168199374
180000000 0.0054216201788
200000000 0.0046052299062
#Header 
#Target 45 105 0
#Product 46 102 0
#Datapoints 25
1000000 0
24000000 0
26000000 0.00029770701818
28000000 0.020939205236
30000000 0.108892988509
35000000 0.37742694099
40000000 0.41658591512
45000000 0.27237804975
50000000 0.15118604618
55000000 0.098406310221
60000000 0.074112896214
65000000 0.060184905976
70000000 0.050570502818
75000000 0.043669707234
80000000 0.038142896607
90000000 0.030532502151
100000000 0.02527620193
110000000 0.02144139657
120000000 0.018392600092
130000000 0.015995404548
140000000 0.014111504025
150000000 0.012563705088
160000000 0.0112454014
180000000 0.0094008792738
200000000 0.0079801795836
#Header 
#Target 45 105 0
#Product 46 103 0
#Datapoints 30
1000000 0
17000000 0
18000000 0.0067482796524
19000000 0.075564202428
20000000 0.21349001922
22000000 0.4998899562
24000000 0.66690604661
26000000 0.7338780252
28000000 0.72862497254
30000000 0.63131800328
35000000 0.29960101977
40000000 0.15697503106
45000000 0.110627000775
50000000 0.08898440631
55000000 0.074101191091
60000000 0.063230404139
65000000 0.054835496842
70000000 0.048659804787
75000000 0.043272496068
80000000 0.038702499993
90000000 0.031499497242
100000000 0.02610329411
110000000 0.022037000262
120000000 0.018616201084
130000000 0.016079202639
140000000 0.01409929812
150000000 0.012505697952
160000000 0.011179995668
180000000 0.0092416298548
200000000 0.0078137207442
#Header 
#Target 45 105 0
#Product 46 104 0
#Datapoints 40
1000000 0
7000000 0
8000000 0.019865798225
9000000 0.156891985264
10000000 0.35418203481417
11000000 0.532129996988
12000000 0.664995962708
13000000 0.76022307394724
14000000 0.82582792697
15000000 0.86818096414
16000000 0.89756099878
17000000 0.91822301196
18000000 0.93268104462
19000000 0.87891097184
20000000 0.75001593704
22000000 0.47200098968
24000000 0.29868496187
26000000 0.21212393178
28000000 0.17016197892
30000000 0.14734704722
35000000 0.116178995166
40000000 0.095370792904
45000000 0.08006539374
50000000 0.067541487502
55000000 0.058015891265
60000000 0.050307808726
65000000 0.044003804946
70000000 0.03911340345
75000000 0.034552104582
80000000 0.030748702185
90000000 0.024520598721
100000000 0.0200463022
110000000 0.016725104664
120000000 0.014077103216
130000000 0.012051105111
140000000 0.0105175995462
150000000 0.009273549824
160000000 0.0083274405582
180000000 0.0068358802596
200000000 0.0057826206018
#Header 
#Target 45 105 0
#Product 46 105 0
#Datapoints 46
1000000 0
1000000 8.09149980804E-12
2000000 1.542899961E-6
3000000 0.00027863799375
4000000 0.00558059007018
5000000 0.0388855995836
6000000 0.134247996987
7000000 0.270626021986
8000000 0.38131899732
9000000 0.359911966988
10000000 0.26338205504481
11000000 0.174878046888
12000000 0.12209202642
13000000 0.093964908508768
14000000 0.07893939688
15000000 0.070125901944
16000000 0.064856398058
17000000 0.06133190729
18000000 0.058622404347
19000000 0.056518395252
20000000 0.054607993704
22000000 0.050725303244
24000000 0.046981404043
26000000 0.043212297042
28000000 0.039531894162
30000000 0.036144305261
35000000 0.029620799916
40000000 0.024358405042
45000000 0.020151694755
50000000 0.017313106276
55000000 0.014611795672
60000000 0.0126990005975
65000000 0.0108866997662
70000000 0.0097750301044
75000000 0.0085256705334
80000000 0.0075036995541
90000000 0.0059702801139
100000000 0.004829119933
110000000 0.0040103297646
120000000 0.0033634098892
130000000 0.0028540102347
140000000 0.0024904994244
150000000 0.0022012203744
160000000 0.0019706302216
180000000 0.0016145703546
200000000 0.0013743797634
#Header 
#Target 45 105 0
#Product 46 106 0
#Datapoints 46
1000000 0
1000000 1.79401013012E-13
2000000 9.5942186775E-9
3000000 1.10965998675E-6
4000000 1.52963030085E-5
5000000 7.535710479E-5
6000000 0.00020186797542
7000000 0.00035946493945
8000000 0.000516015193
9000000 0.00066036198172
10000000 0.0007945527798498
11000000 0.0009101057212
12000000 0.00101642972396
13000000 0.0010878100046348
14000000 0.0011206097931
15000000 0.0011007805165
16000000 0.00102356006882
17000000 0.00091375493593
18000000 0.00080796993888
19000000 0.00072423708412
20000000 0.00065559599078
22000000 0.00054659305216
24000000 0.00047768306148
26000000 0.00042898605494
28000000 0.00039289192382
30000000 0.00036460002391
35000000 0.00030672897651
40000000 0.00027978002094
45000000 0.0002478249891
50000000 0.00023284506452
55000000 0.0002088890291
60000000 0.00019695196661
65000000 0.00017898599914
70000000 0.00016799295392
75000000 0.00015439106406
80000000 0.00014525204283
90000000 0.00012641301126
100000000 0.00010986999682
110000000 9.7788397824E-5
120000000 8.2417698348E-5
130000000 7.2775597158E-5
140000000 6.6850001112E-5
150000000 5.8595198304E-5
160000000 5.0691900602E-5
180000000 3.9652902492E-5
200000000 3.1764205242E-5
