#Header 
#Target 74 183 0
#Product 0 1 0
#Datapoints 45
1000000 0
2000000 3.6424659084E-15
3000000 3.303730941E-8
4000000 5.6690698089E-6
5000000 0.00017180066299
6000000 0.0019677039895
7000000 0.012010275648
8000000 0.04572491228655
9000000 0.11696455119
10000000 0.22027565141
11000000 0.3907854468
12000000 0.6921137664
13000000 1.008177984
14000000 1.283110212
15000000 1.515522597087
16000000 1.712092876
17000000 1.875249588
18000000 2.068758
19000000 2.366216072
20000000 2.673985666
22000000 3.113279937
24000000 3.418683714
26000000 3.656621412
28000000 3.849409335
30000000 4.186511658
35000000 4.91844416
40000000 5.404665468
45000000 5.797514236
50000000 6.076856471
55000000 6.332716766
60000000 6.552229024
65000000 6.71913758
70000000 6.894166728
75000000 7.031599883
80000000 7.187565145
90000000 7.517063466
100000000 7.817405715
110000000 8.12690280311
120000000 8.43026448376
130000000 8.71120639584
140000000 8.98237087752
150000000 9.24827851536
160000000 9.50788303416
180000000 10.0270192248
200000000 10.69849318026
#Header 
#Target 74 183 0
#Product 1 1 0
#Datapoints 45
1000000 0
2000000 0
3000000 6.572709326E-16
4000000 1.5380333622E-11
5000000 1.3246103926E-8
6000000 1.6434129585E-6
7000000 5.73453216E-5
8000000 0.000754497929346
9000000 0.004200198577
10000000 0.011914108811
11000000 0.023120441064
12000000 0.03801883652
13000000 0.05687060544
14000000 0.0774907464
15000000 0.0969615229572
16000000 0.1139661922
17000000 0.1286902089
18000000 0.142197525
19000000 0.1558257925
20000000 0.1709014593
22000000 0.2028515454
24000000 0.2358820788
26000000 0.2696512281
28000000 0.3045752505
30000000 0.3402499618
35000000 0.4372198144
40000000 0.5421301728
45000000 0.6442314852
50000000 0.7409239432
55000000 0.8286801976
60000000 0.9089001456
65000000 0.9795867115
70000000 1.0425716488
75000000 1.0989121374
80000000 1.1492027305
90000000 1.2376189827
100000000 1.312400493
110000000 1.379996858523
120000000 1.44295709077
130000000 1.499567749344
140000000 1.551053614916
150000000 1.599341181116
160000000 1.64808353997
180000000 1.7480851152
200000000 1.87353748108
#Header 
#Target 74 183 0
#Product 1 2 0
#Datapoints 41
1000000 0
6000000 0
7000000 8.653163904E-17
8000000 3.394942877193E-13
9000000 5.658082263E-11
10000000 5.615049949E-9
11000000 1.901308878E-7
12000000 2.997834448E-6
13000000 2.649734208E-5
14000000 0.0001461795372
15000000 0.0005462178319197
16000000 0.001480054816
17000000 0.003093474609
18000000 0.005324152275
19000000 0.008004365619
20000000 0.010976940634
22000000 0.01528324146
24000000 0.02155471548
26000000 0.02756541991
28000000 0.03226986435
30000000 0.03776637536
35000000 0.04997681664
40000000 0.0603849768
45000000 0.06930141252
50000000 0.07552482847
55000000 0.08585572274
60000000 0.08854115824
65000000 0.09679171595
70000000 0.09914402495
75000000 0.10623734044
80000000 0.10879223985
90000000 0.10754611848
100000000 0.1071320841
110000000 0.1040004005289
120000000 0.1012886777747
130000000 0.0988657360128
140000000 0.0969040875218
150000000 0.0951495315708
160000000 0.0939107449224
180000000 0.091928893581
200000000 0.0934042543348
#Header 
#Target 74 183 0
#Product 1 3 0
#Datapoints 39
1000000 0
8000000 0
9000000 1.0597142569E-18
10000000 3.424760433E-15
11000000 1.0930306716E-12
12000000 2.0078755984E-10
13000000 1.09099584E-8
14000000 2.312476728E-7
15000000 2.504150416284E-6
16000000 1.61033609E-5
17000000 6.568494603E-5
18000000 0.0001843620795
19000000 0.000395068463
20000000 0.0007036693829
22000000 0.001580516901
24000000 0.0027060039
26000000 0.003964078619
28000000 0.005307123105
30000000 0.0066011288
35000000 0.009625900032
40000000 0.01225729896
45000000 0.014297038396
50000000 0.016045454495
55000000 0.017591289087
60000000 0.0192270776
65000000 0.0208891783
70000000 0.02271167981
75000000 0.02463423193
80000000 0.02674476585
90000000 0.03152697849
100000000 0.0370856853
110000000 0.040682021208
120000000 0.0442637637951
130000000 0.047939149296
140000000 0.0516084509988
150000000 0.0552521526192
160000000 0.0584640171234
180000000 0.064794522129
200000000 0.0711332848474
#Header 
#Target 74 183 0
#Product 2 3 0
#Datapoints 35
1000000 0
12000000 0
13000000 4.175778816E-18
14000000 8.86533768E-16
15000000 6.86260540902E-14
16000000 2.349558858E-12
17000000 4.36962801E-11
18000000 5.13679239E-10
19000000 4.25348212E-9
20000000 2.680577955E-8
22000000 5.771401821E-7
24000000 6.736376718E-6
26000000 4.687508278E-5
28000000 0.0002034290475
30000000 0.000534746044
35000000 0.002164680128
40000000 0.004442085888
45000000 0.006895898864
50000000 0.009316044689
55000000 0.011475217995
60000000 0.01342748284
65000000 0.01508913131
70000000 0.016671976493
75000000 0.018115120716
80000000 0.0195932512
90000000 0.02259960966
100000000 0.02592077805
110000000 0.0282297911492
120000000 0.0305395813973
130000000 0.0328717986048
140000000 0.035233855848
150000000 0.0376171175224
160000000 0.0400074048549
180000000 0.044721927642
200000000 0.0488458535598
#Header 
#Target 74 183 0
#Product 2 4 0
#Datapoints 45
1000000 0
2000000 5.3434479307E-12
3000000 2.0336096096E-10
4000000 1.9021677528E-9
5000000 1.3583393736E-8
6000000 8.030392765E-8
7000000 3.988401984E-7
8000000 1.684221448749E-6
9000000 6.201844816E-6
10000000 2.0026742557E-5
11000000 5.398385076E-5
12000000 0.0001177950256
13000000 0.0002381841792
14000000 0.0004549594932
15000000 0.0007932455011095
16000000 0.00128209326
17000000 0.001958353686
18000000 0.00292591971
19000000 0.004452529711
20000000 0.007417672647
22000000 0.03171543948
24000000 0.0334903128
26000000 0.0170630868
28000000 0.01553644989
30000000 0.015695702596
35000000 0.01721230656
40000000 0.01978655424
45000000 0.02196561268
50000000 0.02437749412
55000000 0.02627148404
60000000 0.02837510472
65000000 0.0304640306
70000000 0.03281560706
75000000 0.03491054182
80000000 0.03721318315
90000000 0.04159581255
100000000 0.04600863765
110000000 0.0485342444944
120000000 0.0516790610536
130000000 0.054897574824
140000000 0.057988644568
150000000 0.0602109652372
160000000 0.061313302071
180000000 0.064780597278
200000000 0.074830420554
#Header 
#Target 74 183 0
#Product 70 159 0
#Datapoints 9
1000000 0
110000000 0
120000000 3.16465013556E-15
130000000 8.4612989664E-10
140000000 6.623435375162E-7
150000000 2.119559677516E-5
160000000 0.00015255713161836
180000000 0.000822205813392
200000000 0.001814364232548
#Header 
#Target 74 183 0
#Product 70 160 0
#Datapoints 9
1000000 0
110000000 0
120000000 5.02442463164E-11
130000000 1.6281460705536E-7
140000000 1.1441858610868E-5
150000000 0.00010850747152404
160000000 0.0003393540546354
180000000 0.000932123111121
200000000 0.001511376338194
#Header 
#Target 74 183 0
#Product 70 161 0
#Datapoints 10
1000000 0
100000000 0
110000000 1.12530829942E-13
120000000 3.74773406221E-9
130000000 1.401446542392E-6
140000000 2.471060215594E-5
150000000 9.990140492556E-5
160000000 0.0001809979667874
180000000 0.000363931613409
200000000 0.000476670655866
#Header 
#Target 74 183 0
#Product 70 162 0
#Datapoints 10
1000000 0
100000000 0
110000000 1.74636784326E-10
120000000 3.069264410204E-7
130000000 1.1072072593872E-5
140000000 5.954179004966E-5
150000000 0.00012087639801008
160000000 0.000168941063214
180000000 0.000240598425807
200000000 0.000294979305481
#Header 
#Target 74 183 0
#Product 71 160 0
#Datapoints 8
1000000 0
120000000 0
130000000 6.039455621904E-9
140000000 6.999874664836E-6
150000000 0.0001443172946854
160000000 0.0005247540676224
180000000 0.00269920250538
200000000 0.006164633400728
#Header 
#Target 74 183 0
#Product 71 161 0
#Datapoints 9
1000000 0
110000000 0
120000000 3.292923521032E-9
130000000 4.886108034048E-6
140000000 0.000117612584651
150000000 0.0004301868993
160000000 0.0008757450454473
180000000 0.00337012842459
200000000 0.00557468863614
#Header 
#Target 74 183 0
#Product 71 162 0
#Datapoints 10
1000000 0
100000000 0
110000000 6.82106717238E-11
120000000 8.305446096965E-7
130000000 5.213347947648E-5
140000000 0.0002963129242876
150000000 0.0005998510599756
160000000 0.0010220442297219
180000000 0.00201370712409
200000000 0.002513176881954
#Header 
#Target 74 183 0
#Product 71 163 0
#Datapoints 11
1000000 0
90000000 0
100000000 3.547486305E-12
110000000 1.96722886718E-7
120000000 2.634445801596E-5
130000000 0.000214772415624
140000000 0.0004458743470894
150000000 0.0006842436955624
160000000 0.0011790533131587
180000000 0.0018926375853
200000000 0.00208014076602
#Header 
#Target 74 183 0
#Product 71 164 0
#Datapoints 11
1000000 0
90000000 0
100000000 6.6628904355E-9
110000000 2.969258157691E-6
120000000 6.59132831875E-5
130000000 0.0002531154125808
140000000 0.0003782455739832
150000000 0.0005874292060684
160000000 0.0008199704044224
180000000 0.001192302380778
200000000 0.0013594676151914
#Header 
#Target 74 183 0
#Product 71 165 0
#Datapoints 12
1000000 0
80000000 0
90000000 7.775623044E-11
100000000 4.5664602615E-7
110000000 2.62582857725E-5
120000000 0.0001732586193485
130000000 0.0003172382900352
140000000 0.000418513516987
150000000 0.0005744171135812
160000000 0.0007206550279488
180000000 0.000845820639639
200000000 0.000984011030142
#Header 
#Target 74 183 0
#Product 71 166 0
#Datapoints 13
1000000 0
75000000 0
80000000 1.822068783E-14
90000000 1.30759002846E-8
100000000 6.3025800255E-6
110000000 9.212513713151E-5
120000000 0.0002315805543895
130000000 0.0002554853219856
140000000 0.0002923700177782
150000000 0.0003717502074052
160000000 0.0004096506875958
180000000 0.000474818956938
200000000 0.0004639178377148
#Header 
#Target 74 183 0
#Product 71 167 0
#Datapoints 14
1000000 0
70000000 0
75000000 3.264788681E-12
80000000 1.482308937E-9
90000000 1.9198902384E-6
100000000 5.221889847E-5
110000000 0.0001730579246016
120000000 0.0001869787390335
130000000 0.0001834376126256
140000000 0.0002547400236598
150000000 0.0003069044947868
160000000 0.0003676079194578
180000000 0.000439561234206
200000000 0.0004848906327154
#Header 
#Target 74 183 0
#Product 71 168 0
#Datapoints 16
1000000 0
60000000 0
65000000 7.65636737E-16
70000000 7.200835207E-12
75000000 2.2447604949E-9
80000000 1.06953995175E-7
90000000 1.03781008629E-5
100000000 5.8293589815E-5
110000000 6.670237440648E-5
120000000 5.419470974733E-5
130000000 7.736762167056E-5
140000000 0.00010148862005492
150000000 0.00011993740119844
160000000 0.00013514924024154
180000000 0.000158433981957
200000000 0.0002015512046132
#Header 
#Target 74 183 0
#Product 71 169 0
#Datapoints 17
1000000 0
55000000 0
60000000 2.439733784E-12
65000000 1.060829543E-9
70000000 4.9461501649E-8
75000000 6.6134197437E-7
80000000 3.892219332E-6
90000000 2.7331702857E-5
100000000 3.677759685E-5
110000000 2.823377451089E-5
120000000 3.660913889674E-5
130000000 5.204407939632E-5
140000000 6.052898393464E-5
150000000 6.604477016548E-5
160000000 7.011030161016E-5
180000000 8.56297447197E-5
200000000 0.00011019499822646
#Header 
#Target 74 183 0
#Product 71 170 0
#Datapoints 19
1000000 0
45000000 0
50000000 1.0069888178E-15
55000000 6.417627216E-12
60000000 1.5293694064E-9
65000000 5.879659183E-8
70000000 7.9580798198E-7
75000000 5.2653706028E-6
80000000 1.6550600441E-5
90000000 2.9613608856E-5
100000000 2.2750000695E-5
110000000 2.922307946118E-5
120000000 4.548862092039E-5
130000000 5.785415248896E-5
140000000 6.828054697878E-5
150000000 8.005109932704E-5
160000000 9.202078527012E-5
180000000 0.0001368041353971
200000000 0.000176014337045
#Header 
#Target 74 183 0
#Product 71 171 0
#Datapoints 20
1000000 0
40000000 0
45000000 4.044969532E-13
50000000 3.230172365E-10
55000000 3.0309996771E-8
60000000 4.6153391312E-7
65000000 2.5954795535E-6
70000000 1.00328990304E-5
75000000 2.134129228E-5
80000000 2.639539009E-5
90000000 1.8312491997E-5
100000000 2.0794105305E-5
110000000 3.329407510836E-5
120000000 4.538322737917E-5
130000000 5.41559586312E-5
140000000 6.299037008624E-5
150000000 7.654152455944E-5
160000000 9.441416226123E-5
180000000 0.0001497180422145
200000000 0.0002253818912074
#Header 
#Target 74 183 0
#Product 71 172 0
#Datapoints 21
1000000 0
35000000 0
40000000 2.931067368E-12
45000000 5.687394044E-10
50000000 2.4567303558E-8
55000000 4.7548993355E-7
60000000 3.6979502432E-6
65000000 1.1066298893E-5
70000000 1.61326019688E-5
75000000 1.51042010735E-5
80000000 1.2733699647E-5
90000000 1.34377003692E-5
100000000 2.1304606635E-5
110000000 2.926037821155E-5
120000000 3.786013280771E-5
130000000 4.347760092768E-5
140000000 5.161071336252E-5
150000000 7.0508041111E-5
160000000 9.54390645621E-5
180000000 0.000182394895512
200000000 0.000300606318026
#Header 
#Target 74 183 0
#Product 71 173 0
#Datapoints 24
1000000 0
26000000 0
28000000 3.107035185E-14
30000000 9.281804882E-13
35000000 7.128605824E-10
40000000 3.4670690772E-8
45000000 2.7643703988E-7
50000000 1.41176992929E-6
55000000 4.7805499238E-6
60000000 8.1156408736E-6
65000000 8.0848700695E-6
70000000 6.5413396495E-6
75000000 5.7834096705E-6
80000000 6.1035397995E-6
90000000 1.11307004676E-5
100000000 1.914269139E-5
110000000 2.58997832204E-5
120000000 3.331844309656E-5
130000000 4.818098391984E-5
140000000 7.393763664246E-5
150000000 0.0001068104628374
160000000 0.00015633911168631
180000000 0.000302510034402
200000000 0.0004036582642182
#Header 
#Target 74 183 0
#Product 71 174 0
#Datapoints 27
1000000 0
20000000 0
22000000 2.021943033E-14
24000000 5.225589132E-13
26000000 6.558588162E-12
28000000 4.763156595E-11
30000000 2.570105468E-10
35000000 7.28387968E-9
40000000 8.806789932E-8
45000000 4.447369588E-7
50000000 9.7865292581E-7
55000000 1.15290016097E-6
60000000 1.07019994272E-6
65000000 9.863919347E-7
70000000 1.04142007278E-6
75000000 1.25553989792E-6
80000000 1.83147992725E-6
90000000 3.9067999965E-6
100000000 5.9863591665E-6
110000000 7.3549066148E-6
120000000 1.1030480237219E-5
130000000 2.137855359456E-5
140000000 3.815805931974E-5
150000000 6.133350199084E-5
160000000 9.13427781399E-5
180000000 0.00015959600295
200000000 0.0002141350970016
#Header 
#Target 74 183 0
#Product 71 175 0
#Datapoints 35
1000000 0
12000000 0
13000000 3.388036608E-15
14000000 3.808816872E-14
15000000 3.005554903425E-13
16000000 1.823404762E-12
17000000 8.164729836E-12
18000000 2.90811987E-11
19000000 8.395716618E-11
20000000 2.059978019E-10
22000000 9.136266588E-10
24000000 3.3358500546E-9
26000000 7.3302501803E-9
28000000 1.46377006725E-8
30000000 2.7109204472E-8
35000000 1.0753200096E-7
40000000 2.7941500188E-7
45000000 3.8523802072E-7
50000000 3.7976202411E-7
55000000 3.4228394607E-7
60000000 3.4529899344E-7
65000000 4.4667307625E-7
70000000 7.6978004054E-7
75000000 1.48233000531E-6
80000000 2.557829451E-6
90000000 5.1280006437E-6
100000000 6.8063389515E-6
110000000 1.0905894223939E-5
120000000 2.561924685319E-5
130000000 5.5016170164E-5
140000000 9.819833990298E-5
150000000 0.00014023431526552
160000000 0.0001924839270774
180000000 0.000279962258535
200000000 0.00035345177364
#Header 
#Target 74 183 0
#Product 71 176 0
#Datapoints 42
1000000 0
5000000 0
6000000 1.0442087225E-19
7000000 4.723173504E-18
8000000 8.98291146648E-17
9000000 2.862056889E-15
10000000 1.7491778571E-14
11000000 7.480952892E-14
12000000 2.6306187656E-13
13000000 8.30516544E-13
14000000 2.432333472E-12
15000000 6.688306934439E-12
16000000 1.727883936E-11
17000000 4.217164038E-11
18000000 9.82598508E-11
19000000 2.232211542E-10
20000000 5.148168168E-10
22000000 3.8224398672E-9
24000000 8.2471004724E-9
26000000 8.7422110592E-9
28000000 1.31083999965E-8
30000000 1.930830174E-8
35000000 3.3005909312E-8
40000000 3.591610536E-8
45000000 3.4678803548E-8
50000000 3.5410210591E-8
55000000 5.1887192272E-8
60000000 1.04373993936E-7
65000000 2.4255908295E-7
70000000 4.9744898774E-7
75000000 8.1037695277E-7
80000000 1.10586004495E-6
90000000 1.60426998E-6
100000000 2.840990751E-6
110000000 8.182595717613E-6
120000000 2.014685735144E-5
130000000 3.754600298208E-5
140000000 5.598799370616E-5
150000000 7.482142379904E-5
160000000 9.35236728531E-5
180000000 0.0001227872082756
200000000 0.00014681665742466
#Header 
#Target 74 183 0
#Product 72 161 0
#Datapoints 6
1000000 0
140000000 0
150000000 9.779701842228E-6
160000000 0.0001965778172631
180000000 0.00342121854645
200000000 0.008407113670982
#Header 
#Target 74 183 0
#Product 72 162 0
#Datapoints 8
1000000 0
120000000 0
130000000 3.03014838816E-10
140000000 7.543382957656E-6
150000000 0.0003161644487064
160000000 0.00267370471179
180000000 0.00723811408095
200000000 0.010510704040614
#Header 
#Target 74 183 0
#Product 72 163 0
#Datapoints 8
1000000 0
120000000 0
130000000 1.0989673383888E-6
140000000 6.94746487805E-5
150000000 0.0013325934468376
160000000 0.003594650285835
180000000 0.00802533753945
200000000 0.01043360435321
#Header 
#Target 74 183 0
#Product 72 164 0
#Datapoints 9
1000000 0
110000000 0
120000000 5.430299797142E-7
130000000 8.990289111168E-5
140000000 0.001977922303424
150000000 0.00617843957532
160000000 0.00844499239731
180000000 0.01211072297631
200000000 0.013424878067552
#Header 
#Target 74 183 0
#Product 72 165 0
#Datapoints 10
1000000 0
100000000 0
110000000 1.904519373146E-9
120000000 4.184433368285E-6
130000000 0.0003713771875824
140000000 0.002030112411414
150000000 0.003685211980996
160000000 0.004483304176806
180000000 0.00597974250657
200000000 0.005910157046926
#Header 
#Target 74 183 0
#Product 72 166 0
#Datapoints 11
1000000 0
90000000 0
100000000 6.7448673E-11
110000000 6.556875450388E-7
120000000 0.00015902671634649
130000000 0.0015298462631808
140000000 0.003343137493288
150000000 0.003983230716952
160000000 0.004508704283706
180000000 0.00574057302081
200000000 0.005275582341964
#Header 
#Target 74 183 0
#Product 72 167 0
#Datapoints 12
1000000 0
80000000 0
90000000 2.336777568E-15
100000000 2.76815097E-8
110000000 1.417999163685E-5
120000000 0.0003440554040199
130000000 0.0013721166248256
140000000 0.002071812037198
150000000 0.002401528775372
160000000 0.002965912973037
180000000 0.00316617942432
200000000 0.0031542809215
#Header 
#Target 74 183 0
#Product 72 168 0
#Datapoints 12
1000000 0
80000000 0
90000000 3.5686200285E-9
100000000 4.8949096455E-6
110000000 0.0001944399548819
120000000 0.0011943979517502
130000000 0.002261613966048
140000000 0.002621569699946
150000000 0.003154443576388
160000000 0.003528590838003
180000000 0.00366444657867
200000000 0.003933004072232
#Header 
#Target 74 183 0
#Product 72 169 0
#Datapoints 13
1000000 0
75000000 0
80000000 2.535416805E-11
90000000 2.9995696863E-7
100000000 4.7671101225E-5
110000000 0.0005112356754482
120000000 0.0014020476042304
130000000 0.001686795252912
140000000 0.001817223985362
150000000 0.002023430026484
160000000 0.002140428668679
180000000 0.00236250430197
200000000 0.00264789594703
#Header 
#Target 74 183 0
#Product 72 170 0
#Datapoints 15
1000000 0
65000000 0
70000000 8.324549308E-13
75000000 1.0176788699E-9
80000000 7.4041197155E-8
90000000 1.8114591294E-5
100000000 0.00034499308275
110000000 0.0011059895125432
120000000 0.0015285472770058
130000000 0.001667335630176
140000000 0.001944642605224
150000000 0.002111689290752
160000000 0.002126827630305
180000000 0.00260910246105
200000000 0.003174430472642
#Header 
#Target 74 183 0
#Product 72 171 0
#Datapoints 16
1000000 0
60000000 0
65000000 4.83617525E-12
70000000 2.2031208181E-9
75000000 1.08110001538E-7
80000000 2.1631894755E-6
90000000 0.000114180006699
100000000 0.00060046403715
110000000 0.0009219804472123
120000000 0.0010697781300433
130000000 0.0011863671937056
140000000 0.0012386054470016
150000000 0.0013312134205248
160000000 0.0015373013730984
180000000 0.00216430673454
200000000 0.00275197452493
#Header 
#Target 74 183 0
#Product 72 172 0
#Datapoints 18
1000000 0
50000000 0
55000000 2.523156954E-13
60000000 9.651589816E-10
65000000 5.8034310845E-8
70000000 8.954749566E-7
75000000 9.4959806172E-6
80000000 5.5797295965E-5
90000000 0.00040247603901
100000000 0.0007912619298
110000000 0.0009705324530164
120000000 0.0010115183206522
130000000 0.0011495172496608
140000000 0.001409264886947
150000000 0.001698111543384
160000000 0.001947769656588
180000000 0.00276016206096
200000000 0.003636147044588
#Header 
#Target 74 183 0
#Product 72 173 0
#Datapoints 19
1000000 0
45000000 0
50000000 3.71975415E-12
55000000 3.1645304232E-9
60000000 1.08303992624E-7
65000000 1.6463500704E-6
70000000 1.44416008347E-5
75000000 7.1851998834E-5
80000000 0.000199083946
90000000 0.00051593401638
100000000 0.0006644720079
110000000 0.000675631598993
120000000 0.0008086125624848
130000000 0.0010549072970208
140000000 0.0013583349811248
150000000 0.001632092145392
160000000 0.002158037811972
180000000 0.00336327864957
200000000 0.003999403589506
#Header 
#Target 74 183 0
#Product 72 174 0
#Datapoints 21
1000000 0
35000000 0
40000000 3.578208588E-13
45000000 1.5004500124E-9
50000000 5.6465791753E-8
55000000 6.1043610823E-7
60000000 5.1359097376E-6
65000000 2.7669101095E-5
70000000 0.000100391009774
75000000 0.0002164599822
80000000 0.0003311609857
90000000 0.00045486895158
100000000 0.0004670110647
110000000 0.0005696915944689
120000000 0.0008125965602243
130000000 0.0012420970165296
140000000 0.001730744312468
150000000 0.002408668236552
160000000 0.003073502394396
180000000 0.00398119469499
200000000 0.004450479992276
#Header 
#Target 74 183 0
#Product 72 175 0
#Datapoints 22
1000000 0
30000000 0
35000000 8.56919616E-12
40000000 4.196640642E-9
45000000 7.89806068E-8
50000000 7.9704791404E-7
55000000 6.1983808017E-6
60000000 3.291089612E-5
65000000 9.290289821E-5
70000000 0.000156746003619
75000000 0.00020228206306
80000000 0.0002367160348
90000000 0.00024035203035
100000000 0.0002956579344
110000000 0.0005389336619458
120000000 0.0009711063471509
130000000 0.0015231864482352
140000000 0.00214544213992
150000000 0.002661287114608
160000000 0.003021713333667
180000000 0.00392592555324
200000000 0.004456800092764
#Header 
#Target 74 183 0
#Product 72 176 0
#Datapoints 26
1000000 0
22000000 0
24000000 5.66991786E-14
26000000 6.771287596E-12
28000000 2.39528583E-10
30000000 2.639700616E-9
35000000 3.795909856E-8
40000000 2.4828010188E-7
45000000 1.66519995432E-6
50000000 1.01169993456E-5
55000000 3.5849707177E-5
60000000 7.1274611224E-5
65000000 0.00010222599353
70000000 0.000113998999605
75000000 0.000119836002825
80000000 0.00012730599635
90000000 0.000166032992376
100000000 0.00042296391765
110000000 0.0008994594513925
120000000 0.0015360973209055
130000000 0.002104595400384
140000000 0.002753839286654
150000000 0.00317797388208
160000000 0.0036424392291
180000000 0.00416121329121
200000000 0.004691037663236
#Header 
#Target 74 183 0
#Product 72 177 0
#Datapoints 31
1000000 0
16000000 0
17000000 4.569502947E-15
18000000 8.80701525E-14
19000000 1.0908697164E-12
20000000 8.847987984E-12
22000000 1.857632508E-10
24000000 1.2525796452E-9
26000000 5.0325310266E-9
28000000 1.676610738E-8
30000000 4.7956603422E-8
35000000 2.9975605312E-7
40000000 1.64752005564E-6
45000000 7.5927002616E-6
50000000 1.88938007202E-5
55000000 2.9689196436E-5
60000000 3.5155392632E-5
65000000 3.6938005555E-5
70000000 3.6389895917E-5
75000000 3.8763401831E-5
80000000 6.000051188E-5
90000000 0.00025882306218
100000000 0.0006657940962
110000000 0.001166309334443
120000000 0.0016461370820514
130000000 0.00207206449056
140000000 0.002410681334574
150000000 0.002732316263616
160000000 0.002953613889828
180000000 0.00329143893513
200000000 0.003524737580898
#Header 
#Target 74 183 0
#Product 72 178 0
#Datapoints 34
1000000 0
13000000 0
14000000 8.33858952E-15
15000000 4.234403437371E-14
16000000 2.459150826E-13
17000000 2.176917684E-12
18000000 1.656130725E-11
19000000 9.208685806E-11
20000000 3.679897628E-10
22000000 2.6287793892E-9
24000000 9.258340437E-9
26000000 2.360059291E-8
28000000 5.4124204485E-8
30000000 1.20208995886E-7
35000000 6.8749990528E-7
40000000 2.140900782E-6
45000000 3.7036101724E-6
50000000 4.4715600181E-6
55000000 4.571750357E-6
60000000 4.5113006936E-6
65000000 5.57221108E-6
70000000 1.6304300342E-5
75000000 5.6821292759E-5
80000000 0.000143395003535
90000000 0.00042766699581
100000000 0.000770770089
110000000 0.0010856693671671
120000000 0.0013396277462118
130000000 0.001558816316712
140000000 0.00171377330578
150000000 0.001844110694604
160000000 0.001951459860798
180000000 0.00209725623009
200000000 0.002181790074526
#Header 
#Target 74 183 0
#Product 72 179 0
#Datapoints 40
1000000 0
7000000 0
8000000 9.37834048746E-20
9000000 1.320945602E-17
10000000 2.1347694171E-15
11000000 5.55218706E-14
12000000 7.989906736E-13
13000000 6.289816896E-12
14000000 3.257608152E-11
15000000 1.194912179853E-10
16000000 3.566556742E-10
17000000 9.524273673E-10
18000000 2.2668605145E-9
19000000 5.1693898956E-9
20000000 1.03944993504E-8
22000000 3.5225498907E-8
24000000 1.04530992912E-7
26000000 2.3332895434E-7
28000000 3.8812601145E-7
30000000 3.9069893506E-7
35000000 8.0726992832E-7
40000000 1.0415999562E-6
45000000 1.02131996884E-6
50000000 9.4159300473E-7
55000000 1.04457999531E-6
60000000 4.8672707056E-6
65000000 2.521560424E-5
70000000 7.7824204448E-5
75000000 0.000161771000083
80000000 0.00026335391635
90000000 0.00047094490143
100000000 0.0006588000837
110000000 0.0008001585554583
120000000 0.0009111154835476
130000000 0.0010028275474752
140000000 0.001062906018082
150000000 0.0011156744620288
160000000 0.0011486335700385
180000000 0.001207962362088
200000000 0.0012357387248564
#Header 
#Target 74 183 0
#Product 72 180 0
#Datapoints 23
1000000 0
28000000 0
30000000 1.3906690882E-14
35000000 6.82420864E-12
40000000 2.366494044E-10
45000000 1.39471004768E-8
50000000 6.7477693612E-7
55000000 7.9190099767E-6
60000000 3.3190203128E-5
65000000 7.999130228E-5
70000000 0.000137518000534
75000000 0.00019724309528
80000000 0.00024781896285
90000000 0.00033407295777
100000000 0.0003973109355
110000000 0.0004398967714985
120000000 0.0004715951312721
130000000 0.0004944947967648
140000000 0.0005151461208624
150000000 0.0005239714435136
160000000 0.0005328020675313
180000000 0.000546980507541
200000000 0.0005554899090722
#Header 
#Target 74 183 0
#Product 73 162 0
#Datapoints 6
1000000 0
140000000 0
150000000 2.765435924868E-7
160000000 0.00010378341502641
180000000 0.000524195696289
200000000 0.0012155190187528
#Header 
#Target 74 183 0
#Product 73 163 0
#Datapoints 7
1000000 0
130000000 0
140000000 1.881853815024E-6
150000000 0.000269123727554
160000000 0.0007251869501667
180000000 0.00253780409475
200000000 0.004355980028212
#Header 
#Target 74 183 0
#Product 73 164 0
#Datapoints 8
1000000 0
120000000 0
130000000 5.78897560584E-7
140000000 0.0003277007618116
150000000 0.0013817732572876
160000000 0.002597355824427
180000000 0.00657078828333
200000000 0.007698340863212
#Header 
#Target 74 183 0
#Product 73 165 0
#Datapoints 9
1000000 0
110000000 0
120000000 6.419118387143E-7
130000000 0.0004181400375552
140000000 0.002965748994488
150000000 0.004888205530004
160000000 0.006295474004841
180000000 0.01189672304988
200000000 0.007792810057556
#Header 
#Target 74 183 0
#Product 73 166 0
#Datapoints 10
1000000 0
100000000 0
110000000 1.0865293249484E-8
120000000 0.0001800546914644
130000000 0.002670703805952
140000000 0.005899057660504
150000000 0.006620636616904
160000000 0.00883232006517
180000000 0.01032643324851
200000000 0.009726622343144
#Header 
#Target 74 183 0
#Product 73 167 0
#Datapoints 11
1000000 0
90000000 0
100000000 3.446339688E-9
110000000 6.410106678301E-5
120000000 0.001830897072057
130000000 0.005915415715488
140000000 0.006595555840798
150000000 0.008676487720896
160000000 0.01316522685429
180000000 0.0127801187265
200000000 0.01665275708232
#Header 
#Target 74 183 0
#Product 73 168 0
#Datapoints 11
1000000 0
90000000 0
100000000 1.04607993375E-5
110000000 0.0008431735160734
120000000 0.005515000587834
130000000 0.008196249616848
140000000 0.0083791886431
150000000 0.011467743753728
160000000 0.013231926896013
180000000 0.0134822128431
200000000 0.015303061776352
#Header 
#Target 74 183 0
#Product 73 169 0
#Datapoints 12
1000000 0
80000000 0
90000000 2.4549302727E-6
100000000 0.0006890289975
110000000 0.005459716240244
120000000 0.009202543867115
130000000 0.007617680794224
140000000 0.009290445798
150000000 0.011754641748
160000000 0.012755927295216
180000000 0.0156553031859
200000000 0.01504176223714
#Header 
#Target 74 183 0
#Product 73 170 0
#Datapoints 14
1000000 0
70000000 0
75000000 5.664505693E-12
80000000 1.02141006165E-7
90000000 0.00021892408056
100000000 0.0046084806405
110000000 0.009966124359323
120000000 0.008168884777381
130000000 0.008021941931232
140000000 0.01080186050539
150000000 0.011926341342376
160000000 0.012377130229296
180000000 0.01406000967174
200000000 0.012739684096218
#Header 
#Target 74 183 0
#Product 73 171 0
#Datapoints 16
1000000 0
60000000 0
65000000 1.325299079E-15
70000000 2.6498296351E-9
75000000 2.4083497284E-6
80000000 0.0001126880073
90000000 0.0041697395946
100000000 0.01174980024
110000000 0.009203645129094
120000000 0.007827816652227
130000000 0.010532574485856
140000000 0.012475953918794
150000000 0.013425434139136
160000000 0.015220514045142
180000000 0.0170491964169
200000000 0.01912942722998
#Header 
#Target 74 183 0
#Product 73 172 0
#Datapoints 17
1000000 0
55000000 0
60000000 2.368024448E-12
65000000 1.1968100558E-7
70000000 2.2736899812E-5
75000000 0.00048586401325
80000000 0.002994850337
90000000 0.0118930001004
100000000 0.0096580204245
110000000 0.007970634316932
120000000 0.010878580484018
130000000 0.013626867556368
140000000 0.0147104463014
150000000 0.014994026315872
160000000 0.015672611985597
180000000 0.016606088883
200000000 0.01700054722748
#Header 
#Target 74 183 0
#Product 73 173 0
#Datapoints 19
1000000 0
45000000 0
50000000 2.43123055E-13
55000000 9.253350031E-9
60000000 7.3087406504E-6
65000000 0.0002666530422
70000000 0.0021125798867
75000000 0.0067076707467
80000000 0.010973700891
90000000 0.0087211699929
100000000 0.006622209036
110000000 0.010174193791461
120000000 0.014200973908023
130000000 0.01680626630736
140000000 0.01882232515038
150000000 0.02047479418708
160000000 0.02126958624567
180000000 0.0203480718483
200000000 0.01830362948462
#Header 
#Target 74 183 0
#Product 73 174 0
#Datapoints 20
1000000 0
40000000 0
45000000 2.772877108E-12
50000000 1.40799013299E-7
55000000 3.2802299748E-5
60000000 0.0008420398896
65000000 0.005023250866
70000000 0.010253298614
75000000 0.0112534992416
80000000 0.0090440407555
90000000 0.0060332395455
100000000 0.008295029028
110000000 0.011990692942051
120000000 0.015302673280375
130000000 0.01698255307872
140000000 0.01888593363758
150000000 0.02088079747552
160000000 0.02316796467552
180000000 0.0219771542481
200000000 0.02094260990528
#Header 
#Target 74 183 0
#Product 73 175 0
#Datapoints 22
1000000 0
30000000 0
35000000 1.713758304E-15
40000000 5.236629948E-7
45000000 0.000105388011208
50000000 0.00089455198161
55000000 0.0045258891735
60000000 0.0097656211616
65000000 0.0108167998655
70000000 0.0084084592151
75000000 0.0063383493327
80000000 0.0056715288855
90000000 0.0080965093914
100000000 0.0131548999905
110000000 0.01726538979159
120000000 0.02150786613944
130000000 0.0247615418448
140000000 0.02600051014302
150000000 0.0271860655764
160000000 0.02809433937114
180000000 0.0321898903059
200000000 0.03440159313048
#Header 
#Target 74 183 0
#Product 73 176 0
#Datapoints 24
1000000 0
26000000 0
28000000 2.779775085E-15
30000000 1.5763591144E-10
35000000 4.2966509568E-6
40000000 0.000178643989008
45000000 0.002307929388
50000000 0.0068947296712
55000000 0.0083613190053
60000000 0.0069130994592
65000000 0.005636809306
70000000 0.0051220193943
75000000 0.0055243706518
80000000 0.0069506695005
90000000 0.0112341009339
100000000 0.0162711997065
110000000 0.01938769386084
120000000 0.0220608690634
130000000 0.02516964297408
140000000 0.02712470818458
150000000 0.02834615120628
160000000 0.02828624596497
180000000 0.0288283217532
200000000 0.03000683094718
#Header 
#Target 74 183 0
#Product 73 177 0
#Datapoints 28
1000000 0
19000000 0
20000000 8.798856275E-13
22000000 1.02151001412E-8
24000000 1.5296300664E-6
26000000 2.4561307115E-5
28000000 0.000100251002685
30000000 0.00018664503956
35000000 0.0014021099712
40000000 0.0051661702752
45000000 0.0078300996556
50000000 0.0073774799938
55000000 0.0063579895505
60000000 0.0056472309616
65000000 0.0056771104515
70000000 0.0068104198328
75000000 0.0089086200203
80000000 0.011801499593
90000000 0.0183702033
100000000 0.023428499085
110000000 0.02792648660909
120000000 0.03113693560266
130000000 0.03309111259776
140000000 0.03518537896742
150000000 0.03642472239436
160000000 0.03798678641373
180000000 0.0393612511545
200000000 0.03938604161272
#Header 
#Target 74 183 0
#Product 73 178 0
#Datapoints 35
1000000 0
12000000 0
13000000 1.597945536E-12
14000000 2.290469916E-10
15000000 7.7129405721903E-9
16000000 1.0503197254E-7
17000000 7.8393496497E-7
18000000 2.713770234E-6
19000000 5.6405596191E-6
20000000 1.19199999424E-5
22000000 5.3287399593E-5
24000000 0.0001980960513
26000000 0.00059219101916
28000000 0.0014592200268
30000000 0.0028146407688
35000000 0.006323120448
40000000 0.0074726306556
45000000 0.0068328898448
50000000 0.0058122097348
55000000 0.0055558204943
60000000 0.0065297597184
65000000 0.008273069938
70000000 0.0108590995506
75000000 0.0137202998086
80000000 0.016629900511
90000000 0.021606996816
100000000 0.02533099365
110000000 0.0274908861777
120000000 0.02915274052708
130000000 0.03056552288208
140000000 0.03111658339276
150000000 0.03229594692904
160000000 0.03235272320511
180000000 0.0329596842318
200000000 0.03305109473482
#Header 
#Target 74 183 0
#Product 73 179 0
#Datapoints 43
1000000 0
4000000 0
5000000 2.174605092E-15
6000000 3.6764991945E-12
7000000 7.9439705856E-10
8000000 3.5281710016245E-8
9000000 4.8904395249E-7
10000000 3.1044905799E-6
11000000 9.496088868E-6
12000000 1.20990998184E-5
13000000 1.49547024E-5
14000000 2.4621199728E-5
15000000 4.5706104410682E-5
16000000 8.778159732E-5
17000000 0.00017222503842
18000000 0.0003417460398
19000000 0.00069398497082
20000000 0.0014632794242
22000000 0.0088724203983
24000000 0.0136461003042
26000000 0.009156759995
28000000 0.009033000852
30000000 0.00886006989
35000000 0.0071055107712
40000000 0.0053374401072
45000000 0.0045534207784
50000000 0.0054665003778
55000000 0.0072083896504
60000000 0.0098043605568
65000000 0.0132034991165
70000000 0.0166359002732
75000000 0.020000901613
80000000 0.02272180241
90000000 0.027006391557
100000000 0.029971199835
110000000 0.03208747864008
120000000 0.03315713647043
130000000 0.03374201375856
140000000 0.0342531703572
150000000 0.03406333145952
160000000 0.03429260445114
180000000 0.0336650796333
200000000 0.03263210345758
#Header 
#Target 74 183 0
#Product 73 180 0
#Datapoints 46
1000000 0
1000000 0
2000000 3.95852978114E-12
3000000 1.47726982752E-10
4000000 1.35482011398E-9
5000000 9.5599703342E-9
6000000 5.658339993E-8
7000000 2.8129997952E-7
8000000 1.1594301827283E-6
9000000 3.9472596745E-6
10000000 1.13582998449E-5
11000000 2.88197012712E-5
12000000 6.590528336E-5
13000000 0.00013354298496
14000000 0.00024685597152
15000000 0.00041072803422327
16000000 0.00062849997906
17000000 0.00089833800897
18000000 0.0012447804465
19000000 0.0017381103404
20000000 0.0026583596952
22000000 0.0096979995261
24000000 0.0078604101594
26000000 0.0026887195648
28000000 0.001699750575
30000000 0.00122624995374
35000000 0.00081511005312
40000000 0.00116943000396
45000000 0.00172129999032
50000000 0.0028683297776
55000000 0.0047430805641
60000000 0.0067973091336
65000000 0.008733469287
70000000 0.0105120996791
75000000 0.0119211003065
80000000 0.0131330998305
90000000 0.0149602003884
100000000 0.0160897002435
110000000 0.016596890306861
120000000 0.01672717041986
130000000 0.01676265651216
140000000 0.01665314458534
150000000 0.01642061517572
160000000 0.01610120763846
180000000 0.01546840195827
200000000 0.01473336502601
#Header 
#Target 74 183 0
#Product 73 181 0
#Datapoints 33
1000000 0
14000000 0
15000000 6.822083988591E-14
16000000 2.33531673E-12
17000000 4.342602108E-11
18000000 5.10453018E-10
19000000 4.2266598637E-9
20000000 2.6634895265E-8
22000000 5.734859733E-7
24000000 6.692690067E-6
26000000 4.6546702751E-5
28000000 0.0002017030731
30000000 0.00052737899312
35000000 0.0019496796096
40000000 0.0039895201344
45000000 0.0074062806172
50000000 0.0114794986866
55000000 0.0153312991931
60000000 0.0186630002872
65000000 0.021413306705
70000000 0.02385519892
75000000 0.025812397303
80000000 0.02744950436
90000000 0.029420291268
100000000 0.03035299374
110000000 0.03054357248341
120000000 0.03025464980626
130000000 0.0296081380728
140000000 0.02903338904302
150000000 0.02822635703092
160000000 0.02752414690851
180000000 0.0259579405851
200000000 0.02420218480862
#Header 
#Target 74 183 0
#Product 73 182 0
#Datapoints 35
1000000 0
12000000 0
13000000 2.298307968E-15
14000000 1.4978247E-14
15000000 4.692960257823E-14
16000000 1.260991576E-13
17000000 5.981832093E-13
18000000 3.606088995E-12
19000000 1.78488508E-11
20000000 8.283508376E-10
22000000 4.9201100649E-8
24000000 9.9318002922E-7
26000000 9.7410098956E-6
28000000 5.0199399585E-5
30000000 0.00016500099973
35000000 0.00098211505216
40000000 0.0023648806056
45000000 0.0037983695052
50000000 0.0050192587921
55000000 0.006009389221
60000000 0.0068318193704
65000000 0.0074674494915
70000000 0.0079619096626
75000000 0.0083536785024
80000000 0.0086401503295
90000000 0.008974440117
100000000 0.0090435995055
110000000 0.008960625578024
120000000 0.008776575201223
130000000 0.008631328897296
140000000 0.008260970302366
150000000 0.007992190984716
160000000 0.007728327582381
180000000 0.00718129443051
200000000 0.006629839258922
#Header 
#Target 74 183 0
#Product 74 164 0
#Datapoints 5
1000000 0
150000000 0
160000000 2.04387791013E-6
180000000 0.000213313697256
200000000 0.0003557498101782
#Header 
#Target 74 183 0
#Product 74 165 0
#Datapoints 6
1000000 0
140000000 0
150000000 7.392353346604E-6
160000000 0.0003109463514297
180000000 0.0019805675433
200000000 0.0009939410341804
#Header 
#Target 74 183 0
#Product 74 166 0
#Datapoints 7
1000000 0
130000000 0
140000000 1.3161851777484E-5
150000000 0.0005247854876264
160000000 0.003320440955685
180000000 0.00368638682424
200000000 0.003451117948826
#Header 
#Target 74 183 0
#Product 74 167 0
#Datapoints 8
1000000 0
120000000 0
130000000 3.332061330624E-6
140000000 0.0004581702939076
150000000 0.004457987905956
160000000 0.011242136836161
180000000 0.00565360372107
200000000 0.007615641086768
#Header 
#Target 74 183 0
#Product 74 168 0
#Datapoints 9
1000000 0
110000000 0
120000000 3.783893898927E-6
130000000 0.000381435071112
140000000 0.00704016441178
150000000 0.01930359913516
160000000 0.015146214738732
180000000 0.01305111666663
200000000 0.01477396567155
#Header 
#Target 74 183 0
#Product 74 169 0
#Datapoints 10
1000000 0
100000000 0
110000000 5.086168306869E-7
120000000 0.00016592571051999
130000000 0.004358169850752
140000000 0.01905643061358
150000000 0.01848850391256
160000000 0.014582918644749
180000000 0.0168826927491
200000000 0.013534075188374
#Header 
#Target 74 183 0
#Product 74 170 0
#Datapoints 11
1000000 0
90000000 0
100000000 2.5146510075E-7
110000000 0.00010219893813759
120000000 0.004656420720622
130000000 0.02414724295104
140000000 0.02818100252666
150000000 0.02395307822448
160000000 0.0251280541827
180000000 0.0233264566641
200000000 0.02133430844088
#Header 
#Target 74 183 0
#Product 74 171 0
#Datapoints 12
1000000 0
80000000 0
90000000 7.20861084E-9
100000000 3.0299100255E-5
110000000 0.001857238076965
120000000 0.01710847294411
130000000 0.02584794173904
140000000 0.02358201053846
150000000 0.0246233790294
160000000 0.02436745676778
180000000 0.0244216383723
200000000 0.02486738000044
#Header 
#Target 74 183 0
#Product 74 172 0
#Datapoints 13
1000000 0
75000000 0
80000000 2.02253745E-10
90000000 1.08712997532E-5
100000000 0.0014940199539
110000000 0.01782418128754
120000000 0.03396893419975
130000000 0.03557881838448
140000000 0.03592087669158
150000000 0.03528232775096
160000000 0.03635319211713
180000000 0.0341529813789
200000000 0.0293102352561
#Header 
#Target 74 183 0
#Product 74 173 0
#Datapoints 14
1000000 0
70000000 0
75000000 5.0875592845E-9
80000000 1.971310119E-6
90000000 0.000535199994
100000000 0.0112069997685
110000000 0.03089148722565
120000000 0.03769843683827
130000000 0.03842300927952
140000000 0.03875565122062
150000000 0.0395919102728
160000000 0.03893429027565
180000000 0.0340343854569
200000000 0.03296369334516
#Header 
#Target 74 183 0
#Product 74 174 0
#Datapoints 16
1000000 0
60000000 0
65000000 9.746097685E-11
70000000 4.3541902502E-7
75000000 2.7470001328E-5
80000000 0.00039209293365
90000000 0.0097131394035
100000000 0.03602699415
110000000 0.04763017658668
120000000 0.05061510428316
130000000 0.0515274697728
140000000 0.0529339010478
150000000 0.05238414293168
160000000 0.04759623792567
180000000 0.0459533069097
200000000 0.04729516736582
#Header 
#Target 74 183 0
#Product 74 175 0
#Datapoints 17
1000000 0
55000000 0
60000000 1.17768008616E-8
65000000 9.5817999915E-6
70000000 0.00021123194424
75000000 0.00176221001957
80000000 0.008035040108
90000000 0.037402693677
100000000 0.056678298435
110000000 0.0631876698767
120000000 0.06249689721007
130000000 0.06576774904656
140000000 0.06426147422414
150000000 0.05829210769908
160000000 0.05646737702214
180000000 0.05994100749
200000000 0.05295931896286
#Header 
#Target 74 183 0
#Product 74 176 0
#Datapoints 19
1000000 0
45000000 0
50000000 1.6591494962E-10
55000000 2.9071296413E-6
60000000 0.000148778008328
65000000 0.0013879900437
70000000 0.0072910107669
75000000 0.022074497907
80000000 0.04068159705
90000000 0.069760797606
100000000 0.079028100855
110000000 0.07845115313722
120000000 0.08222075844715
130000000 0.07716272221296
140000000 0.07298373884962
150000000 0.073866741195
160000000 0.07465118575257
180000000 0.0688087594002
200000000 0.06762229056194
#Header 
#Target 74 183 0
#Product 74 177 0
#Datapoints 21
1000000 0
35000000 0
40000000 2.328964872E-15
45000000 1.11717993632E-7
50000000 6.9069706454E-5
55000000 0.00089315394255
60000000 0.0054831894376
65000000 0.01966980837
70000000 0.044017597458
75000000 0.064947792756
80000000 0.07916681356
90000000 0.093977689698
100000000 0.09452019924
110000000 0.09472454791608
120000000 0.09231463611063
130000000 0.08972387456688
140000000 0.08830277738564
150000000 0.08662376976104
160000000 0.0848547281925
180000000 0.0824073777393
200000000 0.07894688600476
#Header 
#Target 74 183 0
#Product 74 178 0
#Datapoints 22
1000000 0
30000000 0
35000000 7.6232503488E-9
40000000 4.0609798416E-5
45000000 0.00079047692384
50000000 0.0049092291696
55000000 0.020191991225
60000000 0.049235808848
65000000 0.07899050971
70000000 0.100739986399
75000000 0.113603986958
80000000 0.12079299602
90000000 0.121286009682
100000000 0.121670990955
110000000 0.1177459298377
120000000 0.11325180959746
130000000 0.11123473894848
140000000 0.10959858741534
150000000 0.10647048541532
160000000 0.10310643029043
180000000 0.0978772770102
200000000 0.09361484229848
#Header 
#Target 74 183 0
#Product 74 179 0
#Datapoints 25
1000000 0
24000000 0
26000000 3.565303007E-11
28000000 5.3118103035E-8
30000000 4.6414604992E-6
35000000 0.00065288699968
40000000 0.003805530534
45000000 0.0174616003964
50000000 0.049739202975
55000000 0.087503405252
60000000 0.114257008472
65000000 0.1298679803
70000000 0.134915993344
75000000 0.137621996589
80000000 0.139509006265
90000000 0.13542799284
100000000 0.13097900988
110000000 0.12671692595131
120000000 0.12147177790991
130000000 0.11642372200368
140000000 0.11207058044612
150000000 0.1082864635604
160000000 0.10530940232925
180000000 0.0981909616593
200000000 0.09120177316206
#Header 
#Target 74 183 0
#Product 74 180 0
#Datapoints 32
1000000 0
15000000 0
16000000 2.531055468E-15
17000000 5.136859668E-12
18000000 7.7275449E-10
19000000 2.6829100955E-8
20000000 4.7219297851E-7
22000000 2.5246201194E-5
24000000 0.00023919493884
26000000 0.0008291360868
28000000 0.0018264604575
30000000 0.0033800390554
35000000 0.0161191994752
40000000 0.055237699368
45000000 0.10900499816
50000000 0.147889000042
55000000 0.167924992759
60000000 0.176697014288
65000000 0.18000899937
70000000 0.181074986321
75000000 0.1807989953
80000000 0.17855400634
90000000 0.171054990063
100000000 0.163397005605
110000000 0.15552190763095
120000000 0.14754874014393
130000000 0.14035266630432
140000000 0.1339525066187
150000000 0.12826036350048
160000000 0.12245830846515
180000000 0.1127612686179
200000000 0.10366704827986
#Header 
#Target 74 183 0
#Product 74 181 0
#Datapoints 38
1000000 0
9000000 0
10000000 3.412924529E-15
11000000 1.0906777308E-12
12000000 1.9993853768E-10
13000000 1.0857198528E-8
14000000 2.300750274E-7
15000000 2.4908407088364E-6
16000000 1.6019205614E-5
17000000 6.5319402534E-5
18000000 0.0001833840351
19000000 0.00039439203526
20000000 0.00071615694854
22000000 0.0019113702831
24000000 0.0048818605254
26000000 0.0117095003244
28000000 0.02432270523
30000000 0.043242103856
35000000 0.106343995904
40000000 0.15836799414
45000000 0.185048984572
50000000 0.19410998082
55000000 0.19629101725
60000000 0.19658797848
65000000 0.195310057
70000000 0.19142693524
75000000 0.18681999952
80000000 0.181725990775
90000000 0.169447988187
100000000 0.158063010975
110000000 0.14785591943655
120000000 0.13871476050364
130000000 0.13061769499872
140000000 0.12318654064494
150000000 0.11672042305732
160000000 0.11074437023454
180000000 0.1007843634597
200000000 0.09133597529584
#Header 
#Target 74 183 0
#Product 74 182 0
#Datapoints 40
1000000 0
7000000 0
8000000 3.921057048258E-13
9000000 2.1513504159E-9
10000000 3.9014306613E-7
11000000 5.4767602428E-6
12000000 1.40357999656E-5
13000000 5.707950336E-5
14000000 0.00026567698788
15000000 0.0009555521762202
16000000 0.0026052201426
17000000 0.0056378597601
18000000 0.0102590999235
19000000 0.016559606655
20000000 0.025119197235
22000000 0.044984198106
24000000 0.0717451986
26000000 0.099660194009
28000000 0.12458798625
30000000 0.146836000528
35000000 0.18291400512
40000000 0.19856798292
45000000 0.20335308196
50000000 0.20088807242
55000000 0.20411098348
60000000 0.19701298608
65000000 0.19359798105
70000000 0.184289000142
75000000 0.179546991624
80000000 0.171020003835
90000000 0.157716993114
100000000 0.14604099849
110000000 0.13586293131943
120000000 0.12686878716125
130000000 0.11909270804976
140000000 0.1126235808302
150000000 0.10655947398808
160000000 0.10149242123349
180000000 0.0927179006721
200000000 0.08541141955844
#Header 
#Target 74 183 0
#Product 74 183 0
#Datapoints 44
1000000 0
3000000 0
4000000 1.53721992138E-11
5000000 1.3242499435E-8
6000000 1.64316004865E-6
7000000 5.7336297984E-5
8000000 0.0007542522403332
9000000 0.0041973402431
10000000 0.0118976009613
11000000 0.0230557997544
12000000 0.0378532005544
13000000 0.05651499744
14000000 0.076776998028
15000000 0.09558644300451
16000000 0.11143097272
17000000 0.12426694758
18000000 0.13491698805
19000000 0.14447798246
20000000 0.15342396685
22000000 0.16865705745
24000000 0.17836995918
26000000 0.18335700729
28000000 0.18500503185
30000000 0.18367094774
35000000 0.178289005888
40000000 0.175985997948
45000000 0.173915991988
50000000 0.176255008412
55000000 0.172615007154
60000000 0.168526980048
65000000 0.161483982365
70000000 0.153635005824
75000000 0.144497996027
80000000 0.13500199652
90000000 0.115434000882
100000000 0.096821994735
110000000 0.0800043538045
120000000 0.0655186922068
130000000 0.05326556978592
140000000 0.04315924383796
150000000 0.03496422958364
160000000 0.02839984354998
180000000 0.0191899779762
200000000 0.013677075923588
#Header 
#Target 74 183 0
#Product 75 167 0
#Datapoints 6
1000000 0
140000000 0
150000000 0.00011973940445396
160000000 0.0004407675757884
180000000 0.0001291621615224
200000000 6.925376265578E-5
#Header 
#Target 74 183 0
#Product 75 168 0
#Datapoints 7
1000000 0
130000000 0
140000000 0.0002802829297556
150000000 0.001977580617008
160000000 0.001139993539965
180000000 0.0003941984505
200000000 0.0003463648917296
#Header 
#Target 74 183 0
#Product 75 169 0
#Datapoints 8
1000000 0
120000000 0
130000000 0.0007398261938016
140000000 0.004246584575172
150000000 0.002823906737404
160000000 0.0013295324923839
180000000 0.000831263694279
200000000 0.0008142526387188
#Header 
#Target 74 183 0
#Product 75 170 0
#Datapoints 9
1000000 0
110000000 0
120000000 0.000884806371133
130000000 0.010470974817888
140000000 0.008866757533852
150000000 0.004225149297244
160000000 0.002274686604792
180000000 0.00208792657992
200000000 0.001446626847155
#Header 
#Target 74 183 0
#Product 75 171 0
#Datapoints 10
1000000 0
100000000 0
110000000 0.0012562393288915
120000000 0.01746177660598
130000000 0.017638664112
140000000 0.009351016488118
150000000 0.00479810601504
160000000 0.003912998292315
180000000 0.00271368278583
200000000 0.002386608715706
#Header 
#Target 74 183 0
#Product 75 172 0
#Datapoints 11
1000000 0
90000000 0
100000000 0.0007211229813
110000000 0.02412147950766
120000000 0.03435793895035
130000000 0.01854896032944
140000000 0.009331476551032
150000000 0.007594562615744
160000000 0.006045006585933
180000000 0.0039094253871
200000000 0.002754034557684
#Header 
#Target 74 183 0
#Product 75 173 0
#Datapoints 12
1000000 0
80000000 0
90000000 0.00057123711711
100000000 0.02996970426
110000000 0.05322016082498
120000000 0.02859445607648
130000000 0.0140973656472
140000000 0.010682661807044
150000000 0.007890031197616
160000000 0.006679352689632
180000000 0.00552666540519
200000000 0.003550727224896
#Header 
#Target 74 183 0
#Product 75 174 0
#Datapoints 13
1000000 0
75000000 0
80000000 0.00023099405175
90000000 0.037538299962
100000000 0.087004794105
110000000 0.04810076507378
120000000 0.02224895573807
130000000 0.015475263732432
140000000 0.01142515810419
150000000 0.00938804377692
160000000 0.008172233588988
180000000 0.00555568385592
200000000 0.004068352378082
#Header 
#Target 74 183 0
#Product 75 175 0
#Datapoints 15
1000000 0
65000000 0
70000000 0.00023981092823
75000000 0.0092877395303
80000000 0.050530801645
90000000 0.130416006114
100000000 0.06558750909
110000000 0.0300129921551
120000000 0.02028206104783
130000000 0.015258463128432
140000000 0.01222035436086
150000000 0.010465748271952
160000000 0.008861600477709
180000000 0.00609405145197
200000000 0.004644338459192
#Header 
#Target 74 183 0
#Product 75 176 0
#Datapoints 17
1000000 0
55000000 0
60000000 1.01124007408E-5
65000000 0.0073314999665
70000000 0.067695506884
75000000 0.158650993116
80000000 0.1895569186
90000000 0.091997694153
100000000 0.03925089081
110000000 0.02551798403781
120000000 0.0186036697503
130000000 0.014726864718432
140000000 0.011956156181396
150000000 0.009690942896532
160000000 0.007886114963433
180000000 0.00611306122047
200000000 0.004941264718706
#Header 
#Target 74 183 0
#Product 75 177 0
#Datapoints 19
1000000 0
45000000 0
50000000 3.0340804214E-6
55000000 0.0141735995882
60000000 0.124783011016
65000000 0.27162299405
70000000 0.29515796516
75000000 0.20732307211
80000000 0.1199150021
90000000 0.050698795563
100000000 0.03337729272
110000000 0.02484848612606
120000000 0.01874916565245
130000000 0.015137963605008
140000000 0.012551754579172
150000000 0.010551648198992
160000000 0.008983509808392
180000000 0.00695977508454
200000000 0.005858336222988
#Header 
#Target 74 183 0
#Product 75 178 0
#Datapoints 20
1000000 0
40000000 0
45000000 0.0056283500324
50000000 0.167940981432
55000000 0.40162795498
60000000 0.39406305336
65000000 0.24030793265
70000000 0.129929983959
75000000 0.079361385796
80000000 0.057307707025
90000000 0.037791000342
100000000 0.02742240573
110000000 0.02097429613675
120000000 0.016702772136699
130000000 0.013878466113744
140000000 0.011780757417336
150000000 0.010290149868764
160000000 0.009107799400665
180000000 0.0072884234724
200000000 0.005968545667598
#Header 
#Target 74 183 0
#Product 75 179 0
#Datapoints 22
1000000 0
30000000 0
35000000 0.0065706396352
40000000 0.28450290924
45000000 0.61626106988
50000000 0.5509410501
55000000 0.28605700932
60000000 0.14221201172
65000000 0.09055300264
70000000 0.069033797109
75000000 0.0560773983
80000000 0.04732730287
90000000 0.035389502001
100000000 0.027898192125
110000000 0.02293959367705
120000000 0.01940945805027
130000000 0.01692645956352
140000000 0.01498404476606
150000000 0.013466933571132
160000000 0.012184731608238
180000000 0.01018063536477
200000000 0.008673480983078
#Header 
#Target 74 183 0
#Product 75 180 0
#Datapoints 25
1000000 0
24000000 0
26000000 8.8441899127E-5
28000000 0.04658479689
30000000 0.2780930299
35000000 0.83504999296
40000000 0.6623489922
45000000 0.30009605304
50000000 0.151607991752
55000000 0.104281004175
60000000 0.081728505096
65000000 0.0676338967
70000000 0.057407694716
75000000 0.049786000033
80000000 0.04403699274
90000000 0.035388495513
100000000 0.02940859971
110000000 0.02485948779168
120000000 0.02160345838603
130000000 0.0190174493736
140000000 0.0170199425989
150000000 0.015399124032792
160000000 0.013994821502991
180000000 0.01182532454982
200000000 0.010069907801296
#Header 
#Target 74 183 0
#Product 75 181 0
#Datapoints 31
1000000 0
16000000 0
17000000 0.00015334897668
18000000 0.058121294445
19000000 0.2418260568
20000000 0.45447900916
22000000 0.76950205767
24000000 0.95108597664
26000000 1.05938999138
28000000 1.06342011345
30000000 0.8565570461
35000000 0.29692896832
40000000 0.153805997064
45000000 0.11644699788
50000000 0.096271792981
55000000 0.081661509049
60000000 0.07110500752
65000000 0.062147298865
70000000 0.055106303954
75000000 0.048948504066
80000000 0.04367340247
90000000 0.035687296638
100000000 0.02963729952
110000000 0.02532209231141
120000000 0.02197516275129
130000000 0.01938515318496
140000000 0.01731603354924
150000000 0.01564432207566
160000000 0.014284421061435
180000000 0.01207162387221
200000000 0.010310705476072
#Header 
#Target 74 183 0
#Product 75 182 0
#Datapoints 38
1000000 0
9000000 0
10000000 7.0944801565E-5
11000000 0.0071813905296
12000000 0.051189706904
13000000 0.1276019712
14000000 0.21217797408
15000000 0.29565400000167
16000000 0.37529998764
17000000 0.44883404409
18000000 0.4953169998
19000000 0.4699540123
20000000 0.40424193579
22000000 0.26623302381
24000000 0.18077002734
26000000 0.138773992591
28000000 0.11877900366
30000000 0.107828005404
35000000 0.090526995968
40000000 0.07732589412
45000000 0.066735710368
50000000 0.057919097698
55000000 0.050514009026
60000000 0.044654093808
65000000 0.03923860407
70000000 0.034492905826
75000000 0.030557793343
80000000 0.027274908305
90000000 0.022053895461
100000000 0.018362405925
110000000 0.015590191343858
120000000 0.013528776068902
130000000 0.011936971347408
140000000 0.010657961057646
150000000 0.009629671280652
160000000 0.008772479649801
180000000 0.00740857303227
200000000 0.006304703320112
#Header 
#Target 74 183 0
#Product 75 183 0
#Datapoints 45
1000000 0
2000000 3.64213011052E-15
3000000 3.30372001474E-8
4000000 5.66904004887E-6
5000000 0.000171799008755
6000000 0.00196759011075
7000000 0.0120093007104
8000000 0.045717509043759
9000000 0.116935992105
10000000 0.217768011718
11000000 0.279520005492
12000000 0.21953700524
13000000 0.14339102976
14000000 0.0975091764
15000000 0.075737809420767
16000000 0.065112102454
17000000 0.060441601665
18000000 0.05819489631
19000000 0.057082099285
20000000 0.056217904446
22000000 0.054464192289
24000000 0.0521223009
26000000 0.049626991178
28000000 0.047036194125
30000000 0.044700410622
35000000 0.038830801024
40000000 0.033692497272
45000000 0.029173796072
50000000 0.025511604559
55000000 0.021899492672
60000000 0.01942750624
65000000 0.016806101065
70000000 0.0148416994905
75000000 0.0130117991157
80000000 0.011636600258
90000000 0.0093480898005
100000000 0.007756319394
110000000 0.00655590633815
120000000 0.005646769599111
130000000 0.004961158494192
140000000 0.004443583994576
150000000 0.003990649935048
160000000 0.003624278951412
180000000 0.00305260114245
200000000 0.00259955671691
#Header 
#Target 74 183 0
#Product 75 184 0
#Datapoints 45
1000000 0
2000000 0
3000000 1.98750995636E-9
4000000 1.62409995249E-7
5000000 2.2715293326E-6
6000000 1.0918199425E-5
7000000 2.6694505152E-5
8000000 4.729592600817E-5
9000000 8.3591095698E-5
10000000 0.000141157002283
11000000 0.00020991800802
12000000 0.000275990006712
13000000 0.000335552976
14000000 0.00037891399668
15000000 0.00039103805958156
16000000 0.00036081003052
17000000 0.00032613402615
18000000 0.00029426200785
19000000 0.0002693830146
20000000 0.0002485279742
22000000 0.0002203679781
24000000 0.00020095297134
26000000 0.00018833501478
28000000 0.00018011201355
30000000 0.00017382198848
35000000 0.000160526011264
40000000 0.000143226004872
45000000 0.000131082999992
50000000 0.000127377000478
55000000 0.000116017994409
60000000 0.000113540999024
65000000 0.000102782999235
70000000 9.9257308852E-5
75000000 9.5004992467E-5
80000000 8.741769384E-5
90000000 7.6530993057E-5
100000000 7.2450702765E-5
110000000 6.05429591304E-5
120000000 4.94002177322E-5
130000000 4.622398603776E-5
140000000 4.472993083542E-5
150000000 4.176879101044E-5
160000000 3.417651478017E-5
180000000 2.84327151717E-5
200000000 1.79704395716E-5
