#Header 
#Target 54 125 0
#Product 0 1 0
#Datapoints 44
1000000 0
3000000 0
4000000 0.0002636924166056
5000000 0.0079889148894
6000000 0.033022202038
7000000 0.08572034718
8000000 0.18425959056
9000000 0.31243752537
10000000 0.4459867427
11000000 0.57270544136
12000000 0.68553827116
13000000 0.78017258584
14000000 0.85657869768
15000000 0.9474502479
16000000 1.236476064
17000000 1.533480355
18000000 1.735296
19000000 1.86012806
20000000 1.92990045
22000000 2.006940606
24000000 2.077375622
26000000 2.250276267
28000000 2.503380411
30000000 2.684181204
35000000 2.8473453
40000000 3.012589554
45000000 3.184202496
50000000 3.24843498
55000000 3.321393922
60000000 3.402203784
65000000 3.455283904
70000000 3.527155448
75000000 3.572965266
80000000 3.639915132
90000000 3.773104919
100000000 3.90400125
110000000 4.043603952
120000000 4.180323265
130000000 4.309922802
140000000 4.493240433
150000000 4.679383485
160000000 4.861293074
180000000 5.232719723
200000000 5.598412896
#Header 
#Target 54 125 0
#Product 1 1 0
#Datapoints 45
1000000 0
2000000 2.0442807037E-13
3000000 5.35471848E-8
4000000 2.847129087326E-5
5000000 0.00030401446452
6000000 0.004704952518
7000000 0.01912303893
8000000 0.02923090254
9000000 0.034209928656
10000000 0.04417767626
11000000 0.06478538408
12000000 0.12923012566
13000000 0.25388859152
14000000 0.40108944924
15000000 0.5122913562
16000000 0.4550805552
17000000 0.3671469448
18000000 0.3209184
19000000 0.3081849323
20000000 0.3135745323
22000000 0.345942267
24000000 0.4191741204
26000000 0.5174291799
28000000 0.581631192
30000000 0.6321740751
35000000 0.78415713
40000000 0.969480654
45000000 1.0308044857
50000000 1.1245853297
55000000 1.2048007726
60000000 1.2539662492
65000000 1.2926797184
70000000 1.331293202
75000000 1.366098681
80000000 1.401748775
90000000 1.470402682
100000000 1.530063464
110000000 1.591471864
120000000 1.6471011
130000000 1.698965622
140000000 1.761836406
150000000 1.82502915
160000000 1.889569451
180000000 2.027933622
200000000 2.170846434
#Header 
#Target 54 125 0
#Product 1 2 0
#Datapoints 41
1000000 0
6000000 0
7000000 3.075264102E-16
8000000 2.1333388203E-11
9000000 3.863064837E-9
10000000 1.195504475E-7
11000000 1.6775719488E-6
12000000 1.595063991E-5
13000000 9.20388E-5
14000000 0.00034444261788
15000000 0.0009558001778
16000000 0.002115163916
17000000 0.003885890886
18000000 0.006150384
19000000 0.008766795737
20000000 0.01160542527
22000000 0.01756331577
24000000 0.0235178272
26000000 0.02925031471
28000000 0.03544370055
30000000 0.04052646201
35000000 0.048527163
40000000 0.05846843344
45000000 0.06706951537
50000000 0.07353461696
55000000 0.08204298494
60000000 0.08589696934
65000000 0.09258825408
70000000 0.09567509788
75000000 0.10132031732
80000000 0.10395875462
90000000 0.10308285385
100000000 0.10260106514
110000000 0.09972236384
120000000 0.0973389196
130000000 0.09523251036
140000000 0.09446566668
150000000 0.09455623345
160000000 0.09527869923
180000000 0.09852219355
200000000 0.10673032506
#Header 
#Target 54 125 0
#Product 1 3 0
#Datapoints 36
1000000 0
11000000 0
12000000 3.7730013826E-16
13000000 1.5063420632E-12
14000000 1.9939804326E-10
15000000 4.550571922E-9
16000000 4.625174364E-8
17000000 4.770871242E-7
18000000 4.15542E-6
19000000 2.273811883E-5
20000000 7.739560983E-5
22000000 0.0003535052631
24000000 0.0008541996902
26000000 0.001521676296
28000000 0.002290898538
30000000 0.003112567128
35000000 0.0052157853
40000000 0.007262673027
45000000 0.009077039373
50000000 0.01064948171
55000000 0.012109667958
60000000 0.013543765914
65000000 0.01500818368
70000000 0.01656204548
75000000 0.01817884996
80000000 0.01988223391
90000000 0.02367901416
100000000 0.02811703144
110000000 0.03107859008
120000000 0.0340586533
130000000 0.03698958072
140000000 0.0400830276
150000000 0.043107463
160000000 0.04627237571
180000000 0.05269690019
200000000 0.05951955732
#Header 
#Target 54 125 0
#Product 2 3 0
#Datapoints 37
1000000 0
10000000 0
11000000 6.1146306792E-20
12000000 5.6658581309E-17
13000000 5.0041232592E-15
14000000 1.4861299296E-13
15000000 3.847816375E-12
16000000 9.701396724E-11
17000000 1.683082862E-9
18000000 1.906488E-8
19000000 1.508502408E-7
20000000 8.922588036E-7
22000000 1.559849478E-5
24000000 0.000122783027
26000000 0.000486033803
28000000 0.0012027327282
30000000 0.002239148778
35000000 0.0056955627
40000000 0.009511853319
45000000 0.013153038049
50000000 0.01643395145
55000000 0.01920224032
60000000 0.02138230878
65000000 0.02330699712
70000000 0.02508798352
75000000 0.02681552972
80000000 0.0285415221
90000000 0.03220877531
100000000 0.03629888972
110000000 0.0388223016
120000000 0.04130963635
130000000 0.04380911442
140000000 0.04585877967
150000000 0.04790923165
160000000 0.04998788531
180000000 0.05413949431
200000000 0.05818553376
#Header 
#Target 54 125 0
#Product 2 4 0
#Datapoints 45
1000000 0
2000000 3.4535795936E-14
3000000 2.094561684E-10
4000000 5.119533495595E-8
5000000 5.7570332128E-7
6000000 1.4079144576E-5
7000000 0.00010476951117
8000000 0.0002735337762
9000000 0.0004456910334
10000000 0.000668178815
11000000 0.000979022532
12000000 0.0014615714782
13000000 0.0022803533088
14000000 0.0036338506038
15000000 0.005599426313
16000000 0.007277541388
17000000 0.009043892129
18000000 0.011547672
19000000 0.01557524507
20000000 0.02391076794
22000000 0.03609527526
24000000 0.0301502939
26000000 0.03278091737
28000000 0.03662435088
30000000 0.04073207769
35000000 0.050556096
40000000 0.05929756811
45000000 0.06515414186
50000000 0.06930666988
55000000 0.07215605964
60000000 0.0749197085
65000000 0.07602448256
70000000 0.07740852848
75000000 0.07824224414
80000000 0.07963360328
90000000 0.08221816436
100000000 0.08513660258
110000000 0.08762334952
120000000 0.089485627
130000000 0.09126839472
140000000 0.09803983101
150000000 0.10553555635
160000000 0.11335004505
180000000 0.127302934
200000000 0.1378514136
#Header 
#Target 54 125 0
#Product 45 97 0
#Datapoints 9
1000000 0
110000000 0
120000000 2.228901355E-14
130000000 1.0656494688E-11
140000000 3.485441058E-10
150000000 3.559179694E-9
160000000 5.3087299573E-8
180000000 3.4689602673E-6
200000000 9.3963691842E-5
#Header 
#Target 54 125 0
#Product 45 98 0
#Datapoints 9
1000000 0
110000000 0
120000000 1.80878504E-13
130000000 2.705679522E-11
140000000 4.560841461E-10
150000000 6.56153057E-9
160000000 8.689000023E-8
180000000 3.5058000384E-6
200000000 6.8253804294E-5
#Header 
#Target 54 125 0
#Product 46 98 0
#Datapoints 8
1000000 0
120000000 0
130000000 2.49053895E-14
140000000 1.24333209E-10
150000000 1.20081999345E-8
160000000 1.5753196657E-7
180000000 6.4084797909E-6
200000000 0.000112631997654
#Header 
#Target 54 125 0
#Product 46 99 0
#Datapoints 8
1000000 0
120000000 0
130000000 1.308690576E-11
140000000 4.0347597246E-9
150000000 8.0010810635E-8
160000000 5.5357504741E-7
180000000 2.0578896745E-5
200000000 0.000229788969
#Header 
#Target 54 125 0
#Product 46 100 0
#Datapoints 9
1000000 0
110000000 0
120000000 4.78844357E-12
130000000 1.7352198204E-9
140000000 4.4977098309E-8
150000000 3.7053994215E-7
160000000 2.1294898427E-6
180000000 4.3345296742E-5
200000000 0.00035282102034
#Header 
#Target 54 125 0
#Product 46 101 0
#Datapoints 10
1000000 0
100000000 0
110000000 4.169977112E-14
120000000 1.0970692725E-10
130000000 7.7138005944E-9
140000000 1.0244300649E-7
150000000 6.7027004065E-7
160000000 3.258439514E-6
180000000 4.6662498883E-5
200000000 0.0002747339316
#Header 
#Target 54 125 0
#Product 46 102 0
#Datapoints 10
1000000 0
100000000 0
110000000 4.747338408E-12
120000000 1.1102191255E-9
130000000 2.2524995424E-8
140000000 1.8241297932E-7
150000000 8.7926192935E-7
160000000 3.3907997431E-6
180000000 3.5445706373E-5
200000000 0.00016111496694
#Header 
#Target 54 125 0
#Product 47 100 0
#Datapoints 9
1000000 0
110000000 0
120000000 1.337808725E-12
130000000 5.83887813E-10
140000000 1.3663999338E-8
150000000 9.955820028E-8
160000000 7.7363102388E-7
180000000 2.0648004388E-5
200000000 0.00019606700856
#Header 
#Target 54 125 0
#Product 47 101 0
#Datapoints 10
1000000 0
100000000 0
110000000 3.315178424E-13
120000000 2.92134754E-10
130000000 1.09144009164E-8
140000000 9.4255096617E-8
150000000 7.1302894215E-7
160000000 4.5636094691E-6
180000000 8.1434496869E-5
200000000 0.00052602498324
#Header 
#Target 54 125 0
#Product 47 102 0
#Datapoints 11
1000000 0
90000000 0
100000000 1.2049999082E-15
110000000 2.304530312E-11
120000000 3.9214395075E-9
130000000 5.447209557E-8
140000000 4.7688795627E-7
150000000 3.2992706215E-6
160000000 1.6042900797E-5
180000000 0.00021701399126
200000000 0.001107049938
#Header 
#Target 54 125 0
#Product 47 103 0
#Datapoints 11
1000000 0
90000000 0
100000000 4.433937508E-12
110000000 1.6023805456E-9
120000000 3.2263892905E-8
130000000 1.8030902094E-7
140000000 1.3551999747E-6
150000000 7.311549903E-6
160000000 2.7082500687E-5
180000000 0.00023950601851
200000000 0.00103934009112
#Header 
#Target 54 125 0
#Product 47 104 0
#Datapoints 12
1000000 0
80000000 0
90000000 5.958807753E-14
100000000 2.16581722E-10
110000000 1.4370800432E-8
120000000 1.0609800337E-7
130000000 3.943350213E-7
140000000 2.533979976E-6
150000000 1.07097998455E-5
160000000 3.3691907425E-5
180000000 0.00021839002944
200000000 0.00070790992698
#Header 
#Target 54 125 0
#Product 47 105 0
#Datapoints 12
1000000 0
80000000 0
90000000 1.0659800508E-12
100000000 2.591832446E-10
110000000 3.8510006224E-9
120000000 9.589469904E-9
130000000 3.0721596258E-8
140000000 1.3463805762E-7
150000000 3.93276961E-7
160000000 9.919210532E-7
180000000 4.6065200478E-6
200000000 1.187660202E-5
#Header 
#Target 54 125 0
#Product 47 106 0
#Datapoints 13
1000000 0
75000000 0
80000000 2.595967367E-14
90000000 5.871558111E-11
100000000 3.3430292596E-9
110000000 1.4335099528E-8
120000000 2.5495393245E-8
130000000 8.5570206576E-8
140000000 2.6538499416E-7
150000000 6.100309621E-7
160000000 1.3697905397E-6
180000000 4.3837493205E-6
200000000 1.01167997166E-5
#Header 
#Target 54 125 0
#Product 48 102 0
#Datapoints 9
1000000 0
110000000 0
120000000 8.041283875E-14
130000000 7.264137552E-10
140000000 6.9751594935E-8
150000000 8.0310694975E-7
160000000 4.2772200053E-6
180000000 6.7332904166E-5
200000000 0.00038241997158
#Header 
#Target 54 125 0
#Product 48 103 0
#Datapoints 10
1000000 0
100000000 0
110000000 8.928805168E-15
120000000 2.752301615E-10
130000000 4.8623306526E-8
140000000 8.9379895605E-7
150000000 5.86107984E-6
160000000 2.3949495625E-5
180000000 0.00025201500753
200000000 0.001277849583
#Header 
#Target 54 125 0
#Product 48 104 0
#Datapoints 10
1000000 0
100000000 0
110000000 4.159589744E-11
120000000 2.927109978E-8
130000000 9.2269597002E-7
140000000 8.0023295418E-6
150000000 3.3392301005E-5
160000000 0.000116474997441
180000000 0.00092044407389
200000000 0.003205940265
#Header 
#Target 54 125 0
#Product 48 105 0
#Datapoints 11
1000000 0
90000000 0
100000000 8.081836276E-13
110000000 7.3254403512E-9
120000000 6.247800066E-7
130000000 5.8482403818E-6
140000000 2.6515998564E-5
150000000 8.631930013E-5
160000000 0.00025059000076
180000000 0.0014018797584
200000000 0.0041019097062
#Header 
#Target 54 125 0
#Product 48 106 0
#Datapoints 12
1000000 0
80000000 0
90000000 7.712588131E-14
100000000 1.6690996196E-9
110000000 3.471650312E-7
120000000 4.8116497165E-6
130000000 1.5979592856E-5
140000000 4.881220113E-5
150000000 0.00014390404035
160000000 0.00035290596638
180000000 0.0014184105606
200000000 0.0034994797896
#Header 
#Target 54 125 0
#Product 48 107 0
#Datapoints 12
1000000 0
80000000 0
90000000 3.20064987E-11
100000000 4.0500994206E-8
110000000 1.6101094736E-6
120000000 8.5122792625E-6
130000000 1.7182700328E-5
140000000 4.4957797797E-5
150000000 0.00010662199947
160000000 0.00021188797586
180000000 0.0006735719826
200000000 0.0013073396202
#Header 
#Target 54 125 0
#Product 48 108 0
#Datapoints 14
1000000 0
70000000 0
75000000 2.081420502E-14
80000000 2.692155249E-12
90000000 5.7609398753E-9
100000000 5.0396899676E-7
110000000 4.5266191576E-6
120000000 9.8590698635E-6
130000000 1.5821305686E-5
140000000 3.4925507364E-5
150000000 6.506919363E-5
160000000 0.000112684001551
180000000 0.0002575950058
200000000 0.00038363594712
#Header 
#Target 54 125 0
#Product 48 109 0
#Datapoints 15
1000000 0
65000000 0
70000000 2.727526832E-14
75000000 2.307722082E-12
80000000 1.0560195261E-10
90000000 4.1875801672E-8
100000000 1.09448010286E-6
110000000 3.443989568E-6
120000000 4.429089697E-6
130000000 7.332920295E-6
140000000 1.368329985E-5
150000000 2.3205196455E-5
160000000 3.6397604881E-5
180000000 6.451140267E-5
200000000 8.4468989004E-5
#Header 
#Target 54 125 0
#Product 49 103 0
#Datapoints 9
1000000 0
110000000 0
120000000 3.10696111E-12
130000000 1.0492395948E-9
140000000 1.9896895359E-8
150000000 1.3857894365E-7
160000000 6.6644301229E-7
180000000 1.0872700652E-5
200000000 6.7072295076E-5
#Header 
#Target 54 125 0
#Product 49 104 0
#Datapoints 10
1000000 0
100000000 0
110000000 1.29277992E-12
120000000 1.5528104745E-9
130000000 5.7898997178E-8
140000000 5.0108597319E-7
150000000 2.2753402455E-6
160000000 1.00503994635E-5
180000000 0.000102978007902
200000000 0.0004300000296
#Header 
#Target 54 125 0
#Product 49 105 0
#Datapoints 11
1000000 0
90000000 0
100000000 2.105700574E-13
110000000 1.5168903024E-9
120000000 1.15084011745E-7
130000000 9.1655095338E-7
140000000 4.1358400017E-6
150000000 1.782079572E-5
160000000 6.5620999961E-5
180000000 0.00047651301434
200000000 0.0017071096446
#Header 
#Target 54 125 0
#Product 49 106 0
#Datapoints 12
1000000 0
80000000 0
90000000 3.396750718E-14
100000000 1.403610294E-9
110000000 2.124359404E-7
120000000 2.325820171E-6
130000000 6.2374805934E-6
140000000 2.5761001431E-5
150000000 0.000103439001435
160000000 0.00028707196067
180000000 0.0015176200677
200000000 0.0043200002436
#Header 
#Target 54 125 0
#Product 49 107 0
#Datapoints 13
1000000 0
75000000 0
80000000 3.538773728E-15
90000000 6.852960149E-10
100000000 2.8094804328E-7
110000000 4.7194299752E-6
120000000 1.460900097E-5
130000000 3.3946305222E-5
140000000 0.00013687694163
150000000 0.0003828429486
160000000 0.00091615706006
180000000 0.003710599486
200000000 0.0078985097718
#Header 
#Target 54 125 0
#Product 49 108 0
#Datapoints 14
1000000 0
70000000 0
75000000 9.028509652E-14
80000000 4.447745015E-11
90000000 7.8762907139E-8
100000000 3.5392604426E-6
110000000 1.7745696496E-5
120000000 3.257699978E-5
130000000 8.3994296262E-5
140000000 0.00022734895326
150000000 0.00050684400585
160000000 0.00106130999513
180000000 0.0029759195081
200000000 0.0051082904664
#Header 
#Target 54 125 0
#Product 49 109 0
#Datapoints 16
1000000 0
60000000 0
65000000 9.659007488E-15
70000000 1.07834872E-11
75000000 1.4497606562E-9
80000000 4.3721702213E-8
90000000 2.1871896419E-6
100000000 1.17528003144E-5
110000000 1.8960694352E-5
120000000 4.3244999215E-5
130000000 8.9189589882E-5
140000000 0.00018987801855
150000000 0.00036779201445
160000000 0.00062349095325
180000000 0.0012636703519
200000000 0.0017570505474
#Header 
#Target 54 125 0
#Product 49 110 0
#Datapoints 17
1000000 0
55000000 0
60000000 1.2468690234E-13
65000000 6.708446912E-11
70000000 5.869519606E-9
75000000 1.18973999872E-7
80000000 9.1033308576E-7
90000000 7.4032409477E-6
100000000 1.15302002968E-5
110000000 1.9356503648E-5
120000000 5.153539537E-5
130000000 8.420639982E-5
140000000 0.00014320204437
150000000 0.00022473605945
160000000 0.00031767799096
180000000 0.00051142195764
200000000 0.0005606939871
#Header 
#Target 54 125 0
#Product 49 111 0
#Datapoints 19
1000000 0
45000000 0
50000000 2.094643075E-13
55000000 1.0449899524E-10
60000000 6.6286794238E-9
65000000 1.03355006016E-7
70000000 7.1901894716E-7
75000000 2.8922805142E-6
80000000 6.1033100184E-6
90000000 7.8586095345E-6
100000000 1.02747000188E-5
110000000 3.4733192936E-5
120000000 5.940020776E-5
130000000 7.8951590724E-5
140000000 0.000111359006022
150000000 0.0001503910492
160000000 0.00019277506325
180000000 0.0002566260642
200000000 0.00026235900738
#Header 
#Target 54 125 0
#Product 49 112 0
#Datapoints 20
1000000 0
40000000 0
45000000 1.2618592274E-13
50000000 2.448367663E-11
55000000 1.2832892354E-9
60000000 2.1717198426E-8
65000000 1.11416993152E-7
70000000 2.5153501068E-7
75000000 3.0183800732E-7
80000000 2.6035599688E-7
90000000 2.5702800485E-7
100000000 1.15671004856E-6
110000000 2.4326295128E-6
120000000 2.9653299965E-6
130000000 3.8875103988E-6
140000000 5.0452301526E-6
150000000 6.5109697205E-6
160000000 8.018240131E-6
180000000 9.2749288885E-6
200000000 1.01512995684E-5
#Header 
#Target 54 125 0
#Product 50 106 0
#Datapoints 10
1000000 0
100000000 0
110000000 6.031507576E-14
120000000 6.705573125E-10
130000000 7.636740426E-8
140000000 1.2998599416E-6
150000000 7.1593499775E-6
160000000 2.3147696814E-5
180000000 0.00015901895603
200000000 0.00051812894658
#Header 
#Target 54 125 0
#Product 50 107 0
#Datapoints 11
1000000 0
90000000 0
100000000 1.794162932E-15
110000000 3.496082024E-10
120000000 2.3688998625E-7
130000000 4.8044799102E-6
140000000 2.9801603007E-5
150000000 9.411869768E-5
160000000 0.00025602501364
180000000 0.0013062496909
200000000 0.0030479594094
#Header 
#Target 54 125 0
#Product 50 108 0
#Datapoints 12
1000000 0
80000000 0
90000000 1.783475727E-14
100000000 3.7650194686E-9
110000000 1.26696996896E-6
120000000 2.5907003225E-5
130000000 0.000104212998252
140000000 0.00029782400967
150000000 0.00073676901655
160000000 0.001708990404
180000000 0.0055305704894
200000000 0.0107582999436
#Header 
#Target 54 125 0
#Product 50 109 0
#Datapoints 12
1000000 0
80000000 0
90000000 1.0718089363E-10
100000000 5.5840300838E-7
110000000 3.2406202048E-5
120000000 0.0001988559882
130000000 0.00039719406378
140000000 0.00096898503603
150000000 0.0023872394175
160000000 0.0045408699743
180000000 0.0112175004018
200000000 0.017359903644
#Header 
#Target 54 125 0
#Product 50 110 0
#Datapoints 14
1000000 0
70000000 0
75000000 9.16265691E-14
80000000 7.215434478E-11
90000000 4.1107803498E-7
100000000 4.6339695802E-5
110000000 0.0004095450016
120000000 0.00091889003585
130000000 0.001451380242
140000000 0.003055820031
150000000 0.0056545504715
160000000 0.0093902400548
180000000 0.018331998784
200000000 0.021181896174
#Header 
#Target 54 125 0
#Product 50 111 0
#Datapoints 16
1000000 0
60000000 0
65000000 1.688693632E-15
70000000 9.243485764E-12
75000000 2.3572001594E-9
80000000 1.33316992158E-7
90000000 2.7581401991E-5
100000000 0.0003864540169
110000000 0.00096987697936
120000000 0.001299620494
130000000 0.0020933700072
140000000 0.0037980502692
150000000 0.006156759581
160000000 0.0088623592684
180000000 0.012608199703
200000000 0.01361980476
#Header 
#Target 54 125 0
#Product 50 112 0
#Datapoints 18
1000000 0
50000000 0
55000000 6.054418784E-15
60000000 2.573797254E-11
65000000 4.7904000704E-9
70000000 1.7140305292E-7
75000000 2.8843905018E-6
80000000 2.9659101031E-5
90000000 0.0004120049434
100000000 0.00099897898204
110000000 0.00119609997864
120000000 0.001859820507
130000000 0.0029648792934
140000000 0.0045425404398
150000000 0.0060713401525
160000000 0.0073642204339
180000000 0.0089758904631
200000000 0.0091802499678
#Header 
#Target 54 125 0
#Product 50 113 0
#Datapoints 19
1000000 0
45000000 0
50000000 6.377571193E-14
55000000 4.393789764E-11
60000000 2.4697006404E-9
65000000 5.3239297664E-8
70000000 8.9439402848E-7
75000000 5.3888500572E-6
80000000 1.31894002009E-5
90000000 2.0336797869E-5
100000000 1.9350000672E-5
110000000 3.5076196536E-5
120000000 5.795669924E-5
130000000 8.4735402666E-5
140000000 0.000105598997163
150000000 0.0001276760128
160000000 0.00014756405598
180000000 0.00017457705375
200000000 0.000173482029
#Header 
#Target 54 125 0
#Product 50 114 0
#Datapoints 21
1000000 0
35000000 0
40000000 7.190585103E-13
45000000 3.622239956E-10
50000000 1.5474793642E-8
55000000 3.7939794396E-7
60000000 6.938100015E-6
65000000 3.8842899392E-5
70000000 0.000104725003168
75000000 0.00018545407378
80000000 0.00024161601156
90000000 0.00022186697045
100000000 0.0003290719953
110000000 0.0005799490604
120000000 0.00073616811115
130000000 0.00088801701954
140000000 0.00099558995481
150000000 0.0011291500409
160000000 0.00117271995852
180000000 0.0012149998509
200000000 0.0011761802922
#Header 
#Target 54 125 0
#Product 50 115 0
#Datapoints 23
1000000 0
28000000 0
30000000 1.8544263E-15
35000000 4.1237937E-12
40000000 2.259496216E-10
45000000 9.1551694113E-9
50000000 3.8510503836E-7
55000000 4.4450806896E-6
60000000 2.043439979E-5
65000000 4.7186692096E-5
70000000 6.6850291216E-5
75000000 6.3880603204E-5
80000000 5.1693990075E-5
90000000 5.6374300765E-5
100000000 0.000114072005516
110000000 0.00016378104184
120000000 0.0001882549841
130000000 0.00021649198074
140000000 0.00024198706224
150000000 0.00026141201625
160000000 0.00027523297417
180000000 0.0002869760432
200000000 0.00028761897126
#Header 
#Target 54 125 0
#Product 50 116 0
#Datapoints 25
1000000 0
24000000 0
26000000 1.2013092332E-14
28000000 1.0333292715E-12
30000000 3.652158858E-11
35000000 1.87523991E-8
40000000 6.110239152E-7
45000000 3.1075104906E-6
50000000 6.7639100193E-6
55000000 1.35070995832E-5
60000000 1.8161903508E-5
65000000 1.5660800704E-5
70000000 1.2436200172E-5
75000000 1.2565199897E-5
80000000 1.6854904332E-5
90000000 3.7648492583E-5
100000000 5.365659318E-5
110000000 6.3305003776E-5
120000000 7.4463197805E-5
130000000 8.6824205904E-5
140000000 9.1984603095E-5
150000000 0.00010145000264
160000000 0.000110113999402
180000000 0.000117203999066
200000000 0.00012689803728
#Header 
#Target 54 125 0
#Product 51 108 0
#Datapoints 11
1000000 0
90000000 0
100000000 5.327040374E-15
110000000 4.42539484E-10
120000000 4.273699682E-8
130000000 2.8490803242E-7
140000000 9.5716494951E-7
150000000 3.130830402E-6
160000000 9.4751399292E-6
180000000 4.4973800652E-5
200000000 0.00011335899309
#Header 
#Target 54 125 0
#Product 51 109 0
#Datapoints 12
1000000 0
80000000 0
90000000 2.755233238E-13
100000000 6.4321800746E-9
110000000 5.0937901992E-7
120000000 3.6629995035E-6
130000000 6.6686503452E-6
140000000 1.9896599943E-5
150000000 6.5924796735E-5
160000000 0.0001466690214
180000000 0.00046795199198
200000000 0.00090315499296
#Header 
#Target 54 125 0
#Product 51 110 0
#Datapoints 12
1000000 0
80000000 0
90000000 2.3135397471E-9
100000000 1.17455009096E-6
110000000 1.8413794888E-5
120000000 4.8889594595E-5
130000000 8.266220943E-5
140000000 0.00026137102926
150000000 0.0005871930183
160000000 0.00107920996667
180000000 0.0027711894386
200000000 0.003557390379
#Header 
#Target 54 125 0
#Product 51 111 0
#Datapoints 14
1000000 0
70000000 0
75000000 1.2141697728E-11
80000000 5.0914803863E-9
90000000 4.3582597288E-6
100000000 9.815789728E-5
110000000 0.00027853202088
120000000 0.00039631396215
130000000 0.00087415798734
140000000 0.0019570903803
150000000 0.003774789879
160000000 0.0061806098079
180000000 0.010388900115
200000000 0.01196759496
#Header 
#Target 54 125 0
#Product 51 112 0
#Datapoints 16
1000000 0
60000000 0
65000000 3.749766912E-13
70000000 1.2410994456E-9
75000000 3.0120896564E-7
80000000 1.00103990966E-5
90000000 0.00030349299622
100000000 0.00081063205804
110000000 0.00099695701632
120000000 0.002258860438
130000000 0.0041629800666
140000000 0.0073103803377
150000000 0.0111164994605
160000000 0.014992501271
180000000 0.020485694911
200000000 0.0217197951
#Header 
#Target 54 125 0
#Product 51 113 0
#Datapoints 18
1000000 0
50000000 0
55000000 4.49814714E-13
60000000 3.2564598934E-9
65000000 6.9052491456E-7
70000000 2.0128098816E-5
75000000 0.0001491850193
80000000 0.00050198194347
90000000 0.00115704995932
100000000 0.00118767005494
110000000 0.003350490288
120000000 0.006758180166
130000000 0.0090877194822
140000000 0.012775794207
150000000 0.016613400545
160000000 0.020395795508
180000000 0.0242106051
200000000 0.022969404498
#Header 
#Target 54 125 0
#Product 51 114 0
#Datapoints 20
1000000 0
40000000 0
45000000 5.824511048E-15
50000000 7.203570367E-10
55000000 3.8882196458E-7
60000000 1.6625098896E-5
65000000 0.00016020502912
70000000 0.00063999996532
75000000 0.00122856996882
80000000 0.0014323206814
90000000 0.00112138996688
100000000 0.0030679806844
110000000 0.006949220516
120000000 0.008736240001
130000000 0.0102367006158
140000000 0.01246889391
150000000 0.014739402755
160000000 0.01655069911
180000000 0.01583890264
200000000 0.015308596728
#Header 
#Target 54 125 0
#Product 51 115 0
#Datapoints 22
1000000 0
30000000 0
35000000 1.37848869E-13
40000000 3.6308902108E-9
45000000 1.52600999574E-6
50000000 5.7068499005E-5
55000000 0.00036594396518
60000000 0.00089584609884
65000000 0.00127475997376
70000000 0.00121779995696
75000000 0.00091925505958
80000000 0.00087007298588
90000000 0.0036565204075
100000000 0.0074901799962
110000000 0.0082760206872
120000000 0.0093541699285
130000000 0.0111233999712
140000000 0.013063898661
150000000 0.0143617054
160000000 0.014466401433
180000000 0.014530796203
200000000 0.01391249679
#Header 
#Target 54 125 0
#Product 51 116 0
#Datapoints 25
1000000 0
24000000 0
26000000 1.522348819E-15
28000000 1.1300185665E-12
30000000 1.3593094209E-10
35000000 1.83551958E-7
40000000 7.4426102301E-6
45000000 7.2067396402E-5
50000000 0.00022571901282
55000000 0.0002932499638
60000000 0.0002062749374
65000000 0.000115587006208
70000000 9.4725100648E-5
75000000 0.00018799098126
80000000 0.00047546199008
90000000 0.00106967993077
100000000 0.00119301994574
110000000 0.0013736198384
120000000 0.001661359701
130000000 0.001936340136
140000000 0.0021696397305
150000000 0.0023462500425
160000000 0.0024906299352
180000000 0.0027578994168
200000000 0.0028070200476
#Header 
#Target 54 125 0
#Product 51 117 0
#Datapoints 32
1000000 0
15000000 0
16000000 1.49620226E-14
17000000 3.534639711E-13
18000000 6.360912E-12
19000000 7.849469243E-11
20000000 6.751280178E-10
22000000 2.0859498066E-8
24000000 3.008159826E-7
26000000 2.3144693028E-6
28000000 1.00576996353E-5
30000000 2.586050523E-5
35000000 8.43446007E-5
40000000 0.00019633998555
45000000 0.00028107593777
50000000 0.00020904499686
55000000 0.000126115994582
60000000 0.00011610899195
65000000 0.00024220696128
70000000 0.00062407996584
75000000 0.00113950005354
80000000 0.0014997305596
90000000 0.0015258498703
100000000 0.0016088304606
110000000 0.0019202404904
120000000 0.002178720336
130000000 0.0024261904974
140000000 0.0026559695514
150000000 0.0027990205005
160000000 0.0029490405329
180000000 0.0031028097012
200000000 0.0032501001678
#Header 
#Target 54 125 0
#Product 51 118 0
#Datapoints 41
1000000 0
6000000 0
7000000 2.001571425E-18
8000000 1.7161093026E-15
9000000 6.921349632E-14
10000000 1.475515491E-12
11000000 1.8307590952E-11
12000000 1.325123016E-10
13000000 6.4029552384E-10
14000000 2.32072960266E-9
15000000 7.0202696148E-9
16000000 1.8849999532E-8
17000000 4.6178695672E-8
18000000 1.04584008E-7
19000000 2.2297504572E-7
20000000 4.6236299883E-7
22000000 1.53570054E-6
24000000 3.406740551E-6
26000000 6.3904509124E-6
28000000 1.06849001475E-5
30000000 1.5811098642E-5
35000000 2.10830022E-5
40000000 1.15569991507E-5
45000000 6.9823494797E-6
50000000 7.258490281E-6
55000000 2.4582503208E-5
60000000 9.1197595454E-5
65000000 0.00017630303296
70000000 0.000217851979
75000000 0.00021820899004
80000000 0.00021703492825
90000000 0.00025013998977
100000000 0.00030907899982
110000000 0.00038737607592
120000000 0.00047613898645
130000000 0.0005931719523
140000000 0.00067395701571
150000000 0.0007652970143
160000000 0.00083504602137
180000000 0.00093631002223
200000000 0.00098185301778
#Header 
#Target 54 125 0
#Product 51 119 0
#Datapoints 27
1000000 0
20000000 0
22000000 2.221151625E-15
24000000 4.632769994E-13
26000000 2.764198311E-11
28000000 6.492829104E-10
30000000 6.9711500823E-9
35000000 1.71290997E-7
40000000 1.31764988392E-6
45000000 8.6957402486E-6
50000000 3.7570095815E-5
55000000 8.2488994958E-5
60000000 0.000105362000296
65000000 0.000100111999616
70000000 9.7277586984E-5
75000000 9.7358803748E-5
80000000 0.000107250999674
90000000 0.00014513897689
100000000 0.00019882403662
110000000 0.00026817396056
120000000 0.00035465301035
130000000 0.00043551505644
140000000 0.00050598507828
150000000 0.0005480380241
160000000 0.00059961100342
180000000 0.0006421389997
200000000 0.00068555306568
#Header 
#Target 54 125 0
#Product 51 120 0
#Datapoints 27
1000000 0
20000000 0
22000000 1.2184791234E-14
24000000 9.946808834E-13
26000000 3.162804124E-11
28000000 5.618197827E-10
30000000 5.6145393672E-9
35000000 2.27352033E-7
40000000 1.31453008906E-6
45000000 2.8579693967E-6
50000000 3.0586098137E-6
55000000 2.9999303256E-6
60000000 3.3604106634E-6
65000000 3.918149696E-6
70000000 4.7620104552E-6
75000000 6.113360319E-6
80000000 8.4564092802E-6
90000000 1.7578299911E-5
100000000 3.4348500428E-5
110000000 5.4090202336E-5
120000000 7.434610537E-5
130000000 9.0266505048E-5
140000000 0.000102163001358
150000000 0.00011011499863
160000000 0.000117013002271
180000000 0.00012296903696
200000000 0.00012854203806
#Header 
#Target 54 125 0
#Product 52 110 0
#Datapoints 10
1000000 0
100000000 0
110000000 8.420355824E-12
120000000 6.4027590425E-9
130000000 2.2805300568E-7
140000000 1.7296496019E-6
150000000 5.068460705E-6
160000000 1.14588008205E-5
180000000 4.0038395485E-5
200000000 6.2520000378E-5
#Header 
#Target 54 125 0
#Product 52 111 0
#Datapoints 11
1000000 0
90000000 0
100000000 4.09709597E-12
110000000 2.2062497304E-8
120000000 1.5508905095E-6
130000000 8.4266002782E-6
140000000 2.5436905461E-5
150000000 5.866530516E-5
160000000 0.00012020105592
180000000 0.00027872099002
200000000 0.00035179500846
#Header 
#Target 54 125 0
#Product 52 112 0
#Datapoints 12
1000000 0
80000000 0
90000000 2.535857657E-11
100000000 1.4564805832E-7
110000000 1.26147011048E-5
120000000 8.6952799E-5
130000000 0.00016749294684
140000000 0.00034026802656
150000000 0.00061966498335
160000000 0.00100812996383
180000000 0.0016763301148
200000000 0.001988600409
#Header 
#Target 54 125 0
#Product 52 113 0
#Datapoints 13
1000000 0
75000000 0
80000000 8.700791428E-12
90000000 3.3834102559E-7
100000000 5.7434194308E-5
110000000 0.000559741026
120000000 0.00117103001165
130000000 0.0016134805518
140000000 0.0026993698545
150000000 0.004315990511
160000000 0.0060017097008
180000000 0.0081539892786
200000000 0.0078031001478
#Header 
#Target 54 125 0
#Product 52 114 0
#Datapoints 15
1000000 0
65000000 0
70000000 4.923223156E-11
75000000 2.97082975E-8
80000000 1.4725603515E-6
90000000 0.00028568394862
100000000 0.0033713807632
110000000 0.006551589216
120000000 0.007402070309
130000000 0.0097803798888
140000000 0.014749394649
150000000 0.020228602695
160000000 0.023955904159
180000000 0.023801203756
200000000 0.023541295704
#Header 
#Target 54 125 0
#Product 52 115 0
#Datapoints 17
1000000 0
55000000 0
60000000 2.400139196E-12
65000000 1.04778001024E-8
70000000 7.9984489172E-7
75000000 1.8758497378E-5
80000000 0.00029584098551
90000000 0.0049659492684
100000000 0.0099083200282
110000000 0.00980208974
120000000 0.012839696005
130000000 0.01790769681
140000000 0.024538102281
150000000 0.028103202085
160000000 0.028393597936
180000000 0.027927601482
200000000 0.027183799746
#Header 
#Target 54 125 0
#Product 52 116 0
#Datapoints 19
1000000 0
45000000 0
50000000 7.188885326E-11
55000000 1.45718996214E-7
60000000 4.6411496306E-6
65000000 9.1358000128E-5
70000000 0.0012179699188
75000000 0.0058122399988
80000000 0.0130950999746
90000000 0.019421996119
100000000 0.017060197014
110000000 0.023157904264
120000000 0.0324702955
130000000 0.038667299742
140000000 0.042821792409
150000000 0.043393999985
160000000 0.043016900443
180000000 0.041484599618
200000000 0.038627497362
#Header 
#Target 54 125 0
#Product 52 117 0
#Datapoints 21
1000000 0
35000000 0
40000000 2.212858356E-13
45000000 8.2583809606E-9
50000000 6.7301390093E-7
55000000 2.3025597448E-5
60000000 0.0005275259745
65000000 0.0028979499328
70000000 0.0064671605504
75000000 0.0086132796368
80000000 0.0085157493953
90000000 0.0068894501965
100000000 0.0093656495978
110000000 0.013451602656
120000000 0.01568840275
130000000 0.016913505906
140000000 0.017422503252
150000000 0.017450798295
160000000 0.017116594264
180000000 0.016133300964
200000000 0.015649594794
#Header 
#Target 54 125 0
#Product 52 118 0
#Datapoints 24
1000000 0
26000000 0
28000000 3.085290162E-14
30000000 2.380210698E-11
35000000 2.05404948E-7
40000000 4.5338902941E-6
45000000 0.00019450096264
50000000 0.0034694104648
55000000 0.0124250002566
60000000 0.017598798392
65000000 0.017337300544
70000000 0.014559597788
75000000 0.0117544009706
80000000 0.0115605002583
90000000 0.020225498123
100000000 0.027815798372
110000000 0.031955602952
120000000 0.03431460625
130000000 0.035238898374
140000000 0.035567803293
150000000 0.035403901645
160000000 0.035288604472
180000000 0.034697798696
200000000 0.033447501684
#Header 
#Target 54 125 0
#Product 52 119 0
#Datapoints 28
1000000 0
19000000 0
20000000 1.604361945E-15
22000000 2.599999842E-12
24000000 2.948391838E-10
26000000 5.4658705847E-9
28000000 4.0974196275E-8
30000000 1.8605394813E-7
35000000 9.29905083E-6
40000000 0.00029142701502
45000000 0.00123511998435
50000000 0.0017243003995
55000000 0.00141909000816
60000000 0.00100322999742
65000000 0.0007967499904
70000000 0.00080720201748
75000000 0.00100552000016
80000000 0.00137259002167
90000000 0.0021009398204
100000000 0.0027909096542
110000000 0.0033853793952
120000000 0.0038704294705
130000000 0.0042509297424
140000000 0.004363109685
150000000 0.00449279985
160000000 0.0045494998934
180000000 0.0046214198767
200000000 0.0046665596316
#Header 
#Target 54 125 0
#Product 52 120 0
#Datapoints 33
1000000 0
14000000 0
15000000 7.98636241E-15
16000000 3.293541744E-13
17000000 1.737591521E-11
18000000 5.866248E-10
19000000 1.08636989181E-8
20000000 1.15460002317E-7
22000000 3.7800501882E-6
24000000 4.073700123E-5
26000000 0.00022839897019
28000000 0.00080060700834
30000000 0.0016455097113
35000000 0.00241594956
40000000 0.0031986097548
45000000 0.0031842595241
50000000 0.0024017499163
55000000 0.001921560205
60000000 0.002058649383
65000000 0.00277482048
70000000 0.0037446200352
75000000 0.0047527195832
80000000 0.0056860093731
90000000 0.0071721205365
100000000 0.0084856495878
110000000 0.0094709998416
120000000 0.0101384006125
130000000 0.0105926998968
140000000 0.0108940004415
150000000 0.0109024001135
160000000 0.0109488999323
180000000 0.0108032002584
200000000 0.0107421998586
#Header 
#Target 54 125 0
#Product 52 121 0
#Datapoints 40
1000000 0
7000000 0
8000000 1.4340489237E-15
9000000 3.5422278945E-13
10000000 2.143649693E-11
11000000 4.6541273912E-10
12000000 4.21399993306E-9
13000000 2.15980965416E-8
14000000 8.88909031146E-8
15000000 3.271050588E-7
16000000 1.04718008228E-6
17000000 2.845899733E-6
18000000 6.5882304E-6
19000000 1.3372994754E-5
20000000 2.4291799896E-5
22000000 5.7773298759E-5
24000000 8.4717799456E-5
26000000 0.000100755006257
28000000 0.00010859300073
30000000 0.000106332998301
35000000 6.89292999E-5
40000000 4.7221095781E-5
45000000 3.8587108259E-5
50000000 4.5365407626E-5
55000000 7.9988192434E-5
60000000 0.000138264003934
65000000 0.00020791705088
70000000 0.00029965498772
75000000 0.00041331703524
80000000 0.00053682801172
90000000 0.00076956197488
100000000 0.00094905696806
110000000 0.00107266005056
120000000 0.00114791999055
130000000 0.00120059999826
140000000 0.00121767004062
150000000 0.00121705045
160000000 0.0012134103091
180000000 0.0011994203518
200000000 0.0011807102838
#Header 
#Target 54 125 0
#Product 52 122 0
#Datapoints 27
1000000 0
20000000 0
22000000 1.3123591272E-13
24000000 4.85722674E-11
26000000 3.6453594091E-9
28000000 9.2286801954E-8
30000000 9.6103902138E-7
35000000 1.474460082E-5
40000000 4.5531492594E-5
45000000 9.56130042E-5
50000000 0.00018385105935
55000000 0.00030825299738
60000000 0.00047879501432
65000000 0.00067668496064
70000000 0.00089313302128
75000000 0.00108260999564
80000000 0.00123939009495
90000000 0.0014928898013
100000000 0.0016317604586
110000000 0.0017249800176
120000000 0.0017672896375
130000000 0.0017895898698
140000000 0.0017842301697
150000000 0.001758020327
160000000 0.0017241296655
180000000 0.0016754799391
200000000 0.0016201402806
#Header 
#Target 54 125 0
#Product 52 123 0
#Datapoints 27
1000000 0
20000000 0
22000000 2.863677234E-14
24000000 9.879559418E-12
26000000 6.881269645E-10
28000000 1.2322599822E-8
30000000 8.217469503E-8
35000000 7.83804006E-7
40000000 2.4636403216E-6
45000000 6.4495405653E-6
50000000 1.51765008815E-5
55000000 2.8779898188E-5
60000000 4.3812206186E-5
65000000 5.7690603328E-5
70000000 6.9035296392E-5
75000000 7.7049394732E-5
80000000 8.2918795862E-5
90000000 8.9412804663E-5
100000000 9.196460959E-5
110000000 9.2401901904E-5
120000000 9.1603195815E-5
130000000 9.0433503324E-5
140000000 8.7909105504E-5
150000000 8.574530314E-5
160000000 8.3569407537E-5
180000000 7.9588098689E-5
200000000 7.6292701026E-5
#Header 
#Target 54 125 0
#Product 53 113 0
#Datapoints 12
1000000 0
80000000 0
90000000 7.887386681E-11
100000000 1.4406895198E-7
110000000 2.4912902608E-6
120000000 6.1783799805E-6
130000000 8.5667803458E-6
140000000 1.9119101958E-5
150000000 3.9887908515E-5
160000000 6.4492101894E-5
180000000 0.000107401002885
200000000 0.000106236997644
#Header 
#Target 54 125 0
#Product 53 114 0
#Datapoints 13
1000000 0
75000000 0
80000000 1.1451787242E-11
90000000 2.0136194428E-7
100000000 1.05890996004E-5
110000000 3.0214104296E-5
120000000 3.404209837E-5
130000000 5.3030301294E-5
140000000 0.000114557007312
150000000 0.00019660605335
160000000 0.00027378493351
180000000 0.00028540703983
200000000 0.000301773981
#Header 
#Target 54 125 0
#Product 53 115 0
#Datapoints 16
1000000 0
60000000 0
65000000 2.236417664E-15
70000000 1.3821490164E-10
75000000 1.4634197252E-7
80000000 8.2898198166E-6
90000000 0.00036578997517
100000000 0.0007052439836
110000000 0.00059755000808
120000000 0.00111278997135
130000000 0.0019019993814
140000000 0.0030738391761
150000000 0.003695779367
160000000 0.0038773106823
180000000 0.0039618705016
200000000 0.0038127695226
#Header 
#Target 54 125 0
#Product 53 116 0
#Datapoints 17
1000000 0
55000000 0
60000000 9.22319391E-12
65000000 2.5013292608E-7
70000000 3.1487696056E-5
75000000 0.00046691598912
80000000 0.0018896594976
90000000 0.0036621806158
100000000 0.0027090605688
110000000 0.0049442497072
120000000 0.009099670303
130000000 0.011518500495
140000000 0.013672295604
150000000 0.014120396395
160000000 0.013778204088
180000000 0.012865298479
200000000 0.011820503196
#Header 
#Target 54 125 0
#Product 53 117 0
#Datapoints 19
1000000 0
45000000 0
50000000 3.425190307E-9
55000000 8.763309493E-6
60000000 0.0003782959754
65000000 0.003312930176
70000000 0.0086345000832
75000000 0.0109007993662
80000000 0.0091308299012
90000000 0.0060665897632
100000000 0.015745800194
110000000 0.02687060376
120000000 0.030542993945
130000000 0.032481102192
140000000 0.032793305457
150000000 0.03183379388
160000000 0.030569295229
180000000 0.027818195746
200000000 0.026283802104
#Header 
#Target 54 125 0
#Product 53 118 0
#Datapoints 21
1000000 0
35000000 0
40000000 1.0239295834E-11
45000000 7.4864701772E-7
50000000 0.000143064007415
55000000 0.0024667701222
60000000 0.007464029895
65000000 0.0090517302656
70000000 0.006984580372
75000000 0.0048431904942
80000000 0.0040431206284
90000000 0.01071589928
100000000 0.0205129985
110000000 0.022745197664
120000000 0.022980595115
130000000 0.022346498988
140000000 0.021411603972
150000000 0.02111179924
160000000 0.019950402395
180000000 0.018229401509
200000000 0.017509400304
#Header 
#Target 54 125 0
#Product 53 119 0
#Datapoints 24
1000000 0
26000000 0
28000000 5.727495582E-12
30000000 4.8201007494E-8
35000000 0.000282895011
40000000 0.0059975299608
45000000 0.024097701458
50000000 0.034691598564
55000000 0.02878720562
60000000 0.018035093986
65000000 0.012297900896
70000000 0.016300696688
75000000 0.033475700288
80000000 0.055176106146
90000000 0.075883002406
100000000 0.075599792284
110000000 0.074674697776
120000000 0.07319580475
130000000 0.071454802902
140000000 0.06867400353
150000000 0.06565339242
160000000 0.064387297161
180000000 0.061653706972
200000000 0.058721293716
#Header 
#Target 54 125 0
#Product 53 120 0
#Datapoints 29
1000000 0
18000000 0
19000000 7.492668967E-15
20000000 3.079136619E-11
22000000 1.4308903884E-7
24000000 9.0934295978E-6
26000000 7.531499223E-5
28000000 0.00052753400793
30000000 0.0024321600375
35000000 0.01257799995
40000000 0.0143994006675
45000000 0.0074484201041
50000000 0.0037789897719
55000000 0.0027549894324
60000000 0.0033209302056
65000000 0.0071766606784
70000000 0.0128368989164
75000000 0.01650779818
80000000 0.018421602591
90000000 0.021832896618
100000000 0.02449120064
110000000 0.025864896456
120000000 0.026613499485
130000000 0.02712559671
140000000 0.026703895449
150000000 0.026694795015
160000000 0.026390102992
180000000 0.025555705351
200000000 0.025036805718
#Header 
#Target 54 125 0
#Product 53 121 0
#Datapoints 40
1000000 0
7000000 0
8000000 3.306527487E-14
9000000 5.6914610847E-10
10000000 1.2544298211E-7
11000000 4.65288003832E-6
12000000 4.91143015713E-5
13000000 0.000236059974712
14000000 0.000729559992648
15000000 0.0016318802942
16000000 0.0020940001068
17000000 0.0025679700113
18000000 0.0036780204
19000000 0.0055581494675
20000000 0.0082035203319
22000000 0.01531510068
24000000 0.019484197216
26000000 0.024381806241
28000000 0.02834689689
30000000 0.029397005268
35000000 0.0190880964
40000000 0.0118861002908
45000000 0.0097288597669
50000000 0.015307008262
55000000 0.029803195334
60000000 0.04662649656
65000000 0.055838202176
70000000 0.058658202668
75000000 0.059413597534
80000000 0.06077369795
90000000 0.063373193898
100000000 0.064383004876
110000000 0.064041391656
120000000 0.063024097195
130000000 0.062477502
140000000 0.060807998625
150000000 0.058959104855
160000000 0.05739610261
180000000 0.054702103665
200000000 0.052109402148
#Header 
#Target 54 125 0
#Product 53 122 0
#Datapoints 46
1000000 0
1000000 0
2000000 3.45112012013E-14
3000000 2.0944897908E-10
4000000 5.1195109767324E-8
5000000 5.75698976948E-7
6000000 1.4079100322E-5
7000000 0.000104769000459
8000000 0.00027353196828
9000000 0.00044567080923
10000000 0.0006679800393
11000000 0.0009741278964
12000000 0.0014116802597
13000000 0.00204236989848
14000000 0.00290017047306
15000000 0.0039591505005
16000000 0.005167749832
17000000 0.0064459498348
18000000 0.0078185496
19000000 0.0099212307173
20000000 0.015518694219
22000000 0.020414596191
24000000 0.0102589999246
26000000 0.0076309195859
28000000 0.0061173506313
30000000 0.0050108600988
35000000 0.00396663975
40000000 0.0080332509296
45000000 0.018464095828
50000000 0.028362193083
55000000 0.03311859535
60000000 0.03593169608
65000000 0.037984204352
70000000 0.04037870578
75000000 0.041826399062
80000000 0.04325670083
90000000 0.044347398757
100000000 0.044566897952
110000000 0.044164391392
120000000 0.04327379869
130000000 0.042187398936
140000000 0.040814096037
150000000 0.03938999995
160000000 0.037801493862
180000000 0.035389498353
200000000 0.033322805514
#Header 
#Target 54 125 0
#Product 53 123 0
#Datapoints 35
1000000 0
12000000 0
13000000 4.9907732504E-15
14000000 1.4849330568E-13
15000000 3.839641546E-12
16000000 9.67074138E-11
17000000 1.6774801037E-9
18000000 1.8995004E-8
19000000 1.5033601254E-7
20000000 8.9218804272E-7
22000000 1.6812401991E-5
24000000 0.00015560994778
26000000 0.00067661794962
28000000 0.0018253399491
30000000 0.003658419975
35000000 0.00996811065
40000000 0.016444895511
45000000 0.021366702814
50000000 0.026118193514
55000000 0.030711792974
60000000 0.034407600696
65000000 0.037256006336
70000000 0.039443295256
75000000 0.040991498236
80000000 0.04203329284
90000000 0.04301010143
100000000 0.042772098444
110000000 0.041947797088
120000000 0.04068210024
130000000 0.039306097518
140000000 0.037601803998
150000000 0.035740803945
160000000 0.034130904005
180000000 0.031252094203
200000000 0.028905
#Header 
#Target 54 125 0
#Product 53 124 0
#Datapoints 38
1000000 0
9000000 0
10000000 4.183088375E-15
11000000 5.1514083744E-12
12000000 3.0597828661E-10
13000000 3.89525995768E-9
14000000 4.91284046052E-8
15000000 6.3115803231E-7
16000000 4.7106398404E-6
17000000 2.0918701877E-5
18000000 6.1443396E-5
19000000 0.00013085405074
20000000 0.00021867098865
22000000 0.00041550692271
24000000 0.00069148196864
26000000 0.00117461994331
28000000 0.001936659456
30000000 0.0030381599538
35000000 0.00742658022
40000000 0.0127219001596
45000000 0.01726240587
50000000 0.020714893038
55000000 0.023256098614
60000000 0.025049293108
65000000 0.026365000832
70000000 0.027280794244
75000000 0.02785150227
80000000 0.028166397756
90000000 0.027991994943
100000000 0.027275796256
110000000 0.02635849744
120000000 0.02537949602
130000000 0.024384297888
140000000 0.023002394514
150000000 0.02177620361
160000000 0.020736695914
180000000 0.018777300355
200000000 0.01711019913
#Header 
#Target 54 125 0
#Product 54 116 0
#Datapoints 13
1000000 0
75000000 0
80000000 1.2265997933E-14
90000000 2.7970094113E-8
100000000 3.9495601986E-6
110000000 6.6209900616E-5
120000000 0.00016626604455
130000000 0.00020974193592
140000000 0.00026795203611
150000000 0.00028541296525
160000000 0.00028192197154
180000000 0.00026280706496
200000000 0.00024821902824
#Header 
#Target 54 125 0
#Product 54 117 0
#Datapoints 14
1000000 0
70000000 0
75000000 4.073797796E-10
80000000 1.9308394973E-7
90000000 4.8139602288E-5
100000000 0.00084378705804
110000000 0.001781420644
120000000 0.001973779966
130000000 0.0020663493312
140000000 0.0021242699874
150000000 0.0020457098725
160000000 0.0019524498906
180000000 0.0017856805835
200000000 0.0016266196254
#Header 
#Target 54 125 0
#Product 54 118 0
#Datapoints 17
1000000 0
55000000 0
60000000 5.453747012E-14
65000000 2.7756895808E-8
70000000 7.174330214E-6
75000000 0.00010705400098
80000000 0.00103037007724
90000000 0.0096176896413
100000000 0.014195299988
110000000 0.013357999632
120000000 0.01287599733
130000000 0.0121425993732
140000000 0.011459198949
150000000 0.010863700071
160000000 0.010079099855
180000000 0.009302580177
200000000 0.0087706302756
#Header 
#Target 54 125 0
#Product 54 119 0
#Datapoints 18
1000000 0
50000000 0
55000000 1.7258704976E-8
60000000 1.4426000638E-5
65000000 0.00028495997888
70000000 0.0036362195856
75000000 0.01587030393
80000000 0.032450998384
90000000 0.043570096131
100000000 0.03564699611
110000000 0.032378294912
120000000 0.02997039935
130000000 0.028074494862
140000000 0.02625189666
150000000 0.02429490658
160000000 0.022989799657
180000000 0.021560302885
200000000 0.019751399286
#Header 
#Target 54 125 0
#Product 54 120 0
#Datapoints 21
1000000 0
35000000 0
40000000 2.260314695E-14
45000000 1.14437995423E-6
50000000 0.000152318990908
55000000 0.0035886707964
60000000 0.033899201812
65000000 0.092275905408
70000000 0.131393011396
75000000 0.132253995968
80000000 0.116623007326
90000000 0.091329494569
100000000 0.080900799352
110000000 0.07365979616
120000000 0.068752993025
130000000 0.064288999614
140000000 0.060226201431
150000000 0.057820001015
160000000 0.055288402983
180000000 0.050379401193
200000000 0.048035797374
#Header 
#Target 54 125 0
#Product 54 121 0
#Datapoints 22
1000000 0
30000000 0
35000000 6.65210952E-7
40000000 0.00026562593163
45000000 0.0088883195184
50000000 0.096102193719
55000000 0.20528795894
60000000 0.23636500202
65000000 0.20500695552
70000000 0.1667689236
75000000 0.14363203596
80000000 0.131437998125
90000000 0.117124999499
100000000 0.1070250031
110000000 0.09910009436
120000000 0.09310289192
130000000 0.08819569893
140000000 0.082900204134
150000000 0.07847800233
160000000 0.074944996896
180000000 0.069018697924
200000000 0.063627801846
#Header 
#Target 54 125 0
#Product 54 122 0
#Datapoints 27
1000000 0
20000000 0
22000000 1.0906495809E-9
24000000 1.04918990032E-6
26000000 3.2574696062E-5
28000000 0.00021503801835
30000000 0.00065891801049
35000000 0.0686221983
40000000 0.26183699158
45000000 0.33516092542
50000000 0.3303629952
55000000 0.26958898212
60000000 0.22891894214
65000000 0.20645306304
70000000 0.19610494316
75000000 0.18643499808
80000000 0.18009298846
90000000 0.16586600402
100000000 0.15444500816
110000000 0.14438493392
120000000 0.135218939
130000000 0.1277389335
140000000 0.119401005009
150000000 0.11243199744
160000000 0.106141008347
180000000 0.095747398802
200000000 0.087356205396
#Header 
#Target 54 125 0
#Product 54 123 0
#Datapoints 35
1000000 0
12000000 0
13000000 1.5063420632E-12
14000000 1.9940190414E-10
15000000 4.5504900701E-9
16000000 4.6224596776E-8
17000000 4.7608095212E-7
18000000 4.1419404E-6
19000000 2.2651493634E-5
20000000 7.712179599E-5
22000000 0.00095833300992
24000000 0.035780708146
26000000 0.114204006739
28000000 0.17800096032
30000000 0.22996798824
35000000 0.306959004
40000000 0.28510001792
45000000 0.24883101699
50000000 0.23103405024
55000000 0.2214310425
60000000 0.21432803406
65000000 0.20766394176
70000000 0.2014430146
75000000 0.19381998718
80000000 0.18671405627
90000000 0.17122000879
100000000 0.15729607292
110000000 0.14475698584
120000000 0.13414795455
130000000 0.12528595104
140000000 0.116420996109
150000000 0.107422998655
160000000 0.100664003968
180000000 0.088915196381
200000000 0.080023400004
#Header 
#Target 54 125 0
#Product 54 124 0
#Datapoints 40
1000000 0
7000000 0
8000000 2.1333501198E-11
9000000 4.7568915447E-9
10000000 4.7901399445E-5
11000000 0.00572133032968
12000000 0.0528569929857
13000000 0.161672989368
14000000 0.297716993334
15000000 0.40189096402
16000000 0.33898703516
17000000 0.24525202803
18000000 0.193296
19000000 0.17540694143
20000000 0.17689796973
22000000 0.20608002591
24000000 0.24644797252
26000000 0.27038501035
28000000 0.27511395822
30000000 0.27665096625
35000000 0.286395039
40000000 0.29281904704
45000000 0.28925207188
50000000 0.27722194241
55000000 0.26953206266
60000000 0.25686495702
65000000 0.24769402112
70000000 0.23442498976
75000000 0.2234660624
80000000 0.21055994736
90000000 0.18854900652
100000000 0.16962800886
110000000 0.1541609904
120000000 0.141105984
130000000 0.129997947
140000000 0.119414003313
150000000 0.11048899176
160000000 0.102328002623
180000000 0.089837501787
200000000 0.080051599722
#Header 
#Target 54 125 0
#Product 54 125 0
#Datapoints 46
1000000 0
1000000 0
2000000 1.94252997929E-13
3000000 4.906000656E-8
4000000 2.5207103789481E-5
5000000 0.000264279976302
6000000 0.00399016013984
7000000 0.01549069602
8000000 0.022609892718
9000000 0.0259422986043
10000000 0.033404097761
11000000 0.0443115018328
12000000 0.0559206048018
13000000 0.06512380606
14000000 0.0700966025802
15000000 0.071956595867
16000000 0.072931508348
17000000 0.074077900466
18000000 0.075360204
19000000 0.07650669145
20000000 0.077250601302
22000000 0.07695600363
24000000 0.075944392808
26000000 0.074569893982
28000000 0.073115697168
30000000 0.071297804874
35000000 0.0663510969
40000000 0.063152496099
45000000 0.059284393657
50000000 0.058446799362
55000000 0.055954894074
60000000 0.052792302626
65000000 0.05024289312
70000000 0.0463549998
75000000 0.043739805202
80000000 0.039731206459
90000000 0.033339701524
100000000 0.027619003554
110000000 0.022687593808
120000000 0.018541305445
130000000 0.015101195922
140000000 0.01232180136
150000000 0.0101164995925
160000000 0.0083424195437
180000000 0.0058310094117
200000000 0.0042923393148
#Header 
#Target 54 125 0
#Product 55 119 0
#Datapoints 16
1000000 0
60000000 0
65000000 6.85549056E-10
70000000 5.6102599884E-6
75000000 8.3090695116E-5
80000000 0.0002763239689
90000000 0.00033929105911
100000000 0.00016873003884
110000000 0.000113725002752
120000000 8.6488409055E-5
130000000 6.8038999518E-5
140000000 5.4238796106E-5
150000000 4.4002002975E-5
160000000 3.6887197677E-5
180000000 2.7231398128E-5
200000000 2.141230371E-5
#Header 
#Target 54 125 0
#Product 55 120 0
#Datapoints 18
1000000 0
50000000 0
55000000 1.0483190614E-10
60000000 6.7207796572E-5
65000000 0.00077517591872
70000000 0.0015661896988
75000000 0.00135400994324
80000000 0.00088578894397
90000000 0.00049266896501
100000000 0.00037817401982
110000000 0.00030151300272
120000000 0.00024555297005
130000000 0.00020413395834
140000000 0.00017272296525
150000000 0.00014834595265
160000000 0.00012937102002
180000000 0.000102257992573
200000000 8.2379007198E-5
#Header 
#Target 54 125 0
#Product 55 121 0
#Datapoints 20
1000000 0
40000000 0
45000000 1.28798010089E-5
50000000 0.0019561498439
55000000 0.0071728393692
60000000 0.007399620599
65000000 0.0042120303424
70000000 0.0023308592708
75000000 0.0015884595166
80000000 0.00125883001013
90000000 0.00091452098408
100000000 0.000699543976
110000000 0.0005574690324
120000000 0.00046385299055
130000000 0.00039426803202
140000000 0.00034070795022
150000000 0.00029656401845
160000000 0.00026345099242
180000000 0.00021583197658
200000000 0.00018037899324
#Header 
#Target 54 125 0
#Product 55 122 0
#Datapoints 22
1000000 0
30000000 0
35000000 4.71512952E-5
40000000 0.032560901451
45000000 0.068705204582
50000000 0.048900300232
55000000 0.02602110104
60000000 0.015800100344
65000000 0.01106549984
70000000 0.0086558001396
75000000 0.0071351893754
80000000 0.0059991699145
90000000 0.0045244992712
100000000 0.0036150899062
110000000 0.0029947300664
120000000 0.0025594697395
130000000 0.0022456393902
140000000 0.0019744202214
150000000 0.0017569697845
160000000 0.0015741603691
180000000 0.0013063096618
200000000 0.0011042299662
#Header 
#Target 54 125 0
#Product 55 123 0
#Datapoints 26
1000000 0
22000000 0
24000000 0.0030804807602
26000000 0.074283098695
28000000 0.1713020562
30000000 0.21655201341
35000000 0.171582921
40000000 0.065693193902
45000000 0.025839000546
50000000 0.016650895807
55000000 0.0132700005912
60000000 0.0112280999264
65000000 0.0097082399232
70000000 0.0085224507924
75000000 0.0075276400696
80000000 0.0067177300547
90000000 0.0054448700894
100000000 0.0045236801358
110000000 0.0038366593112
120000000 0.003307530063
130000000 0.0029017094022
140000000 0.0025442296803
150000000 0.002260429829
160000000 0.0020390503067
180000000 0.0016861100751
200000000 0.0014266502106
#Header 
#Target 54 125 0
#Product 55 124 0
#Datapoints 33
1000000 0
14000000 0
15000000 0.029000304307
16000000 0.26106797032
17000000 0.50307200146
18000000 0.653742
19000000 0.73281793627
20000000 0.76615099377
22000000 0.7759249872
24000000 0.73529101386
26000000 0.55093999936
28000000 0.3388640913
30000000 0.20509192785
35000000 0.0934005024
40000000 0.069447402645
45000000 0.056982801193
50000000 0.048090896224
55000000 0.041194908098
60000000 0.035671097378
65000000 0.031514401088
70000000 0.02772390698
75000000 0.024502707684
80000000 0.021720298418
90000000 0.017355999685
100000000 0.014237101812
110000000 0.0119396998464
120000000 0.0102564008985
130000000 0.0089629806936
140000000 0.0078528699711
150000000 0.0069794995305
160000000 0.0062345195
180000000 0.0051364899465
200000000 0.0043467593364
#Header 
#Target 54 125 0
#Product 55 125 0
#Datapoints 44
1000000 0
3000000 0
4000000 0.00026369198355055
5000000 0.00798889977868
6000000 0.0330217993266
7000000 0.085717401684
8000000 0.184248991629
9000000 0.312405024774
10000000 0.44587099675
11000000 0.566859993376
12000000 0.632450032568
13000000 0.618057985544
14000000 0.55808199963
15000000 0.48605595727
16000000 0.36282200368
17000000 0.24821001745
18000000 0.17492304
19000000 0.13162501996
20000000 0.106377997197
22000000 0.082660592553
24000000 0.072533696
26000000 0.06627571075
28000000 0.061690291902
30000000 0.05759719578
35000000 0.048110697
40000000 0.040387398408
45000000 0.034257195821
50000000 0.029339306066
55000000 0.02508849758
60000000 0.021730205294
65000000 0.019186506688
70000000 0.016786097892
75000000 0.014694302838
80000000 0.0130132996952
90000000 0.0103254986212
100000000 0.0084359900288
110000000 0.0070709394608
120000000 0.0060302298865
130000000 0.0052518795648
140000000 0.0045993895563
150000000 0.0040737402685
160000000 0.0036473295188
180000000 0.0030001395204
200000000 0.0025137603234
#Header 
#Target 54 125 0
#Product 55 126 0
#Datapoints 46
1000000 0
1000000 1.15980992208E-14
2000000 3.49006998514E-8
3000000 2.1665899824E-5
4000000 0.00057389901629867
5000000 0.00115090043344
6000000 0.006513458609
7000000 0.013823794701
8000000 0.0122260996782
9000000 0.0077165604483
10000000 0.0049145700628
11000000 0.00333171007432
12000000 0.00243232976644
13000000 0.0019407301368
14000000 0.00167106994248
15000000 0.0015240803058
16000000 0.0014425400584
17000000 0.0013781001833
18000000 0.0013055496
19000000 0.00120138001508
20000000 0.00107818993806
22000000 0.0008295160203
24000000 0.00065651296762
26000000 0.00053854396957
28000000 0.00046410993549
30000000 0.00041348297124
35000000 0.000337491072
40000000 0.00028255099634
45000000 0.00027136805972
50000000 0.00024041994606
55000000 0.00022999493006
60000000 0.00020830692568
65000000 0.00019960607296
70000000 0.00018250395612
75000000 0.00017045296396
80000000 0.00016215396246
90000000 0.00013817301662
100000000 0.000123182004866
110000000 0.000115020998736
120000000 9.8055804015E-5
130000000 8.0640307986E-5
140000000 7.2273499782E-5
150000000 6.7910601395E-5
160000000 6.2845900722E-5
180000000 5.1762706435E-5
200000000 3.8256704022E-5
