#Header 
#Target 47 117 1
#Product 0 1 0
#Datapoints 45
1000000 0
2000000 1.04157799E-6
3000000 0.0002809624612
4000000 0.008365738304
5000000 0.0655714679262
6000000 0.2187025856
7000000 0.4503665184
8000000 0.7295710842
9000000 1.028242235
10000000 1.316607431321
11000000 1.576876282641
12000000 1.8187630088
13000000 2.122977776
14000000 2.446077064
15000000 2.734098015
16000000 2.962102212
17000000 3.143479776
18000000 3.295026282
19000000 3.41376216
20000000 3.518052608
22000000 3.767210272
24000000 4.048389774
26000000 4.28769128
28000000 4.453517004
30000000 4.57182132
35000000 4.878573408
40000000 5.104578426
45000000 5.248540896
50000000 5.35370715
55000000 5.41144009
60000000 5.464985575
65000000 5.491472969
70000000 5.50367711
75000000 5.521934964
80000000 5.553290236
90000000 5.659518388
100000000 5.769065475
110000000 5.90543628
120000000 6.0430515
130000000 6.171683812
140000000 6.295016288
150000000 6.47488182
160000000 6.674725809
180000000 7.08292431
200000000 7.466071626
#Header 
#Target 47 117 1
#Product 1 1 0
#Datapoints 45
1000000 0
2000000 1.235812E-17
3000000 4.518639298E-13
4000000 1.0245881184E-10
5000000 9.61730396775E-9
6000000 8.13029422E-7
7000000 1.7288464992E-5
8000000 0.00013196617182
9000000 0.0005570285406
10000000 0.001615021973474
11000000 0.003661327836609
12000000 0.0069713624446
13000000 0.01165334836
14000000 0.01771461779
15000000 0.02513654814
16000000 0.03389025992
17000000 0.0438936024
18000000 0.0549877302
19000000 0.06705928684
20000000 0.080964219
22000000 0.1100033078
24000000 0.14179840857
26000000 0.1755330588
28000000 0.2109775767
30000000 0.247226034
35000000 0.336572352
40000000 0.4222078953
45000000 0.5005188188
50000000 0.57073896
55000000 0.6326046111
60000000 0.688178589
65000000 0.7366284693
70000000 0.7804601085
75000000 0.8182368468
80000000 0.851898554
90000000 0.9099923116
100000000 0.9592714995
110000000 1.004023722
120000000 1.04391699
130000000 1.0814050324
140000000 1.1144228498
150000000 1.1421827637
160000000 1.166714313
180000000 1.231607322
200000000 1.309737222
#Header 
#Target 47 117 1
#Product 1 2 0
#Datapoints 41
1000000 0
6000000 0
7000000 8.71145704E-18
8000000 4.20694155E-11
9000000 4.95985045E-8
10000000 2.61147520064E-6
11000000 5.069061146347E-5
12000000 0.00036328906676
13000000 0.001373911696
14000000 0.003298041852
15000000 0.005979929769
16000000 0.009162258014
17000000 0.0126384846
18000000 0.01626158558
19000000 0.01992377968
20000000 0.02354406104
22000000 0.03046895388
24000000 0.03685175325
26000000 0.04267887686
28000000 0.04799989478
30000000 0.0528509916
35000000 0.06322503312
40000000 0.06983238573
45000000 0.07724707616
50000000 0.08188377318
55000000 0.08937565301
60000000 0.09168162045
65000000 0.09709122219
70000000 0.0991545027
75000000 0.10344394884
80000000 0.10549105684
90000000 0.10233538952
100000000 0.10075850955
110000000 0.0978551874
120000000 0.096480339
130000000 0.09773499092
140000000 0.09887418262
150000000 0.10081856609
160000000 0.10639867179
180000000 0.11129214888
200000000 0.1266374016
#Header 
#Target 47 117 1
#Product 1 3 0
#Datapoints 41
1000000 0
6000000 0
7000000 3.784082856E-17
8000000 2.4979428936E-13
9000000 7.618000786E-11
10000000 8.71114095305E-9
11000000 4.536979942206E-7
12000000 7.7622922151E-6
13000000 5.429162592E-5
14000000 0.0001991074633
15000000 0.0004862048796
16000000 0.0009243970436
17000000 0.001496624718
18000000 0.002174507781
19000000 0.002927564472
20000000 0.00372791554
22000000 0.005332322648
24000000 0.006969359826
26000000 0.00851620701
28000000 0.009910915024
30000000 0.01124039532
35000000 0.01397443968
40000000 0.01577359914
45000000 0.01703008816
50000000 0.0181264149
55000000 0.01919459892
60000000 0.02039006935
65000000 0.02171005237
70000000 0.02316209215
75000000 0.02477654568
80000000 0.02656945928
90000000 0.03089783312
100000000 0.0364730541
110000000 0.0408385473
120000000 0.046340988
130000000 0.05293893696
140000000 0.06082146042
150000000 0.06987631563
160000000 0.08002898712
180000000 0.10384293744
200000000 0.1275846561
#Header 
#Target 47 117 1
#Product 2 3 0
#Datapoints 34
1000000 0
13000000 0
14000000 2.301335688E-19
15000000 3.264119001E-16
16000000 8.163251584E-14
17000000 7.577834562E-12
18000000 2.878451401E-10
19000000 5.430118592E-9
20000000 6.068940804E-8
22000000 2.4843276E-6
24000000 3.067384086E-5
26000000 0.0001733601032
28000000 0.000515367701
30000000 0.001061837964
35000000 0.002976178464
40000000 0.005228600538
45000000 0.007419864866
50000000 0.00942764427
55000000 0.01111226998
60000000 0.012542402565
65000000 0.013722047999
70000000 0.01485555492
75000000 0.01592076576
80000000 0.01701075584
90000000 0.01929544208
100000000 0.0218439405
110000000 0.0234411645
120000000 0.025021767
130000000 0.02660499212
140000000 0.02819492397
150000000 0.02961790128
160000000 0.03096773448
180000000 0.0336520305
200000000 0.03623741478
#Header 
#Target 47 117 1
#Product 2 4 0
#Datapoints 45
1000000 0
2000000 4.9232416E-12
3000000 2.80354576E-10
4000000 6.721438416E-9
5000000 8.62709695452E-8
6000000 7.071472096E-7
7000000 4.19157832E-6
8000000 1.914333813E-5
9000000 6.872681282E-5
10000000 0.0001949739442774
11000000 0.0004388814177883
12000000 0.00086476533358
13000000 0.001539389792
14000000 0.002734733468
15000000 0.006586077003
16000000 0.010208095674
17000000 0.01361243448
18000000 0.010432490676
19000000 0.008998037452
20000000 0.00946160548
22000000 0.010718115088
24000000 0.012170454309
26000000 0.013231520662
28000000 0.014151168685
30000000 0.01493467602
35000000 0.01628486928
40000000 0.01738579395
45000000 0.0184761548
50000000 0.0207862281
55000000 0.02488230185
60000000 0.03120961305
65000000 0.03897324012
70000000 0.0476729652
75000000 0.05592003468
80000000 0.06377009392
90000000 0.07608953848
100000000 0.08227033845
110000000 0.0843689601
120000000 0.08255391
130000000 0.07811990508
140000000 0.0724231143
150000000 0.07287849338
160000000 0.07592627703
180000000 0.08155726326
200000000 0.08900048754
#Header 
#Target 47 117 1
#Product 41 91 0
#Datapoints 9
1000000 0
110000000 0
120000000 4.2845697E-15
130000000 2.73394506E-11
140000000 7.4131902965E-9
150000000 3.5098398687E-7
160000000 4.2750102954E-6
180000000 0.0001224299637
200000000 0.00072496998639
#Header 
#Target 47 117 1
#Product 41 92 0
#Datapoints 9
1000000 0
110000000 0
120000000 3.9568731E-13
130000000 2.285510248E-10
140000000 2.0775402629E-8
150000000 4.2130101167E-7
160000000 3.039079989E-6
180000000 4.2193094724E-5
200000000 0.00017909801766
#Header 
#Target 47 117 1
#Product 42 92 0
#Datapoints 9
1000000 0
110000000 0
120000000 3.8499E-13
130000000 1.2357197552E-9
140000000 1.4114301258E-7
150000000 2.4735594367E-6
160000000 2.3620295322E-5
180000000 0.00051233496732
200000000 0.0034554304179
#Header 
#Target 47 117 1
#Product 42 93 0
#Datapoints 10
1000000 0
100000000 0
110000000 3.39207735E-15
120000000 8.3378994E-11
130000000 1.9012603008E-8
140000000 5.8662805652E-7
150000000 3.9590802515E-6
160000000 2.4434397462E-5
180000000 0.0002778889707
200000000 0.0011650000581
#Header 
#Target 47 117 1
#Product 42 94 0
#Datapoints 10
1000000 0
100000000 0
110000000 5.60183307E-12
120000000 5.3684703E-9
130000000 3.3495506352E-7
140000000 2.4519203789E-6
150000000 1.02981011045E-5
160000000 4.4107705407E-5
180000000 0.00031095796644
200000000 0.00087159102345
#Header 
#Target 47 117 1
#Product 42 95 0
#Datapoints 11
1000000 0
90000000 0
100000000 3.423943935E-14
110000000 3.3580755E-10
120000000 7.18295031E-8
130000000 1.20313000052E-6
140000000 4.693790111E-6
150000000 1.4592595061E-5
160000000 4.2427104987E-5
180000000 0.00017857600794
200000000 0.00037059598449
#Header 
#Target 47 117 1
#Product 42 96 0
#Datapoints 11
1000000 0
90000000 0
100000000 1.067450094E-11
110000000 1.401729723E-8
120000000 6.70897965E-7
130000000 5.0011505656E-6
140000000 1.14748003968E-5
150000000 2.2774596416E-5
160000000 4.3594904154E-5
180000000 0.000111374999406
200000000 0.00017485897068
#Header 
#Target 47 117 1
#Product 43 93 0
#Datapoints 8
1000000 0
120000000 0
130000000 2.831080392E-12
140000000 1.6675401597E-8
150000000 2.0746995137E-6
160000000 3.9026803239E-5
180000000 0.00075634494606
200000000 0.003520230381
#Header 
#Target 47 117 1
#Product 43 94 0
#Datapoints 9
1000000 0
110000000 0
120000000 4.6972101E-14
130000000 1.9152796964E-9
140000000 4.4158400503E-7
150000000 1.4931200955E-5
160000000 0.00012648497442
180000000 0.0015138904968
200000000 0.0042327197631
#Header 
#Target 47 117 1
#Product 43 95 0
#Datapoints 10
1000000 0
100000000 0
110000000 2.75876304E-15
120000000 2.1663252E-10
130000000 8.6842703752E-8
140000000 4.9161800644E-6
150000000 5.3492703759E-5
160000000 0.00024097596459
180000000 0.0016419798252
200000000 0.0038371097232
#Header 
#Target 47 117 1
#Product 43 96 0
#Datapoints 10
1000000 0
100000000 0
110000000 4.31582151E-12
120000000 5.98544937E-9
130000000 8.521739758E-7
140000000 1.6957397118E-5
150000000 7.7565597351E-5
160000000 0.00026162004375
180000000 0.00109015999686
200000000 0.0022821000597
#Header 
#Target 47 117 1
#Product 43 97 0
#Datapoints 11
1000000 0
90000000 0
100000000 2.93875926E-14
110000000 3.88264674E-10
120000000 1.78332042E-7
130000000 7.0700100436E-6
140000000 3.9757594755E-5
150000000 0.000118719029
160000000 0.00030518004792
180000000 0.00086437397376
200000000 0.0013815801054
#Header 
#Target 47 117 1
#Product 43 98 0
#Datapoints 11
1000000 0
90000000 0
100000000 4.254639885E-12
110000000 1.687679625E-8
120000000 1.94439999E-6
130000000 2.1407702764E-5
140000000 6.3915602665E-5
150000000 0.00014431103038
160000000 0.00026833794444
180000000 0.00058355809182
200000000 0.00070037693298
#Header 
#Target 47 117 1
#Product 43 99 0
#Datapoints 12
1000000 0
80000000 0
90000000 1.999382248E-14
100000000 9.4117194E-10
110000000 3.317040735E-7
120000000 8.40332925E-6
130000000 4.1070095164E-5
140000000 7.032550338E-5
150000000 0.000113009991908
160000000 0.0001817049663
180000000 0.000311866038
200000000 0.00031102597413
#Header 
#Target 47 117 1
#Product 43 100 0
#Datapoints 12
1000000 0
80000000 0
90000000 1.847408312E-11
100000000 2.6207999805E-8
110000000 1.888980633E-6
120000000 1.71080946E-5
130000000 4.3632203972E-5
140000000 5.2670302928E-5
150000000 7.7882290563E-5
160000000 0.000113232998088
180000000 0.00014595800076
200000000 0.00017146203849
#Header 
#Target 47 117 1
#Product 44 94 0
#Datapoints 8
1000000 0
120000000 0
130000000 5.572266252E-12
140000000 2.9453502389E-8
150000000 1.8372602864E-6
160000000 1.9194194871E-5
180000000 0.00036956605158
200000000 0.0012729903948
#Header 
#Target 47 117 1
#Product 44 95 0
#Datapoints 9
1000000 0
110000000 0
120000000 1.9648512E-12
130000000 1.9859004256E-8
140000000 2.4999900358E-6
150000000 3.0691096513E-5
160000000 0.00016221094779
180000000 0.0015569499726
200000000 0.0039520399455
#Header 
#Target 47 117 1
#Product 44 96 0
#Datapoints 10
1000000 0
100000000 0
110000000 5.17374915E-13
120000000 1.47455967E-8
130000000 3.9417201544E-6
140000000 4.5703199095E-5
150000000 0.00019138295583
160000000 0.00073228406706
180000000 0.003606909669
200000000 0.0070114105161
#Header 
#Target 47 117 1
#Product 44 97 0
#Datapoints 11
1000000 0
90000000 0
100000000 1.38253473E-15
110000000 1.16401971E-9
120000000 1.52864031E-6
130000000 4.2001998192E-5
140000000 0.00017498093239
150000000 0.00052467496598
160000000 0.0013708203603
180000000 0.0048380102496
200000000 0.0065190508929
#Header 
#Target 47 117 1
#Product 44 98 0
#Datapoints 11
1000000 0
90000000 0
100000000 1.445890275E-10
110000000 6.301959444E-7
120000000 3.5892999E-5
130000000 0.00026228494656
140000000 0.00058791396464
150000000 0.0011784602962
160000000 0.0023963397711
180000000 0.00552697992
200000000 0.0060481800981
#Header 
#Target 47 117 1
#Product 44 99 0
#Datapoints 12
1000000 0
80000000 0
90000000 6.075193872E-13
100000000 5.98582983E-8
110000000 1.590279723E-5
120000000 0.000217508034
130000000 0.0006919960152
140000000 0.00091375104911
150000000 0.0015311597631
160000000 0.0026638901577
180000000 0.00407560032
200000000 0.0049042600533
#Header 
#Target 47 117 1
#Product 44 100 0
#Datapoints 13
1000000 0
75000000 0
80000000 7.338021912E-15
90000000 3.6142497648E-9
100000000 3.99069066E-6
110000000 0.0001435110615
120000000 0.000608930073
130000000 0.00095473302904
140000000 0.0011164699073
150000000 0.0017744197658
160000000 0.0024117100749
180000000 0.0030959202186
200000000 0.0035233003719
#Header 
#Target 47 117 1
#Product 44 101 0
#Datapoints 14
1000000 0
70000000 0
75000000 2.363122188E-14
80000000 4.850699412E-11
90000000 4.4154696604E-7
100000000 7.555629996E-5
110000000 0.0005738430003
120000000 0.000945375909
130000000 0.00098969897292
140000000 0.0012542196699
150000000 0.0015693900266
160000000 0.0019361897142
180000000 0.0021743799462
200000000 0.0021739701276
#Header 
#Target 47 117 1
#Product 44 102 0
#Datapoints 15
1000000 0
65000000 0
70000000 3.171927901E-13
75000000 2.343066852E-10
80000000 3.6624792984E-8
90000000 2.9138802396E-5
100000000 0.0004041470445
110000000 0.0007851529965
120000000 0.000789646962
130000000 0.00088274801244
140000000 0.00108366999398
150000000 0.001316479791
160000000 0.0013840301889
180000000 0.001448529885
200000000 0.0014537797326
#Header 
#Target 47 117 1
#Product 44 103 0
#Datapoints 16
1000000 0
60000000 0
65000000 8.330213842E-13
70000000 6.983274189E-10
75000000 1.7291301804E-7
80000000 5.6842393036E-6
90000000 0.00017228699916
100000000 0.0004028660178
110000000 0.0003867069996
120000000 0.000379031019
130000000 0.00048770903188
140000000 0.00057880805953
150000000 0.00063352603842
160000000 0.0006801549858
180000000 0.00070451399106
200000000 0.0006887869695
#Header 
#Target 47 117 1
#Product 44 104 0
#Datapoints 18
1000000 0
50000000 0
55000000 1.2004291663E-15
60000000 1.985684995E-11
65000000 1.36329003644E-8
70000000 9.162609741E-7
75000000 1.24823994024E-5
80000000 5.797639328E-5
90000000 0.00019986904936
100000000 0.0001865559879
110000000 0.0001861599402
120000000 0.000245115999
130000000 0.0003030160154
140000000 0.00034653194577
150000000 0.00037841798654
160000000 0.00038437704435
180000000 0.0003939000219
200000000 0.00045765099963
#Header 
#Target 47 117 1
#Product 44 105 0
#Datapoints 19
1000000 0
45000000 0
50000000 1.969852203E-14
55000000 1.2148195962E-10
60000000 4.225960256E-8
65000000 1.6310092665E-6
70000000 1.23368997777E-5
75000000 3.427640508E-5
80000000 5.2933901644E-5
90000000 4.951000208E-5
100000000 5.296330287E-5
110000000 7.717469658E-5
120000000 0.0001076910018
130000000 0.0001306789414
140000000 0.00014449294801
150000000 0.00015849405473
160000000 0.00017067396309
180000000 0.00021341498706
200000000 0.00027726792876
#Header 
#Target 47 117 1
#Product 44 106 0
#Datapoints 20
1000000 0
40000000 0
45000000 2.125862138E-12
50000000 3.6419401359E-9
55000000 2.6376105147E-7
60000000 2.8474898515E-6
65000000 1.03289992417E-5
70000000 1.8762405652E-5
75000000 2.2481002464E-5
80000000 2.1942198356E-5
90000000 2.6218896472E-5
100000000 4.5347507655E-5
110000000 6.812799216E-5
120000000 8.64773025E-5
130000000 9.797689398E-5
140000000 0.000109488003686
150000000 0.0001213710014
160000000 0.00014057803575
180000000 0.00020537901648
200000000 0.00029266995456
#Header 
#Target 47 117 1
#Product 44 107 0
#Datapoints 21
1000000 0
35000000 0
40000000 2.639731596E-11
45000000 1.36832997488E-8
50000000 4.2957300969E-7
55000000 2.3260197436E-6
60000000 4.834830525E-6
65000000 6.0099996281E-6
70000000 6.1595299606E-6
75000000 6.258919884E-6
80000000 7.7720598592E-6
90000000 1.5272505936E-5
100000000 2.7152599155E-5
110000000 3.673529706E-5
120000000 4.46867979E-5
130000000 4.9808401216E-5
140000000 6.0539595436E-5
150000000 7.6857597894E-5
160000000 9.8541801351E-5
180000000 0.00015746294916
200000000 0.00022654804518
#Header 
#Target 47 117 1
#Product 44 108 0
#Datapoints 24
1000000 0
26000000 0
28000000 1.774440229E-15
30000000 1.54829928E-13
35000000 4.644094464E-10
40000000 4.5545298594E-8
45000000 4.6932102004E-7
50000000 1.43475004431E-6
55000000 2.1074797268E-6
60000000 2.222709524E-6
65000000 2.1700500529E-6
70000000 2.6601596669E-6
75000000 3.8849800536E-6
80000000 5.952369592E-6
90000000 1.20667000388E-5
100000000 1.8415899135E-5
110000000 2.352200217E-5
120000000 2.7671802E-5
130000000 3.5104798288E-5
140000000 4.7887700189E-5
150000000 7.0158105237E-5
160000000 0.000103209004833
180000000 0.0001636340211
200000000 0.00023099703921
#Header 
#Target 47 117 1
#Product 45 95 0
#Datapoints 6
1000000 0
140000000 0
150000000 1.7476299335E-8
160000000 2.1844193127E-6
180000000 6.1295202738E-5
200000000 0.00019209202281
#Header 
#Target 47 117 1
#Product 45 96 0
#Datapoints 7
1000000 0
130000000 0
140000000 1.5264700105E-8
150000000 2.8775104919E-6
160000000 4.6722399744E-5
180000000 0.0004566270456
200000000 0.00094330106964
#Header 
#Target 47 117 1
#Product 45 97 0
#Datapoints 8
1000000 0
120000000 0
130000000 1.11303996692E-8
140000000 3.3924204767E-6
150000000 8.3207692018E-5
160000000 0.00044600102172
180000000 0.0024892096878
200000000 0.0027388406979
#Header 
#Target 47 117 1
#Product 45 98 0
#Datapoints 9
1000000 0
110000000 0
120000000 5.2580286E-10
130000000 7.715349964E-7
140000000 4.9445505013E-5
150000000 0.00034623592729
160000000 0.0012911505291
180000000 0.003735310491
200000000 0.0041123896362
#Header 
#Target 47 117 1
#Product 45 99 0
#Datapoints 10
1000000 0
100000000 0
110000000 1.98519267E-11
120000000 6.3292602E-8
130000000 6.7918704E-6
140000000 4.5654698666E-5
150000000 0.00015564704309
160000000 0.00034108802286
180000000 0.00055198200816
200000000 0.00092653599447
#Header 
#Target 47 117 1
#Product 45 100 0
#Datapoints 11
1000000 0
90000000 0
100000000 7.07664816E-13
110000000 3.72297003E-8
120000000 1.175119983E-5
130000000 0.00016322404448
140000000 0.00053272802385
150000000 0.00105857009632
160000000 0.0016175196222
180000000 0.0028547903142
200000000 0.0038283695001
#Header 
#Target 47 117 1
#Product 45 101 0
#Datapoints 12
1000000 0
80000000 0
90000000 1.699317212E-15
100000000 2.562300792E-9
110000000 1.393139385E-6
120000000 3.29034963E-5
130000000 0.00014909096832
140000000 0.00023148304215
150000000 0.00033800300292
160000000 0.00048225095649
180000000 0.0008365809573
200000000 0.00095051704392
#Header 
#Target 47 117 1
#Product 45 102 0
#Datapoints 12
1000000 0
80000000 0
90000000 2.207014584E-10
100000000 5.910290229E-7
110000000 4.484979771E-5
120000000 0.000331154007
130000000 0.00066401502972
140000000 0.00078773596946
150000000 0.00114706003093
160000000 0.0015913596375
180000000 0.0021089403324
200000000 0.0021766601088
#Header 
#Target 47 117 1
#Product 45 103 0
#Datapoints 14
1000000 0
70000000 0
75000000 1.462314936E-16
80000000 3.011578284E-12
90000000 1.9717597792E-8
100000000 2.633670807E-6
110000000 3.462549798E-5
120000000 9.23038986E-5
130000000 0.00012204295992
140000000 0.00016775203067
150000000 0.00022467105595
160000000 0.00027914193618
180000000 0.00034057096326
200000000 0.00034608702069
#Header 
#Target 47 117 1
#Product 45 104 0
#Datapoints 15
1000000 0
65000000 0
70000000 4.203030563E-15
75000000 1.151839698E-11
80000000 3.026170576E-9
90000000 1.6178796964E-6
100000000 4.337840907E-5
110000000 0.0001789480284
120000000 0.000268501989
130000000 0.0003313130618
140000000 0.00039303895611
150000000 0.00046671697446
160000000 0.00049899602421
180000000 0.00053340096348
200000000 0.00063918495702
#Header 
#Target 47 117 1
#Product 45 105 0
#Datapoints 16
1000000 0
60000000 0
65000000 1.496627974E-12
70000000 2.537930113E-9
75000000 2.3794696512E-7
80000000 4.3036006052E-6
90000000 0.00017471807856
100000000 0.00108976987755
110000000 0.001863209619
120000000 0.00210702936
130000000 0.0023023499352
140000000 0.0025532704924
150000000 0.0027347296075
160000000 0.0028238207193
180000000 0.0030017103336
200000000 0.0034102502559
#Header 
#Target 47 117 1
#Product 45 106 0
#Datapoints 17
1000000 0
55000000 0
60000000 7.04424476E-13
65000000 1.0149688279E-9
70000000 7.8703997973E-8
75000000 9.5717303808E-7
80000000 5.971960462E-6
90000000 5.6899198012E-5
100000000 0.00011892800883
110000000 0.00014589999
120000000 0.000166535973
130000000 0.00019431603968
140000000 0.00021417395462
150000000 0.00025530893762
160000000 0.00028622003148
180000000 0.0003743250192
200000000 0.00044001500427
#Header 
#Target 47 117 1
#Product 45 107 0
#Datapoints 19
1000000 0
45000000 0
50000000 1.3397400324E-13
55000000 1.1907898009E-9
60000000 1.924080263E-7
65000000 3.238189355E-6
70000000 2.2187403346E-5
75000000 0.000105920003988
80000000 0.0003265910856
90000000 0.00085992002716
100000000 0.0010239299757
110000000 0.001079450007
120000000 0.001153909986
130000000 0.0013110204548
140000000 0.001537179978
150000000 0.0018666903981
160000000 0.0021969205239
180000000 0.0028454895216
200000000 0.0033477602643
#Header 
#Target 47 117 1
#Product 45 108 0
#Datapoints 20
1000000 0
40000000 0
45000000 9.42244016E-13
50000000 3.8138298066E-9
55000000 2.7538005194E-7
60000000 2.6941203485E-6
65000000 1.5338801539E-5
70000000 6.1702494428E-5
75000000 0.00014647307556
80000000 0.00023047492676
90000000 0.00030277294968
100000000 0.0003242159778
110000000 0.0003486999705
120000000 0.000399871032
130000000 0.00050871700628
140000000 0.0006376910455
150000000 0.00079678803083
160000000 0.00097081299342
180000000 0.0012608200044
200000000 0.0015050899053
#Header 
#Target 47 117 1
#Product 45 109 0
#Datapoints 22
1000000 0
30000000 0
35000000 1.071179568E-14
40000000 3.944743152E-10
45000000 7.5892608056E-8
50000000 1.07003997243E-6
55000000 7.6016897747E-6
60000000 3.9021203935E-5
65000000 0.0001153410013
70000000 0.00020498596621
75000000 0.0002650440606
80000000 0.00029417404224
90000000 0.00031328801412
100000000 0.0003566959704
110000000 0.0004722280002
120000000 0.000732349995
130000000 0.00109561003384
140000000 0.0015255799855
150000000 0.001898300085
160000000 0.0022516098606
180000000 0.0026825704686
200000000 0.0031384203435
#Header 
#Target 47 117 1
#Product 45 110 0
#Datapoints 23
1000000 0
28000000 0
30000000 7.07869206E-14
35000000 4.888989216E-10
40000000 3.3308599473E-8
45000000 3.7928895398E-7
50000000 3.8931107193E-6
55000000 1.8698205911E-5
60000000 4.1806292745E-5
65000000 5.918049832E-5
70000000 6.611220125E-5
75000000 6.796220694E-5
80000000 6.9061598164E-5
90000000 7.7615493028E-5
100000000 0.00013179795915
110000000 0.0002580599631
120000000 0.000427493019
130000000 0.0006183769914
140000000 0.00078597407597
150000000 0.00093748498877
160000000 0.00106403992191
180000000 0.001294250265
200000000 0.0013636199385
#Header 
#Target 47 117 1
#Product 45 111 0
#Datapoints 27
1000000 0
20000000 0
22000000 1.927574792E-14
24000000 8.913180978E-13
26000000 1.4282993E-11
28000000 1.12087872E-10
30000000 5.51214642E-10
35000000 1.8245398608E-8
40000000 7.3405093428E-7
45000000 6.6924096006E-6
50000000 2.1282792201E-5
55000000 3.486669746E-5
60000000 4.0429894505E-5
65000000 4.1253594487E-5
70000000 4.090740661E-5
75000000 4.2600398712E-5
80000000 5.0987998308E-5
90000000 0.00013397400944
100000000 0.0003528240279
110000000 0.0006566889792
120000000 0.000982311087
130000000 0.0012661999028
140000000 0.001519699887
150000000 0.001715620346
160000000 0.0018619303038
180000000 0.0020875804488
200000000 0.0022712304528
#Header 
#Target 47 117 1
#Product 45 112 0
#Datapoints 26
1000000 0
22000000 0
24000000 1.466356554E-13
26000000 1.153239582E-11
28000000 3.497387098E-10
30000000 4.880609844E-9
35000000 2.8115301168E-7
40000000 1.8894395091E-6
45000000 4.0748203854E-6
50000000 5.0164607097E-6
55000000 5.1128494844E-6
60000000 4.9987192325E-6
65000000 5.362400656E-6
70000000 7.4056803811E-6
75000000 1.7485805184E-5
80000000 4.5037994664E-5
90000000 0.00016051100692
100000000 0.0003218580228
110000000 0.0004877569782
120000000 0.000622452939
130000000 0.00072971310104
140000000 0.00083514297308
150000000 0.00088368304024
160000000 0.0009496719588
180000000 0.00101045002608
200000000 0.00105479004375
#Header 
#Target 47 117 1
#Product 45 113 0
#Datapoints 32
1000000 0
15000000 0
16000000 1.351036128E-15
17000000 1.812443934E-14
18000000 1.567167004E-13
19000000 9.6362792E-13
20000000 4.25808064E-12
22000000 5.485740036E-11
24000000 4.056434343E-10
26000000 2.0381206176E-9
28000000 8.1434593304E-9
30000000 2.627700504E-8
35000000 1.405409904E-7
40000000 2.3171706501E-7
45000000 2.4296603702E-7
50000000 2.4025898754E-7
55000000 3.3398193395E-7
60000000 1.13450009155E-6
65000000 7.0995693427E-6
70000000 2.5645504907E-5
75000000 6.1478005272E-5
80000000 0.000113490997152
90000000 0.00023604104596
100000000 0.00035447395215
110000000 0.0004555800408
120000000 0.000536905947
130000000 0.00059783797948
140000000 0.00063473699319
150000000 0.00068339294166
160000000 0.00068946303312
180000000 0.00072114695928
200000000 0.00075333898458
#Header 
#Target 47 117 1
#Product 45 114 0
#Datapoints 22
1000000 0
30000000 0
35000000 6.398048736E-15
40000000 1.732433877E-11
45000000 1.0013091202E-9
50000000 2.6100598491E-8
55000000 7.0446994366E-7
60000000 5.635389942E-6
65000000 1.9067203476E-5
70000000 3.8950598677E-5
75000000 6.1497504288E-5
80000000 8.4057605684E-5
90000000 0.000121868996544
100000000 0.00015141897945
110000000 0.0001730509386
120000000 0.000188274009
130000000 0.00020091904588
140000000 0.00021203694526
150000000 0.00021658102004
160000000 0.00022276103511
180000000 0.00022866203448
200000000 0.00022989301686
#Header 
#Target 47 117 1
#Product 46 98 0
#Datapoints 8
1000000 0
120000000 0
130000000 2.609180042E-8
140000000 6.1002099894E-6
150000000 3.5406497544E-5
160000000 0.00014135601456
180000000 0.00036373006098
200000000 0.00049338299043
#Header 
#Target 47 117 1
#Product 46 99 0
#Datapoints 9
1000000 0
110000000 0
120000000 4.06457067E-8
130000000 1.8154906112E-5
140000000 0.0001255920211
150000000 0.00042667300973
160000000 0.00092680196697
180000000 0.001479769533
200000000 0.0025642999161
#Header 
#Target 47 117 1
#Product 46 100 0
#Datapoints 10
1000000 0
100000000 0
110000000 6.292819797E-8
120000000 3.2518494E-5
130000000 0.00038403899856
140000000 0.00103132999713
150000000 0.0018243699232
160000000 0.002724079935
180000000 0.0053770600818
200000000 0.0072522402786
#Header 
#Target 47 117 1
#Product 46 101 0
#Datapoints 11
1000000 0
90000000 0
100000000 1.071629988E-8
110000000 3.315630381E-5
120000000 0.000726104916
130000000 0.0026746694576
140000000 0.0033875597535
150000000 0.0049375200897
160000000 0.0073790303373
180000000 0.011924798886
200000000 0.013831001442
#Header 
#Target 47 117 1
#Product 46 102 0
#Datapoints 12
1000000 0
80000000 0
90000000 1.6129300744E-9
100000000 1.7150695215E-5
110000000 0.0009411280929
120000000 0.00456253986
130000000 0.0069569497788
140000000 0.0077547000092
150000000 0.0116597006746
160000000 0.015778001166
180000000 0.020721502296
200000000 0.019662798699
#Header 
#Target 47 117 1
#Product 46 103 0
#Datapoints 13
1000000 0
75000000 0
80000000 7.510626708E-12
90000000 2.5462697596E-6
100000000 0.0007015390293
110000000 0.006070890162
120000000 0.0105080991
130000000 0.0108106000828
140000000 0.013457201734
150000000 0.017066295983
160000000 0.021059601324
180000000 0.021761800632
200000000 0.020284297362
#Header 
#Target 47 117 1
#Product 46 104 0
#Datapoints 15
1000000 0
65000000 0
70000000 9.249862986E-14
75000000 1.064149758E-9
80000000 2.328899716E-7
90000000 0.00046073003116
100000000 0.007695620367
110000000 0.0161170026
120000000 0.0163925052
130000000 0.017423705992
140000000 0.020601396808
150000000 0.025150204761
160000000 0.026342597943
180000000 0.02576740518
200000000 0.024823297188
#Header 
#Target 47 117 1
#Product 46 105 0
#Datapoints 16
1000000 0
60000000 0
65000000 6.242769205E-12
70000000 5.3734893242E-9
75000000 4.2156803052E-6
80000000 0.00026517299016
90000000 0.0079302909944
100000000 0.02102700573
110000000 0.01980000003
120000000 0.0182630031
130000000 0.022318897104
140000000 0.025505304021
150000000 0.026672001939
160000000 0.027791905182
180000000 0.026817894774
200000000 0.02407699359
#Header 
#Target 47 117 1
#Product 46 106 0
#Datapoints 18
1000000 0
50000000 0
55000000 8.327832926E-15
60000000 1.298969973E-10
65000000 8.3583002885E-7
70000000 0.00012766699497
75000000 0.0018106602672
80000000 0.0086211903908
90000000 0.026497201724
100000000 0.022357704105
110000000 0.01911990018
120000000 0.0215108058
130000000 0.025111203012
140000000 0.028245097646
150000000 0.029901199284
160000000 0.028887399984
180000000 0.027117594504
200000000 0.026167002624
#Header 
#Target 47 117 1
#Product 46 107 0
#Datapoints 19
1000000 0
45000000 0
50000000 3.046243464E-14
55000000 3.7383299779E-9
60000000 6.5341505985E-6
65000000 0.00029797897251
70000000 0.0018047806529
75000000 0.0043448703264
80000000 0.005477709822
90000000 0.0040507096856
100000000 0.0033604195965
110000000 0.003919509522
120000000 0.00517961979
130000000 0.0061723704812
140000000 0.0067231598475
150000000 0.0074359704155
160000000 0.0077466608136
180000000 0.00777927051
200000000 0.0072734399451
#Header 
#Target 47 117 1
#Product 46 108 0
#Datapoints 20
1000000 0
40000000 0
45000000 4.537563244E-10
50000000 4.3060694391E-6
55000000 0.00044925499066
60000000 0.0046102404495
65000000 0.0142771007252
70000000 0.022051704382
75000000 0.021700596768
80000000 0.017332401684
90000000 0.0124034996188
100000000 0.01457180112
110000000 0.0186162957
120000000 0.0216702015
130000000 0.023900396436
140000000 0.025413702648
150000000 0.025960401038
160000000 0.025563799722
180000000 0.025433994168
200000000 0.025618503492
#Header 
#Target 47 117 1
#Product 46 109 0
#Datapoints 22
1000000 0
30000000 0
35000000 1.899868032E-15
40000000 1.763470287E-8
45000000 2.391140517E-5
50000000 0.00054031393845
55000000 0.0019264097223
60000000 0.002790990006
65000000 0.0024383098336
70000000 0.0018350100456
75000000 0.00150115998
80000000 0.0014652001416
90000000 0.0019686203804
100000000 0.0031134399165
110000000 0.004427319924
120000000 0.00536991924
130000000 0.0064141999264
140000000 0.0068344794277
150000000 0.0074023998125
160000000 0.0075502503051
180000000 0.0080976801708
200000000 0.0082391797566
#Header 
#Target 47 117 1
#Product 46 110 0
#Datapoints 25
1000000 0
24000000 0
26000000 1.893647004E-15
28000000 8.686720266E-12
30000000 2.01128928E-9
35000000 1.3643799408E-5
40000000 0.00070098295191
45000000 0.0036289002452
50000000 0.0070448606118
55000000 0.0077022706306
60000000 0.0066504997755
65000000 0.0056937703002
70000000 0.0055816997684
75000000 0.0062788194504
80000000 0.0076453093236
90000000 0.0114810000696
100000000 0.01599430512
110000000 0.01949050149
120000000 0.0219906042
130000000 0.023920694812
140000000 0.025822698803
150000000 0.025997105365
160000000 0.026429594001
180000000 0.027061503084
200000000 0.028286703378
#Header 
#Target 47 117 1
#Product 46 111 0
#Datapoints 27
1000000 0
20000000 0
22000000 1.2836197032E-11
24000000 7.1024708196E-9
26000000 5.2194496426E-7
28000000 9.5224799523E-6
30000000 7.816559982E-5
35000000 0.00096883994016
40000000 0.0020266204413
45000000 0.0021361293952
50000000 0.0018122204034
55000000 0.0015087605729
60000000 0.00144216005955
65000000 0.0015969496778
70000000 0.0019269097205
75000000 0.002562569862
80000000 0.0035508995496
90000000 0.0059138401704
100000000 0.007942100109
110000000 0.009559579275
120000000 0.01045950057
130000000 0.0114729003704
140000000 0.011924400679
150000000 0.012202896651
160000000 0.012368501241
180000000 0.01257610266
200000000 0.012561303726
#Header 
#Target 47 117 1
#Product 46 112 0
#Datapoints 36
1000000 0
11000000 0
12000000 5.4682482294E-14
13000000 4.204402932E-12
14000000 2.194562828E-10
15000000 5.6414301933E-9
16000000 7.5185990686E-8
17000000 6.7320700554E-7
18000000 3.5662294861E-6
19000000 1.5605200216E-5
20000000 5.8511291124E-5
22000000 0.0004481920356
24000000 0.0016036294248
26000000 0.0033974601866
28000000 0.0054211700462
30000000 0.00727704912
35000000 0.0091466803152
40000000 0.0079956493554
45000000 0.0061904505436
50000000 0.0056946297672
55000000 0.0063524894769
60000000 0.007507309733
65000000 0.0092144492298
70000000 0.0115449997993
75000000 0.014257202064
80000000 0.017133894544
90000000 0.021466702768
100000000 0.02487049815
110000000 0.02697569766
120000000 0.0283707987
130000000 0.028469401576
140000000 0.029169999759
150000000 0.029293701162
160000000 0.029358399735
180000000 0.028272603744
200000000 0.027547800552
#Header 
#Target 47 117 1
#Product 46 113 0
#Datapoints 42
1000000 0
5000000 0
6000000 1.378352044E-15
7000000 9.0620392E-13
8000000 1.2172387626E-10
9000000 3.40784003558E-9
10000000 5.5461306414607E-8
11000000 5.9642204297832E-7
12000000 3.74875958448E-6
13000000 2.2083696816E-5
14000000 9.4767698002E-5
15000000 0.00046361503386
16000000 0.0013022395414
17000000 0.0025718701074
18000000 0.0026117297059
19000000 0.0027765397608
20000000 0.0033555997492
22000000 0.004329259616
24000000 0.0047881792764
26000000 0.0046097297688
28000000 0.0041653802199
30000000 0.003622740396
35000000 0.0023693097312
40000000 0.0018678699762
45000000 0.0022899695352
50000000 0.0028489704507
55000000 0.0035106905911
60000000 0.004604669216
65000000 0.0059907994192
70000000 0.0073665303525
75000000 0.0086000104092
80000000 0.0095808202672
90000000 0.0109824001956
100000000 0.011830300902
110000000 0.012345800223
120000000 0.0125053977
130000000 0.012484599428
140000000 0.01242059555
150000000 0.012266904133
160000000 0.011863697901
180000000 0.011558094174
200000000 0.011063699901
#Header 
#Target 47 117 1
#Product 46 114 0
#Datapoints 46
1000000 0
1000000 0
2000000 4.904439752E-12
3000000 2.7926194132E-10
4000000 6.694889432E-9
5000000 8.59153460721E-8
6000000 7.0400204436E-7
7000000 4.1725511192E-6
8000000 1.905079869E-5
9000000 6.8378493936E-5
10000000 0.00019383705907995
11000000 0.00043536708489507
12000000 0.000852509004645
13000000 0.0014911094112
14000000 0.0025464098461
15000000 0.0057090701052
16000000 0.0078875801168
17000000 0.0091308695922
18000000 0.0059064298265
19000000 0.00419699043
20000000 0.0036562293792
22000000 0.0028697500792
24000000 0.0023291502507
26000000 0.0018516007542
28000000 0.00151156962
30000000 0.001426579968
35000000 0.0024758298576
40000000 0.0040815905586
45000000 0.0055016393692
50000000 0.0079410707343
55000000 0.0111459003565
60000000 0.0144535996255
65000000 0.017364800321
70000000 0.019532994043
75000000 0.021624005412
80000000 0.023086004292
90000000 0.025074493508
100000000 0.025650800865
110000000 0.02573530263
120000000 0.0253573971
130000000 0.0251301015
140000000 0.024391894613
150000000 0.023708200615
160000000 0.022744598865
180000000 0.021219293898
200000000 0.020119397526
#Header 
#Target 47 117 1
#Product 46 115 0
#Datapoints 32
1000000 0
15000000 0
16000000 5.997112814E-14
17000000 5.539871154E-12
18000000 2.093519594E-10
19000000 3.927800482E-9
20000000 4.3636797964E-8
22000000 1.7620706528E-6
24000000 2.1159504639E-5
26000000 0.000113859006814
28000000 0.00030006393361
30000000 0.0004967790102
35000000 0.00088821003024
40000000 0.0019713092352
45000000 0.003858089844
50000000 0.0057924596961
55000000 0.0074062397822
60000000 0.0089017092605
65000000 0.0099764599517
70000000 0.0108260005086
75000000 0.0114749011008
80000000 0.011966199128
90000000 0.0123618008756
100000000 0.0123711011025
110000000 0.012181199844
120000000 0.01192080084
130000000 0.0115642008244
140000000 0.0109698002118
150000000 0.0106464004955
160000000 0.0100576998996
180000000 0.0091874394018
200000000 0.0085513095315
#Header 
#Target 47 117 1
#Product 46 116 0
#Datapoints 32
1000000 0
15000000 0
16000000 2.589689266E-14
17000000 5.36094918E-13
18000000 5.349676169E-12
19000000 3.119326164E-11
20000000 6.4465697344E-9
22000000 3.9219391832E-7
24000000 6.6567196683E-6
26000000 4.8429505352E-5
28000000 0.00019927002242
30000000 0.0005611519254
35000000 0.0026792801712
40000000 0.0057618492966
45000000 0.008690940264
50000000 0.0110552000229
55000000 0.012920299882
60000000 0.0142911994155
65000000 0.01513469757
70000000 0.015877005236
75000000 0.016360105572
80000000 0.01678879436
90000000 0.01679280188
100000000 0.016576797315
110000000 0.01603759791
120000000 0.0153359967
130000000 0.014788103064
140000000 0.014275597522
150000000 0.013347898597
160000000 0.012880194558
180000000 0.011731695426
200000000 0.0106354998747
#Header 
#Target 47 117 1
#Product 47 102 0
#Datapoints 9
1000000 0
110000000 0
120000000 5.98390941E-7
130000000 1.9333696284E-5
140000000 0.000105325997579
150000000 0.00023397903474
160000000 0.00032053003956
180000000 0.00047744903844
200000000 0.00046868003334
#Header 
#Target 47 117 1
#Product 47 103 0
#Datapoints 10
1000000 0
100000000 0
110000000 5.818650486E-7
120000000 4.20305022E-5
130000000 0.000293539015
140000000 0.00065071899411
150000000 0.00099274002641
160000000 0.0012372505968
180000000 0.0014400902142
200000000 0.0013181495067
#Header 
#Target 47 117 1
#Product 47 104 0
#Datapoints 11
1000000 0
90000000 0
100000000 3.411739263E-7
110000000 6.257809833E-5
120000000 0.000676482042
130000000 0.0017701595828
140000000 0.0024896004773
150000000 0.0032850103726
160000000 0.0033798695616
180000000 0.003375089586
200000000 0.0028447404273
#Header 
#Target 47 117 1
#Product 47 105 0
#Datapoints 12
1000000 0
80000000 0
90000000 1.32035003304E-8
100000000 4.3655294835E-6
110000000 5.145369861E-5
120000000 0.000179380986
130000000 0.00030398797212
140000000 0.00046776604846
150000000 0.00054283594893
160000000 0.00057112300404
180000000 0.00059177700846
200000000 0.00061732797345
#Header 
#Target 47 117 1
#Product 47 106 0
#Datapoints 13
1000000 0
75000000 0
80000000 3.0124699592E-9
90000000 6.6314903036E-6
100000000 0.00017372497605
110000000 0.0007610589462
120000000 0.0015885204
130000000 0.0021881504512
140000000 0.0026683803924
150000000 0.0028026402129
160000000 0.0028625003808
180000000 0.002949629958
200000000 0.002993590116
#Header 
#Target 47 117 1
#Product 47 107 0
#Datapoints 15
1000000 0
65000000 0
70000000 2.228786134E-10
75000000 8.8462292964E-8
80000000 2.7557604984E-6
90000000 0.000103445999884
100000000 0.0006135870501
110000000 0.001364370426
120000000 0.00201383964
130000000 0.00248815007
140000000 0.002639980288
150000000 0.0026689798685
160000000 0.0027056501121
180000000 0.002696919489
200000000 0.0026286401007
#Header 
#Target 47 117 1
#Product 47 108 0
#Datapoints 17
1000000 0
55000000 0
60000000 3.39189718E-14
65000000 1.6782397346E-8
70000000 3.1698700548E-6
75000000 5.0894601408E-5
80000000 0.00028093293904
90000000 0.002462990216
100000000 0.006550919544
110000000 0.009854809608
120000000 0.01103320086
130000000 0.0114153999708
140000000 0.0113092996547
150000000 0.010696300373
160000000 0.0106813005231
180000000 0.010137299634
200000000 0.009426589308
#Header 
#Target 47 117 1
#Product 47 109 0
#Datapoints 18
1000000 0
50000000 0
55000000 7.201017663E-10
60000000 1.15057997075E-6
65000000 3.4662708941E-5
70000000 0.00023659400264
75000000 0.00092363904204
80000000 0.0025014798952
90000000 0.007221829798
100000000 0.010714699563
110000000 0.011971999848
120000000 0.0123021033
130000000 0.01214209752
140000000 0.011441200173
150000000 0.011075200345
160000000 0.0106908991728
180000000 0.0103233008142
200000000 0.0096523206093
#Header 
#Target 47 117 1
#Product 47 110 0
#Datapoints 20
1000000 0
40000000 0
45000000 1.4111696224E-13
50000000 1.545039441E-7
55000000 2.4075202648E-5
60000000 0.00021689403015
65000000 0.00088026798814
70000000 0.0026712004222
75000000 0.0058512305076
80000000 0.0094373002204
90000000 0.014889099072
100000000 0.018155905605
110000000 0.01943109567
120000000 0.0194793993
130000000 0.019070203572
140000000 0.019510202424
150000000 0.018649995903
160000000 0.0188452989
180000000 0.017822997918
200000000 0.01674690561
#Header 
#Target 47 117 1
#Product 47 111 0
#Datapoints 21
1000000 0
35000000 0
40000000 1.5895397748E-8
45000000 1.12544001434E-5
50000000 0.000104503000338
55000000 0.00042511794213
60000000 0.00139332003685
65000000 0.0031795903232
70000000 0.0052156196857
75000000 0.0070375300572
80000000 0.0084876292072
90000000 0.0103817002876
100000000 0.011133299712
110000000 0.011121800244
120000000 0.01117490055
130000000 0.0111803998068
140000000 0.0108345994808
150000000 0.0106587997527
160000000 0.0103496998947
180000000 0.009686610153
200000000 0.0093186299925
#Header 
#Target 47 117 1
#Product 47 112 0
#Datapoints 23
1000000 0
28000000 0
30000000 1.146288858E-13
35000000 6.6811291344E-6
40000000 0.00057447900798
45000000 0.002964390598
50000000 0.0110813997888
55000000 0.03115430367
60000000 0.05592670797
65000000 0.075559499666
70000000 0.085392903915
75000000 0.090906498792
80000000 0.092954103528
90000000 0.091820099796
100000000 0.088245203145
110000000 0.08470279416
120000000 0.0802787052
130000000 0.076299893796
140000000 0.074191404103
150000000 0.071269606738
160000000 0.067964995164
180000000 0.063017999352
200000000 0.057883997061
#Header 
#Target 47 117 1
#Product 47 113 0
#Datapoints 27
1000000 0
20000000 0
22000000 3.876615968E-12
24000000 5.2885701765E-8
26000000 5.000510399E-6
28000000 5.3923098142E-5
30000000 0.0001785999864
35000000 0.00071903404224
40000000 0.0024561103122
45000000 0.0067859698668
50000000 0.0125183002527
55000000 0.017547404112
60000000 0.020928406835
65000000 0.023331200045
70000000 0.024676293314
75000000 0.0254419044
80000000 0.025788997312
90000000 0.02576440588
100000000 0.02511979713
110000000 0.02412759963
120000000 0.0232375044
130000000 0.022492796984
140000000 0.021508901899
150000000 0.020468502956
160000000 0.019636099761
180000000 0.017967097566
200000000 0.016909899858
#Header 
#Target 47 117 1
#Product 47 114 0
#Datapoints 33
1000000 0
14000000 0
15000000 3.820900974E-15
16000000 6.68598047E-11
17000000 1.6982601774E-8
18000000 9.2760802959E-7
19000000 1.4111497716E-5
20000000 8.7386792428E-5
22000000 0.00070398305728
24000000 0.0019780299981
26000000 0.0036006800518
28000000 0.0055356499644
30000000 0.00870695958
35000000 0.032839809984
40000000 0.077022302088
45000000 0.110878003212
50000000 0.127543995711
55000000 0.134453007136
60000000 0.1360340065
65000000 0.135298989586
70000000 0.133207993541
75000000 0.130408000392
80000000 0.12742599324
90000000 0.117067995724
100000000 0.10851100173
110000000 0.10073000925
120000000 0.0934380078
130000000 0.088173297296
140000000 0.08292849472
150000000 0.077351311433
160000000 0.073102402068
180000000 0.065229592626
200000000 0.059281003566
#Header 
#Target 47 117 1
#Product 47 115 0
#Datapoints 40
1000000 0
7000000 0
8000000 6.222670524E-14
9000000 1.938845799E-11
10000000 2.0809303593569E-9
11000000 1.0291402267946E-7
12000000 1.70500966566E-6
13000000 1.1514998988E-5
14000000 4.0354400136E-5
15000000 9.3646300902E-5
16000000 0.00017021004926
17000000 0.00027392905758
18000000 0.0004354280372
19000000 0.00066982003828
20000000 0.00105873004076
22000000 0.0021362597116
24000000 0.0038854203336
26000000 0.00633024014
28000000 0.0090958409988
30000000 0.01192089954
35000000 0.018274396464
40000000 0.022020394659
45000000 0.024254194132
50000000 0.025177207077
55000000 0.025487499457
60000000 0.02539740427
65000000 0.02518689368
70000000 0.024893400334
75000000 0.02449699488
80000000 0.02376540062
90000000 0.02220319592
100000000 0.020679200925
110000000 0.01924150236
120000000 0.0177440046
130000000 0.016841895644
140000000 0.016111695363
150000000 0.014813896779
160000000 0.014157194667
180000000 0.012702404286
200000000 0.011380703328
#Header 
#Target 47 117 1
#Product 47 116 0
#Datapoints 40
1000000 0
7000000 0
8000000 1.5361964226E-11
9000000 1.79766982752E-8
10000000 9.294533812777E-7
11000000 1.7791998332549E-5
12000000 0.000127177965689
13000000 0.00048474401528
14000000 0.0011812699025
15000000 0.0021870196194
16000000 0.0034471696854
17000000 0.004908729762
18000000 0.0064951896765
19000000 0.0081411995228
20000000 0.0099624597824
22000000 0.0131562002856
24000000 0.015708294576
26000000 0.017639694832
28000000 0.019110697765
30000000 0.02032319652
35000000 0.02154369672
40000000 0.021345206052
45000000 0.02121989293
50000000 0.020470594914
55000000 0.020520406963
60000000 0.019401399045
65000000 0.018918004584
70000000 0.017809498315
75000000 0.01713729852
80000000 0.016446196884
90000000 0.014596494912
100000000 0.01331100387
110000000 0.012401000121
120000000 0.01163570037
130000000 0.0106360002588
140000000 0.0098682803511
150000000 0.0094122897044
160000000 0.0086189203608
180000000 0.0077058404082
200000000 0.0071817202278
#Header 
#Target 47 117 1
#Product 47 117 0
#Datapoints 46
1000000 0
1000000 0
2000000 6.90871008E-18
3000000 4.5096093452E-13
4000000 9.7717806032E-11
5000000 5.368172614554E-9
6000000 3.8295897952E-7
7000000 8.255889864E-6
8000000 6.446528739E-5
9000000 0.000276945984986
10000000 0.0008135800322909
11000000 0.0018624598376351
12000000 0.00356702976066
13000000 0.0059295100484
14000000 0.0087811804982
15000000 0.011857304382
16000000 0.014924604616
17000000 0.01773370377
18000000 0.02014059486
19000000 0.022068795888
20000000 0.02346789838
22000000 0.025166406732
24000000 0.025924897206
26000000 0.025948206688
28000000 0.025637002137
30000000 0.02496710766
35000000 0.022811205024
40000000 0.020361506265
45000000 0.017899200592
50000000 0.015751304712
55000000 0.0136189002845
60000000 0.01209050059
65000000 0.0103828007425
70000000 0.0093338100902
75000000 0.0080779805832
80000000 0.0072621597724
90000000 0.0057030697608
100000000 0.004590889422
110000000 0.003807140007
120000000 0.00317493012
130000000 0.0027365601956
140000000 0.0024287298875
150000000 0.0021193001236
160000000 0.0019155394029
180000000 0.0015661796634
200000000 0.0013263601536
#Header 
#Target 47 117 1
#Product 48 104 0
#Datapoints 10
1000000 0
100000000 0
110000000 4.404030228E-7
120000000 4.03732986E-5
130000000 0.00012958304632
140000000 0.00012097302869
150000000 0.00017206296272
160000000 0.00017892797088
180000000 0.0001972640439
200000000 0.0001529599977
#Header 
#Target 47 117 1
#Product 48 105 0
#Datapoints 11
1000000 0
90000000 0
100000000 8.4138805185E-7
110000000 0.0001623519831
120000000 0.000692697993
130000000 0.0008733080608
140000000 0.00076421391408
150000000 0.00072508304693
160000000 0.00071302906266
180000000 0.00059023500228
200000000 0.00048941305236
#Header 
#Target 47 117 1
#Product 48 106 0
#Datapoints 12
1000000 0
80000000 0
90000000 1.19933992512E-6
100000000 0.00040080196965
110000000 0.002003840265
120000000 0.00298805007
130000000 0.0023212098056
140000000 0.0019200295719
150000000 0.0018545495562
160000000 0.0016964796819
180000000 0.001251860049
200000000 0.00103296009294
#Header 
#Target 47 117 1
#Product 48 107 0
#Datapoints 13
1000000 0
75000000 0
80000000 5.7079698988E-7
90000000 0.00081255406616
100000000 0.00541340082
110000000 0.007750379175
120000000 0.00583521963
130000000 0.0043609600608
140000000 0.0038645407648
150000000 0.0033196602395
160000000 0.002739660285
180000000 0.0021276299484
200000000 0.0015490203561
#Header 
#Target 47 117 1
#Product 48 108 0
#Datapoints 15
1000000 0
65000000 0
70000000 6.4679705355E-7
75000000 0.000130688997624
80000000 0.0017746196416
90000000 0.0145940963
100000000 0.018887799375
110000000 0.01310450154
120000000 0.00926264046
130000000 0.0074679897544
140000000 0.006091070026
150000000 0.0051648401948
160000000 0.0043476701232
180000000 0.003027520287
200000000 0.0024949896921
#Header 
#Target 47 117 1
#Product 48 109 0
#Datapoints 17
1000000 0
55000000 0
60000000 1.19887005595E-8
65000000 0.00014903796581
70000000 0.0036203501377
75000000 0.017736302172
80000000 0.035804397096
90000000 0.043110001688
100000000 0.02527310286
110000000 0.01689539985
120000000 0.0130126005
130000000 0.0101762999688
140000000 0.0084423309508
150000000 0.0068170903273
160000000 0.0056545995075
180000000 0.0043640795088
200000000 0.0033708101238
#Header 
#Target 47 117 1
#Product 48 110 0
#Datapoints 19
1000000 0
45000000 0
50000000 5.0897600721E-9
55000000 0.00021994296065
60000000 0.0072268401415
65000000 0.037724498988
70000000 0.077724398078
75000000 0.091855302552
80000000 0.079493691992
90000000 0.043014295744
100000000 0.0272424978
110000000 0.01985690442
120000000 0.0151997004
130000000 0.01221740184
140000000 0.0097080805979
150000000 0.0081208598273
160000000 0.007107109374
180000000 0.0053262098802
200000000 0.0040710206502
#Header 
#Target 47 117 1
#Product 48 111 0
#Datapoints 20
1000000 0
40000000 0
45000000 3.1630606444E-5
50000000 0.0042500603772
55000000 0.022255701573
60000000 0.03795609965
65000000 0.035759499444
70000000 0.025364001737
75000000 0.017404902348
80000000 0.0131600988844
90000000 0.0094172594836
100000000 0.007193270295
110000000 0.005612499972
120000000 0.00447694047
130000000 0.0037073402856
140000000 0.0032477997211
150000000 0.0027850106768
160000000 0.0023931798453
180000000 0.0018934894638
200000000 0.0015669195885
#Header 
#Target 47 117 1
#Product 48 112 0
#Datapoints 22
1000000 0
30000000 0
35000000 7.4591191152E-5
40000000 0.025939397664
45000000 0.16650196576
50000000 0.30424900374
55000000 0.29421902958
60000000 0.20158699645
65000000 0.124785005905
70000000 0.084276402051
75000000 0.063115505376
80000000 0.050533202928
90000000 0.035683302596
100000000 0.02644339587
110000000 0.02094330438
120000000 0.0171674052
130000000 0.014478800224
140000000 0.012483395714
150000000 0.0109700007626
160000000 0.009697509906
180000000 0.0078464199528
200000000 0.0065817602487
#Header 
#Target 47 117 1
#Product 48 113 0
#Datapoints 24
1000000 0
26000000 0
28000000 0.00034121895376
30000000 0.007547221242
35000000 0.077008598496
40000000 0.108333994236
45000000 0.07110589434
50000000 0.037870105284
55000000 0.02379619508
60000000 0.01821900409
65000000 0.014884894597
70000000 0.0126388002513
75000000 0.0108273001152
80000000 0.0094625789388
90000000 0.007510160188
100000000 0.0061418993925
110000000 0.005177659677
120000000 0.00446874006
130000000 0.0039565094884
140000000 0.0035198898572
150000000 0.0031209599212
160000000 0.0028211501319
180000000 0.0023305104702
200000000 0.0019843198056
#Header 
#Target 47 117 1
#Product 48 114 0
#Datapoints 30
1000000 0
17000000 0
18000000 0.00027037200617
19000000 0.006492499228
20000000 0.033063298744
22000000 0.18126595776
24000000 0.40291302987
26000000 0.5998460106
28000000 0.73073793075
30000000 0.7816550874
35000000 0.54375802704
40000000 0.2717399826
45000000 0.1601870044
50000000 0.116720010099
55000000 0.093067491174
60000000 0.077448196735
65000000 0.066114904374
70000000 0.05739989751
75000000 0.050644897176
80000000 0.045016796864
90000000 0.036464494744
100000000 0.030146995845
110000000 0.02567159787
120000000 0.0221728041
130000000 0.019384200864
140000000 0.01716490348
150000000 0.01537699658
160000000 0.013811103159
180000000 0.011436295662
200000000 0.0096918604524
#Header 
#Target 47 117 1
#Product 48 115 0
#Datapoints 36
1000000 0
11000000 0
12000000 0.0093583359271
13000000 0.056643097332
14000000 0.12520596563
15000000 0.18711094314
16000000 0.22896201036
17000000 0.25445304222
18000000 0.26812097887
19000000 0.26919602184
20000000 0.25453006816
22000000 0.18947895144
24000000 0.120367993356
26000000 0.073607297836
28000000 0.048660506688
30000000 0.0362521929
35000000 0.0252879948
40000000 0.020813603304
45000000 0.01758639742
50000000 0.0149907995919
55000000 0.0130116993244
60000000 0.011338599643
65000000 0.009924679753
70000000 0.0088698096464
75000000 0.0079106005848
80000000 0.0070204898088
90000000 0.0056295198356
100000000 0.004606500888
110000000 0.003862469376
120000000 0.00332000001
130000000 0.0028792003352
140000000 0.0025416301521
150000000 0.0022763195741
160000000 0.0020307105042
180000000 0.0016747498548
200000000 0.0014242996215
#Header 
#Target 47 117 1
#Product 48 116 0
#Datapoints 45
1000000 0
2000000 0
3000000 2.12428003006E-5
4000000 0.00257702967984
5000000 0.02739060883269
6000000 0.100260998432
7000000 0.213542011464
8000000 0.35081398296
9000000 0.497925990066
10000000 0.64015313470913
11000000 0.76870810096689
12000000 0.851973065478
13000000 0.79689095864
14000000 0.65650597731
15000000 0.50194702734
16000000 0.38469803962
17000000 0.29865195144
18000000 0.24424699167
19000000 0.20719096212
20000000 0.18336900396
22000000 0.15540597104
24000000 0.138779997057
26000000 0.127146997858
28000000 0.117515002702
30000000 0.10881200088
35000000 0.09064079568
40000000 0.075916896339
45000000 0.064472500762
50000000 0.055077809193
55000000 0.047661798961
60000000 0.04136090203
65000000 0.036166295496
70000000 0.032097093345
75000000 0.028191905424
80000000 0.024822295576
90000000 0.019733606208
100000000 0.016012898175
110000000 0.01328959479
120000000 0.01128000036
130000000 0.0097843204676
140000000 0.0086473191354
150000000 0.0076356400835
160000000 0.0068345698131
180000000 0.0056197700262
200000000 0.0047689799238
#Header 
#Target 47 117 1
#Product 48 117 0
#Datapoints 46
1000000 0
1000000 9.8283712536E-13
2000000 3.801329578E-7
3000000 7.9376999966E-5
4000000 0.00086016276192
5000000 0.0023763505333737
6000000 0.0034902196272
7000000 0.0040472304416
8000000 0.0046069584498
9000000 0.00521484017486
10000000 0.0057971612750946
11000000 0.0062728911102668
12000000 0.00665631995478
13000000 0.0068433004792
14000000 0.0067997197718
15000000 0.0067095096222
16000000 0.0065622802318
17000000 0.006385069035
18000000 0.0062196898738
19000000 0.0059917890236
20000000 0.0057451298824
22000000 0.0053292498164
24000000 0.0049291707816
26000000 0.0045227703792
28000000 0.0041832292555
30000000 0.00385486992
35000000 0.0031838998752
40000000 0.0027181703319
45000000 0.0022523300832
50000000 0.0019649400309
55000000 0.001565270644
60000000 0.00145021994355
65000000 0.00117476003444
70000000 0.00111025996641
75000000 0.00092574596496
80000000 0.00085103204264
90000000 0.0006687449524
100000000 0.00053784193335
110000000 0.0004487360529
120000000 0.000375480009
130000000 0.00032158697788
140000000 0.00028306402568
150000000 0.00025137202145
160000000 0.00022627896273
180000000 0.00017864304678
200000000 0.00013085395821
#Header 
#Target 47 117 1
#Product 48 118 0
#Datapoints 46
1000000 0
1000000 1.73439988128E-15
2000000 3.965899932E-10
3000000 6.8684896792E-8
4000000 1.72011012096E-6
5000000 1.7183004277803E-5
6000000 7.7633100772E-5
7000000 0.0001949499924
8000000 0.000350976988908
9000000 0.000518474997258
10000000 0.00066217611841486
11000000 0.00074570610391686
12000000 0.000743843977907
13000000 0.00068015800212
14000000 0.00060344399763
15000000 0.00053828196642
16000000 0.0004864179832
17000000 0.00044754500532
18000000 0.00041653494549
19000000 0.00039030905164
20000000 0.00037028595792
22000000 0.00033236702204
24000000 0.00030484699947
26000000 0.00028436196744
28000000 0.00026976907265
30000000 0.000255042975
35000000 0.00022583104992
40000000 0.00020906094894
45000000 0.00019006604192
50000000 0.00017629396389
55000000 0.00016186406866
60000000 0.00015195095755
65000000 0.000139073998168
70000000 0.000129948005674
75000000 0.000120189000036
80000000 0.000112059995216
90000000 9.6027994104E-5
100000000 8.468699751E-5
110000000 7.082130321E-5
120000000 6.15537018E-5
130000000 5.6738498488E-5
140000000 5.2272805896E-5
150000000 4.4741896419E-5
160000000 3.8142797262E-5
180000000 3.0979099404E-5
200000000 2.3684896701E-5
