#Header 
#Target 23 55 0
#Product 0 1 0
#Datapoints 45
1000000 0
2000000 0.01208870404
3000000 0.1553130315
4000000 0.4996719748
5000000 0.8780289588
6000000 1.1509896
7000000 1.323146015
8000000 1.457482069121
9000000 1.5759904583
10000000 1.6704488941
11000000 1.73569249281
12000000 1.784415744
13000000 1.849027917
14000000 1.941135928
15000000 2.045407014
16000000 2.145043285
17000000 2.223782936
18000000 2.281667643
19000000 2.321412048
20000000 2.33017104
22000000 2.354771223
24000000 2.387953545
26000000 2.415627784
28000000 2.441572462
30000000 2.449955053
35000000 2.44168925
40000000 2.42764365
45000000 2.431385334
50000000 2.422432008
55000000 2.402069160771
60000000 2.3939242692
65000000 2.3848348173
70000000 2.3868659931
75000000 2.4081701772
80000000 2.4257634324
90000000 2.4710777442
100000000 2.5276706456
110000000 2.5823805728
120000000 2.6385766116
130000000 2.693947463202
140000000 2.745868545882
150000000 2.7963395508
160000000 2.847395174371
180000000 2.9402653178
200000000 3.026402418
#Header 
#Target 23 55 0
#Product 1 1 0
#Datapoints 45
1000000 0
2000000 1.779668424E-8
3000000 1.984917825E-5
4000000 0.0007283674626
5000000 0.005128427402
6000000 0.013930323
7000000 0.023221626115
8000000 0.032030365887
9000000 0.041357618191
10000000 0.052043570456
11000000 0.06461391310926
12000000 0.0796723366
13000000 0.09611192965
14000000 0.1130202712
15000000 0.1300563022
16000000 0.1471432466
17000000 0.164444165
18000000 0.1819584648
19000000 0.1996783776
20000000 0.226925376
22000000 0.2682036513
24000000 0.3096810978
26000000 0.3497973664
28000000 0.387568882
30000000 0.422362437
35000000 0.4986562581
40000000 0.5602938426
45000000 0.605674028
50000000 0.6394452336
55000000 0.6652469367426
60000000 0.68462133688
65000000 0.7001397897
70000000 0.71164861815
75000000 0.72087499368
80000000 0.72928679792
90000000 0.7499144206376
100000000 0.76947360299
110000000 0.7927232922
120000000 0.8149270773
130000000 0.837773153217
140000000 0.860516471661
150000000 0.8834827209
160000000 0.905461045035
180000000 0.950471105
200000000 0.996599604
#Header 
#Target 23 55 0
#Product 1 2 0
#Datapoints 42
1000000 0
5000000 0
6000000 1.01772615E-12
7000000 8.672216795E-8
8000000 2.102684663833E-5
9000000 0.00043875975444
10000000 0.0021467814844
11000000 0.005454658428293
12000000 0.009652059616
13000000 0.01472536703
14000000 0.01959819256
15000000 0.0244936071
16000000 0.02973873483
17000000 0.03437527654
18000000 0.0387841548
19000000 0.04295158272
20000000 0.04729132096
22000000 0.05451480558
24000000 0.05740783692
26000000 0.0638670922
28000000 0.06802274169
30000000 0.07349582884
35000000 0.08406832434
40000000 0.09163724934
45000000 0.09666749106
50000000 0.0985502214
55000000 0.1003176409059
60000000 0.10095397272
65000000 0.10048666953
70000000 0.10063238178
75000000 0.10044247941
80000000 0.10149347952
90000000 0.0973110740594
100000000 0.09538797177
110000000 0.09349761442
120000000 0.0933048088
130000000 0.0941124046065
140000000 0.096365034381
150000000 0.09961512498
160000000 0.1038700813932
180000000 0.11466462532
200000000 0.1277134014
#Header 
#Target 23 55 0
#Product 1 3 0
#Datapoints 42
1000000 0
5000000 0
6000000 1.2493779E-12
7000000 5.3596233605E-8
8000000 2.784087115251E-6
9000000 1.2514319775E-5
10000000 2.4906895074E-5
11000000 8.095173733296E-5
12000000 0.0002621275708
13000000 0.0005917626858
14000000 0.001085030008
15000000 0.001714519878
16000000 0.002439563805
17000000 0.003225226414
18000000 0.004045410936
19000000 0.004878772488
20000000 0.005705612272
22000000 0.007296123733
24000000 0.008660051613
26000000 0.010018607616
28000000 0.011252148802
30000000 0.01234185337
35000000 0.01443343902
40000000 0.0155607759
45000000 0.01613571935
50000000 0.01642384836
55000000 0.01660474560585
60000000 0.016744163852
65000000 0.016903646214
70000000 0.017230289583
75000000 0.018041097201
80000000 0.01897421092
90000000 0.02157335351977
100000000 0.024931208316
110000000 0.027253817262
120000000 0.029863337337
130000000 0.03271240313805
140000000 0.03572016383628
150000000 0.039003485937
160000000 0.04231212362981
180000000 0.049334523226
200000000 0.05695522365
#Header 
#Target 23 55 0
#Product 2 3 0
#Datapoints 36
1000000 0
11000000 0
12000000 9.681500208E-17
13000000 1.838777589E-12
14000000 1.809552832E-10
15000000 6.289443358E-9
16000000 9.545655119E-8
17000000 7.736750546E-7
18000000 4.891410276E-6
19000000 2.665415376E-5
20000000 0.00010300170496
22000000 0.0005583047816
24000000 0.001384387671
26000000 0.002543689952
28000000 0.003857201195
30000000 0.005211530415
35000000 0.008610392791
40000000 0.01133592174
45000000 0.01342204836
50000000 0.0148631112
55000000 0.01589114599254
60000000 0.016600148952
65000000 0.017184373674
70000000 0.01757241933
75000000 0.017950204146
80000000 0.018352631696
90000000 0.01961363127852
100000000 0.021215696305
110000000 0.02200913148
120000000 0.022863421505
130000000 0.02375010384816
140000000 0.02466877751184
150000000 0.025628269833
160000000 0.02661585024363
180000000 0.028629879554
200000000 0.03063711651
#Header 
#Target 23 55 0
#Product 2 4 0
#Datapoints 45
1000000 0
2000000 3.941781808E-6
3000000 8.993227815E-5
4000000 0.0003556138526
5000000 0.0008161168562
6000000 0.00163819035
7000000 0.002978187438
8000000 0.004822237058951
9000000 0.0070987332042
10000000 0.009849373385
11000000 0.01265930018686
12000000 0.01543241816
13000000 0.01837162954
14000000 0.02142952128
15000000 0.0243631311
16000000 0.02708805015
17000000 0.02971011864
18000000 0.03222974061
19000000 0.03469016736
20000000 0.03687923056
22000000 0.04122140577
24000000 0.04547235657
26000000 0.04893309608
28000000 0.05160755101
30000000 0.05331565036
35000000 0.05477587115
40000000 0.05350786566
45000000 0.0505426536
50000000 0.04713568848
55000000 0.04318509011652
60000000 0.039695039368
65000000 0.036384021895
70000000 0.034653646383
75000000 0.035764286157
80000000 0.037143391004
90000000 0.04044363067478
100000000 0.044880677388
110000000 0.048773680564
120000000 0.053138233636
130000000 0.05764573450462
140000000 0.06181536202611
150000000 0.065974581525
160000000 0.0702703997109
180000000 0.07857836764
200000000 0.0861297216
#Header 
#Target 23 55 0
#Product 14 28 0
#Datapoints 8
1000000 0
120000000 0
130000000 7.18828064189E-13
140000000 7.55333767419E-11
150000000 1.67076991392E-9
160000000 1.8295206038534E-8
180000000 6.7386916998E-7
200000000 7.60417983E-6
#Header 
#Target 23 55 0
#Product 14 29 0
#Datapoints 9
1000000 0
110000000 0
120000000 2.7001363529E-14
130000000 9.63385118777E-12
140000000 3.733028014254E-10
150000000 4.87740971997E-9
160000000 4.2826708983668E-8
180000000 1.2230297454E-6
200000000 1.3143300924E-5
#Header 
#Target 23 55 0
#Product 14 30 0
#Datapoints 10
1000000 0
100000000 0
110000000 1.0649084782E-14
120000000 6.7151864312E-12
130000000 3.636859834517E-10
140000000 5.1363304540779E-9
150000000 4.37026017018E-8
160000000 3.0701203523339E-7
180000000 5.36458027418E-6
200000000 4.3695100137E-5
#Header 
#Target 23 55 0
#Product 14 31 0
#Datapoints 10
1000000 0
100000000 0
110000000 6.3572890262E-13
120000000 1.1360403624E-10
130000000 2.1541801143149E-9
140000000 1.4264899047399E-8
150000000 7.9522764825E-8
160000000 3.6393005618437E-7
180000000 3.70879990918E-6
200000000 2.0876597781E-5
#Header 
#Target 23 55 0
#Product 14 32 0
#Datapoints 11
1000000 0
90000000 0
100000000 8.293987702E-14
110000000 2.9800687532E-11
120000000 7.0919655179E-10
130000000 4.7858602383022E-9
140000000 2.247820539657E-8
150000000 9.766958667E-8
160000000 3.4697508190517E-7
180000000 2.4262899528E-6
200000000 1.1192102415E-5
#Header 
#Target 23 55 0
#Product 15 30 0
#Datapoints 8
1000000 0
120000000 0
130000000 2.756088188989E-14
140000000 2.835324890475E-11
150000000 1.65684002409E-9
160000000 2.5303804984884E-8
180000000 7.5374071334E-7
200000000 8.60667873E-6
#Header 
#Target 23 55 0
#Product 15 31 0
#Datapoints 9
1000000 0
110000000 0
120000000 9.451002038E-13
130000000 4.072009440949E-10
140000000 1.6062500971671E-8
150000000 1.79592990894E-7
160000000 9.982019006946E-7
180000000 1.33710976656E-5
200000000 8.946098031E-5
#Header 
#Target 23 55 0
#Product 15 32 0
#Datapoints 10
1000000 0
100000000 0
110000000 5.7748384274E-14
120000000 1.6935498068E-10
130000000 1.2126898192387E-8
140000000 1.5480604686855E-7
150000000 8.5107124506E-7
160000000 3.1901108506823E-6
180000000 2.64664983582E-5
200000000 0.00012902898255
#Header 
#Target 23 55 0
#Product 15 33 0
#Datapoints 11
1000000 0
90000000 0
100000000 1.488143346E-14
110000000 8.236152904E-11
120000000 9.059491772E-9
130000000 1.3046805547686E-7
140000000 6.9332303212095E-7
150000000 2.23864026945E-6
160000000 6.0400608473129E-6
180000000 3.58507000462E-5
200000000 0.00014466001914
#Header 
#Target 23 55 0
#Product 15 34 0
#Datapoints 11
1000000 0
90000000 0
100000000 2.7845664911E-12
110000000 1.07182988822E-9
120000000 2.42404968435E-8
130000000 1.4796202533644E-7
140000000 4.7686308238338E-7
150000000 1.18633018944E-6
160000000 2.9469201734386E-6
180000000 1.4993302439E-5
200000000 5.6415698703E-5
#Header 
#Target 23 55 0
#Product 15 35 0
#Datapoints 12
1000000 0
80000000 0
90000000 7.093081634788E-14
100000000 5.6979443815E-11
110000000 1.9857802748E-9
120000000 1.60089971708E-8
130000000 6.1685411025049E-8
140000000 1.4797700280594E-7
150000000 3.57235989093E-7
160000000 8.641423811358E-7
180000000 3.74777004006E-6
200000000 1.1957497929E-5
#Header 
#Target 23 55 0
#Product 16 32 0
#Datapoints 10
1000000 0
100000000 0
110000000 3.7300254866E-15
120000000 1.4847590114E-11
130000000 1.487650549067E-9
140000000 2.7994605392061E-8
150000000 2.27308020369E-7
160000000 1.2545698342662E-6
180000000 1.47522967642E-5
200000000 8.086161213E-5
#Header 
#Target 23 55 0
#Product 16 33 0
#Datapoints 10
1000000 0
100000000 0
110000000 1.8213656076E-11
120000000 3.06214976277E-9
130000000 5.54252068082E-8
140000000 3.83663039067E-7
150000000 1.81893029721E-6
160000000 6.927572852611E-6
180000000 5.41862027368E-5
200000000 0.00025405102086
#Header 
#Target 23 55 0
#Product 16 34 0
#Datapoints 12
1000000 0
80000000 0
90000000 4.946095240885E-15
100000000 1.8742570592E-10
110000000 2.09563016446E-8
120000000 2.32121034545E-7
130000000 1.0998500726142E-6
140000000 3.9779606465214E-6
150000000 1.45301970171E-5
160000000 4.0123705686951E-5
180000000 0.00022321798405
200000000 0.000832398294
#Header 
#Target 23 55 0
#Product 16 35 0
#Datapoints 12
1000000 0
80000000 0
90000000 5.070266491371E-13
100000000 9.9565685252E-10
110000000 3.90340011824E-8
120000000 2.80176974623E-7
130000000 1.0700901944639E-6
140000000 3.8985407821437E-6
150000000 1.25879001288E-5
160000000 3.2250000580362E-5
180000000 0.000154276972578
200000000 0.00045994598676
#Header 
#Target 23 55 0
#Product 16 36 0
#Datapoints 13
1000000 0
75000000 0
80000000 2.9524673572E-13
90000000 4.739627841068E-10
100000000 2.14096989823E-8
110000000 1.48968970444E-7
120000000 5.32698013435E-7
130000000 2.0287305286876E-6
140000000 6.3011208678726E-6
150000000 1.46796998835E-5
160000000 3.2201104943597E-5
180000000 0.000108750010174
200000000 0.00025742995707
#Header 
#Target 23 55 0
#Product 16 37 0
#Datapoints 14
1000000 0
70000000 0
75000000 2.0104500018E-14
80000000 4.962446752E-12
90000000 1.6963298857853E-9
100000000 1.90202041426E-8
110000000 5.45095014982E-8
120000000 1.77179974671E-7
130000000 5.9887214219669E-7
140000000 1.4591803144149E-6
150000000 2.91360020799E-6
160000000 5.3396310189118E-6
180000000 1.46951021206E-5
200000000 2.9913899691E-5
#Header 
#Target 23 55 0
#Product 16 38 0
#Datapoints 15
1000000 0
65000000 0
70000000 1.558729917E-13
75000000 1.1390595882E-11
80000000 1.6545620584E-10
90000000 3.0215399614042E-9
100000000 9.7660833629E-9
110000000 2.38907995984E-8
120000000 7.6900499295E-8
130000000 2.1048402206674E-7
140000000 4.2483204738051E-7
150000000 7.1991496254E-7
160000000 1.2797499093975E-6
180000000 3.3148001939E-6
200000000 6.014510268E-6
#Header 
#Target 23 55 0
#Product 17 34 0
#Datapoints 9
1000000 0
110000000 0
120000000 1.7819295427E-12
130000000 4.710505934908E-10
140000000 1.103600260224E-8
150000000 9.2804096199E-8
160000000 4.527190810058E-7
180000000 5.23462002908E-6
200000000 2.9141403408E-5
#Header 
#Target 23 55 0
#Product 17 35 0
#Datapoints 11
1000000 0
90000000 0
100000000 6.0448338941E-14
110000000 3.5670998636E-10
120000000 3.77834050527E-8
130000000 6.5588910154341E-7
140000000 4.122110319096E-6
150000000 1.57935976611E-5
160000000 4.7751801919147E-5
180000000 0.000277626036236
200000000 0.0009501140415
#Header 
#Target 23 55 0
#Product 17 36 0
#Datapoints 11
1000000 0
90000000 0
100000000 5.4270644597E-11
110000000 3.59213999368E-8
120000000 1.19475002053E-6
130000000 8.788538455299E-6
140000000 3.188870797035E-5
150000000 8.1554169972E-5
160000000 0.0001837560621428
180000000 0.00073672977622
200000000 0.0019391297445
#Header 
#Target 23 55 0
#Product 17 37 0
#Datapoints 12
1000000 0
80000000 0
90000000 7.603226780789E-11
100000000 6.45737977835E-8
110000000 1.93287990098E-6
120000000 1.35872999244E-5
130000000 4.609880449741E-5
140000000 0.00010323799197789
150000000 0.000210798973095
160000000 0.00039752711304928
180000000 0.00112828994356
200000000 0.0022920697488
#Header 
#Target 23 55 0
#Product 17 38 0
#Datapoints 13
1000000 0
75000000 0
80000000 1.025028454E-13
90000000 4.2256607289965E-9
100000000 3.30062971512E-7
110000000 3.22844964022E-6
120000000 1.1752501082E-5
130000000 2.4575601936861E-5
140000000 4.7196105930435E-5
150000000 8.3845368558E-5
160000000 0.00014638101811455
180000000 0.000319164053938
200000000 0.00058302202023
#Header 
#Target 23 55 0
#Product 17 39 0
#Datapoints 14
1000000 0
70000000 0
75000000 9.591870162E-13
80000000 1.6707085168E-10
90000000 3.9825406339474E-8
100000000 6.30026958004E-7
110000000 3.00130993092E-6
120000000 7.17303030946E-6
130000000 1.4150903250434E-5
140000000 2.6418703882494E-5
150000000 4.9296199092E-5
160000000 7.594962960373E-5
180000000 0.000174042987294
200000000 0.00029691201267
#Header 
#Target 23 55 0
#Product 17 40 0
#Datapoints 15
1000000 0
65000000 0
70000000 7.6146942159E-13
75000000 6.5048462856E-11
80000000 9.5429304392E-10
90000000 2.8789802208145E-8
100000000 2.23357981482E-7
110000000 5.72895999298E-7
120000000 1.11860002601E-6
130000000 2.5487705040769E-6
140000000 5.1498205799271E-6
150000000 9.0329102835E-6
160000000 1.4086304623368E-5
180000000 3.17265003862E-5
200000000 5.0006800155E-5
#Header 
#Target 23 55 0
#Product 17 41 0
#Datapoints 17
1000000 0
55000000 0
60000000 4.2242356032E-15
65000000 6.6596901943E-13
70000000 1.3420893981E-11
75000000 2.0459722254E-10
80000000 1.82889966528E-9
90000000 2.6700506787744E-8
100000000 8.4066185323E-8
110000000 1.50687040224E-7
120000000 3.07576013934E-7
130000000 6.6047815873394E-7
140000000 1.0966300355472E-6
150000000 1.71653974773E-6
160000000 2.5335403748079E-6
180000000 4.51980964656E-6
200000000 6.783669126E-6
#Header 
#Target 23 55 0
#Product 18 35 0
#Datapoints 9
1000000 0
110000000 0
120000000 5.3183300622E-13
130000000 1.029739138853E-10
140000000 2.5753602638379E-9
150000000 2.44571983107E-8
160000000 1.4445103699979E-7
180000000 1.732020316E-6
200000000 8.168630574E-6
#Header 
#Target 23 55 0
#Product 18 36 0
#Datapoints 11
1000000 0
90000000 0
100000000 9.469228547E-14
110000000 7.4459995358E-10
120000000 6.05522959856E-8
130000000 7.0767413653873E-7
140000000 3.593630513319E-6
150000000 1.34272022034E-5
160000000 4.1646106503452E-5
180000000 0.000210719982258
200000000 0.00062492596569
#Header 
#Target 23 55 0
#Product 18 37 0
#Datapoints 12
1000000 0
80000000 0
90000000 2.222678380821E-14
100000000 1.0896401633E-9
110000000 1.5882697215E-7
120000000 2.18471976702E-6
130000000 1.0233204818657E-5
140000000 3.4536505287207E-5
150000000 9.9915830232E-5
160000000 0.0002496450359027
180000000 0.00095703876736
200000000 0.0023495700852
#Header 
#Target 23 55 0
#Product 18 38 0
#Datapoints 13
1000000 0
75000000 0
80000000 6.9323741012E-12
90000000 4.4882107085175E-8
100000000 1.91955014568E-6
110000000 1.21610995674E-5
120000000 4.02091025446E-5
130000000 0.00011354599203223
140000000 0.00028389708326364
150000000 0.000603218024904
160000000 0.001137380487194
180000000 0.0030224002449
200000000 0.0059184598122
#Header 
#Target 23 55 0
#Product 18 39 0
#Datapoints 14
1000000 0
70000000 0
75000000 1.5734935995E-12
80000000 6.1416051212E-10
90000000 3.7757799865743E-7
100000000 5.35412995868E-6
110000000 1.92096981496E-5
120000000 4.96191039012E-5
130000000 0.0001431690275344
140000000 0.00033306401882292
150000000 0.000612417974625
160000000 0.0010511498516917
180000000 0.0025193698964
200000000 0.0043782903021
#Header 
#Target 23 55 0
#Product 18 40 0
#Datapoints 16
1000000 0
60000000 0
65000000 7.132312304E-13
70000000 4.3896237315E-10
75000000 2.68558013001E-8
80000000 3.3514003328E-7
90000000 4.7121706093679E-6
100000000 1.49859974559E-5
110000000 3.5816199342E-5
120000000 0.00010894099777
130000000 0.00025864204732302
140000000 0.00047427309289899
150000000 0.00080185166139
160000000 0.0012683905073697
180000000 0.00257594992268
200000000 0.0037377399111
#Header 
#Target 23 55 0
#Product 18 41 0
#Datapoints 17
1000000 0
55000000 0
60000000 1.5682325468E-11
65000000 5.33021998834E-9
70000000 7.493650086E-8
75000000 5.1818000187E-7
80000000 1.64430031344E-6
90000000 4.5925605362434E-6
100000000 9.2217674584E-6
110000000 2.98664020004E-5
120000000 7.716510269E-5
130000000 0.0001413370671483
140000000 0.00022295803399485
150000000 0.00036010002159
160000000 0.000528968007095
180000000 0.0008753272868
200000000 0.0011749598601
#Header 
#Target 23 55 0
#Product 18 42 0
#Datapoints 19
1000000 0
45000000 0
50000000 5.739754284E-12
55000000 3.3687401458797E-9
60000000 6.96119958676E-8
65000000 2.74986950407E-7
70000000 5.34152990736E-7
75000000 1.03603992102E-6
80000000 1.4371196896E-6
90000000 2.192720015533E-6
100000000 5.67755999124E-6
110000000 1.38531979978E-5
120000000 2.42910026954E-5
130000000 3.7087605241884E-5
140000000 5.8385106642555E-5
150000000 7.662501606E-5
160000000 0.00010430499344382
180000000 0.000146768006176
200000000 0.00018392803455
#Header 
#Target 23 55 0
#Product 18 43 0
#Datapoints 20
1000000 0
40000000 0
45000000 3.017804129E-11
50000000 4.366849968E-9
55000000 4.1841204204459E-8
60000000 1.01983041812E-7
65000000 1.17819021437E-7
70000000 1.16645981934E-7
75000000 1.26447025935E-7
80000000 1.58876990948E-7
90000000 4.6849107714521E-7
100000000 1.27158010916E-6
110000000 2.04259978272E-6
120000000 2.9163698069E-6
130000000 4.1092008835082E-6
140000000 5.7865010965377E-6
150000000 7.4579905113E-6
160000000 9.343030769404E-6
180000000 1.23024008086E-5
200000000 1.4134497078E-5
#Header 
#Target 23 55 0
#Product 19 38 0
#Datapoints 11
1000000 0
90000000 0
100000000 1.3409001681E-14
110000000 3.35072738E-10
120000000 2.95880984269E-8
130000000 3.7912402307087E-7
140000000 1.7899002735306E-6
150000000 5.32324979991E-6
160000000 1.2952699835035E-5
180000000 5.23892039294E-5
200000000 0.0001361249838
#Header 
#Target 23 55 0
#Product 19 39 0
#Datapoints 12
1000000 0
80000000 0
90000000 1.18452516982E-11
100000000 3.56696031752E-8
110000000 1.58443977888E-6
120000000 1.35171011208E-5
130000000 4.9803406092397E-5
140000000 0.00011747303961162
150000000 0.000245319017736
160000000 0.00049013006484139
180000000 0.0013545102223
200000000 0.0024771696963
#Header 
#Target 23 55 0
#Product 19 40 0
#Datapoints 13
1000000 0
75000000 0
80000000 2.4596862756E-14
90000000 9.333241144161E-9
100000000 1.65321016324E-6
110000000 2.26119978574E-5
120000000 0.000106720971616
130000000 0.0002644110415135
140000000 0.00051531609454248
150000000 0.00095851580829
160000000 0.0016931303810583
180000000 0.00362392008286
200000000 0.0054794498421
#Header 
#Target 23 55 0
#Product 19 41 0
#Datapoints 15
1000000 0
65000000 0
70000000 1.0534704216E-15
75000000 1.2346929987E-11
80000000 5.69359013796E-9
90000000 2.2845000020315E-6
100000000 3.59854994723E-5
110000000 0.000176161033944
120000000 0.000424334959391
130000000 0.0007473590052275
140000000 0.0013207603790997
150000000 0.00219698971383
160000000 0.0031834707357157
180000000 0.0053423000701
200000000 0.007236783372
#Header 
#Target 23 55 0
#Product 19 42 0
#Datapoints 16
1000000 0
60000000 0
65000000 5.9887515649E-13
70000000 1.87605012495E-9
75000000 1.34849023377E-7
80000000 1.63522026512E-6
90000000 3.1004706685609E-5
100000000 0.000165481024173
110000000 0.000392801016398
120000000 0.000655025007032
130000000 0.0011124498969956
140000000 0.0017543100322209
150000000 0.00246136020474
160000000 0.0032278503405097
180000000 0.00456991009258
200000000 0.0055235502582
#Header 
#Target 23 55 0
#Product 19 43 0
#Datapoints 18
1000000 0
50000000 0
55000000 1.41600512547E-13
60000000 1.52918042772E-9
65000000 9.7151792439E-8
70000000 8.26566992139E-7
75000000 4.36041992073E-6
80000000 1.61708988068E-5
90000000 9.488597363286E-5
100000000 0.000220900958171
110000000 0.000329609986608
120000000 0.000530718956198
130000000 0.0008272678153684
140000000 0.0011486200239822
150000000 0.00149042968281
160000000 0.0018169006164483
180000000 0.00232733003968
200000000 0.002388979671
#Header 
#Target 23 55 0
#Product 19 44 0
#Datapoints 19
1000000 0
45000000 0
50000000 2.736166392E-11
55000000 1.2311798080824E-8
60000000 1.80395991256E-7
65000000 9.5626873537E-7
70000000 3.55226005998E-6
75000000 1.17834974208E-5
80000000 2.70775003772E-5
90000000 5.7707008700774E-5
100000000 8.027829067E-5
110000000 0.000127707989192
120000000 0.000203256951194
130000000 0.0002843630286627
140000000 0.0003653270407248
150000000 0.000436324005942
160000000 0.00049155709056242
180000000 0.000576859981768
200000000 0.00058321298451
#Header 
#Target 23 55 0
#Product 19 45 0
#Datapoints 21
1000000 0
35000000 0
40000000 9.098210382E-13
45000000 6.569476961E-10
50000000 1.264680216E-8
55000000 1.9358805976782E-7
60000000 1.48996021256E-6
65000000 4.24387994576E-6
70000000 7.25175998118E-6
75000000 1.14782011308E-5
80000000 1.41532961104E-5
90000000 1.7862699672573E-5
100000000 2.90329981909E-5
110000000 4.8482296534E-5
120000000 7.11457020793E-5
130000000 8.744302441915E-5
140000000 0.00010405598644287
150000000 0.00012021699825
160000000 0.00012563701897837
180000000 0.00014439200784
200000000 0.00014561197989
#Header 
#Target 23 55 0
#Product 19 46 0
#Datapoints 21
1000000 0
35000000 0
40000000 4.968322368E-12
45000000 4.2206796751E-9
50000000 1.3439303892E-7
55000000 7.1412408128388E-7
60000000 1.40961028632E-6
65000000 1.5558998377E-6
70000000 1.51258033623E-6
75000000 1.59828000513E-6
80000000 1.71727008096E-6
90000000 3.2875804803949E-6
100000000 6.51988992825E-6
110000000 1.01207991108E-5
120000000 1.27231000984E-5
130000000 1.5628703704024E-5
140000000 1.8638805935904E-5
150000000 2.03157030189E-5
160000000 2.227440228057E-5
180000000 2.64164024794E-5
200000000 2.9517400887E-5
#Header 
#Target 23 55 0
#Product 19 47 0
#Datapoints 23
1000000 0
28000000 0
30000000 3.784539962E-15
35000000 1.142644503E-10
40000000 4.7122700172E-9
45000000 3.3011494968E-8
50000000 8.5914598212E-8
55000000 9.5452918162134E-8
60000000 8.00927014632E-8
65000000 7.12882981564E-8
70000000 9.3381426915E-8
75000000 1.58270989434E-7
80000000 2.96117982316E-7
90000000 8.171842727588E-7
100000000 1.46528028017E-6
110000000 2.07638974816E-6
120000000 2.64951966851E-6
130000000 3.1326801581049E-6
140000000 3.833490712821E-6
150000000 4.54748027592E-6
160000000 5.0407410436222E-6
180000000 6.01307984198E-6
200000000 6.8585673E-6
#Header 
#Target 23 55 0
#Product 20 39 0
#Datapoints 10
1000000 0
100000000 0
110000000 1.1266395644E-11
120000000 1.62776008113E-9
130000000 2.542290328701E-8
140000000 1.5085998227223E-7
150000000 6.07287002808E-7
160000000 1.8786100732872E-6
180000000 8.5679872772E-6
200000000 2.142010221E-5
#Header 
#Target 23 55 0
#Product 20 40 0
#Datapoints 12
1000000 0
80000000 0
90000000 1.724263137064E-11
100000000 3.68572022229E-8
110000000 1.24805033276E-6
120000000 8.1929284982E-6
130000000 2.7315201767045E-5
140000000 7.963719441678E-5
150000000 0.000194127032388
160000000 0.00038708208971534
180000000 0.00095479887218
200000000 0.001605670131
#Header 
#Target 23 55 0
#Product 20 41 0
#Datapoints 13
1000000 0
75000000 0
80000000 8.751601172E-12
90000000 1.1339899240789E-7
100000000 6.89317018339E-6
110000000 4.47188998284E-5
120000000 0.000127754996445
130000000 0.00034256807977251
140000000 0.0008069069968344
150000000 0.0015332198757
160000000 0.0023940905571782
180000000 0.00463837011054
200000000 0.006696438372
#Header 
#Target 23 55 0
#Product 20 42 0
#Datapoints 16
1000000 0
60000000 0
65000000 7.1419542831E-15
70000000 5.5152957582E-11
75000000 1.92731982255E-8
80000000 7.88107955368E-7
90000000 3.5649000639741E-5
100000000 0.000175574963384
110000000 0.00041039494286
120000000 0.00098831900298
130000000 0.0022073806445121
140000000 0.0038352605401341
150000000 0.00576648029553
160000000 0.007977378663193
180000000 0.0123325966574
200000000 0.014250200835
#Header 
#Target 23 55 0
#Product 20 43 0
#Datapoints 17
1000000 0
55000000 0
60000000 1.2995149088E-11
65000000 3.44488005446E-8
70000000 1.43568995586E-6
75000000 1.89134008941E-5
80000000 7.92294998592E-5
90000000 0.00033543304476521
100000000 0.000649559015296
110000000 0.00139744984106
120000000 0.00303920963931
130000000 0.0051881804851248
140000000 0.007218063434043
150000000 0.0097830698349
160000000 0.01213150215852
180000000 0.0154046980428
200000000 0.015824200392
#Header 
#Target 23 55 0
#Product 20 44 0
#Datapoints 19
1000000 0
45000000 0
50000000 2.195839368E-10
55000000 5.5662901584399E-7
60000000 1.89036979692E-5
65000000 8.3305598532E-5
70000000 0.00016648499421
75000000 0.00033118297998
80000000 0.000490741041948
90000000 0.00077357210630196
100000000 0.00168227968887
110000000 0.00339442969348
120000000 0.00537829998116
130000000 0.007137470744887
140000000 0.009216220147596
150000000 0.0110266998624
160000000 0.012369001020208
180000000 0.01352060235
200000000 0.013834999737
#Header 
#Target 23 55 0
#Product 20 45 0
#Datapoints 21
1000000 0
35000000 0
40000000 5.178570162E-12
45000000 3.8131095397E-7
50000000 2.9820003228E-5
55000000 0.00017119207026702
60000000 0.000322535958912
65000000 0.000354927947764
70000000 0.000344079966891
75000000 0.000373212015591
80000000 0.000414133991796
90000000 0.00080232409500945
100000000 0.00168187009379
110000000 0.0026084199498
120000000 0.00326779981496
130000000 0.0039685004601489
140000000 0.0045548005815543
150000000 0.00516947003862
160000000 0.0054332407564305
180000000 0.0055818801198
200000000 0.0056572900956
#Header 
#Target 23 55 0
#Product 20 46 0
#Datapoints 24
1000000 0
26000000 0
28000000 4.134845503E-14
30000000 7.3301172E-11
35000000 1.2353505164E-6
40000000 4.7110397472E-5
45000000 0.00018960203843
50000000 0.00033049601208
55000000 0.00032676204232914
60000000 0.000258624979372
65000000 0.000210398992882
70000000 0.00022355898399
75000000 0.00029622698967
80000000 0.000456382957464
90000000 0.0008897228330486
100000000 0.00133448969243
110000000 0.00153899974326
120000000 0.00176903994431
130000000 0.0020954901409303
140000000 0.0022866805211943
150000000 0.00249720978051
160000000 0.0024854907368786
180000000 0.00279265994446
200000000 0.002583319518
#Header 
#Target 23 55 0
#Product 20 47 0
#Datapoints 28
1000000 0
19000000 0
20000000 3.560189616E-14
22000000 1.185735379E-10
24000000 1.9926701463E-8
26000000 5.746729792E-7
28000000 4.1530703193E-6
30000000 1.3422503689E-5
35000000 5.6664598991E-5
40000000 9.6135298326E-5
45000000 8.167889418E-5
50000000 5.5633203756E-5
55000000 4.3464202861194E-5
60000000 4.83275946692E-5
65000000 7.06056992459E-5
70000000 0.000108516986286
75000000 0.000162666995073
80000000 0.000219993967644
90000000 0.0003039100697326
100000000 0.000349869004139
110000000 0.000406706043716
120000000 0.000464895980781
130000000 0.00054061909243717
140000000 0.00060758905881828
150000000 0.000656878013658
160000000 0.0006923029899436
180000000 0.00077243695464
200000000 0.000797542863
#Header 
#Target 23 55 0
#Product 20 48 0
#Datapoints 39
1000000 0
8000000 0
9000000 4.1815627933E-15
10000000 6.1365791662E-13
11000000 3.323547052975E-11
12000000 7.6395704E-10
13000000 9.0277190861E-9
14000000 6.1878094608E-8
15000000 2.6874696243E-7
16000000 7.825260086E-7
17000000 1.6271204584E-6
18000000 2.5892303544E-6
19000000 3.410439408E-6
20000000 4.0508096752E-6
22000000 5.3750799004E-6
24000000 7.6832904075E-6
26000000 1.0986199234E-5
28000000 1.4039695834E-5
30000000 1.4882599354E-5
35000000 1.05106997996E-5
40000000 6.8931503898E-6
45000000 6.9947697912E-6
50000000 1.1577698712E-5
55000000 2.1271605311289E-5
60000000 3.53408976032E-5
65000000 5.14196011706E-5
70000000 6.57682001937E-5
75000000 7.84012962801E-5
80000000 8.8623682536E-5
90000000 9.942278139136E-5
100000000 0.000121039957993
110000000 0.000145618998924
120000000 0.000184164036319
130000000 0.00021476405665407
140000000 0.00024579705760302
150000000 0.000277291017099
160000000 0.00030158404747689
180000000 0.000320235001782
200000000 0.00034231904655
#Header 
#Target 23 55 0
#Product 20 49 0
#Datapoints 25
1000000 0
24000000 0
26000000 4.42543586E-14
28000000 3.467095242E-11
30000000 2.401200515E-9
35000000 2.0732699988E-7
40000000 8.134989207E-7
45000000 1.8310700052E-6
50000000 3.5125002972E-6
55000000 5.7172401789474E-6
60000000 7.56334052124E-6
65000000 8.98456034177E-6
70000000 1.00437975678E-5
75000000 1.07579019381E-5
80000000 1.14908028468E-5
90000000 1.4335597675172E-5
100000000 2.08235011992E-5
110000000 2.98391003372E-5
120000000 3.83993988203E-5
130000000 4.6577303107902E-5
140000000 5.3417304165918E-5
150000000 5.80214004597E-5
160000000 6.2295013216803E-5
180000000 6.6150896774E-5
200000000 6.951487569E-5
#Header 
#Target 23 55 0
#Product 20 50 0
#Datapoints 24
1000000 0
26000000 0
28000000 2.823555237E-14
30000000 8.937413632E-12
35000000 1.1027802786E-8
40000000 1.2648202608E-7
45000000 3.8766196647E-7
50000000 6.7221699768E-7
55000000 9.0324102237237E-7
60000000 1.08601022256E-6
65000000 1.20430979448E-6
70000000 1.33658033262E-6
75000000 1.51589001717E-6
80000000 2.06578994236E-6
90000000 4.4353709106527E-6
100000000 7.8536964411E-6
110000000 1.1306002708E-5
120000000 1.43298996271E-5
130000000 1.6239502616511E-5
140000000 1.7991200179491E-5
150000000 1.93315032267E-5
160000000 2.0341103127417E-5
180000000 2.16545014646E-5
200000000 2.1464397786E-5
#Header 
#Target 23 55 0
#Product 21 41 0
#Datapoints 11
1000000 0
90000000 0
100000000 4.9566163702E-15
110000000 1.5055295066E-10
120000000 1.04868013861E-8
130000000 1.0497304691577E-7
140000000 3.8439103875711E-7
150000000 8.9597281644E-7
160000000 1.6179798400923E-6
180000000 3.74532005276E-6
200000000 6.1023996072E-6
#Header 
#Target 23 55 0
#Product 21 42 0
#Datapoints 12
1000000 0
80000000 0
90000000 3.260043641325E-14
100000000 1.99397998141E-9
110000000 2.71182991226E-7
120000000 2.89673043647E-6
130000000 1.1072301332559E-5
140000000 2.4979703515305E-5
150000000 4.30866013737E-5
160000000 6.6642908808221E-5
180000000 0.000121281026442
200000000 0.00014956501677
#Header 
#Target 23 55 0
#Product 21 43 0
#Datapoints 13
1000000 0
75000000 0
80000000 1.21501675E-11
90000000 3.542300506472E-7
100000000 1.90830973108E-5
110000000 0.000144915973538
120000000 0.00044531393497
130000000 0.0008496683774499
140000000 0.0012868099027245
150000000 0.00190746017115
160000000 0.0026056299748791
180000000 0.00349496984584
200000000 0.0036201799101
#Header 
#Target 23 55 0
#Product 21 44 0
#Datapoints 15
1000000 0
65000000 0
70000000 2.3520282054E-12
75000000 1.1144097396E-8
80000000 7.99919998032E-7
90000000 4.7512204612151E-5
100000000 0.000368597035669
110000000 0.0011320401841
120000000 0.00200900035905
130000000 0.0029397799513583
140000000 0.0041028603878031
150000000 0.00525739000446
160000000 0.0064424211241163
180000000 0.0075034465904
200000000 0.007355347779
#Header 
#Target 23 55 0
#Product 21 45 0
#Datapoints 17
1000000 0
55000000 0
60000000 4.7016473576E-10
65000000 4.34106026965E-7
70000000 9.3548073468E-6
75000000 5.97217993128E-5
80000000 0.000222883012188
90000000 0.0014167000638417
100000000 0.00372069995479
110000000 0.00566978976046
120000000 0.0074556428831
130000000 0.010138602412932
140000000 0.012945598024128
150000000 0.0146027006991
160000000 0.016005698974655
180000000 0.0157379028402
200000000 0.015354602445
#Header 
#Target 23 55 0
#Product 21 46 0
#Datapoints 19
1000000 0
45000000 0
50000000 7.080939648E-11
55000000 1.0171300994925E-6
60000000 2.63120982896E-5
65000000 0.000126160021416
70000000 0.000406478970093
75000000 0.00119526976695
80000000 0.00255513968932
90000000 0.0055312110335552
100000000 0.00743089035643
110000000 0.0092792623798
120000000 0.0124191988788
130000000 0.014790601498961
140000000 0.016803702692469
150000000 0.017924102595
160000000 0.018090800066863
180000000 0.018007798131
200000000 0.016461597711
#Header 
#Target 23 55 0
#Product 21 47 0
#Datapoints 21
1000000 0
35000000 0
40000000 2.9177703804E-9
45000000 6.9473295424E-6
50000000 8.7115599468E-5
55000000 0.00035214004303629
60000000 0.00121385956808
65000000 0.00277061030935
70000000 0.0044331999753
75000000 0.00645811942722
80000000 0.00791643028032
90000000 0.009368958858958
100000000 0.0112768013385
110000000 0.014403101265
120000000 0.0174268970331
130000000 0.01967200694806
140000000 0.020625403880004
150000000 0.0209582994519
160000000 0.020507301180311
180000000 0.0196041981114
200000000 0.019487199147
#Header 
#Target 23 55 0
#Product 21 48 0
#Datapoints 24
1000000 0
26000000 0
28000000 1.702613558E-15
30000000 5.312923595E-11
35000000 2.2615801208E-6
40000000 3.6005006934E-5
45000000 0.00019124905039
50000000 0.0009825030756
55000000 0.0024545802025656
60000000 0.00362404949392
65000000 0.00389978972929
70000000 0.00397261996494
75000000 0.00405508014123
80000000 0.0040807202386
90000000 0.0047201004781841
100000000 0.00606650022316
110000000 0.00730433927804
120000000 0.0080443028631
130000000 0.008638140301774
140000000 0.008654644361286
150000000 0.0088516990488
160000000 0.008726622691717
180000000 0.0086981465226
200000000 0.008346308724
#Header 
#Target 23 55 0
#Product 21 49 0
#Datapoints 30
1000000 0
17000000 0
18000000 6.912754857E-14
19000000 1.021339008E-11
20000000 4.413587392E-10
22000000 5.2517894563E-8
24000000 6.1040798433E-7
26000000 1.8758799156E-6
28000000 3.5719900443E-6
30000000 7.6247095519E-6
35000000 0.00014027000988
40000000 0.00077662697994
45000000 0.0017336097004
50000000 0.0023143304448
55000000 0.0022161701830731
60000000 0.001971209846
65000000 0.00181208015833
70000000 0.00178247009676
75000000 0.00186281967531
80000000 0.00213652959704
90000000 0.0028876200573981
100000000 0.0037139799378
110000000 0.00423728010916
120000000 0.00451056012139
130000000 0.0047586104534728
140000000 0.0048469808202585
150000000 0.0049308397254
160000000 0.0049443604411818
180000000 0.00496955032456
200000000 0.0048820800093
#Header 
#Target 23 55 0
#Product 21 50 0
#Datapoints 30
1000000 0
17000000 0
18000000 4.097417064E-14
19000000 7.265679912E-12
20000000 3.253549952E-10
22000000 4.1501798372E-8
24000000 6.9443996268E-7
26000000 5.4506394544E-6
28000000 2.2978297555E-5
30000000 5.7599399305E-5
35000000 0.00019596100524
40000000 0.00024026702388
45000000 0.00020320595905
50000000 0.00016654599216
55000000 0.00014921999650977
60000000 0.000149422022052
65000000 0.000165215999936
70000000 0.000202453961217
75000000 0.000269982989958
80000000 0.000330527002
90000000 0.00045329906663501
100000000 0.000548452971142
110000000 0.000600429031244
120000000 0.000639567030834
130000000 0.0006662920756547
140000000 0.00067217405024847
150000000 0.00068727665571
160000000 0.0007047318368003
180000000 0.00068729875416
200000000 0.0006970170792
#Header 
#Target 23 55 0
#Product 21 51 0
#Datapoints 36
1000000 0
11000000 0
12000000 8.240662652E-14
13000000 8.576691112E-12
14000000 1.30543356E-10
15000000 1.2250195926E-9
16000000 1.3866396992E-8
17000000 1.05582005396E-7
18000000 4.9157094195E-7
19000000 1.5075703944E-6
20000000 3.1257495824E-6
22000000 8.4373995923E-6
24000000 1.6285199499E-5
26000000 2.647050498E-5
28000000 3.4658403589E-5
30000000 3.7570904119E-5
35000000 3.3916599717E-5
40000000 2.9090097882E-5
45000000 2.6403600862E-5
50000000 2.9131195752E-5
55000000 4.0154807999211E-5
60000000 7.76116033224E-5
65000000 0.000150316986313
70000000 0.0002385089739
75000000 0.000321132034656
80000000 0.000392795029324
90000000 0.00049280901658685
100000000 0.000544399074188
110000000 0.000576141964482
120000000 0.000605449047063
130000000 0.00061076708029755
140000000 0.0006179200673877
150000000 0.000627660948624
160000000 0.00061262712919122
180000000 0.000619815990788
200000000 0.00059733099153
#Header 
#Target 23 55 0
#Product 21 52 0
#Datapoints 23
1000000 0
28000000 0
30000000 7.689035508E-14
35000000 4.8703998343E-9
40000000 8.4849892542E-8
45000000 7.1610501859E-7
50000000 7.5631099032E-6
55000000 2.9442608036718E-5
60000000 6.27843013984E-5
65000000 9.7410226836E-5
70000000 0.000126077980464
75000000 0.000150907956147
80000000 0.000165891022664
90000000 0.0001741760512018
100000000 0.000176429016026
110000000 0.000180672006424
120000000 0.000173467012857
130000000 0.00016968302382294
140000000 0.00016588603293108
150000000 0.000165567982812
160000000 0.00016488402892676
180000000 0.000161351009144
200000000 0.00015838897776
#Header 
#Target 23 55 0
#Product 21 53 0
#Datapoints 22
1000000 0
30000000 0
35000000 1.0625791176E-10
40000000 4.8758798802E-8
45000000 1.7571504411E-6
50000000 8.2205198352E-6
55000000 1.8087701190198E-5
60000000 2.8591301706E-5
65000000 3.69453942481E-5
70000000 4.51851997563E-5
75000000 4.66084973568E-5
80000000 4.9086294686E-5
90000000 4.877860352485E-5
100000000 4.95680006265E-5
110000000 4.61852984628E-5
120000000 4.43255019621E-5
130000000 4.3963908967261E-5
140000000 4.3234804456536E-5
150000000 4.11391990749E-5
160000000 3.8563103681974E-5
180000000 3.67735981916E-5
200000000 3.4597298658E-5
#Header 
#Target 23 55 0
#Product 22 44 0
#Datapoints 14
1000000 0
70000000 0
75000000 3.042438441E-15
80000000 3.4550025296E-11
90000000 6.732630836815E-8
100000000 1.92106033212E-6
110000000 8.0478832952E-6
120000000 1.83812014715E-5
130000000 3.9758604915478E-5
140000000 7.894779388419E-5
150000000 0.000127037963736
160000000 0.00016638004023304
180000000 0.000210581986968
200000000 0.00021859300983
#Header 
#Target 23 55 0
#Product 22 45 0
#Datapoints 16
1000000 0
60000000 0
65000000 4.5861142418E-15
70000000 2.3033195691E-10
75000000 6.19728071349E-8
80000000 1.52832001412E-6
90000000 3.0792406827474E-5
100000000 0.000102905995663
110000000 0.000198960039124
120000000 0.000411138039388
130000000 0.0007506223411437
140000000 0.0010931204491053
150000000 0.00145723971753
160000000 0.0016893102622107
180000000 0.0017057196534
200000000 0.0016764400692
#Header 
#Target 23 55 0
#Product 22 46 0
#Datapoints 18
1000000 0
50000000 0
55000000 8.570914422513E-11
60000000 5.09878001276E-7
65000000 2.04628025277E-5
70000000 0.000108511005933
75000000 0.000382356987651
80000000 0.00076692196828
90000000 0.0014580097902071
100000000 0.00228556008815
110000000 0.00414144991078
120000000 0.00679423054829
130000000 0.009172477579872
140000000 0.010759703958927
150000000 0.0113219981763
160000000 0.011436302447026
180000000 0.010778802315
200000000 0.010427202747
#Header 
#Target 23 55 0
#Product 22 47 0
#Datapoints 20
1000000 0
40000000 0
45000000 1.735749862E-10
50000000 9.3074704668E-6
55000000 0.00042072805290252
60000000 0.00179051033744
65000000 0.00290024951645
70000000 0.00348769991787
75000000 0.00437277963663
80000000 0.00480233025296
90000000 0.0064414408875283
100000000 0.0118478972572
110000000 0.0183429988392
120000000 0.0230341035396
130000000 0.025072005259756
140000000 0.025766203305381
150000000 0.0252185006775
160000000 0.024454703480423
180000000 0.0233317999604
200000000 0.021180901014
#Header 
#Target 23 55 0
#Product 22 48 0
#Datapoints 22
1000000 0
30000000 0
35000000 2.6053303276E-7
40000000 0.00043372997682
45000000 0.0050102603609
50000000 0.011891905164
55000000 0.014792099407632
60000000 0.0136670990024
65000000 0.011360196289
70000000 0.010338602193
75000000 0.0111084012144
80000000 0.013921396634
90000000 0.025145604268329
100000000 0.0369679023283
110000000 0.0431818963114
120000000 0.0451349975134
130000000 0.045024207007986
140000000 0.043761508141659
150000000 0.0423205979175
160000000 0.041181709004151
180000000 0.0383888020692
200000000 0.037217094642
#Header 
#Target 23 55 0
#Product 22 49 0
#Datapoints 26
1000000 0
22000000 0
24000000 5.869290612E-10
26000000 1.8851103112E-6
28000000 0.0001360780216
30000000 0.0014290804171
35000000 0.015022703696
40000000 0.027257102562
45000000 0.0270070974
50000000 0.019965001176
55000000 0.014078198040291
60000000 0.01174760231
65000000 0.0119959981154
70000000 0.0145662029877
75000000 0.0194246025708
80000000 0.0250260003052
90000000 0.03492050385086
100000000 0.0390979999785
110000000 0.0392647047716
120000000 0.0387994967693
130000000 0.038196703102031
140000000 0.036724706910738
150000000 0.0365028969915
160000000 0.035087206079019
180000000 0.0338786005486
200000000 0.031789602468
#Header 
#Target 23 55 0
#Product 22 50 0
#Datapoints 37
1000000 0
10000000 0
11000000 4.678599575791E-14
12000000 3.127242856E-10
13000000 3.5549897977E-8
14000000 1.1807298104E-6
15000000 1.9000904563E-5
16000000 0.00015267996744
17000000 0.0007077249357
18000000 0.0020874803151
19000000 0.0045555199128
20000000 0.0078846800976
22000000 0.01653789718
24000000 0.025541402031
26000000 0.03313480032
28000000 0.03892549534
30000000 0.041793896193
35000000 0.033273997757
40000000 0.020836302036
45000000 0.014739699404
50000000 0.0142438986
55000000 0.018046098069924
60000000 0.0238544958256
65000000 0.0300318016622
70000000 0.0361570982013
75000000 0.0406781995536
80000000 0.0442666023212
90000000 0.046170609227795
100000000 0.045985098931
110000000 0.0457499986888
120000000 0.0442375993197
130000000 0.042876106484191
140000000 0.041972101545759
150000000 0.0402798042975
160000000 0.039676706015735
180000000 0.0372104005878
200000000 0.036185499753
#Header 
#Target 23 55 0
#Product 22 51 0
#Datapoints 43
1000000 0
4000000 0
5000000 4.461356692E-12
6000000 1.419550185E-8
7000000 1.86652007675E-6
8000000 4.2185301366442E-5
9000000 0.000352789010576
10000000 0.00152329045592
11000000 0.0038835604607446
12000000 0.007188439898
13000000 0.010989195393
14000000 0.014806995992
15000000 0.018619001311
16000000 0.022009204952
17000000 0.024730203502
18000000 0.026442101892
19000000 0.026887400496
20000000 0.0261638016
22000000 0.022585397251
24000000 0.01828399659
26000000 0.014463196804
28000000 0.011421905019
30000000 0.0090568204734
35000000 0.005999189196
40000000 0.0066591295002
45000000 0.0087679195993
50000000 0.011923202268
55000000 0.015734097620406
60000000 0.0189199976228
65000000 0.021490604473
70000000 0.0231272032698
75000000 0.0239143019886
80000000 0.024217098394
90000000 0.023932501677391
100000000 0.0235692968583
110000000 0.0230288017372
120000000 0.0222364986263
130000000 0.021543603775001
140000000 0.020849803438695
150000000 0.0200767972191
160000000 0.019504203658669
180000000 0.0181723028708
200000000 0.017243801133
#Header 
#Target 23 55 0
#Product 22 52 0
#Datapoints 46
1000000 0
1000000 3.0737491136E-9
2000000 3.9416800248E-6
3000000 8.9930194695E-5
4000000 0.00035562609977
5000000 0.00081621916922
6000000 0.001638599925
7000000 0.00297738009715
8000000 0.0047817905878964
9000000 0.00674817035424
10000000 0.0083284190133
11000000 0.0087774011335856
12000000 0.0082435105332
13000000 0.0073739099159
14000000 0.0066015396024
15000000 0.0056867497061
16000000 0.0048677397776
17000000 0.0041934897308
18000000 0.0036034803156
19000000 0.0031286804256
20000000 0.0026957904288
22000000 0.0019460794563
24000000 0.0016661596725
26000000 0.0019774199812
28000000 0.0028061905219
30000000 0.0039469101875
35000000 0.0067961499606
40000000 0.0094924701948
45000000 0.013173099039
50000000 0.016877997864
55000000 0.019766806628697
60000000 0.0219402969928
65000000 0.0231740976935
70000000 0.0237940037034
75000000 0.0239688987069
80000000 0.0236701986624
90000000 0.023290898769607
100000000 0.0223384011093
110000000 0.0213633020202
120000000 0.0206594036729
130000000 0.019590301944038
140000000 0.018853702549836
150000000 0.0181331982798
160000000 0.01713070243831
180000000 0.015945502563
200000000 0.014574999036
#Header 
#Target 23 55 0
#Product 22 53 0
#Datapoints 35
1000000 0
12000000 0
13000000 1.838715087E-12
14000000 1.809563496E-10
15000000 6.2893204931E-9
16000000 9.5459697305E-8
17000000 7.7366902712E-7
18000000 4.8909997605E-6
19000000 2.6651203416E-5
20000000 0.000102940991872
22000000 0.00054528495779
24000000 0.0011712399654
26000000 0.0017225698672
28000000 0.0022208905176
30000000 0.0029036895335
35000000 0.0061488705278
40000000 0.0098364397794
45000000 0.012612499054
50000000 0.014526797904
55000000 0.015831904862454
60000000 0.0166286025188
65000000 0.0170421017312
70000000 0.017130498021
75000000 0.0169039946403
80000000 0.0166721011748
90000000 0.016072102476143
100000000 0.015261403247
110000000 0.014728498995
120000000 0.0139227039948
130000000 0.013252305578814
140000000 0.012475198762257
150000000 0.0118459983219
160000000 0.011258003312934
180000000 0.0101368012488
200000000 0.009285631758
#Header 
#Target 23 55 0
#Product 22 54 0
#Datapoints 35
1000000 0
12000000 0
13000000 8.000860186E-12
14000000 1.625790784E-10
15000000 8.688951363E-10
16000000 7.9788401735E-9
17000000 4.8802005272E-8
18000000 1.7259994857E-7
19000000 4.2997996944E-7
20000000 7.3397597136E-7
22000000 1.7073900958E-6
24000000 5.9049192699E-6
26000000 4.0205601048E-5
28000000 0.00012368198371
30000000 0.00024659103651
35000000 0.00056431903528
40000000 0.00077803900896
45000000 0.00096518001187
50000000 0.0010223395884
55000000 0.0010472305507848
60000000 0.00107868010024
65000000 0.00110767991659
70000000 0.0011185402326
75000000 0.0011120700045
80000000 0.00109925971664
90000000 0.0010737799459468
100000000 0.00104005023683
110000000 0.0008775647979
120000000 0.00081472596404
130000000 0.000754379970159
140000000 0.0007057163685033
150000000 0.00066742997202
160000000 0.00063327710602243
180000000 0.00057519601303
200000000 0.00052524998565
#Header 
#Target 23 55 0
#Product 23 46 0
#Datapoints 13
1000000 0
75000000 0
80000000 2.8588739272E-13
90000000 5.7971914408585E-8
100000000 3.03982004793E-6
110000000 1.93339993266E-5
120000000 5.25696996618E-5
130000000 8.887439994925E-5
140000000 0.00011929901751075
150000000 0.000135739022337
160000000 0.00014205700163108
180000000 0.000134361022554
200000000 0.00012802800933
#Header 
#Target 23 55 0
#Product 23 47 0
#Datapoints 16
1000000 0
60000000 0
65000000 3.5480281304E-14
70000000 8.08104035766E-9
75000000 7.89502033533E-7
80000000 9.5689668156E-6
90000000 0.00014599699186084
100000000 0.000623651970152
110000000 0.00126220003196
120000000 0.00172837983427
130000000 0.0019611404181988
140000000 0.0020094903212538
150000000 0.00193179002202
160000000 0.0018573901072643
180000000 0.0016896202029
200000000 0.0015641201433
#Header 
#Target 23 55 0
#Product 23 48 0
#Datapoints 18
1000000 0
50000000 0
55000000 1.281598039662E-11
60000000 4.98329045092E-7
65000000 2.17553965213E-5
70000000 0.00012615599283
75000000 0.000467009038464
80000000 0.00128366975932
90000000 0.0044351507719056
100000000 0.00759486049066
110000000 0.0089265629866
120000000 0.0092382697163
130000000 0.008807494702949
140000000 0.008287868453634
150000000 0.0077666519802
160000000 0.007414718769292
180000000 0.0066993875094
200000000 0.0061610798028
#Header 
#Target 23 55 0
#Product 23 49 0
#Datapoints 20
1000000 0
40000000 0
45000000 2.3274101865E-8
50000000 5.728349322E-5
55000000 0.00058604711366619
60000000 0.0019327602286
65000000 0.00522748015985
70000000 0.01055219898
75000000 0.0183275016522
80000000 0.0251578036244
90000000 0.032344108805695
100000000 0.0335176031316
110000000 0.0314672983632
120000000 0.0294920044561
130000000 0.027378301035166
140000000 0.025473304227294
150000000 0.0244510992297
160000000 0.023447500475171
180000000 0.0215899014
200000000 0.019975499388
#Header 
#Target 23 55 0
#Product 23 50 0
#Datapoints 22
1000000 0
30000000 0
35000000 3.8355904587E-8
40000000 0.00030007098348
45000000 0.0020852297487
50000000 0.0070584802596
55000000 0.020165803329687
60000000 0.0373909992836
65000000 0.0504824026369
70000000 0.0583655050287
75000000 0.0647089055379
80000000 0.0657507046456
90000000 0.061801305084799
100000000 0.0567341010521
110000000 0.0519594944092
120000000 0.0479432946327
130000000 0.04514391034692
140000000 0.043095106273758
150000000 0.0407731034511
160000000 0.038230404712641
180000000 0.035170301709
200000000 0.03296199855
#Header 
#Target 23 55 0
#Product 23 51 0
#Datapoints 27
1000000 0
20000000 0
22000000 2.619410407E-13
24000000 1.191410064E-6
26000000 0.00013540500084
28000000 0.00087077896958
30000000 0.0021969000319
35000000 0.0080108603575
40000000 0.036142198086
45000000 0.086899799739
50000000 0.12900503556
55000000 0.1450229872986
60000000 0.1448199669
65000000 0.140163000692
70000000 0.136051959642
75000000 0.1278330363
80000000 0.120973986328
90000000 0.10739399730065
100000000 0.096426889367
110000000 0.08863327739
120000000 0.08242120508
130000000 0.07722024196005
140000000 0.07262851043448
150000000 0.0674297057523
160000000 0.064847203928712
180000000 0.058687700441
200000000 0.053566898151
#Header 
#Target 23 55 0
#Product 23 52 0
#Datapoints 33
1000000 0
14000000 0
15000000 5.121172127E-10
16000000 1.5513702806E-6
17000000 4.5644007584E-5
18000000 0.00031151097075
19000000 0.00079660701
20000000 0.0015372798912
22000000 0.0032304298641
24000000 0.0051422707152
26000000 0.0086939207108
28000000 0.017232502983
30000000 0.036585403057
35000000 0.11359905557
40000000 0.16402901064
45000000 0.170373039
50000000 0.16113599244
55000000 0.15007902209802
60000000 0.14311398056
65000000 0.136025022887
70000000 0.129041022228
75000000 0.122646043635
80000000 0.11405197754
90000000 0.10390597602326
100000000 0.09349398536
110000000 0.085169775698
120000000 0.077843676445
130000000 0.071294411645145
140000000 0.064560510334089
150000000 0.0616537047228
160000000 0.055565210259077
180000000 0.0488172986102
200000000 0.044034697434
#Header 
#Target 23 55 0
#Product 23 53 0
#Datapoints 42
1000000 0
5000000 0
6000000 1.249365E-12
7000000 5.359659958E-8
8000000 2.7840903287314E-6
9000000 1.25143023668E-5
10000000 2.49082982113E-5
11000000 8.0976307030977E-5
12000000 0.00026223599884
13000000 0.00059201508971
14000000 0.0011098899248
15000000 0.0020744999001
16000000 0.0040556899635
17000000 0.0073412596782
18000000 0.013244500941
19000000 0.023423402736
20000000 0.036392096512
22000000 0.074317399158
24000000 0.11733196281
26000000 0.16114199964
28000000 0.19853103917
30000000 0.22013204584
35000000 0.2319819502
40000000 0.2249650326
45000000 0.21516597841
50000000 0.19855099728
55000000 0.18927502126473
60000000 0.179482039648
65000000 0.170857979695
70000000 0.160805979594
75000000 0.148569003858
80000000 0.140960024996
90000000 0.12178197337587
100000000 0.107405991686
110000000 0.095990213942
120000000 0.086472976678
130000000 0.07862987145511
140000000 0.07188862332267
150000000 0.0651988949211
160000000 0.061479805508178
180000000 0.0531024014308
200000000 0.046394600187
#Header 
#Target 23 55 0
#Product 23 54 0
#Datapoints 42
1000000 0
5000000 0
6000000 1.0177197E-12
7000000 8.6733513175E-8
8000000 2.1051301224174E-5
9000000 0.000442469006655
10000000 0.00239913990934
11000000 0.0077284800197807
12000000 0.017670804188
13000000 0.033043401105
14000000 0.050961101872
15000000 0.069885598612
16000000 0.090268894569
17000000 0.109140997934
18000000 0.12597404796
19000000 0.13928302728
20000000 0.15871095456
22000000 0.17156794486
24000000 0.17560802175
26000000 0.17903996184
28000000 0.17705205956
30000000 0.17675902426
35000000 0.16805197409
40000000 0.15733099284
45000000 0.14449699212
50000000 0.13681504908
55000000 0.12735597016362
60000000 0.118696041784
65000000 0.11088000742
70000000 0.102523958508
75000000 0.095576091339
80000000 0.088068573748
90000000 0.077153204560282
100000000 0.0669794028419
110000000 0.0587202992964
120000000 0.0515869017316
130000000 0.045274107578421
140000000 0.041527204299735
150000000 0.0375466005144
160000000 0.034158007262357
180000000 0.029671499321
200000000 0.026175500559
#Header 
#Target 23 55 0
#Product 23 55 0
#Datapoints 46
1000000 0
1000000 0
2000000 1.779619698E-8
3000000 1.9848597615E-5
4000000 0.00072836903275
5000000 0.0051284579432
6000000 0.01393060035
7000000 0.023222401982
8000000 0.032028807349006
9000000 0.0413449015009
10000000 0.0517649965943
11000000 0.062273603006011
12000000 0.071515996744
13000000 0.077551294062
14000000 0.081257003336
15000000 0.083770300009
16000000 0.084320396951
17000000 0.084659104284
18000000 0.084224700339
19000000 0.08276059692
20000000 0.081607102464
22000000 0.078814703623
24000000 0.075087199305
26000000 0.071536103016
28000000 0.06891310571
30000000 0.066389194403
35000000 0.060367499192
40000000 0.05457590049
45000000 0.04983019961
50000000 0.04698969894
55000000 0.045092399474463
60000000 0.04092289624
65000000 0.0374343003853
70000000 0.0343202997216
75000000 0.0308516948412
80000000 0.028110203068
90000000 0.023224702804658
100000000 0.019092602418
110000000 0.0154920990014
120000000 0.0126817984811
130000000 0.010454699630821
140000000 0.008568341679744
150000000 0.007147848816
160000000 0.0060405703310986
180000000 0.0043911699805
200000000 0.0033792203679
#Header 
#Target 23 55 0
#Product 24 48 0
#Datapoints 16
1000000 0
60000000 0
65000000 1.2977039673E-14
70000000 1.9852897521E-9
75000000 1.35326016213E-7
80000000 1.21697011492E-6
90000000 9.086198355349E-6
100000000 1.97790024784E-5
110000000 2.45222979526E-5
120000000 2.51834024172E-5
130000000 2.2942603464775E-5
140000000 2.0254607226777E-5
150000000 1.78046976654E-5
160000000 1.5720603424295E-5
180000000 1.20849032676E-5
200000000 1.0045299615E-5
#Header 
#Target 23 55 0
#Product 24 49 0
#Datapoints 18
1000000 0
50000000 0
55000000 2.554737232455E-10
60000000 1.0559502994E-6
65000000 1.91477962078E-5
70000000 7.55105968962E-5
75000000 0.000183460977624
80000000 0.000295771028712
90000000 0.00041976706153108
100000000 0.000411729977104
110000000 0.000350282984366
120000000 0.000290947984277
130000000 0.00024116703371109
140000000 0.00020244502918332
150000000 0.000172446992361
160000000 0.000151351008888
180000000 0.000118278992736
200000000 9.610518957E-5
#Header 
#Target 23 55 0
#Product 24 50 0
#Datapoints 20
1000000 0
40000000 0
45000000 3.0050803291E-5
50000000 0.0010290901608
55000000 0.0036873301050093
60000000 0.00600023018308
65000000 0.00689500035484
70000000 0.00707284031568
75000000 0.00688141055883
80000000 0.00615847061484
90000000 0.0046203808750282
100000000 0.00347105019019
110000000 0.00267213970366
120000000 0.00214033025379
130000000 0.0017822699807035
140000000 0.0014954201683575
150000000 0.00127759025874
160000000 0.0011291399066496
180000000 0.0009078491555
200000000 0.0007398549951
#Header 
#Target 23 55 0
#Product 24 51 0
#Datapoints 22
1000000 0
30000000 0
35000000 0.00097295001804
40000000 0.016408496118
45000000 0.033100295084
50000000 0.036676600092
55000000 0.03124010812938
60000000 0.0248349964828
65000000 0.0198675960938
70000000 0.0160957987671
75000000 0.013140004509
80000000 0.0108067006648
90000000 0.0076923805364042
100000000 0.00582415047469
110000000 0.00466745968752
120000000 0.00388069981471
130000000 0.0033303401713369
140000000 0.0028969003363608
150000000 0.00256665981027
160000000 0.0022656905477303
180000000 0.00190114969228
200000000 0.0016003798356
#Header 
#Target 23 55 0
#Product 24 52 0
#Datapoints 28
1000000 0
19000000 0
20000000 7.5506707648E-5
22000000 0.0052431797916
24000000 0.03156319743
26000000 0.0807991027
28000000 0.13345698834
30000000 0.17188300591
35000000 0.19464596151
40000000 0.15240702438
45000000 0.102792998548
50000000 0.071819401032
55000000 0.053795404290546
60000000 0.0426715959828
65000000 0.0347971961662
70000000 0.0290599008897
75000000 0.0245364018903
80000000 0.0211048982496
90000000 0.016448905277729
100000000 0.0134246976146
110000000 0.0112660025968
120000000 0.0096667437187
130000000 0.008463621217277
140000000 0.007476160336953
150000000 0.00664839986994
160000000 0.0060110707487855
180000000 0.00495394021906
200000000 0.0041745503592
#Header 
#Target 23 55 0
#Product 24 53 0
#Datapoints 37
1000000 0
10000000 0
11000000 9.92705605696E-6
12000000 0.0075968896408
13000000 0.045491997364
14000000 0.11875899616
15000000 0.21079996131
16000000 0.3047039975
17000000 0.3838070443
18000000 0.44468096178
19000000 0.4869520164
20000000 0.50697504432
22000000 0.51924109254
24000000 0.48702099039
26000000 0.41423802992
28000000 0.33109197499
30000000 0.25702098485
35000000 0.14760597852
40000000 0.100272000966
45000000 0.076069099276
50000000 0.06052569642
55000000 0.050106607271586
60000000 0.0423889962528
65000000 0.0365323946143
70000000 0.031806195024
75000000 0.0276590001777
80000000 0.0242697993476
90000000 0.019653499949028
100000000 0.0160662028623
110000000 0.0133756002982
120000000 0.0113569024917
130000000 0.009770758215609
140000000 0.008392044223332
150000000 0.0074192030973
160000000 0.0065407609171778
180000000 0.00532096006088
200000000 0.0044812895946
#Header 
#Target 23 55 0
#Product 24 54 0
#Datapoints 46
1000000 0
1000000 0
2000000 0.0012651998256
3000000 0.041606493885
4000000 0.186868010726
5000000 0.375277998218
6000000 0.522080028
7000000 0.61810601036
8000000 0.69180408578775
9000000 0.755077019278
10000000 0.804517948777
11000000 0.83723007943858
12000000 0.84768697456
13000000 0.81774002101
14000000 0.74695497456
15000000 0.65303803396
16000000 0.55269601562
17000000 0.4630070153
18000000 0.38795300577
19000000 0.3279069972
20000000 0.27900204992
22000000 0.2156519815
24000000 0.17727300954
26000000 0.15042002148
28000000 0.13128102332
30000000 0.11656500961
35000000 0.088724094459
40000000 0.070291294584
45000000 0.05700710296
50000000 0.047330501904
55000000 0.039928404869952
60000000 0.0341958988776
65000000 0.0296954975044
70000000 0.0259245981816
75000000 0.0225749036697
80000000 0.0198171969692
90000000 0.015912400344483
100000000 0.0127040994917
110000000 0.0104264991292
120000000 0.0086523328392
130000000 0.007286288018891
140000000 0.0063236908861203
150000000 0.00546191000793
160000000 0.0048782305226461
180000000 0.00391405991042
200000000 0.0032455396506
#Header 
#Target 23 55 0
#Product 24 55 0
#Datapoints 46
1000000 0
1000000 2.87312987904E-5
2000000 0.0095579698036
3000000 0.072074006235
4000000 0.125843000468
5000000 0.12724201999
6000000 0.1064429955
7000000 0.08645822678
8000000 0.073167108598922
9000000 0.0646183070613
10000000 0.0585656035185
11000000 0.053876408431775
12000000 0.049827797
13000000 0.046210499522
14000000 0.043023897336
15000000 0.040193403625
16000000 0.037527499982
17000000 0.035026601564
18000000 0.032436505458
19000000 0.030550201704
20000000 0.028615205968
22000000 0.025067894269
24000000 0.022054702887
26000000 0.019466900892
28000000 0.017275496666
30000000 0.015412497275
35000000 0.011867501646
40000000 0.0093536796918
45000000 0.0074444194024
50000000 0.0062577796104
55000000 0.0051855807251286
60000000 0.00450550945176
65000000 0.00391472057704
70000000 0.00339305949276
75000000 0.00294651017169
80000000 0.00256392006888
90000000 0.002017859990807
100000000 0.00159022006796
110000000 0.00131170961782
120000000 0.00109011020416
130000000 0.0009339299712493
140000000 0.0007928511695643
150000000 0.00069523081674
160000000 0.00060930707170792
180000000 0.000494379968574
200000000 0.00028626499122
#Header 
#Target 23 55 0
#Product 24 56 0
#Datapoints 46
1000000 0
1000000 1.87062997824E-9
2000000 6.0014698916E-7
3000000 3.553930215E-5
4000000 0.000147328995874
5000000 0.000325985977576
6000000 0.0005325310275
7000000 0.000713737986075
8000000 0.00086964813325
9000000 0.00099295763513
10000000 0.0010618497056
11000000 0.0010509105077087
12000000 0.00100419004344
13000000 0.00092145406892
14000000 0.000811685028
15000000 0.00070462900547
16000000 0.00061778295313
17000000 0.00055275596926
18000000 0.00049468096239
19000000 0.00045465603624
20000000 0.00041570405632
22000000 0.000358452954
24000000 0.00031744696305
26000000 0.0002873930582
28000000 0.00026205599768
30000000 0.00023913604085
35000000 0.00019427301894
40000000 0.00017101801404
45000000 0.00014792799053
50000000 0.00013732900056
55000000 0.00011971205385834
60000000 0.000111208966832
65000000 0.000100337957369
70000000 9.2072354421E-5
75000000 8.31966051123E-5
80000000 7.52856976828E-5
90000000 6.2885906759118E-5
100000000 5.39413973763E-5
110000000 4.62100982294E-5
120000000 4.02429982028E-5
130000000 3.580720728269E-5
140000000 3.2111303437983E-5
150000000 2.79803975529E-5
160000000 2.5013103093791E-5
180000000 1.99746975224E-5
200000000 1.5078098373E-5
