#Header 
#Target 53 136 0
#Product 0 1 0
#Datapoints 45
1000000 0
2000000 1.22842349E-7
3000000 6.601430925E-5
4000000 0.00225687264
5000000 0.02076974118
6000000 0.09224657792
7000000 0.2627493678
8000000 0.543653428
9000000 0.879756129
10000000 1.2212984834
11000000 1.568864030667
12000000 1.9132468929
13000000 2.2333148663
14000000 2.513390028
15000000 2.739220624
16000000 2.937938022
17000000 3.11729516
18000000 3.272204335
19000000 3.390254605
20000000 3.51017856
22000000 3.830754464
24000000 4.141852132
26000000 4.3979355
28000000 4.54958322
30000000 4.691181144
35000000 5.032620684
40000000 5.21277687
45000000 5.345257861
50000000 5.401124713
55000000 5.465503143
60000000 5.501067661
65000000 5.538224053
70000000 5.579587962
75000000 5.63943177
80000000 5.701260398
90000000 5.88657951
100000000 6.087445275
110000000 6.298387732
120000000 6.508502833
130000000 6.720833672
140000000 6.940839339
150000000 7.18001108
160000000 7.414868462
180000000 7.875450366
200000000 8.342235398
#Header 
#Target 53 136 0
#Product 1 1 0
#Datapoints 45
1000000 0
2000000 3.874078836E-18
3000000 1.8685273801E-12
4000000 2.75280324E-9
5000000 2.829971082E-7
6000000 6.486473152E-6
7000000 5.833126754E-5
8000000 0.00028526582904
9000000 0.0009743261031
10000000 0.0026607179044
11000000 0.005973223763886
12000000 0.011203144848
13000000 0.018220853091
14000000 0.02690114336
15000000 0.03715891704
16000000 0.04873910487
17000000 0.0612060458
18000000 0.0743175673
19000000 0.08798726715
20000000 0.1066903968
22000000 0.14014373671
24000000 0.1772508911
26000000 0.2152444263
28000000 0.2538696888
30000000 0.2927300376
35000000 0.3914207433
40000000 0.48610797
45000000 0.5721750673
50000000 0.6484040334
55000000 0.7186907472
60000000 0.7766852068
65000000 0.831609411
70000000 0.8755438042
75000000 0.916648152
80000000 0.95046918
90000000 1.0110414132
100000000 1.0626923825
110000000 1.107785293
120000000 1.1483843532
130000000 1.1823201068
140000000 1.211523011
150000000 1.2365278185
160000000 1.252860099
180000000 1.288856744
200000000 1.334397915
#Header 
#Target 53 136 0
#Product 1 2 0
#Datapoints 44
1000000 0
3000000 0
4000000 1.341839664E-15
5000000 1.414416776E-11
6000000 8.33467192E-9
7000000 1.411134032E-6
8000000 3.693370552E-5
9000000 0.00032375912184
10000000 0.0013915210732
11000000 0.00369242393158
12000000 0.0071951762085
13000000 0.011503921737
14000000 0.01628360284
15000000 0.02121018032
16000000 0.02611584765
17000000 0.03088887184
18000000 0.03546489405
19000000 0.0398091373
20000000 0.043908552
22000000 0.05352803615
24000000 0.06147906215
26000000 0.05927874099
28000000 0.0648592308
30000000 0.0699271326
35000000 0.08073655344
40000000 0.08901105705
45000000 0.09404082236
50000000 0.10376802391
55000000 0.1035778596
60000000 0.11038237871
65000000 0.1104271347
70000000 0.11514745918
75000000 0.1156122681
80000000 0.1197142875
90000000 0.11406811626
100000000 0.11178909525
110000000 0.10892173999
120000000 0.10818556434
130000000 0.1081396148
140000000 0.10740831439
150000000 0.10660183035
160000000 0.10407858092
180000000 0.10078906558
200000000 0.09840487208
#Header 
#Target 53 136 0
#Product 1 3 0
#Datapoints 43
1000000 0
4000000 0
5000000 3.160621118E-19
6000000 6.591418352E-13
7000000 1.1494021738E-9
8000000 1.0138097192E-7
9000000 2.7889299081E-6
10000000 2.9547711308E-5
11000000 0.0001535908776751
12000000 0.00047353613853
13000000 0.0010465127574
14000000 0.001851692968
15000000 0.0028464478
16000000 0.003974876451
17000000 0.00508955175
18000000 0.00634149919
19000000 0.007596886195
20000000 0.00882999888
22000000 0.011166597461
24000000 0.013278484963
26000000 0.015145295361
28000000 0.01682299164
30000000 0.01826465628
35000000 0.02069070282
40000000 0.02194206405
45000000 0.02277725042
50000000 0.0233934043
55000000 0.02423518578
60000000 0.02519578739
65000000 0.02641048576
70000000 0.02784584478
75000000 0.0296249184
80000000 0.03181452944
90000000 0.03834913908
100000000 0.04970512175
110000000 0.06331558129
120000000 0.08181075623
130000000 0.10308101076
140000000 0.12480327649
150000000 0.145489479
160000000 0.1633010722
180000000 0.1944763548
200000000 0.2188120625
#Header 
#Target 53 136 0
#Product 2 3 0
#Datapoints 39
1000000 0
8000000 0
9000000 1.1579707503E-20
10000000 1.6003911228E-17
11000000 3.85918545742E-15
12000000 2.5446448083E-13
13000000 6.8321060366E-12
14000000 1.0282356204E-10
15000000 1.1121118106E-9
16000000 9.952166598E-9
17000000 7.440261216E-8
18000000 4.518374325E-7
19000000 2.19561179E-6
20000000 8.71173456E-6
22000000 7.584897913E-5
24000000 0.000316049182
26000000 0.0007965196389
28000000 0.0015090973716
30000000 0.002364133044
35000000 0.004790890233
40000000 0.007192957365
45000000 0.009409214417
50000000 0.011286868304
55000000 0.012750934386
60000000 0.013946027464
65000000 0.015010441481
70000000 0.01599434226
75000000 0.0169867131
80000000 0.01798042562
90000000 0.02012484768
100000000 0.0225604955
110000000 0.02398558518
120000000 0.02542428091
130000000 0.026877648
140000000 0.02835593966
150000000 0.02985654015
160000000 0.03113804376
180000000 0.03364728654
200000000 0.03603202202
#Header 
#Target 53 136 0
#Product 2 4 0
#Datapoints 45
1000000 0
2000000 1.304360616E-13
3000000 1.4845679126E-10
4000000 2.444442E-6
5000000 1.152910603E-5
6000000 4.4608487184E-5
7000000 0.0001422714528
8000000 0.0003726631988
9000000 0.0008078969871
10000000 0.0015353598804
11000000 0.002489725146868
12000000 0.0037453971282
13000000 0.0055969847471
14000000 0.009960269244
15000000 0.02092394598
16000000 0.02661575258
17000000 0.02352642927
18000000 0.01531843105
19000000 0.0151894619
20000000 0.0154961616
22000000 0.0164164382
24000000 0.01728014061
26000000 0.0179625027
28000000 0.0184561104
30000000 0.0188108076
35000000 0.01927499193
40000000 0.01955227995
45000000 0.01993694533
50000000 0.02104318245
55000000 0.02303765028
60000000 0.02624994326
65000000 0.03059756802
70000000 0.03626701806
75000000 0.042853482
80000000 0.04996612102
90000000 0.06388498746
100000000 0.07418432
110000000 0.07978212486
120000000 0.08061221791
130000000 0.07948527916
140000000 0.07721441398
150000000 0.07503550965
160000000 0.07247560798
180000000 0.06657075222
200000000 0.06310137825
#Header 
#Target 53 136 0
#Product 48 111 0
#Datapoints 9
1000000 0
110000000 0
120000000 5.443174891E-15
130000000 5.45995814E-11
140000000 5.9588706962E-9
150000000 8.8490299515E-8
160000000 4.7536495698E-7
180000000 3.0915897992E-6
200000000 7.2495705343E-6
#Header 
#Target 53 136 0
#Product 49 112 0
#Datapoints 8
1000000 0
120000000 0
130000000 6.637746332E-13
140000000 1.3338500231E-9
150000000 5.273149591E-8
160000000 5.2564993352E-7
180000000 6.1378297232E-6
200000000 1.7808697792E-5
#Header 
#Target 53 136 0
#Product 49 113 0
#Datapoints 9
1000000 0
110000000 0
120000000 1.136699424E-13
130000000 1.0969098084E-9
140000000 9.426580611E-8
150000000 1.2300499927E-6
160000000 7.3453206096E-6
180000000 4.9747197052E-5
200000000 0.000114630997326
#Header 
#Target 53 136 0
#Product 49 114 0
#Datapoints 9
1000000 0
110000000 0
120000000 3.994850041E-12
130000000 1.134138838E-9
140000000 2.9455205176E-8
150000000 2.4077502715E-7
160000000 1.01342002882E-6
180000000 4.4482397736E-6
200000000 7.55299034E-6
#Header 
#Target 53 136 0
#Product 49 115 0
#Datapoints 10
1000000 0
100000000 0
110000000 5.453832336E-13
120000000 6.781560891E-10
130000000 5.0494597384E-8
140000000 7.1604007443E-7
150000000 3.8847705615E-6
160000000 1.17942995298E-5
180000000 2.7831094564E-5
200000000 5.0263397742E-5
#Header 
#Target 53 136 0
#Product 50 113 0
#Datapoints 8
1000000 0
120000000 0
130000000 1.918532952E-10
140000000 6.5454791328E-8
150000000 8.9306001625E-7
160000000 4.1117400908E-6
180000000 2.7175905162E-5
200000000 5.1096497995E-5
#Header 
#Target 53 136 0
#Product 50 114 0
#Datapoints 9
1000000 0
110000000 0
120000000 2.721034337E-10
130000000 2.9861603408E-7
140000000 9.0668801431E-6
150000000 6.178660407E-5
160000000 0.00019126597752
180000000 0.0006256569823
200000000 0.00111352001921
#Header 
#Target 53 136 0
#Product 50 115 0
#Datapoints 10
1000000 0
100000000 0
110000000 1.0420287107E-12
120000000 2.0500495386E-8
130000000 2.073119664E-6
140000000 2.1529799631E-5
150000000 8.508850389E-5
160000000 0.0001800350521
180000000 0.00037990098426
200000000 0.00062026103301
#Header 
#Target 53 136 0
#Product 50 116 0
#Datapoints 11
1000000 0
90000000 0
100000000 3.866426575E-14
110000000 2.1670405802E-9
120000000 5.6098503818E-7
130000000 1.04539002456E-5
140000000 5.1643502917E-5
150000000 0.000126460000215
160000000 0.00020382497822
180000000 0.00036575394268
200000000 0.00048493305578
#Header 
#Target 53 136 0
#Product 50 117 0
#Datapoints 11
1000000 0
90000000 0
100000000 7.894146375E-12
110000000 1.02445007345E-8
120000000 5.3952401867E-7
130000000 3.801450338E-6
140000000 1.04719994866E-5
150000000 1.9020706675E-5
160000000 2.6925106698E-5
180000000 4.7240506362E-5
200000000 5.0552594609E-5
#Header 
#Target 53 136 0
#Product 50 118 0
#Datapoints 12
1000000 0
80000000 0
90000000 8.755428612E-13
100000000 5.622040305E-9
110000000 8.1606901042E-7
120000000 1.28714001948E-5
130000000 4.66922015E-5
140000000 9.9753607136E-5
150000000 0.00016032905185
160000000 0.00021535295958
180000000 0.0002947559391
200000000 0.00029286598189
#Header 
#Target 53 136 0
#Product 50 119 0
#Datapoints 12
1000000 0
80000000 0
90000000 7.617440124E-11
100000000 8.275180385E-8
110000000 3.0395098622E-6
120000000 1.8286504488E-5
130000000 3.8842104252E-5
140000000 6.4539295489E-5
150000000 9.0893805595E-5
160000000 0.000115226996514
180000000 0.00013857097898
200000000 0.00015666201415
#Header 
#Target 53 136 0
#Product 50 120 0
#Datapoints 14
1000000 0
70000000 0
75000000 8.2562781E-15
80000000 4.42759849E-12
90000000 3.1115298816E-8
100000000 2.692610455E-6
110000000 2.4143294453E-5
120000000 5.8790995025E-5
130000000 9.9324497328E-5
140000000 0.00014416396566
150000000 0.00017418195755
160000000 0.00019982494196
180000000 0.00020934004322
200000000 0.00023167505717
#Header 
#Target 53 136 0
#Product 50 121 0
#Datapoints 15
1000000 0
65000000 0
70000000 2.994693312E-15
75000000 2.18933862E-12
80000000 3.303880378E-10
90000000 1.35317994756E-7
100000000 1.7103205825E-6
110000000 4.7439997832E-6
120000000 7.5626798345E-6
130000000 1.1066200964E-5
140000000 1.29602010522E-5
150000000 1.5569805455E-5
160000000 1.6486206196E-5
180000000 1.7998395338E-5
200000000 2.1901704997E-5
#Header 
#Target 53 136 0
#Product 50 122 0
#Datapoints 16
1000000 0
60000000 0
65000000 2.512739869E-13
70000000 1.32526953E-10
75000000 1.4624800071E-8
80000000 3.4294805708E-7
90000000 9.8097507018E-6
100000000 3.3338406E-5
110000000 5.3557098678E-5
120000000 7.1097495266E-5
130000000 8.4508596228E-5
140000000 9.5604501486E-5
150000000 0.000100547005065
160000000 9.9547198862E-5
180000000 0.00011736199573
200000000 0.00016433104447
#Header 
#Target 53 136 0
#Product 50 123 0
#Datapoints 17
1000000 0
55000000 0
60000000 2.467328855E-12
65000000 9.773044304E-10
70000000 5.5159899756E-8
75000000 7.13586972E-7
80000000 3.4272496776E-6
90000000 1.4928205572E-5
100000000 2.304650215E-5
110000000 2.9097395726E-5
120000000 3.5905195333E-5
130000000 4.1694702532E-5
140000000 4.5016997763E-5
150000000 4.6318003255E-5
160000000 4.924129601E-5
180000000 8.3007099098E-5
200000000 0.00014326496341
#Header 
#Target 53 136 0
#Product 50 124 0
#Datapoints 19
1000000 0
45000000 0
50000000 6.62859835E-14
55000000 7.690067898E-11
60000000 1.01381998784E-8
65000000 2.2551192768E-7
70000000 1.475800027E-6
75000000 4.456659417E-6
80000000 8.1400492976E-6
90000000 1.26717002832E-5
100000000 1.5735803575E-5
110000000 2.0552205088E-5
120000000 2.5210193778E-5
130000000 2.7948904676E-5
140000000 3.0480094327E-5
150000000 3.482139823E-5
160000000 4.606610093E-5
180000000 0.000108882002026
200000000 0.00019259395478
#Header 
#Target 53 136 0
#Product 50 125 0
#Datapoints 20
1000000 0
40000000 0
45000000 9.60647951E-13
50000000 5.854517213E-10
55000000 2.914019343E-8
60000000 2.8707294508E-7
65000000 1.06367997218E-6
70000000 2.116179546E-6
75000000 2.867079453E-6
80000000 3.1920504414E-6
90000000 3.8290199262E-6
100000000 5.7744901675E-6
110000000 7.6753203312E-6
120000000 9.7645105397E-6
130000000 1.13370992224E-5
140000000 1.4407302455E-5
150000000 2.3809601955E-5
160000000 4.3262694946E-5
180000000 0.000108772000386
200000000 0.00019024804205
#Header 
#Target 53 136 0
#Product 50 126 0
#Datapoints 22
1000000 0
30000000 0
35000000 1.920709845E-14
40000000 2.922553245E-11
45000000 3.5720295331E-9
50000000 6.3894000079E-8
55000000 3.1904691912E-7
60000000 7.2799191392E-7
65000000 1.05055004678E-6
70000000 1.20537994356E-6
75000000 1.2413698983E-6
80000000 1.47541993438E-6
90000000 2.5005096858E-6
100000000 4.0627606425E-6
110000000 5.5463594783E-6
120000000 6.6693303964E-6
130000000 9.7469201956E-6
140000000 2.1532294242E-5
150000000 4.571930024E-5
160000000 8.2338495034E-5
180000000 0.0001799539987
200000000 0.00027289201271
#Header 
#Target 53 136 0
#Product 50 127 0
#Datapoints 24
1000000 0
26000000 0
28000000 4.834136034E-15
30000000 1.499208672E-13
35000000 1.2487588452E-10
40000000 6.436740246E-9
45000000 5.3736908081E-8
50000000 1.5390400169E-7
55000000 2.3029797054E-7
60000000 2.5246703713E-7
65000000 2.4745605523E-7
70000000 2.9083806466E-7
75000000 4.214189406E-7
80000000 5.9480593732E-7
90000000 1.15634001084E-6
100000000 1.80026022E-6
110000000 2.3035801963E-6
120000000 3.8924799004E-6
130000000 1.1251400566E-5
140000000 2.7315396495E-5
150000000 5.2688897815E-5
160000000 8.5437800098E-5
180000000 0.00014972796454
200000000 0.00020980795386
#Header 
#Target 53 136 0
#Product 50 128 0
#Datapoints 29
1000000 0
18000000 0
19000000 1.179759425E-15
20000000 8.28515616E-15
22000000 2.596160318E-13
24000000 4.438263248E-12
26000000 4.42803072E-11
28000000 3.067109136E-10
30000000 1.3095596748E-9
35000000 1.20639001788E-8
40000000 3.271129689E-8
45000000 4.5425698045E-8
50000000 4.4844095929E-8
55000000 4.2291805272E-8
60000000 4.647909961E-8
65000000 7.0269499956E-8
70000000 1.06319991388E-7
75000000 1.748380368E-7
80000000 2.7133895134E-7
90000000 5.013629649E-7
100000000 6.848319905E-7
110000000 1.5486699245E-6
120000000 6.4374003939E-6
130000000 1.7775004072E-5
140000000 3.5985304834E-5
150000000 5.804239681E-5
160000000 8.1569195988E-5
180000000 0.00011936600158
200000000 0.00014937302095
#Header 
#Target 53 136 0
#Product 50 129 0
#Datapoints 39
1000000 0
8000000 0
9000000 8.377563285E-20
10000000 2.014787151E-18
11000000 2.410849388538E-17
12000000 3.0585439269E-16
13000000 2.1265019943E-15
14000000 1.396430144E-14
15000000 1.1075792938E-13
16000000 5.34841673E-13
17000000 1.860583421E-12
18000000 4.7511922E-12
19000000 1.453787305E-11
20000000 4.4266296E-11
22000000 2.623676259E-10
24000000 1.0459095188E-9
26000000 3.0267693534E-9
28000000 6.6455503842E-9
30000000 1.15357988616E-8
35000000 2.0910994092E-8
40000000 2.029899183E-8
45000000 1.64377994107E-8
50000000 1.46989996883E-8
55000000 2.0286202491E-8
60000000 3.1560295631E-8
65000000 4.771979455E-8
70000000 7.7484995146E-8
75000000 1.136790018E-7
80000000 1.5316500654E-7
90000000 2.156829423E-7
100000000 4.96636957E-7
110000000 2.7497896595E-6
120000000 9.5226000016E-6
130000000 1.9882498692E-5
140000000 3.287910497E-5
150000000 4.4958300175E-5
160000000 5.7679201478E-5
180000000 7.5835596298E-5
200000000 8.7383906939E-5
#Header 
#Target 53 136 0
#Product 50 130 0
#Datapoints 24
1000000 0
26000000 0
28000000 3.110446794E-15
30000000 1.0605586992E-13
35000000 4.791878973E-11
40000000 1.123048812E-9
45000000 4.1839997644E-9
50000000 7.2544597083E-9
55000000 1.23184008564E-8
60000000 2.1998807864E-8
65000000 3.4157806312E-8
70000000 4.616709838E-8
75000000 5.759300106E-8
80000000 6.6801787492E-8
90000000 2.3609699232E-7
100000000 1.905349915E-6
110000000 6.7407503215E-6
120000000 1.4252294973E-5
130000000 2.2729906528E-5
140000000 3.0549798246E-5
150000000 3.7993296895E-5
160000000 4.4767101398E-5
180000000 5.17895021E-5
200000000 5.8279001627E-5
#Header 
#Target 53 136 0
#Product 51 114 0
#Datapoints 7
1000000 0
130000000 0
140000000 3.6763003113E-8
150000000 6.6574601315E-6
160000000 0.000128530989346
180000000 0.0021838195148
200000000 0.0048029702353
#Header 
#Target 53 136 0
#Product 51 115 0
#Datapoints 8
1000000 0
120000000 0
130000000 7.1357593748E-9
140000000 1.9710396675E-6
150000000 6.555309301E-5
160000000 0.00061390202694
180000000 0.0032981399038
200000000 0.0054131302231
#Header 
#Target 53 136 0
#Product 51 116 0
#Datapoints 9
1000000 0
110000000 0
120000000 1.3544998943E-10
130000000 1.06837001124E-7
140000000 4.8163296189E-6
150000000 5.7996492905E-5
160000000 0.00024209904862
180000000 0.00077628799234
200000000 0.00098825498451
#Header 
#Target 53 136 0
#Product 51 117 0
#Datapoints 10
1000000 0
100000000 0
110000000 9.331129662E-12
120000000 3.4529594008E-8
130000000 3.7643098276E-6
140000000 7.2848303571E-5
150000000 0.0004441649874
160000000 0.00121395001268
180000000 0.0020484797396
200000000 0.0030328805455
#Header 
#Target 53 136 0
#Product 51 118 0
#Datapoints 11
1000000 0
90000000 0
100000000 1.09236868E-14
110000000 8.494577548E-10
120000000 2.4338399183E-7
130000000 1.06961008476E-5
140000000 8.3230504981E-5
150000000 0.00027492404445
160000000 0.00045140201602
180000000 0.00069684000008
200000000 0.0010727500279
#Header 
#Target 53 136 0
#Product 51 119 0
#Datapoints 11
1000000 0
90000000 0
100000000 6.7342598E-11
110000000 6.1376597995E-8
120000000 6.3451992555E-6
130000000 9.0683105492E-5
140000000 0.0003522430329
150000000 0.00071100489475
160000000 0.000947236968
180000000 0.0015000699616
200000000 0.0019118996999
#Header 
#Target 53 136 0
#Product 51 120 0
#Datapoints 12
1000000 0
80000000 0
90000000 8.834361942E-14
100000000 2.18374953E-9
110000000 4.038129831E-7
120000000 1.04751989685E-5
130000000 4.9786296252E-5
140000000 0.000110003990133
150000000 0.0001657140081
160000000 0.0002298880057
180000000 0.0003815659862
200000000 0.0004635809572
#Header 
#Target 53 136 0
#Product 51 121 0
#Datapoints 13
1000000 0
75000000 0
80000000 1.29815947E-15
90000000 6.840360912E-10
100000000 3.918450385E-7
110000000 1.4725299901E-5
120000000 0.000109179001834
130000000 0.00026780303704
140000000 0.00044190700766
150000000 0.0006151050386
160000000 0.00081795696322
180000000 0.0012463399774
200000000 0.0015427799874
#Header 
#Target 53 136 0
#Product 51 122 0
#Datapoints 14
1000000 0
70000000 0
75000000 2.42470011E-15
80000000 7.169831128E-12
90000000 3.777029466E-8
100000000 2.3127798275E-6
110000000 2.3401903314E-5
120000000 7.5583396399E-5
130000000 0.000133238992544
140000000 0.00019960596919
150000000 0.00026047401055
160000000 0.0003315220129
180000000 0.00049408394518
200000000 0.00071454500128
#Header 
#Target 53 136 0
#Product 51 123 0
#Datapoints 15
1000000 0
65000000 0
70000000 3.00072045E-13
75000000 1.91549883E-10
80000000 1.5774603554E-8
90000000 2.9376801384E-6
100000000 4.0191590825E-5
110000000 0.00015702997004
120000000 0.00029591796402
130000000 0.0004454420264
140000000 0.0005500300479
150000000 0.00065482903115
160000000 0.00079655800964
180000000 0.00122240996388
200000000 0.0017175005688
#Header 
#Target 53 136 0
#Product 51 124 0
#Datapoints 16
1000000 0
60000000 0
65000000 3.161878444E-13
70000000 2.459570672E-10
75000000 1.642949826E-8
80000000 2.3407503508E-7
90000000 4.769119551E-6
100000000 2.5726704775E-5
110000000 5.2374704392E-5
120000000 7.4058005098E-5
130000000 8.93654972E-5
140000000 0.000113811004101
150000000 0.00015686003375
160000000 0.00023109795272
180000000 0.0003776020255
200000000 0.00050583695303
#Header 
#Target 53 136 0
#Product 51 125 0
#Datapoints 18
1000000 0
50000000 0
55000000 1.3284285741E-14
60000000 5.163050115E-11
65000000 1.13438995281E-8
70000000 3.198930748E-7
75000000 2.713830042E-6
80000000 1.1949799048E-5
90000000 8.278259409E-5
100000000 0.000195864991
110000000 0.00027054104848
120000000 0.00031528399973
130000000 0.00039076894724
140000000 0.00056306894403
150000000 0.0008325380537
160000000 0.00112853004108
180000000 0.0018289496932
200000000 0.0023729396537
#Header 
#Target 53 136 0
#Product 51 126 0
#Datapoints 19
1000000 0
45000000 0
50000000 1.0174094726E-13
55000000 2.866394904E-10
60000000 3.2264094499E-8
65000000 4.3523598242E-7
70000000 2.5418605732E-6
75000000 9.635450748E-6
80000000 2.563610242E-5
90000000 7.181020161E-5
100000000 9.87704951E-5
110000000 0.000107555995254
120000000 0.000131031007597
130000000 0.00019381694612
140000000 0.00031049604779
150000000 0.0004409859435
160000000 0.00061187199472
180000000 0.00085174798464
200000000 0.00117483997346
#Header 
#Target 53 136 0
#Product 51 127 0
#Datapoints 21
1000000 0
35000000 0
40000000 3.18280782E-15
45000000 3.859400112E-11
50000000 9.6293197311E-9
55000000 2.1564697908E-7
60000000 1.40726000766E-6
65000000 5.898719462E-6
70000000 1.8853401606E-5
75000000 4.029190032E-5
80000000 6.2484994056E-5
90000000 8.8448306856E-5
100000000 9.95581896E-5
110000000 0.00015387996748
120000000 0.00034764904118
130000000 0.0006921390014
140000000 0.00112860992877
150000000 0.001582769768
160000000 0.0019195096718
180000000 0.0028092002344
200000000 0.0032191605893
#Header 
#Target 53 136 0
#Product 51 128 0
#Datapoints 22
1000000 0
30000000 0
35000000 9.305378199E-14
40000000 2.30963667E-10
45000000 1.9418894011E-8
50000000 2.0560492551E-7
55000000 1.03610005689E-6
60000000 4.1792098638E-6
65000000 1.08618993021E-5
70000000 1.853749859E-5
75000000 2.360629908E-5
80000000 2.6493094458E-5
90000000 2.8537498962E-5
100000000 4.704409045E-5
110000000 0.00014339497091
120000000 0.00033991002899
130000000 0.00058180102568
140000000 0.00083715607828
150000000 0.0010818200753
160000000 0.00127134003772
180000000 0.001599800167
200000000 0.0017672505453
#Header 
#Target 53 136 0
#Product 51 129 0
#Datapoints 25
1000000 0
24000000 0
26000000 2.673432855E-14
28000000 1.67492052E-12
30000000 3.767592504E-11
35000000 4.2535001556E-9
40000000 4.7532898905E-8
45000000 2.7922702011E-7
50000000 1.4526300012E-6
55000000 4.3575693672E-6
60000000 7.8537295504E-6
65000000 1.04600995339E-5
70000000 1.15751995138E-5
75000000 1.2195901074E-5
80000000 1.3032499215E-5
90000000 4.1625905664E-5
100000000 0.0002001500605
110000000 0.0005128639747
120000000 0.00092453000794
130000000 0.0012973400776
140000000 0.0016373293505
150000000 0.001916419705
160000000 0.0021698696006
180000000 0.0024792305552
200000000 0.0027087801391
#Header 
#Target 53 136 0
#Product 51 130 0
#Datapoints 30
1000000 0
17000000 0
18000000 1.775497355E-14
19000000 1.568001735E-13
20000000 7.87109184E-13
22000000 7.329687924E-12
24000000 4.887751731E-11
26000000 2.622177903E-10
28000000 1.0110895704E-9
30000000 2.9333403372E-9
35000000 2.1708297549E-8
40000000 1.9529107395E-7
45000000 9.5179302874E-7
50000000 2.0267699918E-6
55000000 2.6599202322E-6
60000000 2.8667496549E-6
65000000 2.7997896589E-6
70000000 2.8839793034E-6
75000000 3.934439901E-6
80000000 1.0496299677E-5
90000000 7.862470581E-5
100000000 0.00022941795025
110000000 0.00041738007982
120000000 0.00060322299807
130000000 0.00074313799728
140000000 0.00088104895681
150000000 0.00096141297415
160000000 0.00104941996954
180000000 0.0011304499773
200000000 0.00121287003569
#Header 
#Target 53 136 0
#Product 51 131 0
#Datapoints 31
1000000 0
16000000 0
17000000 5.536320248E-15
18000000 5.261395005E-14
19000000 4.024520165E-13
20000000 3.22023888E-12
22000000 3.062898194E-10
24000000 2.9139994008E-9
26000000 1.8482002044E-8
28000000 4.0656898464E-8
30000000 9.7682208468E-8
35000000 5.5030697676E-7
40000000 1.36708010325E-6
45000000 1.9515093339E-6
50000000 2.1505395495E-6
55000000 2.1610595289E-6
60000000 2.1545107918E-6
65000000 3.1691791762E-6
70000000 1.2339101099E-5
75000000 4.654870185E-5
80000000 0.00012059600351
90000000 0.00037039402806
100000000 0.00066803702475
110000000 0.0009238729401
120000000 0.0011386400837
130000000 0.00133566996416
140000000 0.0014287297147
150000000 0.001557070349
160000000 0.0016026701404
180000000 0.0017310796986
200000000 0.0017276695308
#Header 
#Target 53 136 0
#Product 51 132 0
#Datapoints 37
1000000 0
10000000 0
11000000 1.771673228828E-15
12000000 3.9280315095E-14
13000000 2.3725516822E-13
14000000 7.87757788E-13
15000000 2.24462903E-12
16000000 8.625329073E-12
17000000 4.076039076E-11
18000000 1.725689435E-10
19000000 6.252555515E-10
20000000 1.541950416E-9
22000000 9.1606591703E-9
24000000 3.1457391377E-8
26000000 6.9198404736E-8
28000000 1.12595003976E-7
30000000 1.50625995312E-7
35000000 1.9741693689E-7
40000000 1.9554392595E-7
45000000 1.8290594814E-7
50000000 1.7002301185E-7
55000000 2.7381396666E-7
60000000 2.6804399363E-6
65000000 1.56898004037E-5
70000000 4.6381801544E-5
75000000 9.119629974E-5
80000000 0.000146160998096
90000000 0.00025565692068
100000000 0.000346246977
110000000 0.0004201039843
120000000 0.00046784593702
130000000 0.00050317907696
140000000 0.00053238707659
150000000 0.0005520140452
160000000 0.00056222599052
180000000 0.00057480903886
200000000 0.0005844270707
#Header 
#Target 53 136 0
#Product 51 133 0
#Datapoints 24
1000000 0
26000000 0
28000000 6.646891524E-15
30000000 4.888255164E-13
35000000 3.719293821E-10
40000000 4.5431798595E-9
45000000 2.7679496424E-8
50000000 8.0845306973E-7
55000000 7.498869543E-6
60000000 2.7744093925E-5
65000000 6.1620996262E-5
70000000 0.000100877999716
75000000 0.00013879800396
80000000 0.00017125607118
90000000 0.00022061301402
100000000 0.00025473494825
110000000 0.00027783505007
120000000 0.00029040395027
130000000 0.00030086898184
140000000 0.00030610104477
150000000 0.0003148620036
160000000 0.00031440704044
180000000 0.00031658597852
200000000 0.00031427696643
#Header 
#Target 53 136 0
#Product 52 115 0
#Datapoints 7
1000000 0
130000000 0
140000000 2.3342405102E-9
150000000 1.666979421E-5
160000000 0.00025956802024
180000000 0.0015115395834
200000000 0.0024654499917
#Header 
#Target 53 136 0
#Product 52 116 0
#Datapoints 8
1000000 0
120000000 0
130000000 8.2694998764E-9
140000000 2.3929298637E-5
150000000 0.0003810929959
160000000 0.001633190678
180000000 0.0045191203498
200000000 0.0062757699499
#Header 
#Target 53 136 0
#Product 52 117 0
#Datapoints 9
1000000 0
110000000 0
120000000 1.657577404E-11
130000000 5.8241301524E-6
140000000 0.00015051004486
150000000 0.0009024699914
160000000 0.0022621895994
180000000 0.0038170493564
200000000 0.0055557406369
#Header 
#Target 53 136 0
#Product 52 118 0
#Datapoints 10
1000000 0
100000000 0
110000000 3.231820084E-11
120000000 5.2177702031E-6
130000000 0.00025198505836
140000000 0.0018534194188
150000000 0.0053715807345
160000000 0.008403289646
180000000 0.01219979859
200000000 0.017812396721
#Header 
#Target 53 136 0
#Product 52 119 0
#Datapoints 10
1000000 0
100000000 0
110000000 1.6576498068E-7
120000000 2.3662295741E-5
130000000 0.00024692994144
140000000 0.00075532293823
150000000 0.0012541300854
160000000 0.0015955901572
180000000 0.0029086094968
200000000 0.0033508597811
#Header 
#Target 53 136 0
#Product 52 120 0
#Datapoints 11
1000000 0
90000000 0
100000000 1.190389966E-7
110000000 5.4518705559E-5
120000000 0.00121886007257
130000000 0.0046218704252
140000000 0.0088730501883
150000000 0.0128370992665
160000000 0.017970997444
180000000 0.027100401748
200000000 0.025607895774
#Header 
#Target 53 136 0
#Product 52 121 0
#Datapoints 12
1000000 0
80000000 0
90000000 1.0864187124E-9
100000000 3.03039978E-6
110000000 0.000112894993042
120000000 0.00057788407341
130000000 0.00109768005956
140000000 0.0016203897539
150000000 0.0023861505775
160000000 0.003178479277
180000000 0.00389436012
200000000 0.0047095197013
#Header 
#Target 53 136 0
#Product 52 122 0
#Datapoints 13
1000000 0
75000000 0
80000000 1.1569792504E-10
90000000 4.1431701822E-6
100000000 0.0005005720035
110000000 0.0044668993898
120000000 0.0110200996115
130000000 0.017860505572
140000000 0.025715994471
150000000 0.032153596545
160000000 0.034497205288
180000000 0.036648695132
200000000 0.037763504293
#Header 
#Target 53 136 0
#Product 52 123 0
#Datapoints 15
1000000 0
65000000 0
70000000 3.17507138E-14
75000000 3.31794855E-10
80000000 5.877060216E-8
90000000 3.7298995986E-5
100000000 0.0005468190065
110000000 0.001496460361
120000000 0.0024740707089
130000000 0.0035483900396
140000000 0.0042987097155
150000000 0.0049219801625
160000000 0.005306690349
180000000 0.0052951391276
200000000 0.00498105944
#Header 
#Target 53 136 0
#Product 52 124 0
#Datapoints 16
1000000 0
60000000 0
65000000 2.107022326E-11
70000000 3.321669442E-8
75000000 5.494790154E-6
80000000 0.00015097003706
90000000 0.0042929500236
100000000 0.014426900275
110000000 0.023134602061
120000000 0.030019902381
130000000 0.034872299784
140000000 0.039078305698
150000000 0.04168850268
160000000 0.040340106674
180000000 0.037686800998
200000000 0.035917194398
#Header 
#Target 53 136 0
#Product 52 125 0
#Datapoints 18
1000000 0
50000000 0
55000000 1.834868781E-15
60000000 7.744085129E-11
65000000 1.34047993914E-7
70000000 1.2355500521E-5
75000000 0.00014206199091
80000000 0.00057367297886
90000000 0.0019349893878
100000000 0.002844690595
110000000 0.0034203698787
120000000 0.0041197105292
130000000 0.0050350901216
140000000 0.0053217404473
150000000 0.0055301398765
160000000 0.005625109637
180000000 0.0060003301904
200000000 0.0056334701041
#Header 
#Target 53 136 0
#Product 52 126 0
#Datapoints 19
1000000 0
45000000 0
50000000 1.672902916E-11
55000000 1.23858001095E-7
60000000 2.8222697721E-5
65000000 0.00060447293591
70000000 0.0033508893808
75000000 0.008793669717
80000000 0.015124293658
90000000 0.022031003316
100000000 0.024999193675
110000000 0.029640001514
120000000 0.033446498309
130000000 0.0345301999
140000000 0.035899894105
150000000 0.03582589593
160000000 0.035771602264
180000000 0.032578395318
200000000 0.032548496872
#Header 
#Target 53 136 0
#Product 52 127 0
#Datapoints 20
1000000 0
40000000 0
45000000 4.041849977E-10
50000000 1.00797000562E-6
55000000 4.9381606464E-5
60000000 0.00036685604363
65000000 0.00092527397596
70000000 0.00142908005162
75000000 0.001728279672
80000000 0.0017583393044
90000000 0.0018360493536
100000000 0.00234893983
110000000 0.003041470248
120000000 0.0038594504459
130000000 0.0043480201856
140000000 0.004736870319
150000000 0.0048658100255
160000000 0.0048584700836
180000000 0.005309800559
200000000 0.0050616899067
#Header 
#Target 53 136 0
#Product 52 128 0
#Datapoints 22
1000000 0
30000000 0
35000000 6.465090717E-11
40000000 8.5584097335E-7
45000000 0.000133362995258
50000000 0.00151665001142
55000000 0.0049498802013
60000000 0.0086023392814
65000000 0.0107407995539
70000000 0.0112205001064
75000000 0.010640899458
80000000 0.0106473996734
90000000 0.0129687988878
100000000 0.01666009555
110000000 0.02017119867
120000000 0.023195199027
130000000 0.024680601456
140000000 0.025404498071
150000000 0.0262889985
160000000 0.027606998544
180000000 0.02762129853
200000000 0.028095505938
#Header 
#Target 53 136 0
#Product 52 129 0
#Datapoints 25
1000000 0
24000000 0
26000000 1.730459637E-14
28000000 2.39259657E-11
30000000 5.1747202884E-9
35000000 7.7129498088E-6
40000000 0.00022752704235
45000000 0.00086358213147
50000000 0.00133078002491
55000000 0.00143422993941
60000000 0.00133747990197
65000000 0.00121642999259
70000000 0.00124196015476
75000000 0.0014129300745
80000000 0.0017455501582
90000000 0.0031149100164
100000000 0.00479876965
110000000 0.0061095395571
120000000 0.0070724508939
130000000 0.007910840196
140000000 0.0085484102241
150000000 0.0086751807875
160000000 0.0088710492768
180000000 0.0092095802106
200000000 0.0094409298871
#Header 
#Target 53 136 0
#Product 52 130 0
#Datapoints 31
1000000 0
16000000 0
17000000 1.0847790355E-13
18000000 4.39371004E-12
19000000 3.85601796E-11
20000000 3.71238048E-10
22000000 2.861919782E-8
24000000 7.7836590733E-7
26000000 1.05753998073E-5
28000000 8.3379500568E-5
30000000 0.00037698805872
35000000 0.0029889494847
40000000 0.006419030625
45000000 0.0077721798891
50000000 0.0073175092937
55000000 0.0064493999391
60000000 0.0062445696927
65000000 0.0068302400419
70000000 0.007989329621
75000000 0.009876769476
80000000 0.01246070076
90000000 0.01776659535
100000000 0.022492903375
110000000 0.025310504812
120000000 0.027311200315
130000000 0.028832996892
140000000 0.029423804755
150000000 0.03077349896
160000000 0.030563996974
180000000 0.030998801974
200000000 0.030854993569
#Header 
#Target 53 136 0
#Product 52 131 0
#Datapoints 37
1000000 0
10000000 0
11000000 2.076379522334E-14
12000000 1.6904946135E-12
13000000 6.7071271798E-11
14000000 1.2222003688E-9
15000000 1.4073805284E-8
16000000 1.26608059E-7
17000000 6.5620895483E-7
18000000 2.424229751E-6
19000000 8.9289496E-6
20000000 2.820399408E-5
22000000 0.00016276399376
24000000 0.0004720330431
26000000 0.00087592804869
28000000 0.0012536799093
30000000 0.0015106699764
35000000 0.00154672998093
40000000 0.00120639997665
45000000 0.00091036104779
50000000 0.00088814496267
55000000 0.00101106993564
60000000 0.00122466996023
65000000 0.0016896305736
70000000 0.0023847796518
75000000 0.003225260304
80000000 0.0039395098496
90000000 0.0051477591438
100000000 0.005955030375
110000000 0.0065319999084
120000000 0.0068925704498
130000000 0.0070124896828
140000000 0.0072157494309
150000000 0.007204250216
160000000 0.0072540996278
180000000 0.0070983605196
200000000 0.0070553594424
#Header 
#Target 53 136 0
#Product 52 132 0
#Datapoints 44
1000000 0
3000000 0
4000000 1.3277699292E-11
5000000 5.6031506794E-10
6000000 1.1043800648E-8
7000000 1.29400996356E-7
8000000 1.01281992556E-6
9000000 5.9211914454E-6
10000000 2.72759994946E-5
11000000 0.00010171903312968
12000000 0.000313322013963
13000000 0.000835298002123
14000000 0.0022343094064
15000000 0.0063502206698
16000000 0.0103630002957
17000000 0.011296100567
18000000 0.0088822902445
19000000 0.0098512602655
20000000 0.010839600048
22000000 0.0123732013034
24000000 0.0126882992394
26000000 0.012108299838
28000000 0.010929600591
30000000 0.0095566711656
35000000 0.0064697691051
40000000 0.0053834902305
45000000 0.0061226603759
50000000 0.0072498598353
55000000 0.0089945099175
60000000 0.0117633994222
65000000 0.0149560008672
70000000 0.01805190127
75000000 0.02073009981
80000000 0.022840104954
90000000 0.02585619897
100000000 0.0275906058
110000000 0.028440694369
120000000 0.028745895479
130000000 0.028755703536
140000000 0.028583200042
150000000 0.028233895025
160000000 0.027736502594
180000000 0.026689003166
200000000 0.025942296275
#Header 
#Target 53 136 0
#Product 52 133 0
#Datapoints 46
1000000 0
1000000 1.18839983784E-20
2000000 1.19583993796E-13
3000000 1.34705981098E-10
4000000 1.2559399248E-6
5000000 5.762170189E-6
6000000 2.16496991152E-5
7000000 6.6621595654E-5
8000000 0.000167122990744
9000000 0.000344799982863
10000000 0.00064370178944
11000000 0.000955114422287
12000000 0.00127778008974
13000000 0.00163994012524
14000000 0.0025276203
15000000 0.004470109539
16000000 0.0047629992742
17000000 0.003447929628
18000000 0.0017547900275
19000000 0.001417530391
20000000 0.0011835599712
22000000 0.00086941890327
24000000 0.00065783403441
26000000 0.00052129497375
28000000 0.00049590694608
30000000 0.00061895398188
35000000 0.00130007000187
40000000 0.001726539996
45000000 0.0023094399275
50000000 0.0033622697502
55000000 0.0047600097258
60000000 0.0060233994042
65000000 0.0070170289746
70000000 0.0079041102504
75000000 0.008475100053
80000000 0.008951209914
90000000 0.009525010257
100000000 0.0097321996575
110000000 0.0097664691624
120000000 0.0097630997716
130000000 0.0095141603004
140000000 0.0093396995134
150000000 0.009116531151
160000000 0.0088338009556
180000000 0.0083446602218
200000000 0.0078290999261
#Header 
#Target 53 136 0
#Product 52 134 0
#Datapoints 37
1000000 0
10000000 0
11000000 3.859147279415E-15
12000000 2.5445833182E-13
13000000 6.8317941742E-12
14000000 1.0278999808E-10
15000000 1.1109298592E-9
16000000 9.9302904885E-9
17000000 7.4170293552E-8
18000000 4.5014498775E-7
19000000 2.1866099145E-6
20000000 8.674918944E-6
22000000 7.5506695957E-5
24000000 0.00031324404566
26000000 0.00076363704306
28000000 0.00130568003202
30000000 0.001762089186
35000000 0.0032539993686
40000000 0.00641908053
45000000 0.0105601998471
50000000 0.0144628003315
55000000 0.017684601423
60000000 0.020126905962
65000000 0.022014603192
70000000 0.023581200786
75000000 0.02460750138
80000000 0.025225002236
90000000 0.025982301744
100000000 0.025852596
110000000 0.025308901367
120000000 0.02436449771
130000000 0.023876203344
140000000 0.022840196351
150000000 0.02204150119
160000000 0.021059196652
180000000 0.019333404944
200000000 0.018245703367
#Header 
#Target 53 136 0
#Product 52 135 0
#Datapoints 35
1000000 0
12000000 0
13000000 3.4094941622E-15
14000000 2.818462072E-14
15000000 8.341068498E-14
16000000 1.7691167E-13
17000000 8.948398707E-13
18000000 7.72726796E-12
19000000 4.941407475E-11
20000000 3.230319744E-9
22000000 2.1356095272E-7
24000000 4.3864606845E-6
26000000 3.7464996423E-5
28000000 0.00016856702226
30000000 0.00046518498936
35000000 0.0018410701338
40000000 0.0034554205365
45000000 0.0048590891784
50000000 0.0059109505653
55000000 0.0067070199672
60000000 0.0072702098511
65000000 0.0077006094737
70000000 0.0079545793548
75000000 0.008181780432
80000000 0.0082457797488
90000000 0.008254630713
100000000 0.0080694305275
110000000 0.0077935597598
120000000 0.0075292502299
130000000 0.0071970897684
140000000 0.0069260709779
150000000 0.006610539755
160000000 0.006324110157
180000000 0.0057422794324
200000000 0.0053177597099
#Header 
#Target 53 136 0
#Product 53 119 0
#Datapoints 8
1000000 0
120000000 0
130000000 4.3223201112E-8
140000000 4.8938103887E-7
150000000 2.9582899775E-6
160000000 1.27493003138E-5
180000000 4.4628596712E-5
200000000 5.1941697086E-5
#Header 
#Target 53 136 0
#Product 53 120 0
#Datapoints 9
1000000 0
110000000 0
120000000 6.6160694621E-9
130000000 2.5292698312E-7
140000000 9.2977398924E-7
150000000 4.595289346E-6
160000000 9.796560414E-6
180000000 1.8381198528E-5
200000000 3.6949195589E-5
#Header 
#Target 53 136 0
#Product 53 121 0
#Datapoints 10
1000000 0
100000000 0
110000000 4.6364504527E-8
120000000 2.5019200633E-6
130000000 1.1751299336E-5
140000000 4.0654305895E-5
150000000 7.649459527E-5
160000000 0.00011356399741
180000000 0.00017465504098
200000000 0.00031347792354
#Header 
#Target 53 136 0
#Product 53 122 0
#Datapoints 11
1000000 0
90000000 0
100000000 7.3097492875E-9
110000000 4.29291027E-6
120000000 2.6097598324E-5
130000000 9.1880502028E-5
140000000 0.00014364102128
150000000 0.0002649440123
160000000 0.0003021229868
180000000 0.0004214000469
200000000 0.00056649295571
#Header 
#Target 53 136 0
#Product 53 123 0
#Datapoints 12
1000000 0
80000000 0
90000000 2.555299824E-9
100000000 5.6931198125E-6
110000000 7.8078597006E-5
120000000 0.00027379703827
130000000 0.00049279497008
140000000 0.00077977302981
150000000 0.00077624102045
160000000 0.00086473395462
180000000 0.0012922499296
200000000 0.0014639297076
#Header 
#Target 53 136 0
#Product 53 124 0
#Datapoints 12
1000000 0
80000000 0
90000000 3.2208697668E-6
100000000 0.000115476998675
110000000 0.00066111905712
120000000 0.0014690998784
130000000 0.0021456893136
140000000 0.0025054104218
150000000 0.002852429872
160000000 0.0030527504468
180000000 0.003039160299
200000000 0.0033415097793
#Header 
#Target 53 136 0
#Product 53 125 0
#Datapoints 14
1000000 0
70000000 0
75000000 9.670559514E-9
80000000 1.24076996884E-6
90000000 0.000142419004224
100000000 0.0012660500355
110000000 0.0038948696889
120000000 0.0058836090439
130000000 0.0075325399828
140000000 0.0085284005401
150000000 0.0082806388715
160000000 0.008963370561
180000000 0.0092228496304
200000000 0.0081484498685
#Header 
#Target 53 136 0
#Product 53 126 0
#Datapoints 16
1000000 0
60000000 0
65000000 6.189419618E-12
70000000 5.587569637E-8
75000000 5.789279454E-6
80000000 8.1182309206E-5
90000000 0.00141375002832
100000000 0.0066343704875
110000000 0.011749501183
120000000 0.015838801349
130000000 0.01687960554
140000000 0.016999704846
150000000 0.01774509351
160000000 0.017517096996
180000000 0.015885004562
200000000 0.016547894956
#Header 
#Target 53 136 0
#Product 53 127 0
#Datapoints 17
1000000 0
55000000 0
60000000 3.2946492123E-9
65000000 2.1134401348E-6
70000000 6.1497396428E-5
75000000 0.000497643993
80000000 0.0019082800816
90000000 0.0113581998348
100000000 0.024750294775
110000000 0.033067999608
120000000 0.037116598547
130000000 0.037431497152
140000000 0.036532799354
150000000 0.0368642066
160000000 0.03577319616
180000000 0.033791698304
200000000 0.032090905953
#Header 
#Target 53 136 0
#Product 53 128 0
#Datapoints 19
1000000 0
45000000 0
50000000 1.992635307E-13
55000000 8.5708902882E-8
60000000 2.1685501364E-5
65000000 0.0003257449364
70000000 0.001648889463
75000000 0.00511184982
80000000 0.0123567997016
90000000 0.032326298802
100000000 0.04454019835
110000000 0.050099903942
120000000 0.048482104174
130000000 0.047281404072
140000000 0.047651201387
150000000 0.04616589695
160000000 0.043465196862
180000000 0.04134230401
200000000 0.041870404131
#Header 
#Target 53 136 0
#Product 53 129 0
#Datapoints 20
1000000 0
40000000 0
45000000 3.5735891182E-9
50000000 8.5572607996E-6
55000000 0.0002491460388
60000000 0.00149065994858
65000000 0.0052060502317
70000000 0.0135513002742
75000000 0.02757350379
80000000 0.04278809385
90000000 0.060738808998
100000000 0.07007309145
110000000 0.068470294447
120000000 0.067783501303
130000000 0.066915807588
140000000 0.065598198463
150000000 0.062068105505
160000000 0.06182870405
180000000 0.060051103532
200000000 0.055172396107
#Header 
#Target 53 136 0
#Product 53 130 0
#Datapoints 22
1000000 0
30000000 0
35000000 3.49717338E-15
40000000 5.2491093735E-7
45000000 0.000136692003564
50000000 0.00118561001147
55000000 0.0043767999951
60000000 0.0132307005235
65000000 0.028040397167
70000000 0.04535810695
75000000 0.05802809712
80000000 0.065556698526
90000000 0.07171309236
100000000 0.07008999305
110000000 0.068867502631
120000000 0.067185802698
130000000 0.064457294104
140000000 0.060712007857
150000000 0.0609495053
160000000 0.059382600704
180000000 0.05504329775
200000000 0.051304194714
#Header 
#Target 53 136 0
#Product 53 131 0
#Datapoints 24
1000000 0
26000000 0
28000000 4.573999248E-11
30000000 9.3456694032E-8
35000000 0.000162850998465
40000000 0.001727980587
45000000 0.0061072804419
50000000 0.01936579507
55000000 0.045125304609
60000000 0.072923999848
65000000 0.093753205406
70000000 0.104841006478
75000000 0.11083199085
80000000 0.115331004994
90000000 0.114692004714
100000000 0.1115789958
110000000 0.10774899426
120000000 0.102982998475
130000000 0.098553401212
140000000 0.097950993308
150000000 0.093880201465
160000000 0.089478699224
180000000 0.083853797076
200000000 0.080393995035
#Header 
#Target 53 136 0
#Product 53 132 0
#Datapoints 28
1000000 0
19000000 0
20000000 5.71765392E-15
22000000 3.7663095401E-9
24000000 2.4775697792E-6
26000000 7.6886600997E-5
28000000 0.00046125803724
30000000 0.00122374996692
35000000 0.0039105902925
40000000 0.01117189965
45000000 0.029312991574
50000000 0.050308893436
55000000 0.064842995451
60000000 0.073688307038
65000000 0.077291098613
70000000 0.080420507258
75000000 0.08194259052
80000000 0.080953695482
90000000 0.080115805518
100000000 0.077125698025
110000000 0.073160106155
120000000 0.070691103917
130000000 0.06900279526
140000000 0.064134904527
150000000 0.062073806075
160000000 0.059370299426
180000000 0.054902498168
200000000 0.050980000288
#Header 
#Target 53 136 0
#Product 53 133 0
#Datapoints 36
1000000 0
11000000 0
12000000 9.415451955E-13
13000000 9.9589261703E-10
14000000 1.820220138E-7
15000000 4.5884193544E-6
16000000 4.7232296753E-5
17000000 0.00021283197489
18000000 0.00064772796255
19000000 0.00129225006565
20000000 0.002108000256
22000000 0.0040223503912
24000000 0.0061612893609
26000000 0.0087910495596
28000000 0.012658800063
30000000 0.019182106944
35000000 0.052201500561
40000000 0.09364919448
45000000 0.122354998501
50000000 0.13796799723
55000000 0.14514700515
60000000 0.148308001999
65000000 0.151085994615
70000000 0.149955987714
75000000 0.14688799755
80000000 0.14466700907
90000000 0.134720006988
100000000 0.12652300795
110000000 0.118908999346
120000000 0.11166400224
130000000 0.105615999468
140000000 0.100558006992
150000000 0.094954199265
160000000 0.08975440467
180000000 0.081307095492
200000000 0.075092304017
#Header 
#Target 53 136 0
#Product 53 134 0
#Datapoints 42
1000000 0
5000000 0
6000000 6.3965996E-13
7000000 1.07863002438E-9
8000000 9.231830866E-8
9000000 2.52003975048E-6
10000000 2.65264025402E-5
11000000 0.00013701498053223
12000000 0.00041892502386
13000000 0.000912389997575
14000000 0.0015902297196
15000000 0.0024100499976
16000000 0.0033573499486
17000000 0.0043837095876
18000000 0.0056386597885
19000000 0.007345419257
20000000 0.009499389408
22000000 0.016811803421
24000000 0.028567202
26000000 0.044250398136
28000000 0.060652200336
30000000 0.077219401584
35000000 0.106920992322
40000000 0.122058996435
45000000 0.130630000917
50000000 0.130537982297
55000000 0.131851998615
60000000 0.129951004623
65000000 0.127849001381
70000000 0.124396997946
75000000 0.12123100437
80000000 0.11464700529
90000000 0.107079005964
100000000 0.0988106935
110000000 0.090683292094
120000000 0.082751805472
130000000 0.078020299812
140000000 0.074361397334
150000000 0.06854680331
160000000 0.066007398056
180000000 0.058961596442
200000000 0.052666600573
#Header 
#Target 53 136 0
#Product 53 135 0
#Datapoints 44
1000000 0
3000000 0
4000000 1.341799008E-15
5000000 1.4143904332E-11
6000000 8.3462184208E-9
7000000 1.4277697518E-6
8000000 3.8154000624E-5
9000000 0.00034545401604
10000000 0.00155449984266
11000000 0.0044182611083996
12000000 0.0094871581959
13000000 0.0169742026384
14000000 0.027044600172
15000000 0.039333696262
16000000 0.053151202436
17000000 0.067752403547
18000000 0.082684995755
19000000 0.09711468906
20000000 0.11559900192
22000000 0.14591902861
24000000 0.1709190477
26000000 0.17966396463
28000000 0.19299096726
30000000 0.2012589306
35000000 0.21273795756
40000000 0.2151720615
45000000 0.21010102647
50000000 0.21308903429
55000000 0.20323692684
60000000 0.19730500938
65000000 0.18703197398
70000000 0.17850202396
75000000 0.1680680022
80000000 0.16226397162
90000000 0.142639006146
100000000 0.127616001875
110000000 0.115662999231
120000000 0.106606009377
130000000 0.097385296484
140000000 0.089245104495
150000000 0.08392839885
160000000 0.077234595816
180000000 0.067861106698
200000000 0.061320300638
#Header 
#Target 53 136 0
#Product 53 136 0
#Datapoints 45
1000000 0
2000000 0
3000000 1.86835010875E-12
4000000 2.75244024E-9
5000000 2.829749563E-7
6000000 6.4860584288E-6
7000000 5.8293701198E-5
8000000 0.000283524965152
9000000 0.00094746701133
10000000 0.00247233982184
11000000 0.0051682603810236
12000000 0.00873431908986
13000000 0.0124402983387
14000000 0.015680796236
15000000 0.018407002614
16000000 0.02079789971
17000000 0.022835299103
18000000 0.024415902805
19000000 0.02587909756
20000000 0.02702349456
22000000 0.028362692792
24000000 0.029140295668
26000000 0.029454207327
28000000 0.029537899482
30000000 0.029209904724
35000000 0.028796904189
40000000 0.028531603425
45000000 0.027650895726
50000000 0.027500893045
55000000 0.02690039472
60000000 0.025717402545
65000000 0.024735494626
70000000 0.022963800704
75000000 0.02169570585
80000000 0.019988199312
90000000 0.016947095886
100000000 0.014146499305
110000000 0.0116682999396
120000000 0.0095145601257
130000000 0.0077347889192
140000000 0.0062767303341
150000000 0.0050490299895
160000000 0.004096749756
180000000 0.00277817071
200000000 0.00200669991
#Header 
#Target 53 136 0
#Product 54 120 0
#Datapoints 8
1000000 0
120000000 0
130000000 4.071910024E-10
140000000 5.8615095926E-7
150000000 5.7099408E-6
160000000 1.6806900642E-5
180000000 2.8334396118E-5
200000000 4.4222193086E-5
#Header 
#Target 53 136 0
#Product 54 121 0
#Datapoints 9
1000000 0
110000000 0
120000000 4.74635378E-12
130000000 7.3254707736E-7
140000000 8.3234702263E-6
150000000 2.7553705095E-5
160000000 4.9056596884E-5
180000000 8.360049124E-5
200000000 0.00013166900656
#Header 
#Target 53 136 0
#Product 54 122 0
#Datapoints 10
1000000 0
100000000 0
110000000 1.930910298E-10
120000000 1.4605301109E-6
130000000 1.5562399608E-5
140000000 5.8618897238E-5
150000000 0.00012098699749
160000000 0.00017112298828
180000000 0.00027782197954
200000000 0.00029245093484
#Header 
#Target 53 136 0
#Product 54 123 0
#Datapoints 10
1000000 0
100000000 0
110000000 1.5181905265E-6
120000000 2.5975695942E-5
130000000 0.00010509100014
140000000 0.00023247306307
150000000 0.00031624901215
160000000 0.00039119400856
180000000 0.000441177058
200000000 0.00042330493992
#Header 
#Target 53 136 0
#Product 54 124 0
#Datapoints 11
1000000 0
90000000 0
100000000 2.1558005075E-6
110000000 6.0993402526E-5
120000000 0.0002617049939
130000000 0.00052840691484
140000000 0.00072923801851
150000000 0.0008320250024
160000000 0.00089905400608
180000000 0.00086959996704
200000000 0.00078680401228
#Header 
#Target 53 136 0
#Product 54 125 0
#Datapoints 12
1000000 0
80000000 0
90000000 4.6070797584E-7
100000000 1.7978206225E-5
110000000 9.3383493474E-5
120000000 0.0001890319998
130000000 0.00026361594476
140000000 0.00029215696122
150000000 0.000300610058
160000000 0.00027710704616
180000000 0.00023669395218
200000000 0.00019693704175
#Header 
#Target 53 136 0
#Product 54 126 0
#Datapoints 14
1000000 0
70000000 0
75000000 1.0406699982E-8
80000000 3.5041596452E-6
90000000 0.00030938904444
100000000 0.0016103698875
110000000 0.0029283799693
120000000 0.0033761592613
130000000 0.0033937496796
140000000 0.0031561593989
150000000 0.002899960652
160000000 0.002658939878
180000000 0.0021145197402
200000000 0.0017493200179
#Header 
#Target 53 136 0
#Product 54 127 0
#Datapoints 15
1000000 0
65000000 0
70000000 4.6122307556E-7
75000000 1.892989791E-5
80000000 0.00012034400918
90000000 0.00073039289568
100000000 0.0012606500885
110000000 0.00137155994301
120000000 0.00135603999419
130000000 0.0011869599882
140000000 0.0010730800199
150000000 0.00094001006695
160000000 0.0007967699721
180000000 0.00063734195056
200000000 0.00052144692825
#Header 
#Target 53 136 0
#Product 54 128 0
#Datapoints 17
1000000 0
55000000 0
60000000 2.4507107569E-6
65000000 0.00020655407492
70000000 0.0017879699552
75000000 0.005800099368
80000000 0.011519499296
90000000 0.018386306274
100000000 0.01776920595
110000000 0.014554498151
120000000 0.0116670999865
130000000 0.009354239636
140000000 0.0075728298973
150000000 0.006280370029
160000000 0.0054479596652
180000000 0.0040587093666
200000000 0.0032863103773
#Header 
#Target 53 136 0
#Product 54 129 0
#Datapoints 19
1000000 0
45000000 0
50000000 6.4752593578E-8
55000000 7.1548998735E-5
60000000 0.00088936002507
65000000 0.0027904192783
70000000 0.0047808706998
75000000 0.006253519377
80000000 0.0066518397642
90000000 0.0059675004648
100000000 0.0047628494675
110000000 0.0038226393717
120000000 0.0030588702774
130000000 0.0024945394572
140000000 0.0020339804189
150000000 0.001688680632
160000000 0.0014718099934
180000000 0.0011437200264
200000000 0.00092584007305
#Header 
#Target 53 136 0
#Product 54 130 0
#Datapoints 21
1000000 0
35000000 0
40000000 3.257419122E-8
45000000 0.00070997396106
50000000 0.0134627994822
55000000 0.042948103605
60000000 0.070437503062
65000000 0.086070094588
70000000 0.087584391518
75000000 0.07880250063
80000000 0.06759749789
90000000 0.048507191712
100000000 0.03459389225
110000000 0.025934802637
120000000 0.019769804915
130000000 0.015376697056
140000000 0.0118000010328
150000000 0.0089654907745
160000000 0.0077945794782
180000000 0.0062143400172
200000000 0.0050904698011
#Header 
#Target 53 136 0
#Product 54 131 0
#Datapoints 22
1000000 0
30000000 0
35000000 6.8081604264E-5
40000000 0.0072801197745
45000000 0.022067099407
50000000 0.026487107415
55000000 0.026422309221
60000000 0.023784992321
65000000 0.01972669233
70000000 0.016593598632
75000000 0.013843299666
80000000 0.0115940002612
90000000 0.0085089792606
100000000 0.0064355397225
110000000 0.0050481802712
120000000 0.0040228905934
130000000 0.0032335299276
140000000 0.0025792997437
150000000 0.0020171597095
160000000 0.001801070345
180000000 0.0014838403146
200000000 0.0012722695159
#Header 
#Target 53 136 0
#Product 54 132 0
#Datapoints 26
1000000 0
22000000 0
24000000 2.577760115E-6
26000000 0.00142089989382
28000000 0.019926107292
30000000 0.081934090212
35000000 0.31130396505
40000000 0.38658292755
45000000 0.35010094491
50000000 0.30389201114
55000000 0.24723291474
60000000 0.19616393104
65000000 0.15999299866
70000000 0.131376003252
75000000 0.10936599828
80000000 0.091821601892
90000000 0.06855290085
100000000 0.0511295098
110000000 0.040212100005
120000000 0.031572197972
130000000 0.02452779854
140000000 0.018717699885
150000000 0.014028803425
160000000 0.0124722002088
180000000 0.0103900991838
200000000 0.0089575998655
#Header 
#Target 53 136 0
#Product 54 133 0
#Datapoints 30
1000000 0
17000000 0
18000000 0.0005596539784
19000000 0.0061132602685
20000000 0.02456289792
22000000 0.091907098955
24000000 0.15270195113
26000000 0.18263796186
28000000 0.1788640308
30000000 0.15082099656
35000000 0.086909899941
40000000 0.063341605185
45000000 0.045396001153
50000000 0.033374403282
55000000 0.026501802768
60000000 0.021376404418
65000000 0.017724497379
70000000 0.014926799069
75000000 0.012753399519
80000000 0.0110433998198
90000000 0.0084955188192
100000000 0.0067004694475
110000000 0.0054757702522
120000000 0.0045351100354
130000000 0.003814459978
140000000 0.0032314900516
150000000 0.0027433602675
160000000 0.0024793206528
180000000 0.0020687998366
200000000 0.0017690802162
#Header 
#Target 53 136 0
#Product 54 134 0
#Datapoints 39
1000000 0
8000000 0
9000000 0.00179064013653
10000000 0.0319591990386
11000000 0.11966200827559
12000000 0.246500019549
13000000 0.370715025531
14000000 0.46845303676
15000000 0.53419797928
16000000 0.57770006054
17000000 0.60790604425
18000000 0.62589995685
19000000 0.61932795
20000000 0.5803969056
22000000 0.4365969346
24000000 0.29903299389
26000000 0.21705898191
28000000 0.17204796882
30000000 0.145524999828
35000000 0.102346009947
40000000 0.07244339553
45000000 0.057175402915
50000000 0.046252497904
55000000 0.038832508098
60000000 0.03275659625
65000000 0.028588600825
70000000 0.024898792334
75000000 0.02180220336
80000000 0.019119101886
90000000 0.01518429549
100000000 0.01226500006
110000000 0.0102134998683
120000000 0.0086763398995
130000000 0.0075376499548
140000000 0.0065813104581
150000000 0.0058364296805
160000000 0.005272190213
180000000 0.0043756701562
200000000 0.0037374498198
#Header 
#Target 53 136 0
#Product 54 135 0
#Datapoints 46
1000000 0
1000000 0
2000000 4.2856095806E-10
3000000 1.44107991055E-5
4000000 0.0007294699896
5000000 0.0074564397008
6000000 0.0333044022096
7000000 0.092097393886
8000000 0.182007009012
9000000 0.276665038776
10000000 0.327089960122
11000000 0.30850202711911
12000000 0.249651035802
13000000 0.187628991793
14000000 0.13942998384
15000000 0.106173002516
16000000 0.085807410698
17000000 0.073283302522
18000000 0.06500469468
19000000 0.0589422909
20000000 0.05457160608
22000000 0.047383803645
24000000 0.042075204974
26000000 0.037296494217
28000000 0.033237592752
30000000 0.029859196536
35000000 0.024320301444
40000000 0.020339797485
45000000 0.017096905984
50000000 0.0146330995006
55000000 0.0126077987517
60000000 0.0109450990787
65000000 0.0096873595944
70000000 0.0084280305122
75000000 0.007433219598
80000000 0.006585519747
90000000 0.0052399301136
100000000 0.004261689905
110000000 0.0035563099458
120000000 0.0030686104498
130000000 0.0026554096912
140000000 0.002373140603
150000000 0.002110439516
160000000 0.0019144799016
180000000 0.0015920006228
200000000 0.0013444196621
#Header 
#Target 53 136 0
#Product 54 136 0
#Datapoints 46
1000000 0
1000000 6.31519999218E-14
2000000 1.21985996616E-7
3000000 3.67479963123E-5
4000000 0.000640602072
5000000 0.0031334293614
6000000 0.0086998913312
7000000 0.017608200384
8000000 0.029257903276
9000000 0.0404210974986
10000000 0.0484641021072
11000000 0.053225399899089
12000000 0.0554778000609
13000000 0.0559785991096
14000000 0.055862902104
15000000 0.054811900514
16000000 0.053982699328
17000000 0.052513596891
18000000 0.050818093445
19000000 0.048890404435
20000000 0.04684409904
22000000 0.043166298152
24000000 0.039805303972
26000000 0.036950399187
28000000 0.034189707006
30000000 0.031643403324
35000000 0.026218797597
40000000 0.022074994335
45000000 0.018587198336
50000000 0.0160156993206
55000000 0.013676099805
60000000 0.0119309991193
65000000 0.0103522990172
70000000 0.0092134102008
75000000 0.007967910069
80000000 0.0070954297832
90000000 0.0056250602688
100000000 0.0045970396325
110000000 0.0038446302713
120000000 0.0032888295748
130000000 0.0028732004532
140000000 0.0025433997836
150000000 0.002266580471
160000000 0.0020272994596
180000000 0.0016627100294
200000000 0.00089785897412
#Header 
#Target 53 136 0
#Product 54 137 0
#Datapoints 46
1000000 0
1000000 0
2000000 7.122120155E-12
3000000 2.14377994514E-9
4000000 4.366799976E-7
5000000 6.0724799912E-6
6000000 3.5921300544E-5
7000000 0.000115680005886
8000000 0.000240223002672
9000000 0.000355262020029
10000000 0.000410821997626
11000000 0.00041044004928547
12000000 0.000380423964018
13000000 0.000345893994572
14000000 0.00031868694144
15000000 0.00029789796358
16000000 0.00028356303284
17000000 0.00026965702553
18000000 0.00025939195025
19000000 0.000249693944
20000000 0.0002411140272
22000000 0.00022488599602
24000000 0.00021323304673
26000000 0.00020310798588
28000000 0.00019434604098
30000000 0.00018583991712
35000000 0.00016630293699
40000000 0.00014781099117
45000000 0.000143259002856
50000000 0.00012695501097
55000000 0.00012404300811
60000000 0.000109423998227
65000000 0.000107293990824
70000000 9.4512002624E-5
75000000 9.194540019E-5
80000000 8.2492800474E-5
90000000 7.119090111E-5
100000000 6.32289998E-5
110000000 5.4100304015E-5
120000000 4.860130247E-5
130000000 4.4435793444E-5
140000000 3.9560504765E-5
150000000 3.416109522E-5
160000000 3.00263013E-5
180000000 2.565819718E-5
200000000 1.9485203341E-5
