#Header 
#Target 49 125 0
#Product 0 1 0
#Datapoints 45
1000000 0
2000000 6.448811664E-7
3000000 0.0002248803291
4000000 0.006146162332
5000000 0.04631379119
6000000 0.164048394
7000000 0.3785528278
8000000 0.6748845345
9000000 1.0015702213
10000000 1.307077470387
11000000 1.619389989522
12000000 1.973695077807
13000000 2.322230418
14000000 2.634967975
15000000 2.892293649
16000000 3.100266784
17000000 3.25794852
18000000 3.38639166
19000000 3.50467425
20000000 3.63549153
22000000 3.945398952
24000000 4.277031676
26000000 4.534185825
28000000 4.705403352
30000000 4.85601249
35000000 5.226104224
40000000 5.444711538
45000000 5.626844716
50000000 5.72708094
55000000 5.795810496
60000000 5.852800355
65000000 5.874858718
70000000 5.913709178
75000000 5.946855726
80000000 5.987157471
90000000 6.11679375
100000000 6.251958867
110000000 6.427158852
120000000 6.611285433
130000000 6.795888341
140000000 6.982916364
150000000 7.161364197
160000000 7.33485746
180000000 7.779716696
200000000 8.2529604
#Header 
#Target 49 125 0
#Product 1 1 0
#Datapoints 45
1000000 0
2000000 3.1779163032E-20
3000000 8.351695821E-13
4000000 8.299826468E-9
5000000 1.5515155744E-6
6000000 4.0698040299E-5
7000000 0.0003701087901
8000000 0.0017799006435
9000000 0.005254262451
10000000 0.01064497664682
11000000 0.01687640392872
12000000 0.02340304750824
13000000 0.03029859057
14000000 0.037776902
15000000 0.0461257259
16000000 0.0555260784
17000000 0.06587535936
18000000 0.076918992
19000000 0.08851981138
20000000 0.1015581391
22000000 0.128604619
24000000 0.1578473373
26000000 0.190063692
28000000 0.2236030485
30000000 0.2577455741
35000000 0.3440384288
40000000 0.4288587996
45000000 0.5059965626
50000000 0.5778573255
55000000 0.6386304384
60000000 0.6946587485
65000000 0.7440029963
70000000 0.7883027282
75000000 0.8266869996
80000000 0.8622045349
90000000 0.9229663875
100000000 0.9727611828
110000000 1.014118866
120000000 1.0489409582
130000000 1.0804535883
140000000 1.108604502
150000000 1.1353083966
160000000 1.160898508
180000000 1.210593096
200000000 1.26994581
#Header 
#Target 49 125 0
#Product 1 2 0
#Datapoints 41
1000000 0
6000000 0
7000000 2.335653817E-18
8000000 2.2069903485E-11
9000000 3.2203589337E-8
10000000 1.983562943958E-6
11000000 4.442259366882E-5
12000000 0.000352435252293
13000000 0.001368501987
14000000 0.003271502175
15000000 0.005916104088
16000000 0.009075236288
17000000 0.012550840728
18000000 0.0161723649
19000000 0.01982010448
20000000 0.02341645515
22000000 0.03029598484
24000000 0.03664847581
26000000 0.0420028401
28000000 0.04701248109
30000000 0.05185399555
35000000 0.06225968496
40000000 0.07083383748
45000000 0.07661888057
50000000 0.08147282829
55000000 0.08904733056
60000000 0.09157976325
65000000 0.09707086568
70000000 0.09965001696
75000000 0.10398411744
80000000 0.10701071504
90000000 0.10516070625
100000000 0.10439308638
110000000 0.10133008848
120000000 0.09849594457
130000000 0.09553824792
140000000 0.09306808605
150000000 0.09113669514
160000000 0.0896961058
180000000 0.09268477136
200000000 0.10166036652
#Header 
#Target 49 125 0
#Product 1 3 0
#Datapoints 41
1000000 0
6000000 0
7000000 2.254174517E-16
8000000 8.69153688E-13
9000000 1.4118260032E-10
10000000 1.13554932714E-8
11000000 2.809570765833E-7
12000000 5.342631216027E-6
13000000 4.259970683E-5
14000000 0.000175649965
15000000 0.0004614111001
16000000 0.0009138369444
17000000 0.001514562282
18000000 0.0022314531
19000000 0.003030466032
20000000 0.003883912505
22000000 0.005643697956
24000000 0.007378867821
26000000 0.00902666232
28000000 0.010562550471
30000000 0.011967954474
35000000 0.014831373128
40000000 0.01666904736
45000000 0.01796641758
50000000 0.01910908986
55000000 0.02025399168
60000000 0.02157255055
65000000 0.02299276514
70000000 0.02464547254
75000000 0.02648782962
80000000 0.02855532658
90000000 0.03333260625
100000000 0.03873180102
110000000 0.04209718512
120000000 0.04518235813
130000000 0.04784453584
140000000 0.05038782093
150000000 0.05271755517
160000000 0.055450479
180000000 0.0629608644
200000000 0.07288706943
#Header 
#Target 49 125 0
#Product 2 3 0
#Datapoints 33
1000000 0
14000000 0
15000000 1.438645625E-20
16000000 1.58859396E-17
17000000 3.536587854E-15
18000000 3.56182968E-13
19000000 1.933474334E-11
20000000 5.25219508E-10
22000000 7.603899928E-8
24000000 2.538440663E-6
26000000 2.752437155E-5
28000000 0.00014301203328
30000000 0.0004068850219
35000000 0.001652498144
40000000 0.003323394522
45000000 0.005064029561
50000000 0.006733980435
55000000 0.008274690432
60000000 0.00950976175
65000000 0.010643239711
70000000 0.011637818452
75000000 0.012629826328
80000000 0.013590230312
90000000 0.01560882
100000000 0.01784073951
110000000 0.01932674872
120000000 0.02079421719
130000000 0.02226687593
140000000 0.02374539084
150000000 0.02523027492
160000000 0.0267181719
180000000 0.02937865624
200000000 0.03182661315
#Header 
#Target 49 125 0
#Product 2 4 0
#Datapoints 45
1000000 0
2000000 1.6094515932E-17
3000000 4.628356479E-13
4000000 3.672665439E-11
5000000 1.0439303415E-9
6000000 1.5102605943E-8
7000000 1.4511085743E-7
8000000 9.481335315E-7
9000000 4.7707721465E-6
10000000 1.908631906929E-5
11000000 6.131232073017E-5
12000000 0.0001602853540335
13000000 0.0003531864307
14000000 0.000694202905
15000000 0.001329846423
16000000 0.002925092624
17000000 0.007203394854
18000000 0.00981548322
19000000 0.010532201878
20000000 0.007318265185
22000000 0.007281773896
24000000 0.008022839108
26000000 0.00887212274
28000000 0.00968480559
30000000 0.010417744792
35000000 0.011864591992
40000000 0.01289739339
45000000 0.013729550193
50000000 0.014288131725
55000000 0.014958784512
60000000 0.01576399695
65000000 0.01699017051
70000000 0.01883320582
75000000 0.02143702204
80000000 0.02465626717
90000000 0.0328951275
100000000 0.04047115941
110000000 0.0460763146
120000000 0.04892532496
130000000 0.04986977502
140000000 0.04988396637
150000000 0.04972330314
160000000 0.0497883274
180000000 0.05890126568
200000000 0.07604418753
#Header 
#Target 49 125 0
#Product 44 100 0
#Datapoints 9
1000000 0
110000000 0
120000000 2.248732595E-13
130000000 1.651330377E-9
140000000 3.0001203252E-7
150000000 4.1542698447E-6
160000000 1.36291995E-5
180000000 0.000109205006464
200000000 0.00040548498102
#Header 
#Target 49 125 0
#Product 44 101 0
#Datapoints 9
1000000 0
110000000 0
120000000 6.357628551E-11
130000000 6.6638694696E-8
140000000 2.8088198928E-6
150000000 1.2869604108E-5
160000000 2.567019672E-5
180000000 0.00012205904384
200000000 0.00026442196524
#Header 
#Target 49 125 0
#Product 44 102 0
#Datapoints 10
1000000 0
100000000 0
110000000 1.004569166E-12
120000000 6.7269201714E-9
130000000 8.4143601423E-7
140000000 7.0083094887E-6
150000000 1.9972405647E-5
160000000 3.761599723E-5
180000000 0.000104347989952
200000000 0.00014659303455
#Header 
#Target 49 125 0
#Product 45 101 0
#Datapoints 8
1000000 0
120000000 0
130000000 3.725498708E-13
140000000 1.0698395652E-9
150000000 1.22027000661E-7
160000000 1.667720173E-6
180000000 2.3699305592E-5
200000000 0.000110683998882
#Header 
#Target 49 125 0
#Product 45 102 0
#Datapoints 9
1000000 0
110000000 0
120000000 4.407497836E-15
130000000 1.371167651E-10
140000000 6.3831302856E-8
150000000 2.1240604908E-6
160000000 1.0893699453E-5
180000000 7.6694900128E-5
200000000 0.00027611505558
#Header 
#Target 49 125 0
#Product 45 103 0
#Datapoints 9
1000000 0
110000000 0
120000000 1.0043698572E-12
130000000 1.6189197175E-9
140000000 1.18532992599E-7
150000000 9.4513702104E-7
160000000 2.382280411E-6
180000000 1.14046999712E-5
200000000 2.6793296451E-5
#Header 
#Target 49 125 0
#Product 45 104 0
#Datapoints 10
1000000 0
100000000 0
110000000 1.0993588296E-14
120000000 1.606016545E-10
130000000 5.5211694478E-8
140000000 9.7508702664E-7
150000000 3.3874400475E-6
160000000 6.678939897E-6
180000000 2.4301598672E-5
200000000 3.5460301311E-5
#Header 
#Target 49 125 0
#Product 45 105 0
#Datapoints 10
1000000 0
100000000 0
110000000 3.088280776E-11
120000000 4.3139604103E-8
130000000 2.3339394822E-6
140000000 1.6100306523E-5
150000000 4.2726598884E-5
160000000 7.266540106E-5
180000000 0.00015701597544
200000000 0.00018591899598
#Header 
#Target 49 125 0
#Product 45 106 0
#Datapoints 11
1000000 0
90000000 0
100000000 1.1807594007E-14
110000000 1.430689952E-10
120000000 2.1843294814E-8
130000000 2.9487006708E-7
140000000 1.2548505285E-6
150000000 2.3904199953E-6
160000000 3.351729507E-6
180000000 6.054630124E-6
200000000 8.6668605612E-6
#Header 
#Target 49 125 0
#Product 46 102 0
#Datapoints 8
1000000 0
120000000 0
130000000 6.5944095608E-9
140000000 2.6014702986E-6
150000000 4.9999899456E-5
160000000 0.0001792439852
180000000 0.0013452302136
200000000 0.0044415601209
#Header 
#Target 49 125 0
#Product 46 103 0
#Datapoints 9
1000000 0
110000000 0
120000000 4.017549051E-10
130000000 9.2035998744E-7
140000000 4.2837196896E-5
150000000 0.00021466403577
160000000 0.0004410119287
180000000 0.0022161695848
200000000 0.0045049806072
#Header 
#Target 49 125 0
#Product 46 104 0
#Datapoints 10
1000000 0
100000000 0
110000000 1.0827199592E-11
120000000 1.3885296852E-7
130000000 2.2160704607E-5
140000000 0.00020827403289
150000000 0.00061769803815
160000000 0.0012098300529
180000000 0.0035553502096
200000000 0.0044528096088
#Header 
#Target 49 125 0
#Product 46 105 0
#Datapoints 11
1000000 0
90000000 0
100000000 3.009169647E-14
110000000 7.4771608804E-9
120000000 4.4531106914E-6
130000000 9.9103686178E-5
140000000 0.00052300501632
150000000 0.00119582997183
160000000 0.001733550133
180000000 0.0032503696568
200000000 0.0046454601438
#Header 
#Target 49 125 0
#Product 46 106 0
#Datapoints 11
1000000 0
90000000 0
100000000 2.307028713E-10
110000000 1.02927009072E-6
120000000 4.1464107181E-5
130000000 0.00034619000243
140000000 0.00091178494533
150000000 0.00117128002473
160000000 0.001468309647
180000000 0.0028014501216
200000000 0.0036317296539
#Header 
#Target 49 125 0
#Product 46 107 0
#Datapoints 12
1000000 0
80000000 0
90000000 1.474315875E-13
100000000 2.1601300644E-8
110000000 2.8176106652E-6
120000000 4.5416005076E-5
130000000 0.00013431399907
140000000 0.00015835397022
150000000 0.00019094395122
160000000 0.0002494059344
180000000 0.00036007304192
200000000 0.00044062394985
#Header 
#Target 49 125 0
#Product 46 108 0
#Datapoints 12
1000000 0
80000000 0
90000000 2.9982501375E-9
100000000 2.1000994575E-6
110000000 8.55090017E-5
120000000 0.00043306400844
130000000 0.00063381306376
140000000 0.000665902053
150000000 0.00079667504019
160000000 0.0009289570101
180000000 0.00117293991504
200000000 0.0013119705081
#Header 
#Target 49 125 0
#Product 46 109 0
#Datapoints 14
1000000 0
70000000 0
75000000 1.59969635E-15
80000000 3.926475454E-12
90000000 2.7708194625E-8
100000000 3.6781201083E-6
110000000 2.7120502572E-5
120000000 4.3058997067E-5
130000000 4.3476302691E-5
140000000 5.0933596986E-5
150000000 6.1054404642E-5
160000000 7.546829689E-5
180000000 9.3443695E-5
200000000 9.822349494E-5
#Header 
#Target 49 125 0
#Product 46 110 0
#Datapoints 15
1000000 0
65000000 0
70000000 1.1412594596E-14
75000000 1.4544996326E-11
80000000 3.1346998171E-9
90000000 2.2172097375E-6
100000000 3.6450106176E-5
110000000 8.4945095208E-5
120000000 8.8950199444E-5
130000000 9.8616204047E-5
140000000 0.000123210998397
150000000 0.00015117801732
160000000 0.0001720390196
180000000 0.00019022094328
200000000 0.00022642401825
#Header 
#Target 49 125 0
#Product 46 111 0
#Datapoints 16
1000000 0
60000000 0
65000000 4.016247022E-15
70000000 9.94659796E-12
75000000 2.769209296E-9
80000000 9.6519399167E-8
90000000 2.984720625E-6
100000000 6.8785503435E-6
110000000 6.8123502824E-6
120000000 8.3338495408E-6
130000000 1.25667002135E-5
140000000 1.7733203559E-5
150000000 2.2767601068E-5
160000000 2.694880685E-5
180000000 3.5331897104E-5
200000000 4.8077194896E-5
#Header 
#Target 49 125 0
#Product 46 112 0
#Datapoints 17
1000000 0
55000000 0
60000000 3.14407554E-13
65000000 5.45119927E-10
70000000 6.6356001608E-8
75000000 1.09995993786E-6
80000000 5.3984608857E-6
90000000 1.915679625E-5
100000000 2.1940898661E-5
110000000 2.6964295824E-5
120000000 4.1864692691E-5
130000000 5.7995303866E-5
140000000 7.0978494726E-5
150000000 7.9120898766E-5
160000000 8.739840284E-5
180000000 0.000109172993168
200000000 0.00016192001088
#Header 
#Target 49 125 0
#Product 46 113 0
#Datapoints 18
1000000 0
50000000 0
55000000 7.6543056E-13
60000000 1.0093693415E-9
65000000 7.0640201637E-8
70000000 7.9348891284E-7
75000000 2.704159584E-6
80000000 4.5213406492E-6
90000000 4.9868900625E-6
100000000 6.0780203286E-6
110000000 9.868949764E-6
120000000 1.4442003699E-5
130000000 1.8907997897E-5
140000000 2.2488306075E-5
150000000 2.5748199927E-5
160000000 3.00598053E-5
180000000 4.873609636E-5
200000000 7.7606094033E-5
#Header 
#Target 49 125 0
#Product 46 114 0
#Datapoints 20
1000000 0
40000000 0
45000000 8.689569565E-15
50000000 6.346644675E-11
55000000 1.6953795072E-8
60000000 4.084310666E-7
65000000 2.0625196264E-6
70000000 4.3185594426E-6
75000000 5.408079159E-6
80000000 5.4879093065E-6
90000000 6.1243695E-6
100000000 1.09739005134E-5
110000000 1.73415966E-5
120000000 2.3324700514E-5
130000000 2.8934095914E-5
140000000 3.3300006768E-5
150000000 4.137070284E-5
160000000 5.625250008E-5
180000000 0.00010724300136
200000000 0.00017545500558
#Header 
#Target 49 125 0
#Product 46 115 0
#Datapoints 21
1000000 0
35000000 0
40000000 1.942548405E-14
45000000 1.0386286333E-10
50000000 1.34687998872E-8
55000000 1.62047952E-7
60000000 4.480710166E-7
65000000 5.6388497657E-7
70000000 5.2985391524E-7
75000000 4.9857200484E-7
80000000 5.5360104409E-7
90000000 1.1114898975E-6
100000000 2.3810300646E-6
110000000 3.9966996108E-6
120000000 5.4679096963E-6
130000000 6.850650525E-6
140000000 9.5797800279E-6
150000000 1.6021904166E-5
160000000 2.544410302E-5
180000000 5.3883294088E-5
200000000 8.4110897745E-5
#Header 
#Target 49 125 0
#Product 46 116 0
#Datapoints 22
1000000 0
30000000 0
35000000 1.5582585392E-12
40000000 9.750764604E-10
45000000 3.5776206324E-8
50000000 2.1412507494E-7
55000000 4.3266705984E-7
60000000 4.8487296045E-7
65000000 4.691179623E-7
70000000 4.8193097134E-7
75000000 6.5049304712E-7
80000000 1.03004996344E-6
90000000 2.3061706875E-6
100000000 4.0604199339E-6
110000000 5.4877397152E-6
120000000 6.9521196238E-6
130000000 1.02957005492E-5
140000000 1.9511095698E-5
150000000 3.6155498193E-5
160000000 5.653629793E-5
180000000 0.000111025996672
200000000 0.00015680403657
#Header 
#Target 49 125 0
#Product 47 103 0
#Datapoints 7
1000000 0
130000000 0
140000000 3.001170852E-10
150000000 6.7117504329E-7
160000000 2.643519753E-5
180000000 0.00068710604016
200000000 0.0019922404356
#Header 
#Target 49 125 0
#Product 47 104 0
#Datapoints 8
1000000 0
120000000 0
130000000 1.742925444E-11
140000000 3.1771602297E-7
150000000 2.8140203592E-5
160000000 0.0002375549673
180000000 0.001566240436
200000000 0.0035728894908
#Header 
#Target 49 125 0
#Product 47 105 0
#Datapoints 9
1000000 0
110000000 0
120000000 8.610383762E-14
130000000 7.0053802661E-9
140000000 9.0641904363E-7
150000000 1.00950000732E-5
160000000 3.038200396E-5
180000000 0.000117944008328
200000000 0.00020559297366
#Header 
#Target 49 125 0
#Product 47 106 0
#Datapoints 9
1000000 0
110000000 0
120000000 2.5774795983E-9
130000000 9.6033397769E-7
140000000 1.801379628E-5
150000000 7.5998591523E-5
160000000 0.0001710140292
180000000 0.00045485798976
200000000 0.00060110900226
#Header 
#Target 49 125 0
#Product 47 107 0
#Datapoints 10
1000000 0
100000000 0
110000000 1.373391752E-10
120000000 1.4663196007E-7
130000000 5.2070106414E-6
140000000 3.3782601852E-5
150000000 8.515690065E-5
160000000 0.0001282640338
180000000 0.0002371679324
200000000 0.00032439196467
#Header 
#Target 49 125 0
#Product 47 108 0
#Datapoints 11
1000000 0
90000000 0
100000000 1.818207864E-12
110000000 5.4516392148E-8
120000000 6.3281899641E-6
130000000 7.6687099952E-5
140000000 0.00028085099625
150000000 0.000462748041
160000000 0.0005956620782
180000000 0.00088633098952
200000000 0.00102430002789
#Header 
#Target 49 125 0
#Product 47 109 0
#Datapoints 12
1000000 0
80000000 0
90000000 6.626741625E-15
100000000 3.3615304272E-9
110000000 1.5069505632E-6
120000000 3.4363300324E-5
130000000 0.00017889304867
140000000 0.00034034802966
150000000 0.00043187703147
160000000 0.0005073279841
180000000 0.00064401202064
200000000 0.0006600890421
#Header 
#Target 49 125 0
#Product 47 110 0
#Datapoints 12
1000000 0
80000000 0
90000000 9.262880625E-11
100000000 2.5956998496E-7
110000000 1.07107999452E-5
120000000 7.2522196704E-5
130000000 0.00016395896583
140000000 0.00022971996495
150000000 0.00030206297601
160000000 0.0003419630277
180000000 0.00041177795088
200000000 0.00046956598344
#Header 
#Target 49 125 0
#Product 47 111 0
#Datapoints 13
1000000 0
75000000 0
80000000 4.623824569E-13
90000000 1.881219675E-8
100000000 1.5985198944E-6
110000000 1.5024997444E-5
120000000 4.4042397749E-5
130000000 6.5970603643E-5
140000000 8.2088599797E-5
150000000 9.2126298564E-5
160000000 0.00010280100285
180000000 0.00012706897064
200000000 0.00016064599212
#Header 
#Target 49 125 0
#Product 47 112 0
#Datapoints 15
1000000 0
65000000 0
70000000 1.0860290194E-15
75000000 1.981557942E-11
80000000 9.9744905329E-9
90000000 5.649619725E-6
100000000 9.8447306958E-5
110000000 0.00041468498732
120000000 0.00069997798876
130000000 0.00078902602293
140000000 0.000847790064
150000000 0.00091438904952
160000000 0.0009897839658
180000000 0.001211179572
200000000 0.0014903401167
#Header 
#Target 49 125 0
#Product 47 113 0
#Datapoints 16
1000000 0
60000000 0
65000000 3.055308176E-14
70000000 9.338830852E-11
75000000 1.34395992388E-8
80000000 2.4323096414E-7
90000000 5.122480725E-6
100000000 2.6610307284E-5
110000000 5.18584933E-5
120000000 6.7052599314E-5
130000000 7.8806199086E-5
140000000 9.1983603834E-5
150000000 0.000108915000633
160000000 0.0001376290601
180000000 0.0002015540292
200000000 0.00026206605459
#Header 
#Target 49 125 0
#Product 47 114 0
#Datapoints 17
1000000 0
55000000 0
60000000 7.048029025E-13
65000000 2.0428400491E-9
70000000 2.1753497038E-7
75000000 3.1389598884E-6
80000000 1.5658996914E-5
90000000 0.000121990998
100000000 0.00028637300241
110000000 0.00036400993236
120000000 0.00040385504587
130000000 0.0004372320068
140000000 0.00053190698625
150000000 0.00066494205792
160000000 0.0008606179792
180000000 0.0012547197872
200000000 0.0016748005311
#Header 
#Target 49 125 0
#Product 47 115 0
#Datapoints 19
1000000 0
45000000 0
50000000 3.299671704E-16
55000000 1.1063490624E-11
60000000 4.041000577E-9
65000000 8.3354695414E-8
70000000 4.5815301896E-7
75000000 1.5797305104E-6
80000000 4.3004898196E-6
90000000 1.31205996E-5
100000000 1.9759297569E-5
110000000 2.3115094952E-5
120000000 2.8270004059E-5
130000000 4.1029098614E-5
140000000 6.3472704786E-5
150000000 9.8523808938E-5
160000000 0.0001320309704
180000000 0.00020846698176
200000000 0.00025830800181
#Header 
#Target 49 125 0
#Product 47 116 0
#Datapoints 20
1000000 0
40000000 0
45000000 2.17619735E-15
50000000 1.1666092578E-10
55000000 2.8866891456E-8
60000000 4.711959533E-7
65000000 2.3549894169E-6
70000000 8.4964693684E-6
75000000 2.2509702264E-5
80000000 3.9340506386E-5
90000000 5.6884405875E-5
100000000 6.3089607471E-5
110000000 6.882060458E-5
120000000 8.8985010544E-5
130000000 0.00013973302591
140000000 0.00021279602799
150000000 0.00028956805515
160000000 0.0003833169823
180000000 0.00051557602776
200000000 0.0006876210204
#Header 
#Target 49 125 0
#Product 47 117 0
#Datapoints 21
1000000 0
35000000 0
40000000 1.0824594018E-12
45000000 1.2316400466E-9
50000000 3.8354204595E-8
55000000 2.84414976E-7
60000000 1.4887801005E-6
65000000 5.2279202668E-6
70000000 1.1100700091E-5
75000000 1.5860100186E-5
80000000 1.930369954E-5
90000000 2.1455092875E-5
100000000 2.5260094398E-5
110000000 4.5510300588E-5
120000000 0.000100105003863
130000000 0.0001722440237
140000000 0.0002608430661
150000000 0.00034630207146
160000000 0.0004280060309
180000000 0.00057393098216
200000000 0.00065014894944
#Header 
#Target 49 125 0
#Product 47 118 0
#Datapoints 22
1000000 0
30000000 0
35000000 7.233478208E-12
40000000 2.5538595033E-9
45000000 4.8546906912E-8
50000000 5.0583605751E-7
55000000 3.4314103872E-6
60000000 1.00397999185E-5
65000000 1.6273898306E-5
70000000 1.9469806434E-5
75000000 2.055989824E-5
80000000 2.0730993672E-5
90000000 2.50046925E-5
100000000 6.3788698083E-5
110000000 0.00017691602984
120000000 0.0003440509943
130000000 0.00054422893805
140000000 0.0007148299653
150000000 0.00089625903687
160000000 0.0010317300994
180000000 0.0012698295416
200000000 0.0013945303683
#Header 
#Target 49 125 0
#Product 47 119 0
#Datapoints 25
1000000 0
24000000 0
26000000 5.576979655E-15
28000000 1.4842188162E-13
30000000 2.15185978E-12
35000000 2.822011544E-10
40000000 2.0042706033E-8
45000000 4.407680153E-7
50000000 2.3069298357E-6
55000000 4.8622597056E-6
60000000 6.3079695245E-6
65000000 6.5531487509E-6
70000000 6.565710346E-6
75000000 6.942449423E-6
80000000 8.7883202217E-6
90000000 4.77144045E-5
100000000 0.00017665399983
110000000 0.00038200894348
120000000 0.00060153696837
130000000 0.00080396592615
140000000 0.00099453197898
150000000 0.00114540990309
160000000 0.001263900113
180000000 0.0014492201096
200000000 0.0015962903469
#Header 
#Target 49 125 0
#Product 47 120 0
#Datapoints 25
1000000 0
24000000 0
26000000 1.4797588845E-15
28000000 1.962664926E-13
30000000 9.557689876E-12
35000000 3.1749107192E-9
40000000 6.1916797635E-8
45000000 2.4272194433E-7
50000000 3.9117205575E-7
55000000 4.2428204352E-7
60000000 4.174940754E-7
65000000 4.293449602E-7
70000000 6.1574595602E-7
75000000 2.3358795922E-6
80000000 9.4365808813E-6
90000000 4.9748104875E-5
100000000 0.00011492601021
110000000 0.0001849230252
120000000 0.00024668396081
130000000 0.00029490701384
140000000 0.00034329099834
150000000 0.00037185398712
160000000 0.0004136039712
180000000 0.00044906301448
200000000 0.0004665820239
#Header 
#Target 49 125 0
#Product 47 121 0
#Datapoints 28
1000000 0
19000000 0
20000000 1.168079704E-15
22000000 6.769619876E-14
24000000 1.552166222E-12
26000000 1.75957639E-11
28000000 1.1875699941E-10
30000000 5.701332287E-10
35000000 8.834879328E-9
40000000 2.7548808567E-8
45000000 3.4917393268E-8
50000000 3.4249391799E-8
55000000 3.7701593856E-8
60000000 1.22077990835E-7
65000000 1.5456602165E-6
70000000 9.2931203508E-6
75000000 2.8657307336E-5
80000000 6.154630007E-5
90000000 0.00015168594
100000000 0.00024531998733
110000000 0.00032968804712
120000000 0.00039585094254
130000000 0.00044853607047
140000000 0.00049435600536
150000000 0.0005306299389
160000000 0.0005501989584
180000000 0.00059112195624
200000000 0.00060801602724
#Header 
#Target 49 125 0
#Product 47 122 0
#Datapoints 21
1000000 0
35000000 0
40000000 2.060573823E-14
45000000 1.1275794051E-11
50000000 5.234126793E-10
55000000 6.5573001792E-8
60000000 1.20775994485E-6
65000000 6.6373990725E-6
70000000 1.7285694244E-5
75000000 3.0825795924E-5
80000000 4.5918096124E-5
90000000 7.185249225E-5
100000000 9.4434001002E-5
110000000 0.000111768002784
120000000 0.000123748999522
130000000 0.00013437701101
140000000 0.00014429495925
150000000 0.00014921995878
160000000 0.000156149973
180000000 0.0001616310084
200000000 0.00016397999262
#Header 
#Target 49 125 0
#Product 48 104 0
#Datapoints 7
1000000 0
130000000 0
140000000 1.6422297966E-9
150000000 5.6031399351E-6
160000000 5.293909509E-5
180000000 0.00048767706824
200000000 0.0012352198383
#Header 
#Target 49 125 0
#Product 48 105 0
#Datapoints 8
1000000 0
120000000 0
130000000 1.1051598361E-10
140000000 8.9780908032E-6
150000000 0.000117403004079
160000000 0.0003577480494
180000000 0.001991879836
200000000 0.0034850801799
#Header 
#Target 49 125 0
#Product 48 106 0
#Datapoints 9
1000000 0
110000000 0
120000000 3.23536942E-10
130000000 6.6261394889E-6
140000000 0.00013611503979
150000000 0.00055832796621
160000000 0.0011971999284
180000000 0.0037710501584
200000000 0.0058259604807
#Header 
#Target 49 125 0
#Product 48 107 0
#Datapoints 9
1000000 0
110000000 0
120000000 3.1964596353E-6
130000000 0.000119659003451
140000000 0.00076536702576
150000000 0.0017858200464
160000000 0.002864769453
180000000 0.0058513196288
200000000 0.0096814708083
#Header 
#Target 49 125 0
#Product 48 108 0
#Datapoints 10
1000000 0
100000000 0
110000000 1.07989996572E-6
120000000 7.9011901147E-5
130000000 0.0009452499568
140000000 0.0027166100274
150000000 0.0037403996652
160000000 0.005135710524
180000000 0.0105274005936
200000000 0.013308399036
#Header 
#Target 49 125 0
#Product 48 109 0
#Datapoints 11
1000000 0
90000000 0
100000000 2.2689995658E-7
110000000 4.3792302972E-5
120000000 0.00101747997532
130000000 0.003896149719
140000000 0.0052774894143
150000000 0.0064727402049
160000000 0.008925749371
180000000 0.012845198768
200000000 0.014685498342
#Header 
#Target 49 125 0
#Product 48 110 0
#Datapoints 12
1000000 0
80000000 0
90000000 1.6171298625E-8
100000000 1.6479094665E-5
110000000 0.00079647092884
120000000 0.0045541905221
130000000 0.0070587202529
140000000 0.0077757803064
150000000 0.0097324108605
160000000 0.011584300056
180000000 0.01485330444
200000000 0.015688095714
#Header 
#Target 49 125 0
#Product 48 111 0
#Datapoints 13
1000000 0
75000000 0
80000000 8.635138084E-11
90000000 7.5466902E-7
100000000 0.000126022987167
110000000 0.00097223401352
120000000 0.0015444898597
130000000 0.0015836203781
140000000 0.0017794405458
150000000 0.0020279902536
160000000 0.002414759431
180000000 0.002854710436
200000000 0.0028423698336
#Header 
#Target 49 125 0
#Product 48 112 0
#Datapoints 15
1000000 0
65000000 0
70000000 1.517775636E-12
75000000 1.8491500678E-9
80000000 3.3037806847E-7
90000000 0.00033587198625
100000000 0.0054153000825
110000000 0.011986500242
120000000 0.0115125000752
130000000 0.0107777001353
140000000 0.0119606994441
150000000 0.013393699416
160000000 0.01438200554
180000000 0.014289600296
200000000 0.013698599283
#Header 
#Target 49 125 0
#Product 48 113 0
#Datapoints 16
1000000 0
60000000 0
65000000 1.552951457E-12
70000000 2.5985601824E-9
75000000 1.0032899856E-6
80000000 3.2093899353E-5
90000000 0.00076129905
100000000 0.0016018496043
110000000 0.001385509992
120000000 0.00128306997347
130000000 0.001487929535
140000000 0.0017364100221
150000000 0.0020761394553
160000000 0.002382130247
180000000 0.0025672400424
200000000 0.0026821702368
#Header 
#Target 49 125 0
#Product 48 114 0
#Datapoints 18
1000000 0
50000000 0
55000000 5.389996608E-15
60000000 3.237328905E-10
65000000 6.4521503972E-7
70000000 6.0889100818E-5
75000000 0.0007670440358
80000000 0.0035269996538
90000000 0.0112655995125
100000000 0.010166399298
110000000 0.0082422709896
120000000 0.0089824692955
130000000 0.0104438001183
140000000 0.0118984992957
150000000 0.012751399296
160000000 0.01321640593
180000000 0.014102804728
200000000 0.014758194681
#Header 
#Target 49 125 0
#Product 48 115 0
#Datapoints 19
1000000 0
45000000 0
50000000 5.272450323E-14
55000000 2.2560695424E-9
60000000 1.883439422E-6
65000000 5.5150597015E-5
70000000 0.00031697801928
75000000 0.00073555005482
80000000 0.00093321108723
90000000 0.00074668104375
100000000 0.00067325802885
110000000 0.00085227700468
120000000 0.00121877000387
130000000 0.0016411598956
140000000 0.0019647701523
150000000 0.0023071098915
160000000 0.002598039437
180000000 0.0029231895064
200000000 0.0028830097287
#Header 
#Target 49 125 0
#Product 48 116 0
#Datapoints 20
1000000 0
40000000 0
45000000 2.371935584E-10
50000000 1.28664990888E-6
55000000 0.000123504994944
60000000 0.0011945699428
65000000 0.0036527008045
70000000 0.0057857395986
75000000 0.006051550561
80000000 0.005286660376
90000000 0.0047557908375
100000000 0.0063044500497
110000000 0.0087020106712
120000000 0.0111101997962
130000000 0.013006499514
140000000 0.015119395794
150000000 0.016287202575
160000000 0.01716000321
180000000 0.017776099408
200000000 0.019725901974
#Header 
#Target 49 125 0
#Product 48 117 0
#Datapoints 22
1000000 0
30000000 0
35000000 7.363928528E-16
40000000 2.452720725E-9
45000000 3.1188294638E-6
50000000 7.756950579E-5
55000000 0.00027674504064
60000000 0.00040593895345
65000000 0.00038830392936
70000000 0.00033360499588
75000000 0.00031543699208
80000000 0.00032612400277
90000000 0.0004817380575
100000000 0.00088273997196
110000000 0.0013717900368
120000000 0.0018906694883
130000000 0.0023162100986
140000000 0.0026453596653
150000000 0.0028236106998
160000000 0.003071080257
180000000 0.0033066204064
200000000 0.003453640497
#Header 
#Target 49 125 0
#Product 48 118 0
#Datapoints 24
1000000 0
26000000 0
28000000 5.471203824E-13
30000000 3.623899734E-10
35000000 5.026789196E-6
40000000 0.0004022590173
45000000 0.0023030192149
50000000 0.0043877997345
55000000 0.005021919648
60000000 0.0045464405495
65000000 0.0041085004018
70000000 0.004150589846
75000000 0.004661149332
80000000 0.0056838195491
90000000 0.0089558504625
100000000 0.0130701006876
110000000 0.016837293408
120000000 0.019327096934
130000000 0.021812595271
140000000 0.023281005717
150000000 0.024889203252
160000000 0.02549810151
180000000 0.026680795552
200000000 0.02725629777
#Header 
#Target 49 125 0
#Product 48 119 0
#Datapoints 27
1000000 0
20000000 0
22000000 2.982446204E-13
24000000 3.212958378E-10
26000000 4.549509536E-8
28000000 1.6516303128E-6
30000000 2.0969796827E-5
35000000 0.00063254404488
40000000 0.0019986994062
45000000 0.0026614200331
50000000 0.002516720409
55000000 0.0021521106432
60000000 0.002016730667
65000000 0.0022087793525
70000000 0.0025949903902
75000000 0.0031842197674
80000000 0.0039334897258
90000000 0.005669449875
100000000 0.0073245209169
110000000 0.0084753495296
120000000 0.0093185395228
130000000 0.0099997494098
140000000 0.0103072001337
150000000 0.0107575996248
160000000 0.010984199905
180000000 0.0112419001576
200000000 0.0111273005637
#Header 
#Target 49 125 0
#Product 48 120 0
#Datapoints 35
1000000 0
12000000 0
13000000 9.147524376E-15
14000000 1.546269875E-12
15000000 8.202171267E-11
16000000 2.0841801236E-9
17000000 3.5802196908E-8
18000000 3.420180063E-7
19000000 2.1906199876E-6
20000000 8.670420759E-6
22000000 9.8879606708E-5
24000000 0.00053622201185
26000000 0.0014787599203
28000000 0.0028281495231
30000000 0.0042339994284
35000000 0.0063014098752
40000000 0.0058750396467
45000000 0.0046983598771
50000000 0.0040357405473
55000000 0.0044569201536
60000000 0.005270579789
65000000 0.0065586897927
70000000 0.0085239891672
75000000 0.01092310051
80000000 0.0135046996954
90000000 0.017940000375
100000000 0.021248799495
110000000 0.023497702036
120000000 0.02500120309
130000000 0.025768100213
140000000 0.026494298343
150000000 0.02662540083
160000000 0.02678560038
180000000 0.026531202704
200000000 0.026328200472
#Header 
#Target 49 125 0
#Product 48 121 0
#Datapoints 40
1000000 0
7000000 0
8000000 2.496269682E-13
9000000 2.8563595445E-11
10000000 1.1070199581408E-9
11000000 1.9692799734888E-8
12000000 2.055439817796E-7
13000000 1.4921695788E-6
14000000 9.267609765E-6
15000000 4.4098597583E-5
16000000 0.00020524094592
17000000 0.00090220500636
18000000 0.001931519898
19000000 0.002866489758
20000000 0.00259464975
22000000 0.0034537697892
24000000 0.0041666007258
26000000 0.0044608310175
28000000 0.0043325807388
30000000 0.0039851293755
35000000 0.0028552899144
40000000 0.0020493304839
45000000 0.0022730799667
50000000 0.0029439299883
55000000 0.0036589796928
60000000 0.004783510408
65000000 0.0062291708691
70000000 0.007792310474
75000000 0.0093070006358
80000000 0.0105092994242
90000000 0.0124104993
100000000 0.013541202675
110000000 0.014194199888
120000000 0.01450230426
130000000 0.014738505419
140000000 0.01462410477
150000000 0.014553495198
160000000 0.01441749995
180000000 0.01398040304
200000000 0.013450998834
#Header 
#Target 49 125 0
#Product 48 122 0
#Datapoints 45
1000000 0
2000000 0
3000000 4.6176601986E-13
4000000 3.66367974696E-11
5000000 1.0409901023E-9
6000000 1.5053603328E-8
7000000 1.44599008442E-7
8000000 9.444538167E-7
9000000 4.75142993477E-6
10000000 1.8997704914247E-5
11000000 6.0984604362276E-5
12000000 0.00015916404946494
13000000 0.000348936969
14000000 0.0006764499985
15000000 0.0012533098974
16000000 0.0025941495192
17000000 0.0058107200232
18000000 0.006946850034
19000000 0.0063934199538
20000000 0.0036578100735
22000000 0.0024680004972
24000000 0.0019130498169
26000000 0.0015218195785
28000000 0.0012166999467
30000000 0.00102146992367
35000000 0.00137941003552
40000000 0.0026098198308
45000000 0.0036672296023
50000000 0.0054200400723
55000000 0.0081083400192
60000000 0.0109915995025
65000000 0.0136337002411
70000000 0.01600229995
75000000 0.01783550517
80000000 0.019363196362
90000000 0.021397594875
100000000 0.022530096699
110000000 0.02294740222
120000000 0.022816896816
130000000 0.022541800314
140000000 0.022152498462
150000000 0.021862603143
160000000 0.02126120003
180000000 0.02004480184
200000000 0.019098202194
#Header 
#Target 49 125 0
#Product 48 123 0
#Datapoints 31
1000000 0
16000000 0
17000000 2.928353868E-15
18000000 2.38840602E-13
19000000 1.1205396026E-11
20000000 2.85396287E-10
22000000 3.9114306788E-8
24000000 1.25662007766E-6
26000000 1.2778899679E-5
28000000 5.997730266E-5
30000000 0.000140121993424
35000000 0.00031168499736
40000000 0.00074604994737
45000000 0.0016506397136
50000000 0.0027220793313
55000000 0.0037281503232
60000000 0.0045458099835
65000000 0.0052449000535
70000000 0.0057690504872
75000000 0.0061502393526
80000000 0.0064244905925
90000000 0.006871069275
100000000 0.0070249401552
110000000 0.006904920464
120000000 0.0067549895217
130000000 0.0066491299899
140000000 0.0063707405418
150000000 0.0062013193362
160000000 0.005961979457
180000000 0.0055098697472
200000000 0.0051393099861
#Header 
#Target 49 125 0
#Product 48 124 0
#Datapoints 31
1000000 0
16000000 0
17000000 2.577100356E-15
18000000 3.72570468E-14
19000000 4.245649034E-13
20000000 3.639287905E-12
22000000 1.0916297436E-9
24000000 9.8959702974E-8
26000000 2.4079898765E-6
28000000 2.2554504534E-5
30000000 0.00011352900272
35000000 0.0011564500508
40000000 0.0033088600587
45000000 0.0056131102094
50000000 0.007584179274
55000000 0.00915554016
60000000 0.0104146989545
65000000 0.0113792005217
70000000 0.0120916998514
75000000 0.0126336999278
80000000 0.0129960004364
90000000 0.0133276992375
100000000 0.0132901004379
110000000 0.0130781007636
120000000 0.012670299211
130000000 0.0121075000681
140000000 0.0118387997496
150000000 0.0112517990271
160000000 0.010952899188
180000000 0.0100203997928
200000000 0.0091369802331
#Header 
#Target 49 125 0
#Product 49 107 0
#Datapoints 7
1000000 0
130000000 0
140000000 2.805130602E-7
150000000 2.1006207072E-5
160000000 0.00010388699132
180000000 0.00033616496272
200000000 0.00069800099166
#Header 
#Target 49 125 0
#Product 49 108 0
#Datapoints 8
1000000 0
120000000 0
130000000 2.6813200054E-7
140000000 3.8811600603E-5
150000000 0.00026888294907
160000000 0.0006605849992
180000000 0.0016075295312
200000000 0.0020214795618
#Header 
#Target 49 125 0
#Product 49 109 0
#Datapoints 9
1000000 0
110000000 0
120000000 2.1463905396E-7
130000000 3.6019105305E-5
140000000 0.0003565530279
150000000 0.00115988999256
160000000 0.001971710237
180000000 0.0032547202424
200000000 0.0038354993424
#Header 
#Target 49 125 0
#Product 49 110 0
#Datapoints 10
1000000 0
100000000 0
110000000 3.2297796688E-8
120000000 2.5652402734E-5
130000000 0.00046288204187
140000000 0.002073769776
150000000 0.0036743001624
160000000 0.004504349619
180000000 0.0062329200128
200000000 0.0060677203194
#Header 
#Target 49 125 0
#Product 49 111 0
#Datapoints 11
1000000 0
90000000 0
100000000 1.04552000058E-8
110000000 2.2695896052E-5
120000000 0.00070044097639
130000000 0.0039198196861
140000000 0.0082710302553
150000000 0.0109834988832
160000000 0.01334749668
180000000 0.01463370176
200000000 0.012745098414
#Header 
#Target 49 125 0
#Product 49 112 0
#Datapoints 12
1000000 0
80000000 0
90000000 3.127993875E-12
100000000 1.14027002034E-6
110000000 7.2620805612E-5
120000000 0.00054379605466
130000000 0.0013513404
140000000 0.0019574699868
150000000 0.0023776402347
160000000 0.002536110108
180000000 0.0024902197488
200000000 0.0022472897283
#Header 
#Target 49 125 0
#Product 49 113 0
#Datapoints 12
1000000 0
80000000 0
90000000 3.5864002875E-6
100000000 0.00050765402292
110000000 0.0051114894384
120000000 0.015238301165
130000000 0.022421698038
140000000 0.026037095139
150000000 0.027267406542
160000000 0.02640910048
180000000 0.023484299936
200000000 0.022165203366
#Header 
#Target 49 125 0
#Product 49 114 0
#Datapoints 14
1000000 0
70000000 0
75000000 3.50042217E-11
80000000 3.9701293512E-8
90000000 2.7285798E-5
100000000 0.00043178198712
110000000 0.001660119848
120000000 0.0028257897532
130000000 0.0034888306695
140000000 0.0038113299009
150000000 0.0038268599346
160000000 0.003744190387
180000000 0.0036973496744
200000000 0.0037044306477
#Header 
#Target 49 125 0
#Product 49 115 0
#Datapoints 16
1000000 0
60000000 0
65000000 1.3334587822E-12
70000000 5.3896598366E-8
75000000 8.632360065E-6
80000000 0.00015308598122
90000000 0.0036353401875
100000000 0.017591301453
110000000 0.03189619558
120000000 0.036859604305
130000000 0.038184198094
140000000 0.037321993431
150000000 0.036430597935
160000000 0.03436029639
180000000 0.032029196016
200000000 0.029729800305
#Header 
#Target 49 125 0
#Product 49 116 0
#Datapoints 17
1000000 0
55000000 0
60000000 1.745764825E-11
65000000 7.3516998575E-8
70000000 5.0433396936E-6
75000000 4.886350504E-5
80000000 0.00018887693983
90000000 0.00119950998375
100000000 0.0026829903474
110000000 0.0036875106204
120000000 0.0042526993208
130000000 0.0044645806828
140000000 0.0045477902628
150000000 0.004499020386
160000000 0.004601879926
180000000 0.0043241396792
200000000 0.0040875800364
#Header 
#Target 49 125 0
#Product 49 117 0
#Datapoints 19
1000000 0
45000000 0
50000000 5.297179251E-13
55000000 1.25314003584E-7
60000000 3.0519501535E-5
65000000 0.00044956208778
70000000 0.0021420794772
75000000 0.0066718603672
80000000 0.016253292611
90000000 0.04050509325
100000000 0.050723197173
110000000 0.053084898704
120000000 0.052941597604
130000000 0.051131304426
140000000 0.050390297883
150000000 0.048051703584
160000000 0.04750089372
180000000 0.044977105096
200000000 0.041288995323
#Header 
#Target 49 125 0
#Product 49 118 0
#Datapoints 20
1000000 0
40000000 0
45000000 4.064859346E-12
50000000 4.5621197517E-7
55000000 3.0679492608E-5
60000000 0.0001906470386
65000000 0.00061822104646
70000000 0.0017306006406
75000000 0.0035512400756
80000000 0.0055503995713
90000000 0.0085368698625
100000000 0.0100878993963
110000000 0.01086410095
120000000 0.0109993999328
130000000 0.0112262009039
140000000 0.0111542993892
150000000 0.011034399573
160000000 0.010658499033
180000000 0.0104422004408
200000000 0.0101981000781
#Header 
#Target 49 125 0
#Product 49 119 0
#Datapoints 21
1000000 0
35000000 0
40000000 7.0559796111E-7
45000000 0.00015966308143
50000000 0.00130697998956
55000000 0.0047444999616
60000000 0.01413380018
65000000 0.030567393359
70000000 0.04855339021
75000000 0.062098706796
80000000 0.070092307393
90000000 0.077494303125
100000000 0.078817702062
110000000 0.076834805024
120000000 0.075523996536
130000000 0.072710894702
140000000 0.070615092114
150000000 0.069486998049
160000000 0.0680776971
180000000 0.063962695736
200000000 0.061063807608
#Header 
#Target 49 125 0
#Product 49 120 0
#Datapoints 23
1000000 0
28000000 0
30000000 1.762827584E-12
35000000 1.08697991952E-5
40000000 0.00036850192113
45000000 0.00138746996079
50000000 0.004449109497
55000000 0.0114572999232
60000000 0.02006999748
65000000 0.02747300293
70000000 0.03200519166
75000000 0.035176693622
80000000 0.037481094763
90000000 0.039050896125
100000000 0.038953394766
110000000 0.038140592932
120000000 0.037166702672
130000000 0.036912103433
140000000 0.036149896782
150000000 0.034179799707
160000000 0.03405970197
180000000 0.03206430164
200000000 0.030292600536
#Header 
#Target 49 125 0
#Product 49 121 0
#Datapoints 27
1000000 0
20000000 0
22000000 8.393664788E-11
24000000 5.2548999409E-7
26000000 3.630919851E-5
28000000 0.00029359896642
30000000 0.00096830902798
35000000 0.0043051106296
40000000 0.0131871004461
45000000 0.037048600467
50000000 0.068868503151
55000000 0.092302395264
60000000 0.10665099468
65000000 0.111906004341
70000000 0.115609000078
75000000 0.11738600181
80000000 0.117337005216
90000000 0.1121650005
100000000 0.107800012617
110000000 0.102684999916
120000000 0.097803500219
130000000 0.092930996046
140000000 0.087275202462
150000000 0.085604302674
160000000 0.08054680704
180000000 0.073740696112
200000000 0.067974696072
#Header 
#Target 49 125 0
#Product 49 122 0
#Datapoints 33
1000000 0
14000000 0
15000000 4.478522627E-14
16000000 1.364694172E-10
17000000 3.2407594914E-8
18000000 1.0865300556E-6
19000000 1.0891300343E-5
20000000 5.3382595915E-5
22000000 0.00030931293736
24000000 0.00071223900854
26000000 0.0011604498828
28000000 0.0016598697426
30000000 0.0024377696315
35000000 0.0079338498888
40000000 0.017846801952
45000000 0.026123500101
50000000 0.031302201945
55000000 0.034648705152
60000000 0.036292302655
65000000 0.037486697824
70000000 0.038210002376
75000000 0.038348303462
80000000 0.038314994665
90000000 0.036852
100000000 0.035379105729
110000000 0.033581500292
120000000 0.03175520114
130000000 0.030212403198
140000000 0.029167104888
150000000 0.027448001316
160000000 0.02661989925
180000000 0.024324797056
200000000 0.022281398811
#Header 
#Target 49 125 0
#Product 49 123 0
#Datapoints 40
1000000 0
7000000 0
8000000 7.501173E-13
9000000 8.835610495E-11
10000000 6.5095511249322E-9
11000000 1.7006905238886E-7
12000000 3.4775006679726E-6
13000000 2.8956804436E-5
14000000 0.00012400803625
15000000 0.00033693699372
16000000 0.00069019299328
17000000 0.00121203005892
18000000 0.002014449825
19000000 0.0032413601
20000000 0.004906570339
22000000 0.0101576989432
24000000 0.019929402475
26000000 0.035584404245
28000000 0.055176405954
30000000 0.078852397764
35000000 0.128080998144
40000000 0.155164985493
45000000 0.16702406299
50000000 0.16874402244
55000000 0.16858305792
60000000 0.1665309501
65000000 0.16382100616
70000000 0.15761098574
75000000 0.15245706238
80000000 0.14631396079
90000000 0.133646997
100000000 0.121745005041
110000000 0.111775998188
120000000 0.103444007217
130000000 0.094861704663
140000000 0.088869600927
150000000 0.083660706927
160000000 0.07882769566
180000000 0.070193795896
200000000 0.063603001008
#Header 
#Target 49 125 0
#Product 49 124 0
#Datapoints 40
1000000 0
7000000 0
8000000 1.9076170605E-11
9000000 2.89229988298E-8
10000000 1.7919904595607E-6
11000000 3.9590906491494E-5
12000000 0.00031270902000573
13000000 0.0012271495402
14000000 0.0030214103525
15000000 0.0057220503125
16000000 0.0093674904424
17000000 0.013929104184
18000000 0.01919840199
19000000 0.024926497464
20000000 0.031459096295
22000000 0.043615300052
24000000 0.054014105357
26000000 0.061486594845
28000000 0.067920891516
30000000 0.071799787731
35000000 0.079948700568
40000000 0.083493802056
45000000 0.082334303132
50000000 0.081576396447
55000000 0.08125640064
60000000 0.07831400145
65000000 0.076643006953
70000000 0.074426306136
75000000 0.071092004032
80000000 0.067028993746
90000000 0.06112889325
100000000 0.055633702707
110000000 0.050639003196
120000000 0.046403299444
130000000 0.043938504128
140000000 0.040342295322
150000000 0.037864904643
160000000 0.03565599373
180000000 0.031545702832
200000000 0.028168603659
#Header 
#Target 49 125 0
#Product 49 125 0
#Datapoints 45
1000000 0
2000000 0
3000000 8.0337487103E-13
4000000 8.0950394292E-9
5000000 1.48988001694E-6
6000000 3.79401996147E-5
7000000 0.00033325908112
8000000 0.00155200988535
9000000 0.0044622003624
10000000 0.008851842756891
11000000 0.013813105136445
12000000 0.018941602081356
13000000 0.024275302238
14000000 0.0298013024
15000000 0.035401104242
16000000 0.040855898492
17000000 0.0456811956
18000000 0.04956449193
19000000 0.05257220408
20000000 0.05459590356
22000000 0.057047694744
24000000 0.057612601606
26000000 0.05794089288
28000000 0.058192293681
30000000 0.057596996436
35000000 0.054553909696
40000000 0.051313000557
45000000 0.047906096079
50000000 0.049907392584
55000000 0.046068103296
60000000 0.04324170626
65000000 0.040151604842
70000000 0.037146195424
75000000 0.03379799465
80000000 0.031259899288
90000000 0.02596620225
100000000 0.021658406451
110000000 0.017920005464
120000000 0.014711996012
130000000 0.0122566004895
140000000 0.0101633003667
150000000 0.0085395800475
160000000 0.007177949401
180000000 0.0052538806744
200000000 0.0041118303807
#Header 
#Target 49 125 0
#Product 50 111 0
#Datapoints 10
1000000 0
100000000 0
110000000 3.8603839E-10
120000000 7.653710269E-6
130000000 0.000126156002626
140000000 0.00026397398448
150000000 0.00022717698912
160000000 0.0001982930152
180000000 0.00020531197784
200000000 0.00016659005535
#Header 
#Target 49 125 0
#Product 50 112 0
#Datapoints 11
1000000 0
90000000 0
100000000 6.538972572E-10
110000000 1.414369844E-5
120000000 0.00033463407603
130000000 0.00090274106453
140000000 0.00083888498232
150000000 0.00068844906468
160000000 0.000632858912
180000000 0.0004821999748
200000000 0.00046637302338
#Header 
#Target 49 125 0
#Product 50 113 0
#Datapoints 11
1000000 0
90000000 0
100000000 1.22512012557E-6
110000000 3.40809035E-5
120000000 8.3166502788E-5
130000000 8.4925303763E-5
140000000 7.978340295E-5
150000000 7.2156199113E-5
160000000 6.475390173E-5
180000000 5.9653803248E-5
200000000 4.7244102066E-5
#Header 
#Target 49 125 0
#Product 50 114 0
#Datapoints 12
1000000 0
80000000 0
90000000 2.5068198375E-5
100000000 0.0016593306279
110000000 0.0065017505708
120000000 0.007182290617
130000000 0.0054547298101
140000000 0.0039735205344
150000000 0.0031585304673
160000000 0.002814210203
180000000 0.0022163093912
200000000 0.0016302401307
#Header 
#Target 49 125 0
#Product 50 115 0
#Datapoints 14
1000000 0
70000000 0
75000000 6.0576104246E-8
80000000 2.8620203586E-5
90000000 0.0037157694
100000000 0.016034800419
110000000 0.017960496192
120000000 0.0124232989849
130000000 0.0084065000987
140000000 0.0067374702369
150000000 0.0058324101651
160000000 0.004923970807
180000000 0.0035570397344
200000000 0.0028136799738
#Header 
#Target 49 125 0
#Product 50 116 0
#Datapoints 16
1000000 0
60000000 0
65000000 2.2500707987E-8
70000000 2.721970251E-5
75000000 0.00097869095408
80000000 0.0073911307948
90000000 0.03773109225
100000000 0.038553694608
110000000 0.024411101204
120000000 0.016125494281
130000000 0.0121065991745
140000000 0.0099425403747
150000000 0.0083876802399
160000000 0.007146180027
180000000 0.0050516601952
200000000 0.0039307295682
#Header 
#Target 49 125 0
#Product 50 117 0
#Datapoints 17
1000000 0
55000000 0
60000000 3.682900309E-6
65000000 0.00035392403739
70000000 0.0031454100366
75000000 0.008675910789
80000000 0.012500499799
90000000 0.010454199225
100000000 0.0066922296573
110000000 0.0051091000376
120000000 0.0041508704068
130000000 0.0034071100037
140000000 0.0028875098268
150000000 0.0024355196208
160000000 0.002094520169
180000000 0.0016074904328
200000000 0.0012457501596
#Header 
#Target 49 125 0
#Product 50 118 0
#Datapoints 19
1000000 0
45000000 0
50000000 7.3458999663E-6
55000000 0.0018065700864
60000000 0.02480279324
65000000 0.085932303183
70000000 0.139761003954
75000000 0.143321999828
80000000 0.113412003589
90000000 0.05712590025
100000000 0.035668805337
110000000 0.025613507224
120000000 0.01955429738
130000000 0.015918903789
140000000 0.012951501804
150000000 0.0107266990518
160000000 0.0092113504
180000000 0.0070499900824
200000000 0.0055472694588
#Header 
#Target 49 125 0
#Product 50 119 0
#Datapoints 21
1000000 0
35000000 0
40000000 2.827034028E-10
45000000 0.00050416795122
50000000 0.017612406189
55000000 0.072540095616
60000000 0.11858200743
65000000 0.113254996701
70000000 0.080799102722
75000000 0.052723591606
80000000 0.035784405088
90000000 0.021685806375
100000000 0.015217300626
110000000 0.0115204999088
120000000 0.0090555893664
130000000 0.0073271991987
140000000 0.0060983391915
150000000 0.0052989404157
160000000 0.004618060097
180000000 0.0035976700808
200000000 0.0029617503255
#Header 
#Target 49 125 0
#Product 50 120 0
#Datapoints 22
1000000 0
30000000 0
35000000 0.00142187997688
40000000 0.070311103128
45000000 0.27489301001
50000000 0.38106300246
55000000 0.30166805376
60000000 0.18769699985
65000000 0.114719008568
70000000 0.08011779464
75000000 0.06219440493
80000000 0.050190606125
90000000 0.03580829475
100000000 0.027491404941
110000000 0.02197109358
120000000 0.018308794901
130000000 0.015516993897
140000000 0.013499194698
150000000 0.0118302003441
160000000 0.010720999954
180000000 0.0087091709696
200000000 0.0073212195573
#Header 
#Target 49 125 0
#Product 50 121 0
#Datapoints 25
1000000 0
24000000 0
26000000 0.00010482699591
28000000 0.0033911803155
30000000 0.017264595565
35000000 0.07362630396
40000000 0.074391295986
45000000 0.041496107183
50000000 0.022662106908
55000000 0.016000099776
60000000 0.012946799478
65000000 0.0107964009085
70000000 0.0092553202014
75000000 0.008087459632
80000000 0.0071093708449
90000000 0.0056128301625
100000000 0.0046958303502
110000000 0.0039846696232
120000000 0.0034693103264
130000000 0.0030588197298
140000000 0.0027096695802
150000000 0.0024620899428
160000000 0.002244340245
180000000 0.0018705705336
200000000 0.0015972003603
#Header 
#Target 49 125 0
#Product 50 122 0
#Datapoints 32
1000000 0
15000000 0
16000000 7.6043005672E-6
17000000 0.00109231989312
18000000 0.009037919943
19000000 0.032706800126
20000000 0.085348101025
22000000 0.29080903548
24000000 0.54671695506
26000000 0.74400494025
28000000 0.83888208264
30000000 0.81270898996
35000000 0.4632770296
40000000 0.23059804887
45000000 0.147154002634
50000000 0.112519003821
55000000 0.091246896576
60000000 0.07681270339
65000000 0.066344810714
70000000 0.057821505742
75000000 0.05101260381
80000000 0.045593296133
90000000 0.037467092625
100000000 0.031069095222
110000000 0.026552604964
120000000 0.022979000505
130000000 0.020253100368
140000000 0.018110795751
150000000 0.016263895275
160000000 0.01482380256
180000000 0.012383197856
200000000 0.010514099322
#Header 
#Target 49 125 0
#Product 50 123 0
#Datapoints 38
1000000 0
9000000 0
10000000 0.0010616401078614
11000000 0.042863509245276
12000000 0.15861799943823
13000000 0.30522500201
14000000 0.4513259525
15000000 0.57268297969
16000000 0.66962703668
17000000 0.74246901396
18000000 0.7933620069
19000000 0.82250803822
20000000 0.8191550158
22000000 0.6990390004
24000000 0.5017620074
26000000 0.33459106395
28000000 0.23077400931
30000000 0.17436594021
35000000 0.1203890006
40000000 0.098215494111
45000000 0.082225804036
50000000 0.070291599336
55000000 0.060499503936
60000000 0.052713496305
65000000 0.046721998242
70000000 0.041428703368
75000000 0.036905296624
80000000 0.032883198102
90000000 0.026614803
100000000 0.021948295017
110000000 0.018405999576
120000000 0.015760596595
130000000 0.013794705496
140000000 0.0122981002731
150000000 0.0109898998038
160000000 0.010004699509
180000000 0.008254910356
200000000 0.0070611302799
#Header 
#Target 49 125 0
#Product 50 124 0
#Datapoints 46
1000000 0
1000000 0
2000000 4.29825976368E-8
3000000 4.9210994681E-5
4000000 0.00216386003836
5000000 0.0199029022008
6000000 0.075896397921
7000000 0.180424999573
8000000 0.326213979615
9000000 0.487484980994
10000000 0.63639407367
11000000 0.71327605607676
12000000 0.67292113705488
13000000 0.56578305486
14000000 0.443565051
15000000 0.34455004611
16000000 0.27081499956
17000000 0.22036800774
18000000 0.1882470144
19000000 0.1677260563
20000000 0.15577907125
22000000 0.137987005472
24000000 0.126222005918
26000000 0.11720000656
28000000 0.109914997587
30000000 0.101940998222
35000000 0.085424794752
40000000 0.072818494329
45000000 0.0618769962
50000000 0.052930504032
55000000 0.04585810464
60000000 0.03998039442
65000000 0.035508807754
70000000 0.031088599802
75000000 0.027259596742
80000000 0.024222103492
90000000 0.019181799
100000000 0.015620995896
110000000 0.0130883999504
120000000 0.0112914998729
130000000 0.0097798794941
140000000 0.0086558703354
150000000 0.0077730495651
160000000 0.007009240147
180000000 0.005870559596
200000000 0.0049401904428
#Header 
#Target 49 125 0
#Product 50 125 0
#Datapoints 46
1000000 0
1000000 5.84018017128E-13
2000000 3.88543009896E-7
3000000 9.4682791958E-5
4000000 0.00143829988676
5000000 0.0052301699373
6000000 0.0098332708737
7000000 0.0140403003349
8000000 0.0174155028255
9000000 0.0201749983689
10000000 0.022758503785794
11000000 0.024703801564752
12000000 0.025860905082903
13000000 0.026632902366
14000000 0.026576602925
15000000 0.026576096293
16000000 0.02623779706
17000000 0.025695906846
18000000 0.02519429982
19000000 0.024508498894
20000000 0.023776392915
22000000 0.02208969662
24000000 0.020661807739
26000000 0.019168405555
28000000 0.017747398134
30000000 0.016511695186
35000000 0.0138401004192
40000000 0.0116950002309
45000000 0.0100292991267
50000000 0.0084969495555
55000000 0.0073762996032
60000000 0.006308580194
65000000 0.0056262703066
70000000 0.0048601796178
75000000 0.0043255498384
80000000 0.0037605897861
90000000 0.0029656203
100000000 0.0024173504916
110000000 0.0020334195968
120000000 0.0017314499634
130000000 0.0015119904798
140000000 0.0013358195082
150000000 0.00119235006927
160000000 0.0010744200292
180000000 0.00089943997216
200000000 0.00063790205427
#Header 
#Target 49 125 0
#Product 50 126 0
#Datapoints 46
1000000 0
1000000 3.83336979543E-16
2000000 1.32210030936E-10
3000000 1.43184006507E-7
4000000 3.88755988652E-6
5000000 2.8617411592E-5
6000000 0.000100112960496
7000000 0.0002289230489
8000000 0.00039802494015
9000000 0.00055754888445
10000000 0.0006562631295945
11000000 0.00067021307583228
12000000 0.00063796909892892
13000000 0.00059202004072
14000000 0.00055060503275
15000000 0.00051800403564
16000000 0.00048551498568
17000000 0.00045910602192
18000000 0.0004425719685
19000000 0.00042227403658
20000000 0.00040760794855
22000000 0.00037526306856
24000000 0.00035196294487
26000000 0.00033412399215
28000000 0.0003174590205
30000000 0.00029565507356
35000000 0.00027129891624
40000000 0.00024403397529
45000000 0.0002302609634
50000000 0.00020802295962
55000000 0.00019749298176
60000000 0.000178291006
65000000 0.00017155905147
70000000 0.00015357000464
75000000 0.00014712508062
80000000 0.000132860009394
90000000 0.000114950004375
100000000 0.000100702007802
110000000 8.939289762E-5
120000000 7.7014001867E-5
130000000 6.9903409103E-5
140000000 6.381340407E-5
150000000 5.6357198604E-5
160000000 4.913110559E-5
180000000 3.9709602776E-5
200000000 3.4585699302E-5
