#Header 
#Target 43 99 0
#Product 0 1 0
#Datapoints 45
1000000 0
2000000 3.70261827E-6
3000000 0.00047298708306
4000000 0.00763066424304
5000000 0.0466665787
6000000 0.15269014908
7000000 0.3064971582
8000000 0.45320639202
9000000 0.6135198024
10000000 0.875669361787
11000000 1.1829104217
12000000 1.4411637732
13000000 1.6298630985
14000000 1.758089461
15000000 1.841947692
16000000 1.89925437
17000000 1.9474834
18000000 1.983992456
19000000 2.018579508
20000000 2.100431872
22000000 2.38965339
24000000 2.630567124
26000000 2.750482119
28000000 2.80191002
30000000 2.829114948
35000000 3.028465071
40000000 3.136605728
45000000 3.177639629
50000000 3.240121582
55000000 3.266357664
60000000 3.300024858
65000000 3.325208894
70000000 3.35316685
75000000 3.377127688
80000000 3.408255028
90000000 3.483319258
100000000 3.560046488
110000000 3.690400868
120000000 3.819573884
130000000 3.947020364
140000000 4.072551
150000000 4.195715976
160000000 4.311687273
180000000 4.544770497
200000000 4.771980545892
#Header 
#Target 43 99 0
#Product 1 1 0
#Datapoints 45
1000000 0
2000000 6.310767554E-13
3000000 6.10154676E-9
4000000 1.619821368725E-6
5000000 7.1856897E-5
6000000 0.0009542987951
7000000 0.004820662188
8000000 0.012052511919
9000000 0.02094859544
10000000 0.03095448431581
11000000 0.042243872391
12000000 0.055540399649
13000000 0.071593385084
14000000 0.09008550677
15000000 0.1098921114
16000000 0.130266318
17000000 0.151030135
18000000 0.172067212
19000000 0.1934488908
20000000 0.2161670232
22000000 0.263637246
24000000 0.3172783226
26000000 0.3740996952
28000000 0.427679551
30000000 0.4757699529
35000000 0.5894338914
40000000 0.6981934416
45000000 0.7989213445
50000000 0.8710077761
55000000 0.9315966816
60000000 0.9840192399
65000000 1.027784604
70000000 1.0621980655
75000000 1.0927946128
80000000 1.1212604
90000000 1.178069294
100000000 1.229628835
110000000 1.294520332
120000000 1.357655124
130000000 1.416956618
140000000 1.4743155
150000000 1.530126747
160000000 1.585908666
180000000 1.6952739864
200000000 1.807596818562
#Header 
#Target 43 99 0
#Product 1 2 0
#Datapoints 40
1000000 0
7000000 0
8000000 2.3477621688E-17
9000000 2.0401824112E-11
10000000 2.613008637382E-8
11000000 2.3728752747E-6
12000000 2.9479469981E-5
13000000 0.00025973618736
14000000 0.00105594151
15000000 0.002619831153
16000000 0.00486628584
17000000 0.007647370175
18000000 0.010762112472
19000000 0.0141008274
20000000 0.0174476048
22000000 0.0242459649
24000000 0.03062902362
26000000 0.03672293163
28000000 0.04097514096
30000000 0.04608405351
35000000 0.05734652103
40000000 0.06672813248
45000000 0.0745909368
50000000 0.08085190763
55000000 0.08558414592
60000000 0.09071292183
65000000 0.09434350926
70000000 0.0980200837
75000000 0.10111798488
80000000 0.1039012366
90000000 0.10112091644
100000000 0.09821164133
110000000 0.09536011702
120000000 0.09391648784
130000000 0.09358489518
140000000 0.094019415
150000000 0.09557607204
160000000 0.09797387234
180000000 0.1055435514
200000000 0.117097701582
#Header 
#Target 43 99 0
#Product 1 3 0
#Datapoints 38
1000000 0
9000000 0
10000000 8.83839832942E-14
11000000 1.0503255483E-10
12000000 6.4262211332E-9
13000000 9.729494996E-8
14000000 1.114100345E-6
15000000 9.20973846E-6
16000000 4.37977488E-5
17000000 0.0001326198275
18000000 0.0002967276496
19000000 0.0005414771736
20000000 0.0008602817464
22000000 0.0016686954
24000000 0.002566233909
26000000 0.00357679476
28000000 0.004591606942
30000000 0.005600254407
35000000 0.007914929193
40000000 0.009911276064
45000000 0.011489370787
50000000 0.012848578034
55000000 0.01408312416
60000000 0.01533598863
65000000 0.01662148698
70000000 0.01797873275
75000000 0.01940257792
80000000 0.02092347224
90000000 0.02441407604
100000000 0.02841425558
110000000 0.03083445505
120000000 0.03338310864
130000000 0.03613592416
140000000 0.03901023
150000000 0.04195198926
160000000 0.04502058335
180000000 0.05117033592
200000000 0.05814347500552
#Header 
#Target 43 99 0
#Product 2 3 0
#Datapoints 37
1000000 0
10000000 0
11000000 2.5384101876E-19
12000000 2.900090802E-16
13000000 5.1198606992E-14
14000000 2.849442322E-12
15000000 8.253907731E-11
16000000 1.90410636E-9
17000000 2.961235325E-8
18000000 2.997772152E-7
19000000 2.08225512E-6
20000000 1.0550084488E-5
22000000 0.0001200919005
24000000 0.0005247652999
26000000 0.001384283901
28000000 0.0026303251
30000000 0.004140780864
35000000 0.008341948647
40000000 0.01242934596
45000000 0.01608059869
50000000 0.0192299059
55000000 0.02141738688
60000000 0.02332145664
65000000 0.02483292854
70000000 0.0263454653
75000000 0.027772635
80000000 0.02928797764
90000000 0.03258764974
100000000 0.03632582538
110000000 0.03792972638
120000000 0.03951791872
130000000 0.04116992348
140000000 0.042880425
150000000 0.04466060739
160000000 0.04647871429
180000000 0.050195022222
200000000 0.05384383347756
#Header 
#Target 43 99 0
#Product 2 4 0
#Datapoints 45
1000000 0
2000000 2.188315493E-10
3000000 2.874530826E-8
4000000 1.043924929728E-6
5000000 1.37013191E-5
6000000 8.010530696E-5
7000000 0.00024187396068
8000000 0.0004849095591
9000000 0.0008434558184
10000000 0.001427929545856
11000000 0.0022606529652
12000000 0.0035138538297
13000000 0.0053265155125
14000000 0.008687030885
15000000 0.01335343602
16000000 0.0179080278
17000000 0.0181483205
18000000 0.01882552128
19000000 0.02132071128
20000000 0.02381225736
22000000 0.0280303416
24000000 0.03197300661
26000000 0.03614356284
28000000 0.03992411436
30000000 0.04314096039
35000000 0.04978437327
40000000 0.05649476552
45000000 0.06062308525
50000000 0.06217134995
55000000 0.06251357088
60000000 0.06272720004
65000000 0.0625865338
70000000 0.06156725685
75000000 0.06074655752
80000000 0.06050517916
90000000 0.0616242659
100000000 0.06313457831
110000000 0.06830923498
120000000 0.07413193228
130000000 0.08005646264
140000000 0.08672055
150000000 0.09348812073
160000000 0.09945230327
180000000 0.11112616848
200000000 0.1211426639159
#Header 
#Target 43 99 0
#Product 35 75 0
#Datapoints 8
1000000 0
120000000 0
130000000 2.215211796E-12
140000000 7.9594305E-10
150000000 3.0587499126E-8
160000000 3.1930496934E-7
180000000 1.14241053558E-5
200000000 0.00016987004515792
#Header 
#Target 43 99 0
#Product 35 76 0
#Datapoints 9
1000000 0
110000000 0
120000000 2.78350506E-14
130000000 2.557527168E-11
140000000 2.09033055E-9
150000000 2.9696901183E-8
160000000 1.6995804492E-7
180000000 2.92958045808E-6
200000000 2.7974906728127E-5
#Header 
#Target 43 99 0
#Product 35 77 0
#Datapoints 10
1000000 0
100000000 0
110000000 1.636738068E-14
120000000 1.377326076E-11
130000000 8.625864548E-10
140000000 1.22916045E-8
150000000 6.6801494988E-8
160000000 2.5856801132E-7
180000000 2.84107973376E-6
200000000 1.9037005890358E-5
#Header 
#Target 43 99 0
#Product 35 78 0
#Datapoints 10
1000000 0
100000000 0
110000000 2.956628486E-12
120000000 4.192701128E-10
130000000 9.434839113E-9
140000000 7.5982893E-8
150000000 2.9104196427E-7
160000000 1.0963698167E-6
180000000 1.08311042634E-5
200000000 7.180350533128E-5
#Header 
#Target 43 99 0
#Product 35 79 0
#Datapoints 11
1000000 0
90000000 0
100000000 1.200694376E-13
110000000 3.294157545E-11
120000000 1.2548302872E-9
130000000 9.9008509768E-9
140000000 3.57910035E-8
150000000 1.2270796056E-7
160000000 4.7858103711E-7
180000000 3.8392899348E-6
200000000 2.2382900223126E-5
#Header 
#Target 43 99 0
#Product 35 80 0
#Datapoints 12
1000000 0
80000000 0
90000000 6.658226176E-15
100000000 5.489219843E-12
110000000 6.757051777E-10
120000000 7.8031900016E-9
130000000 2.9063404006E-8
140000000 8.98179975E-8
150000000 3.3619397598E-7
160000000 9.562539812E-7
180000000 7.09052958792E-6
200000000 2.9259003915522E-5
#Header 
#Target 43 99 0
#Product 35 81 0
#Datapoints 12
1000000 0
80000000 0
90000000 1.237799934E-11
100000000 1.6399704102E-9
110000000 1.8885500928E-8
120000000 6.4107599892E-8
130000000 1.8427496836E-7
140000000 7.73311035E-7
150000000 2.4149802645E-6
160000000 6.1305796383E-6
180000000 3.5887996404E-5
200000000 0.00011349202665305
#Header 
#Target 43 99 0
#Product 36 76 0
#Datapoints 9
1000000 0
110000000 0
120000000 1.16876606E-13
130000000 1.0483400256E-10
140000000 7.0947597E-9
150000000 1.0543797351E-7
160000000 1.2315198054E-6
180000000 3.47554984518E-5
200000000 0.00037664609601224
#Header 
#Target 43 99 0
#Product 36 77 0
#Datapoints 10
1000000 0
100000000 0
110000000 1.965090239E-14
120000000 4.766731312E-11
130000000 4.8592108222E-9
140000000 8.74564005E-8
150000000 8.2663399773E-7
160000000 6.0468100464E-6
180000000 9.84699012066E-5
200000000 0.00073855510130051
#Header 
#Target 43 99 0
#Product 36 78 0
#Datapoints 11
1000000 0
90000000 0
100000000 3.268017493E-14
110000000 7.652600221E-11
120000000 5.7576397256E-9
130000000 9.1816906678E-8
140000000 7.4723796E-7
150000000 5.9452704702E-6
160000000 2.7845302464E-5
180000000 0.000259557014628
200000000 0.0012880405125985
#Header 
#Target 43 99 0
#Product 36 79 0
#Datapoints 11
1000000 0
90000000 0
100000000 2.555861981E-12
110000000 5.04650881E-10
120000000 8.0416006328E-9
130000000 4.4222604076E-8
140000000 2.5231101E-7
150000000 1.1725701264E-6
160000000 3.5162602176E-6
180000000 2.14045032828E-5
200000000 7.8670012133094E-5
#Header 
#Target 43 99 0
#Product 36 80 0
#Datapoints 12
1000000 0
80000000 0
90000000 6.167023968E-12
100000000 1.1562600483E-9
110000000 2.2163999851E-8
120000000 1.371640452E-7
130000000 7.5457904368E-7
140000000 3.5650398E-6
150000000 1.1513503944E-5
160000000 3.2637701661E-5
180000000 0.00017294702565
200000000 0.00052670100531858
#Header 
#Target 43 99 0
#Product 36 81 0
#Datapoints 14
1000000 0
70000000 0
75000000 3.692422052E-15
80000000 6.766265928E-13
90000000 3.055774862E-10
100000000 4.44823043E-9
110000000 2.0063394596E-8
120000000 9.5689803468E-8
130000000 7.6505295832E-7
140000000 3.6967098E-6
150000000 1.0521595224E-5
160000000 2.9351898355E-5
180000000 0.00013955197371
200000000 0.00039016402981146
#Header 
#Target 43 99 0
#Product 36 82 0
#Datapoints 15
1000000 0
65000000 0
70000000 8.699731755E-14
75000000 3.107060836E-12
80000000 3.798108644E-11
90000000 7.369197162E-10
100000000 2.9098904508E-9
110000000 3.7946598935E-8
120000000 5.5271606488E-7
130000000 3.0428499514E-6
140000000 8.94292035E-6
150000000 2.3773803885E-5
160000000 5.3099999772E-5
180000000 0.000176928003642
200000000 0.00039609406773025
#Header 
#Target 43 99 0
#Product 36 83 0
#Datapoints 17
1000000 0
55000000 0
60000000 2.653467525E-15
65000000 1.907701124E-13
70000000 3.46679894E-12
75000000 1.866259252E-11
80000000 5.163252292E-11
90000000 1.8142594E-10
100000000 9.1059107034E-9
110000000 2.0837494055E-7
120000000 1.316319984E-6
130000000 3.6977900764E-6
140000000 9.1585305E-6
150000000 2.0542799799E-5
160000000 3.8508999422E-5
180000000 0.000105919047672
200000000 0.00020387206303717
#Header 
#Target 43 99 0
#Product 37 77 0
#Datapoints 8
1000000 0
120000000 0
130000000 3.212034672E-13
140000000 8.774913E-10
150000000 5.2405902639E-8
160000000 5.5986005486E-7
180000000 1.45362001218E-5
200000000 0.00012790299900765
#Header 
#Target 43 99 0
#Product 37 78 0
#Datapoints 9
1000000 0
110000000 0
120000000 5.677367864E-15
130000000 3.272420018E-11
140000000 5.80672995E-9
150000000 1.191779568E-7
160000000 7.7909698857E-7
180000000 1.15448959692E-5
200000000 7.2993109305806E-5
#Header 
#Target 43 99 0
#Product 37 79 0
#Datapoints 10
1000000 0
100000000 0
110000000 8.620216192E-14
120000000 6.05028816E-10
130000000 9.5807701878E-8
140000000 2.0469603E-6
150000000 1.2990602043E-5
160000000 5.4480001253E-5
180000000 0.000473271993408
200000000 0.0020867607882474
#Header 
#Target 43 99 0
#Product 37 80 0
#Datapoints 11
1000000 0
90000000 0
100000000 3.393647647E-15
110000000 2.011208556E-10
120000000 5.460039788E-8
130000000 1.3306898542E-6
140000000 9.72599985E-6
150000000 3.6860204952E-5
160000000 0.00012136496936
180000000 0.000749593999764
200000000 0.0023855397468199
#Header 
#Target 43 99 0
#Product 37 81 0
#Datapoints 12
1000000 0
80000000 0
90000000 4.447016696E-15
100000000 6.482289771E-11
110000000 1.5906498209E-8
120000000 3.2437105764E-7
130000000 1.7551295104E-6
140000000 5.62561965E-6
150000000 1.8367797951E-5
160000000 4.7890797916E-5
180000000 0.000173921043846
200000000 0.00040490102280742
#Header 
#Target 43 99 0
#Product 37 82 0
#Datapoints 12
1000000 0
80000000 0
90000000 4.693064604E-12
100000000 2.3173394603E-9
110000000 8.276940441E-8
120000000 5.8845402392E-7
130000000 1.6123400118E-6
140000000 3.86073975E-6
150000000 1.0098999918E-5
160000000 1.9032403539E-5
180000000 5.44617979206E-5
200000000 0.00010748400178228
#Header 
#Target 43 99 0
#Product 37 83 0
#Datapoints 14
1000000 0
70000000 0
75000000 9.135054852E-14
80000000 1.48284562E-11
90000000 7.1786799364E-9
100000000 2.2833800236E-7
110000000 1.8160404269E-6
120000000 5.2051103496E-6
130000000 1.1565305262E-5
140000000 2.86913025E-5
150000000 5.6736599688E-5
160000000 0.00010299103017
180000000 0.00025994098149
200000000 0.00047354703386361
#Header 
#Target 43 99 0
#Product 37 84 0
#Datapoints 16
1000000 0
60000000 0
65000000 4.50401973E-15
70000000 1.121589788E-12
75000000 5.206950232E-11
80000000 1.1155593436E-9
90000000 1.06036007358E-7
100000000 7.4446592442E-7
110000000 2.0214902344E-6
120000000 4.1073993408E-6
130000000 1.02283002094E-5
140000000 2.11848E-5
150000000 3.8549097072E-5
160000000 6.6457903242E-5
180000000 0.000156570983484
200000000 0.00025308505476088
#Header 
#Target 43 99 0
#Product 37 85 0
#Datapoints 17
1000000 0
55000000 0
60000000 9.383307765E-14
65000000 5.96337938E-12
70000000 5.309510415E-10
75000000 1.2886094628E-8
80000000 9.4479697276E-8
90000000 6.9342699178E-7
100000000 1.4291498068E-6
110000000 2.6522698678E-6
120000000 6.7114194896E-6
130000000 1.4662796848E-5
140000000 2.6451201E-5
150000000 4.5431104959E-5
160000000 7.2053998425E-5
180000000 0.000148549035792
200000000 0.00023697801279273
#Header 
#Target 43 99 0
#Product 37 86 0
#Datapoints 18
1000000 0
50000000 0
55000000 2.583238272E-13
60000000 6.37159431E-11
65000000 1.9457195772E-9
70000000 1.407649947E-8
75000000 4.1454600308E-8
80000000 7.0536001424E-8
90000000 1.02645000158E-7
100000000 1.7942197484E-7
110000000 5.4726004067E-7
120000000 1.3592900132E-6
130000000 2.5550799218E-6
140000000 4.3355802E-6
150000000 7.0162806015E-6
160000000 1.0799400861E-5
180000000 1.97822956092E-5
200000000 2.7450801183298E-5
#Header 
#Target 43 99 0
#Product 38 79 0
#Datapoints 9
1000000 0
110000000 0
120000000 7.250717264E-13
130000000 3.703492128E-10
140000000 1.7314899E-8
150000000 2.1129796323E-7
160000000 2.0202397033E-6
180000000 3.24284978286E-5
200000000 0.00018960905088971
#Header 
#Target 43 99 0
#Product 38 80 0
#Datapoints 10
1000000 0
100000000 0
110000000 1.67812316E-11
120000000 7.5766799696E-9
130000000 2.7115594716E-7
140000000 2.44550985E-6
150000000 1.5582997674E-5
160000000 7.8125296992E-5
180000000 0.000593724979056
200000000 0.002108129994914
#Header 
#Target 43 99 0
#Product 38 81 0
#Datapoints 11
1000000 0
90000000 0
100000000 6.454463343E-12
110000000 9.8092401778E-9
120000000 3.7571496536E-7
130000000 3.4756995462E-6
140000000 1.85922975E-5
150000000 0.00010584199638
160000000 0.00036627496379
180000000 0.0017812604403
200000000 0.0049445809161933
#Header 
#Target 43 99 0
#Product 38 82 0
#Datapoints 12
1000000 0
80000000 0
90000000 4.208470392E-11
100000000 3.3686598345E-8
110000000 1.238490085E-6
120000000 8.4431603536E-6
130000000 3.9751599566E-5
140000000 0.000183597015
150000000 0.00057985006572
160000000 0.001309900209
180000000 0.0046989701139
200000000 0.009875190636077
#Header 
#Target 43 99 0
#Product 38 83 0
#Datapoints 14
1000000 0
70000000 0
75000000 4.22069868E-14
80000000 2.666619628E-11
90000000 5.3983600034E-8
100000000 1.3579902283E-6
110000000 7.9111991336E-6
120000000 3.4961697092E-5
130000000 0.00015390796512
140000000 0.000447324045
150000000 0.00098962894314
160000000 0.0019667201568
180000000 0.00514185042762
200000000 0.0086760503623352
#Header 
#Target 43 99 0
#Product 38 84 0
#Datapoints 16
1000000 0
60000000 0
65000000 5.917008524E-14
70000000 2.71132565E-11
75000000 2.8799700116E-9
80000000 7.080959868E-8
90000000 1.953679885E-6
100000000 6.3758399763E-6
110000000 2.4824395274E-5
120000000 0.00010936199736
130000000 0.00029043994812
140000000 0.000590930025
150000000 0.0011023702479
160000000 0.0019149000969
180000000 0.00368112010254
200000000 0.0052153705727018
#Header 
#Target 43 99 0
#Product 38 85 0
#Datapoints 18
1000000 0
50000000 0
55000000 5.279833824E-15
60000000 1.1013398736E-11
65000000 2.0019294764E-9
70000000 5.316059815E-8
75000000 3.6723701168E-7
80000000 1.17852995936E-6
90000000 3.1643505856E-6
100000000 6.3675605859E-6
110000000 2.6517898631E-5
120000000 7.2138304168E-5
130000000 0.00013864295984
140000000 0.00025921896
150000000 0.0004342299651
160000000 0.00064695598884
180000000 0.0010772298438
200000000 0.0013466401819547
#Header 
#Target 43 99 0
#Product 38 86 0
#Datapoints 20
1000000 0
40000000 0
45000000 4.561736151E-14
50000000 2.078811405E-11
55000000 1.6774702368E-9
60000000 2.7330604251E-8
65000000 1.4480095742E-7
70000000 3.930010293E-7
75000000 6.7263102632E-7
80000000 8.742800194E-7
90000000 3.7411698464E-6
100000000 1.5194897446E-5
110000000 3.8522905274E-5
120000000 6.9872495868E-5
130000000 0.00012969197794
140000000 0.000219035985
150000000 0.00033293800872
160000000 0.00044709106016
180000000 0.000693205979712
200000000 0.00081416501489328
#Header 
#Target 43 99 0
#Product 38 87 0
#Datapoints 22
1000000 0
30000000 0
35000000 6.725128455E-15
40000000 6.580823216E-12
45000000 6.162436889E-10
50000000 8.5890295195E-9
55000000 3.4788501888E-8
60000000 7.1985403143E-8
65000000 9.2194196976E-8
70000000 9.353570952E-8
75000000 1.255490016E-7
80000000 3.1433605992E-7
90000000 2.7188799428E-6
100000000 8.2228602576E-6
110000000 1.6043104651E-5
120000000 2.9295003388E-5
130000000 5.527849544E-5
140000000 9.02475E-5
150000000 0.00012968699805
160000000 0.00017542904524
180000000 0.00025041405909
200000000 0.00027483403247434
#Header 
#Target 43 99 0
#Product 38 88 0
#Datapoints 27
1000000 0
20000000 0
22000000 3.88315266E-14
24000000 7.230559009E-13
26000000 6.969080118E-12
28000000 4.215706313E-11
30000000 1.410959187E-10
35000000 6.697108548E-10
40000000 3.0821398584E-9
45000000 1.05887995471E-8
50000000 1.9300796556E-8
55000000 2.1196903968E-8
60000000 2.8249504407E-8
65000000 1.21323002752E-7
70000000 4.20599949E-7
75000000 9.9549895852E-7
80000000 2.0710299136E-6
90000000 5.3066299664E-6
100000000 8.9533496846E-6
110000000 1.5436594768E-5
120000000 3.0097003132E-5
130000000 4.8641202694E-5
140000000 6.77103E-5
150000000 8.9965903743E-5
160000000 0.00011154599681
180000000 0.000132975009018
200000000 0.00014453503584552
#Header 
#Target 43 99 0
#Product 39 81 0
#Datapoints 9
1000000 0
110000000 0
120000000 3.22408646E-12
130000000 4.0063503284E-9
140000000 3.06347055E-7
150000000 3.134760399E-6
160000000 1.2719504488E-5
180000000 8.11972919334E-5
200000000 0.00026122003204129
#Header 
#Target 43 99 0
#Product 39 82 0
#Datapoints 10
1000000 0
100000000 0
110000000 4.240680038E-12
120000000 2.0154698396E-8
130000000 1.4532796908E-6
140000000 1.4573097E-5
150000000 5.9450295249E-5
160000000 0.00016399199007
180000000 0.000822894997734
200000000 0.002080179784054
#Header 
#Target 43 99 0
#Product 39 83 0
#Datapoints 11
1000000 0
90000000 0
100000000 2.214165782E-11
110000000 7.9719002384E-8
120000000 4.2080305288E-6
130000000 3.819760357E-5
140000000 0.000141633975
150000000 0.00037628996256
160000000 0.00093207903934
180000000 0.00301721020644
200000000 0.0056879412060175
#Header 
#Target 43 99 0
#Product 39 84 0
#Datapoints 12
1000000 0
80000000 0
90000000 2.673028446E-11
100000000 1.511240054E-7
110000000 9.3887304455E-6
120000000 8.9563097036E-5
130000000 0.00029545204934
140000000 0.00071123094
150000000 0.0017277598026
160000000 0.0033671797433
180000000 0.00739457992116
200000000 0.011254396722804
#Header 
#Target 43 99 0
#Product 39 85 0
#Datapoints 14
1000000 0
70000000 0
75000000 2.250779652E-14
80000000 2.772246488E-11
90000000 6.710590429E-8
100000000 2.6439401648E-6
110000000 2.0190501177E-5
120000000 5.8236496024E-5
130000000 0.0001251999833
140000000 0.00028129605
150000000 0.00054576302742
160000000 0.00082031290495
180000000 0.00146493971004
200000000 0.00187628006399
#Header 
#Target 43 99 0
#Product 39 86 0
#Datapoints 16
1000000 0
60000000 0
65000000 1.1819189158E-14
70000000 4.330904105E-11
75000000 7.4919002708E-9
80000000 2.1447002448E-7
90000000 1.391800339E-5
100000000 8.581700095E-5
110000000 0.00023552895121
120000000 0.00044607597832
130000000 0.0008696830415
140000000 0.00160598025
150000000 0.0023504999931
160000000 0.003155709953
180000000 0.00457593030972
200000000 0.0048659303910254
#Header 
#Target 43 99 0
#Product 39 87 0
#Datapoints 18
1000000 0
50000000 0
55000000 5.6284992E-14
60000000 6.076371915E-11
65000000 5.4941902778E-9
70000000 1.344090539E-7
75000000 1.629470106E-6
80000000 7.458519708E-6
90000000 2.9348003274E-5
100000000 4.6651794729E-5
110000000 8.3105196097E-5
120000000 0.00016538499936
130000000 0.0002780759604
140000000 0.00041713602
150000000 0.00052863005862
160000000 0.00065869407552
180000000 0.000773564972232
200000000 0.00082041208247651
#Header 
#Target 43 99 0
#Product 39 88 0
#Datapoints 20
1000000 0
40000000 0
45000000 1.2289693542E-13
50000000 1.400185593E-10
55000000 1.376160048E-8
60000000 3.4182695751E-7
65000000 5.1776899286E-6
70000000 2.7008604645E-5
75000000 7.2343606236E-5
80000000 0.000118996001256
90000000 0.0001641069939
100000000 0.00022350298915
110000000 0.00042234499853
120000000 0.0007301729946
130000000 0.00101782999038
140000000 0.0013062504
150000000 0.0015487994907
160000000 0.001743310096
180000000 0.00188536997064
200000000 0.0019047198921801
#Header 
#Target 43 99 0
#Product 39 89 0
#Datapoints 23
1000000 0
28000000 0
30000000 1.448039604E-14
35000000 3.938487669E-11
40000000 6.237740368E-10
45000000 2.4429401643E-8
50000000 6.0992398655E-7
55000000 2.642859264E-6
60000000 5.0142898791E-6
65000000 6.9690903268E-6
70000000 7.801640242E-6
75000000 7.9694610072E-6
80000000 8.4614209292E-6
90000000 1.652310587E-5
100000000 3.2378596307E-5
110000000 5.8391903535E-5
120000000 7.6508501328E-5
130000000 0.000101508995056
140000000 0.00011973003
150000000 0.00013958002593
160000000 0.00014992899348
180000000 0.000172401021384
200000000 0.00017811105732918
#Header 
#Target 43 99 0
#Product 39 90 0
#Datapoints 23
1000000 0
28000000 0
30000000 8.408710464E-15
35000000 1.566448902E-11
40000000 4.1872696968E-9
45000000 1.5930999845E-7
50000000 1.01118997104E-6
55000000 2.2470401952E-6
60000000 2.8603705836E-6
65000000 2.6471198558E-6
70000000 2.4044094305E-6
75000000 2.8178100016E-6
80000000 4.6453198824E-6
90000000 1.4073902712E-5
100000000 2.790810245E-5
110000000 4.1146403816E-5
120000000 5.3238701824E-5
130000000 6.6059795312E-5
140000000 7.65316965E-5
150000000 8.7645093795E-5
160000000 9.7126097833E-5
180000000 0.00010354000773
200000000 0.00011403901032502
#Header 
#Target 43 99 0
#Product 39 91 0
#Datapoints 27
1000000 0
20000000 0
22000000 4.1288715E-15
24000000 1.4950959E-13
26000000 2.241943242E-12
28000000 1.450761533E-11
30000000 7.460318712E-11
35000000 2.8939204089E-9
40000000 2.4785401776E-8
45000000 8.2387004122E-8
50000000 1.02345992584E-7
55000000 8.6296101696E-8
60000000 8.4149900895E-8
65000000 1.16370988174E-7
70000000 2.8350098095E-7
75000000 6.7258898872E-7
80000000 1.4105200724E-6
90000000 3.2780904228E-6
100000000 5.3692395048E-6
110000000 6.7336295523E-6
120000000 8.8344205992E-6
130000000 1.01011000216E-5
140000000 1.2019098E-5
150000000 1.4102797275E-5
160000000 1.5188595332E-5
180000000 1.77021977364E-5
200000000 2.0581802317229E-5
#Header 
#Target 43 99 0
#Product 40 83 0
#Datapoints 10
1000000 0
100000000 0
110000000 7.73531472E-12
120000000 2.8257899824E-9
130000000 7.6410493082E-8
140000000 6.1311894E-7
150000000 3.413750238E-6
160000000 1.5431001695E-5
180000000 7.97732960658E-5
200000000 0.00019702005907204
#Header 
#Target 43 99 0
#Product 40 84 0
#Datapoints 12
1000000 0
80000000 0
90000000 5.069790924E-15
100000000 9.014723179E-10
110000000 2.2619102219E-7
120000000 3.325959336E-6
130000000 1.4772896222E-5
140000000 5.8028796E-5
150000000 0.00020923896672
160000000 0.00049834098617
180000000 0.00134966992824
200000000 0.0023580605849681
#Header 
#Target 43 99 0
#Product 40 85 0
#Datapoints 13
1000000 0
75000000 0
80000000 1.51279044E-15
90000000 1.6546198582E-9
100000000 6.0583091338E-7
110000000 1.2066404924E-5
120000000 5.4846404592E-5
130000000 0.00018312505106
140000000 0.000616512015
150000000 0.0015125904792
160000000 0.0026955999686
180000000 0.00572615969814
200000000 0.0076334811106945
#Header 
#Target 43 99 0
#Product 40 86 0
#Datapoints 15
1000000 0
65000000 0
70000000 1.71407874E-13
75000000 3.481628216E-10
80000000 6.0440600392E-8
90000000 1.3908103154E-5
100000000 8.67633965E-5
110000000 0.00026626595751
120000000 0.00081869293212
130000000 0.0023989998788
140000000 0.0050909901
150000000 0.0082258901217
160000000 0.011683694948
180000000 0.018446403843
200000000 0.020418498812519
#Header 
#Target 43 99 0
#Product 40 87 0
#Datapoints 17
1000000 0
55000000 0
60000000 1.1868791064E-13
65000000 8.618624406E-10
70000000 3.1398994935E-7
75000000 9.1707398288E-6
80000000 6.1283902404E-5
90000000 0.00028659102054
100000000 0.00050238502499
110000000 0.0015205702484
120000000 0.004276629434
130000000 0.008160220145
140000000 0.0125135955
150000000 0.017727297093
160000000 0.022439496735
180000000 0.0274879016436
200000000 0.026735002146854
#Header 
#Target 43 99 0
#Product 40 88 0
#Datapoints 19
1000000 0
45000000 0
50000000 1.1713987763E-11
55000000 1.7494504416E-8
60000000 2.5318301391E-6
65000000 4.6904698554E-5
70000000 0.0002055040504
75000000 0.00041429699212
80000000 0.00054619995524
90000000 0.00078950102188
100000000 0.0022510597874
110000000 0.0059670898889
120000000 0.0102658004036
130000000 0.014355902988
140000000 0.019492998
150000000 0.024031201716
160000000 0.027123204277
180000000 0.0288092040642
200000000 0.027058706634377
#Header 
#Target 43 99 0
#Product 40 89 0
#Datapoints 21
1000000 0
35000000 0
40000000 1.1513890008E-10
45000000 1.16968002515E-7
50000000 1.09525995565E-5
55000000 9.749379936E-5
60000000 0.00027651899934
65000000 0.00044076795266
70000000 0.0004783460088
75000000 0.00045267596088
80000000 0.00057557697772
90000000 0.0018955201138
100000000 0.0037818297445
110000000 0.0058263894857
120000000 0.0076269498172
130000000 0.0096848395728
140000000 0.012035604
150000000 0.012915795249
160000000 0.01355549684
180000000 0.0130819991268
200000000 0.012200100902773
#Header 
#Target 43 99 0
#Product 40 90 0
#Datapoints 26
1000000 0
22000000 0
24000000 1.356248388E-12
26000000 3.661744317E-10
28000000 2.19019047E-8
30000000 3.8891605731E-7
35000000 1.36203000021E-5
40000000 3.0698801112E-5
45000000 4.9236907981E-5
50000000 7.0083296236E-5
55000000 7.2912203136E-5
60000000 6.3286702434E-5
65000000 8.9876308914E-5
70000000 0.00027711103365
75000000 0.00059375797932
80000000 0.0008420179684
90000000 0.00112567999646
100000000 0.0013982197497
110000000 0.0018048198994
120000000 0.0023928602124
130000000 0.002822200423
140000000 0.00316533
150000000 0.0032973995106
160000000 0.0035396796734
180000000 0.00359763994674
200000000 0.0036418499291316
#Header 
#Target 43 99 0
#Product 40 91 0
#Datapoints 33
1000000 0
14000000 0
15000000 2.973736662E-15
16000000 1.67870937E-13
17000000 4.567481825E-12
18000000 6.671653264E-11
19000000 6.07103442E-10
20000000 3.5913396056E-9
22000000 5.171750268E-8
24000000 2.9431704327E-7
26000000 9.5668097679E-7
28000000 2.8678695253E-6
30000000 8.2475405496E-6
35000000 4.3118595945E-5
40000000 7.9491602672E-5
45000000 7.5268901921E-5
50000000 5.5105701643E-5
55000000 4.512380352E-5
60000000 5.9229806151E-5
65000000 0.00013527606008
70000000 0.000293932034
75000000 0.0004703500516
80000000 0.00059568896356
90000000 0.00075573698424
100000000 0.00092497308426
110000000 0.0011477803337
120000000 0.0013680199512
130000000 0.001515599547
140000000 0.00163716945
150000000 0.0017274599136
160000000 0.0018080099385
180000000 0.00190875976098
200000000 0.0019667801103704
#Header 
#Target 43 99 0
#Product 40 92 0
#Datapoints 41
1000000 0
6000000 0
7000000 5.667256476E-14
8000000 2.405305908E-12
9000000 4.149890244E-11
10000000 3.847825029939E-10
11000000 2.16115986051E-9
12000000 8.31456954779E-9
13000000 2.4513596354E-8
14000000 7.086140575E-8
15000000 1.4885997627E-7
16000000 2.604389892E-7
17000000 3.1893099525E-7
18000000 4.1932498352E-7
19000000 6.4591205184E-7
20000000 1.01917003056E-6
22000000 2.293270188E-6
24000000 4.170849926E-6
26000000 6.3972495279E-6
28000000 8.7273400617E-6
30000000 1.05336989967E-5
35000000 1.01068997184E-5
40000000 7.6081304936E-6
45000000 6.8041503508E-6
50000000 1.30992993656E-5
55000000 3.869279616E-5
60000000 0.000100391988639
65000000 0.00017399495456
70000000 0.00022656402395
75000000 0.00025702394476
80000000 0.00029118100008
90000000 0.00035551594622
100000000 0.00046633198085
110000000 0.00056161095613
120000000 0.00064338597428
130000000 0.00070877494814
140000000 0.000767481015
150000000 0.00086154500691
160000000 0.00090452205794
180000000 0.000918955972764
200000000 0.001006979642239
#Header 
#Target 43 99 0
#Product 40 93 0
#Datapoints 27
1000000 0
20000000 0
22000000 1.58772873E-15
24000000 3.667634583E-13
26000000 1.783831665E-11
28000000 3.569587021E-10
30000000 4.7567395227E-9
35000000 1.37271993849E-7
40000000 9.0780003896E-7
45000000 4.8452601346E-6
50000000 1.8461796944E-5
55000000 3.9885002496E-5
60000000 5.6860095057E-5
65000000 6.434970472E-5
70000000 7.166560038E-5
75000000 7.8150507204E-5
80000000 9.1568088932E-5
90000000 0.00011872899176
100000000 0.00015572804555
110000000 0.00019097894655
120000000 0.0002241279516
130000000 0.00025415597144
140000000 0.000282142035
150000000 0.00031057197687
160000000 0.00033275396774
180000000 0.000350846954754
200000000 0.00036474409485837
#Header 
#Target 43 99 0
#Product 40 94 0
#Datapoints 27
1000000 0
20000000 0
22000000 2.16968073E-14
24000000 9.566716498E-13
26000000 1.365203301E-11
28000000 1.1688491646E-10
30000000 9.560787489E-10
35000000 4.0051994616E-8
40000000 4.3847100464E-7
45000000 1.8903205121E-6
50000000 3.2573196334E-6
55000000 3.9920697696E-6
60000000 4.527550545E-6
65000000 5.1837006802E-6
70000000 6.3764996185E-6
75000000 7.904329928E-6
80000000 1.02081004576E-5
90000000 1.7866504402E-5
100000000 2.9428994939E-5
110000000 4.2184594956E-5
120000000 5.5658795304E-5
130000000 6.687300529E-5
140000000 7.73051055E-5
150000000 8.4020604318E-5
160000000 9.0292600948E-5
180000000 9.7811098578E-5
200000000 0.00010380796268613
#Header 
#Target 43 99 0
#Product 41 85 0
#Datapoints 10
1000000 0
100000000 0
110000000 9.238341966E-12
120000000 1.8676000476E-8
130000000 5.070270051E-7
140000000 3.00574995E-6
150000000 9.1056000258E-6
160000000 1.8920896408E-5
180000000 5.23495018404E-5
200000000 7.6691704026664E-5
#Header 
#Target 43 99 0
#Product 41 86 0
#Datapoints 11
1000000 0
90000000 0
100000000 1.245152692E-10
110000000 1.7668694582E-7
120000000 5.2731298004E-6
130000000 3.2358202814E-5
140000000 9.28350045E-5
150000000 0.00018649000764
160000000 0.00031519600654
180000000 0.00062529098148
200000000 0.00076816903380275
#Header 
#Target 43 99 0
#Product 41 87 0
#Datapoints 12
1000000 0
80000000 0
90000000 3.8970797506E-9
100000000 1.0181399861E-6
110000000 1.7049599889E-5
120000000 7.3255703556E-5
130000000 0.00015374004408
140000000 0.00027379296
150000000 0.00042890497056
160000000 0.00059555202773
180000000 0.000774422993172
200000000 0.00075761812238713
#Header 
#Target 43 99 0
#Product 41 88 0
#Datapoints 15
1000000 0
65000000 0
70000000 3.29517947E-15
75000000 1.0118796512E-10
80000000 3.6926299896E-8
90000000 1.6030398638E-5
100000000 0.0002232579658
110000000 0.00094474903712
120000000 0.001869649922
130000000 0.0030311595706
140000000 0.00472750005
150000000 0.0065097194778
160000000 0.0076193503019
180000000 0.00796580960418
200000000 0.007153240783154
#Header 
#Target 43 99 0
#Product 41 89 0
#Datapoints 17
1000000 0
55000000 0
60000000 8.707993899E-13
65000000 7.8439101608E-9
70000000 1.3312600125E-6
75000000 2.5241204912E-5
80000000 0.00019753303992
90000000 0.002404969562
100000000 0.0050215405193
110000000 0.0080423696059
120000000 0.011883302704
130000000 0.017788702554
140000000 0.0229932045
150000000 0.026549100783
160000000 0.027038597183
180000000 0.025404694566
200000000 0.023536696654788
#Header 
#Target 43 99 0
#Product 41 90 0
#Datapoints 19
1000000 0
45000000 0
50000000 2.055788251E-11
55000000 4.7572200672E-8
60000000 4.5769301064E-6
65000000 6.4813195034E-5
70000000 0.00069093109415
75000000 0.0028089301768
80000000 0.0057154299136
90000000 0.0094304298246
100000000 0.0110292994512
110000000 0.015508005212
120000000 0.022247498168
130000000 0.02773949829
140000000 0.0303035985
150000000 0.029727800091
160000000 0.028645703527
180000000 0.0258329974926
200000000 0.024028698548332
#Header 
#Target 43 99 0
#Product 41 91 0
#Datapoints 22
1000000 0
30000000 0
35000000 4.06604349E-14
40000000 1.17491004976E-7
45000000 8.9354596216E-6
50000000 8.6427900791E-5
55000000 0.00118652005728
60000000 0.0050916000576
65000000 0.009598799287
70000000 0.012007700188
75000000 0.0123205986508
80000000 0.0116690991144
90000000 0.012848695596
100000000 0.018170303371
110000000 0.025279798341
120000000 0.0302528023
130000000 0.032020801162
140000000 0.0316968015
150000000 0.031018801554
160000000 0.030205099794
180000000 0.0287898014304
200000000 0.027519103289487
#Header 
#Target 43 99 0
#Product 41 92 0
#Datapoints 24
1000000 0
26000000 0
28000000 9.540135345E-13
30000000 6.686812044E-10
35000000 6.3241308936E-7
40000000 9.196089204E-6
45000000 0.00013594800217
50000000 0.00111611996609
55000000 0.0034920193824
60000000 0.0055716404415
65000000 0.0058222794896
70000000 0.0049938003665
75000000 0.0044343399452
80000000 0.0043337006012
90000000 0.0059137601754
100000000 0.0076435496664
110000000 0.0087818196305
120000000 0.0090206204284
130000000 0.0091268909396
140000000 0.00889911015
150000000 0.0088352707743
160000000 0.0087802302225
180000000 0.00830417977848
200000000 0.0079996308275207
#Header 
#Target 43 99 0
#Product 41 93 0
#Datapoints 30
1000000 0
17000000 0
18000000 1.0089397248E-14
19000000 1.321609608E-12
20000000 6.400931744E-11
22000000 1.2393299154E-8
24000000 1.30786994393E-7
26000000 7.333860303E-7
28000000 2.3122598993E-6
30000000 5.5380999036E-6
35000000 5.756540463E-5
40000000 0.00061388993008
45000000 0.0020793493877
50000000 0.0031773202892
55000000 0.0030201395136
60000000 0.0025658301255
65000000 0.002291749894
70000000 0.00228757947
75000000 0.0026745903712
80000000 0.0033488500932
90000000 0.0046540997678
100000000 0.0057451304543
110000000 0.0062755803341
120000000 0.0067841497304
130000000 0.0070916099562
140000000 0.00718600995
150000000 0.0074380300137
160000000 0.0073818893837
180000000 0.00759523026054
200000000 0.0076518803631372
#Header 
#Target 43 99 0
#Product 41 94 0
#Datapoints 31
1000000 0
16000000 0
17000000 3.991927675E-14
18000000 1.941240976E-12
19000000 3.659831604E-11
20000000 4.274073984E-10
22000000 1.602980289E-8
24000000 2.340299399E-7
26000000 2.1555299304E-6
28000000 1.2379700255E-5
30000000 4.974499794E-5
35000000 0.0003273390207
40000000 0.00066502196464
45000000 0.00063988003027
50000000 0.00053702091118
55000000 0.00046688894592
60000000 0.00048779600907
65000000 0.00062204706004
70000000 0.000844064001
75000000 0.00106104002796
80000000 0.00124762997
90000000 0.0015355995032
100000000 0.001789789909
110000000 0.0019635399686
120000000 0.0020386098936
130000000 0.002118860156
140000000 0.00218104005
150000000 0.0021981398355
160000000 0.0022057703908
180000000 0.00221681020578
200000000 0.002204919816018
#Header 
#Target 43 99 0
#Product 41 95 0
#Datapoints 39
1000000 0
8000000 0
9000000 8.171167136E-15
10000000 2.637024870777E-12
11000000 1.4778833391E-10
12000000 2.80346986005E-9
13000000 1.63766004636E-8
14000000 4.5965492069E-8
15000000 1.07571992922E-7
16000000 2.65492071E-7
17000000 7.01221048E-7
18000000 1.7018602696E-6
19000000 3.124530486E-6
20000000 5.4903994416E-6
22000000 1.363909731E-5
24000000 2.8101696943E-5
26000000 5.1526097238E-5
28000000 8.200090223E-5
30000000 0.00010916799861
35000000 0.000114545000979
40000000 9.5680101304E-5
45000000 8.7848804796E-5
50000000 0.000116348990158
55000000 0.00019808193888
60000000 0.00033094594092
65000000 0.0005006120329
70000000 0.0006880880248
75000000 0.00086878897732
80000000 0.00105217010776
90000000 0.001411259829
100000000 0.0016940697382
110000000 0.001832760405
120000000 0.0019327701512
130000000 0.0020400398144
140000000 0.0020674101
150000000 0.0020468499714
160000000 0.0021271502637
180000000 0.00209002042158
200000000 0.0020518005472301
#Header 
#Target 43 99 0
#Product 41 96 0
#Datapoints 25
1000000 0
24000000 0
26000000 1.1717491863E-14
28000000 3.34838868E-12
30000000 1.908009048E-10
35000000 9.8909794656E-8
40000000 2.5012693464E-6
45000000 1.3816195462E-5
50000000 3.7775396222E-5
55000000 8.3562503232E-5
60000000 0.00015052795026
65000000 0.00023086601076
70000000 0.00031902996455
75000000 0.00039528993856
80000000 0.00046915199412
90000000 0.00056478000944
100000000 0.00064718000301
110000000 0.00068164999693
120000000 0.00070899393628
130000000 0.0007143229653
140000000 0.00070908201
150000000 0.0007315719768
160000000 0.00072488703839
180000000 0.00071543798988
200000000 0.00070025305098126
#Header 
#Target 43 99 0
#Product 41 97 0
#Datapoints 25
1000000 0
24000000 0
26000000 2.917587288E-14
28000000 2.806089299E-12
30000000 6.671349135E-11
35000000 9.6930399393E-9
40000000 3.692829564E-7
45000000 3.5830103876E-6
50000000 1.3774994958E-5
55000000 3.1796403456E-5
60000000 5.4730200621E-5
65000000 7.9152997112E-5
70000000 9.8553393785E-5
75000000 0.000114087993976
80000000 0.00012682001784
90000000 0.00014704002174
100000000 0.00015273601916
110000000 0.00015687099309
120000000 0.00015697103828
130000000 0.00015491901642
140000000 0.00015920898
150000000 0.00015482297016
160000000 0.00015176201117
180000000 0.000149000966682
200000000 0.00014913499554821
#Header 
#Target 43 99 0
#Product 42 88 0
#Datapoints 13
1000000 0
75000000 0
80000000 8.918199092E-13
90000000 5.7804197522E-8
100000000 2.2404398243E-6
110000000 1.4807098117E-5
120000000 3.9454701552E-5
130000000 9.2712699198E-5
140000000 0.000213054975
150000000 0.00036453400353
160000000 0.000481476999
180000000 0.000597427025502
200000000 0.00058323910230383
#Header 
#Target 43 99 0
#Product 42 89 0
#Datapoints 15
1000000 0
65000000 0
70000000 1.0190299625E-11
75000000 7.5924999568E-9
80000000 6.7933899824E-7
90000000 4.0132499664E-5
100000000 0.000111141997564
110000000 0.000235580961
120000000 0.00051676897944
130000000 0.0011527202568
140000000 0.00190521975
150000000 0.0024591601188
160000000 0.0027409301523
180000000 0.00273560992632
200000000 0.0025400897536742
#Header 
#Target 43 99 0
#Product 42 90 0
#Datapoints 18
1000000 0
50000000 0
55000000 7.468676832E-15
60000000 1.0527796836E-9
65000000 1.21051004046E-6
70000000 5.8027192795E-5
75000000 0.0004007920422
80000000 0.00096939995272
90000000 0.0015092698138
100000000 0.0018957896375
110000000 0.0039797802212
120000000 0.0076285204436
130000000 0.01090829817
140000000 0.012527004
150000000 0.012703101561
160000000 0.012542302917
180000000 0.0117196990506
200000000 0.010756902515098
#Header 
#Target 43 99 0
#Product 42 91 0
#Datapoints 20
1000000 0
40000000 0
45000000 9.383458112E-15
50000000 1.642159757E-7
55000000 3.9364306272E-5
60000000 0.00073594800405
65000000 0.0026531601348
70000000 0.0043622795095
75000000 0.0046795798852
80000000 0.004261050702
90000000 0.0054337903848
100000000 0.0112614993414
110000000 0.019985502418
120000000 0.026169794504
130000000 0.027605396462
140000000 0.0267933015
150000000 0.025609196952
160000000 0.024125405804
180000000 0.0221160029466
200000000 0.021052607005404
#Header 
#Target 43 99 0
#Product 42 92 0
#Datapoints 22
1000000 0
30000000 0
35000000 1.9781493102E-7
40000000 0.00045668802184
45000000 0.0039999900718
50000000 0.0132512005362
55000000 0.02088489456
60000000 0.02049240018
65000000 0.01617979559
70000000 0.01324409592
75000000 0.014871802484
80000000 0.023401797868
90000000 0.047700301204
100000000 0.061044900382
110000000 0.068956495146
120000000 0.068304102328
130000000 0.065681300006
140000000 0.062897205
150000000 0.060003197496
160000000 0.058062398634
180000000 0.0537391968012
200000000 0.050575408138319
#Header 
#Target 43 99 0
#Product 42 93 0
#Datapoints 26
1000000 0
22000000 0
24000000 1.386043418E-12
26000000 1.634880324E-7
28000000 2.977150085E-5
30000000 0.00026628796458
35000000 0.0037850095755
40000000 0.016251893768
45000000 0.023155899191
50000000 0.01890249871
55000000 0.0127215998112
60000000 0.009898530072
65000000 0.0110371996182
70000000 0.017246799515
75000000 0.02628549308
80000000 0.034154296368
90000000 0.04215989633
100000000 0.04659910043
110000000 0.047113697512
120000000 0.046863799388
130000000 0.046453197952
140000000 0.0458302005
150000000 0.04520020077
160000000 0.044076297182
180000000 0.0431245011642
200000000 0.042457904626097
#Header 
#Target 43 99 0
#Product 42 94 0
#Datapoints 34
1000000 0
13000000 0
14000000 1.743402678E-12
15000000 3.3186404652E-9
16000000 3.341939874E-7
17000000 8.290998915E-6
18000000 9.2970294456E-5
19000000 0.00046756804248
20000000 0.00088884803104
22000000 0.001453049709
24000000 0.0034683499236
26000000 0.0087833003643
28000000 0.015798598751
30000000 0.022230494946
35000000 0.030671106543
40000000 0.023284602992
45000000 0.015405105022
50000000 0.0122088007364
55000000 0.01501620336
60000000 0.024169506039
65000000 0.036202800536
70000000 0.04391289573
75000000 0.047403501816
80000000 0.048605496428
90000000 0.051173202874
100000000 0.052592999836
110000000 0.051958303649
120000000 0.05107400396
130000000 0.050272301366
140000000 0.0489164025
150000000 0.047922396633
160000000 0.047282298065
180000000 0.045792906426
200000000 0.0439903091413
#Header 
#Target 43 99 0
#Product 42 95 0
#Datapoints 42
1000000 0
5000000 0
6000000 1.748031999E-14
7000000 3.6081883512E-10
8000000 2.20579995429E-7
9000000 7.2322477728E-6
10000000 3.5298104853836E-5
11000000 6.32251043109E-5
12000000 0.000123258025118
13000000 0.000349313007901
14000000 0.0009494019554
15000000 0.0023889398991
16000000 0.004780379604
17000000 0.007170390385
18000000 0.0095841994712
19000000 0.01237199832
20000000 0.015121600144
22000000 0.02009469864
24000000 0.023110494978
26000000 0.022926799203
28000000 0.020454205213
30000000 0.017538300912
35000000 0.0118099993356
40000000 0.0087578200128
45000000 0.0095471497619
50000000 0.015217000058
55000000 0.02376920016
60000000 0.030016898988
65000000 0.032711493598
70000000 0.034159995265
75000000 0.0356787948
80000000 0.037290995004
90000000 0.039015995258
100000000 0.039935995992
110000000 0.03943890125
120000000 0.03851449322
130000000 0.037625400876
140000000 0.0368343045
150000000 0.035915099598
160000000 0.035079596639
180000000 0.0329136035352
200000000 0.031588800582718
#Header 
#Target 43 99 0
#Product 42 96 0
#Datapoints 46
1000000 0
1000000 2.5858702181E-15
2000000 2.18522988346E-10
3000000 2.8734397326E-8
4000000 1.0437899605904E-6
5000000 1.369979954E-5
6000000 8.0092596185E-5
7000000 0.000241818996348
8000000 0.00048442816206
9000000 0.00083537873232
10000000 0.001390430266555
11000000 0.00219265016922
12000000 0.00338128002296
13000000 0.00495996056062
14000000 0.0077036800643
15000000 0.010904998128
16000000 0.01304179851
17000000 0.0108856007125
18000000 0.0090621001696
19000000 0.0083798995896
20000000 0.0076861701008
22000000 0.006335390571
24000000 0.0052111600997
26000000 0.0042284299596
28000000 0.0035151101882
30000000 0.0033982597539
35000000 0.0059813395326
40000000 0.0107597003248
45000000 0.01627030687
50000000 0.020859697847
55000000 0.023947102368
60000000 0.026806900272
65000000 0.02930459651
70000000 0.03125169641
75000000 0.032648600952
80000000 0.033869097772
90000000 0.034990197154
100000000 0.03535669806
110000000 0.034485698226
120000000 0.033775699888
130000000 0.0323012998
140000000 0.030967797
150000000 0.029919005181
160000000 0.028777102608
180000000 0.0271125050256
200000000 0.025212604979875
#Header 
#Target 43 99 0
#Product 42 97 0
#Datapoints 35
1000000 0
12000000 0
13000000 5.1192529193E-14
14000000 2.849328791E-12
15000000 8.251549158E-11
16000000 1.902830592E-9
17000000 2.9584204825E-8
18000000 2.9940798152E-7
19000000 2.0790302148E-6
20000000 1.0533699936E-5
22000000 0.00011985100095
24000000 0.00052384699837
26000000 0.0013819601565
28000000 0.0025782799731
30000000 0.0038540196189
35000000 0.006949399959
40000000 0.0106856009704
45000000 0.014493994899
50000000 0.0181833989
55000000 0.021138003552
60000000 0.023556495813
65000000 0.0252915019
70000000 0.02660880156
75000000 0.027625800136
80000000 0.028437095276
90000000 0.02874119641
100000000 0.028786702495
110000000 0.027776502138
120000000 0.026349403584
130000000 0.02523579772
140000000 0.024139899
150000000 0.022823900307
160000000 0.021911696995
180000000 0.0200775006534
200000000 0.018545600137675
#Header 
#Target 43 99 0
#Product 42 98 0
#Datapoints 39
1000000 0
8000000 0
9000000 3.9555757576E-14
10000000 1.595696553572E-11
11000000 5.743956582E-10
12000000 1.45465994734E-8
13000000 1.06560023934E-7
14000000 3.1282300777E-7
15000000 7.2667395012E-7
16000000 1.30281021E-6
17000000 2.2495401675E-6
18000000 4.9009001536E-6
19000000 8.0449501572E-6
20000000 1.9957299464E-5
22000000 8.213900451E-5
24000000 0.00028395892802
26000000 0.00075222198975
28000000 0.0015610407059
30000000 0.0027195491928
35000000 0.0065901095451
40000000 0.0105627002192
45000000 0.01386719852
50000000 0.016349103176
55000000 0.01814290272
60000000 0.019471706871
65000000 0.020483298598
70000000 0.021180595865
75000000 0.021552294236
80000000 0.021662204268
90000000 0.021782800252
100000000 0.021019999181
110000000 0.020060398743
120000000 0.019213999924
130000000 0.018119096814
140000000 0.0169846005
150000000 0.016276196268
160000000 0.015334398225
180000000 0.0138636950682
200000000 0.012579500583195
#Header 
#Target 43 99 0
#Product 43 90 0
#Datapoints 12
1000000 0
80000000 0
90000000 8.0172710786E-9
100000000 1.01592997829E-6
110000000 1.04226004295E-5
120000000 3.5089002788E-5
130000000 6.2502603856E-5
140000000 7.9141293E-5
150000000 8.5943296107E-5
160000000 8.8152400545E-5
180000000 8.31619007856E-5
200000000 7.3280908522455E-5
#Header 
#Target 43 99 0
#Product 43 91 0
#Datapoints 15
1000000 0
65000000 0
70000000 2.149878335E-12
75000000 1.68440954E-8
80000000 1.08426998296E-6
90000000 5.16282022E-5
100000000 0.00027412903977
110000000 0.00066838995062
120000000 0.00098682206196
130000000 0.0010919898822
140000000 0.00107050965
150000000 0.00101661998724
160000000 0.00096480394935
180000000 0.000887539052724
200000000 0.00083875514131346
#Header 
#Target 43 99 0
#Product 43 92 0
#Datapoints 17
1000000 0
55000000 0
60000000 1.0829498286E-10
65000000 1.0420200203E-6
70000000 3.809680182E-5
75000000 0.0002749549594
80000000 0.0012675806304
90000000 0.0055853698176
100000000 0.0073956694241
110000000 0.0085383904256
120000000 0.0082692902684
130000000 0.0075473799184
140000000 0.0068767503
150000000 0.0063471692988
160000000 0.0058671194314
180000000 0.0051741502821
200000000 0.0046647709643618
#Header 
#Target 43 99 0
#Product 43 93 0
#Datapoints 19
1000000 0
45000000 0
50000000 6.668750334E-7
55000000 0.00010817300256
60000000 0.00096336401256
65000000 0.0072158199974
70000000 0.02404649995
75000000 0.040460299792
80000000 0.046670599432
90000000 0.046226306566
100000000 0.042790500885
110000000 0.039403697193
120000000 0.035552294008
130000000 0.032703199368
140000000 0.030689799
150000000 0.02861820045
160000000 0.027737202467
180000000 0.025620893919
200000000 0.024164305935008
#Header 
#Target 43 99 0
#Product 43 94 0
#Datapoints 21
1000000 0
35000000 0
40000000 1.02033003912E-7
45000000 0.00018175603835
50000000 0.0018543601173
55000000 0.0195633048
60000000 0.062160904455
65000000 0.098125994876
70000000 0.104053000535
75000000 0.094135007868
80000000 0.08509449262
90000000 0.073925391436
100000000 0.067103693851
110000000 0.060281496051
120000000 0.054949802348
130000000 0.050827402178
140000000 0.0478401
150000000 0.045508900302
160000000 0.042697397409
180000000 0.0394998958416
200000000 0.036817903895385
#Header 
#Target 43 99 0
#Product 43 95 0
#Datapoints 24
1000000 0
26000000 0
28000000 2.914281591E-11
30000000 3.5762902131E-7
35000000 0.00040292205336
40000000 0.0048160904672
45000000 0.052647306016
50000000 0.130632995248
55000000 0.17643797088
60000000 0.17059103124
65000000 0.14617205582
70000000 0.1296289995
75000000 0.119530997696
80000000 0.113500003096
90000000 0.101754002434
100000000 0.094616503386
110000000 0.086955591107
120000000 0.080559693592
130000000 0.075278606998
140000000 0.069688206
150000000 0.065917504944
160000000 0.063193899473
180000000 0.0571880025024
200000000 0.05274390472501
#Header 
#Target 43 99 0
#Product 43 96 0
#Datapoints 29
1000000 0
18000000 0
19000000 2.459042388E-15
20000000 1.1772194056E-10
22000000 1.2875499645E-6
24000000 8.502820151E-5
26000000 0.00046273903137
28000000 0.00107467993984
30000000 0.0021881002638
35000000 0.039213600273
40000000 0.138244987624
45000000 0.18774095864
50000000 0.17150102352
55000000 0.1483679328
60000000 0.13206499953
65000000 0.124111005536
70000000 0.1181280012
75000000 0.112716999472
80000000 0.107247002316
90000000 0.09878160355
100000000 0.089891802087
110000000 0.081188306794
120000000 0.074748005584
130000000 0.069578296564
140000000 0.065412102
150000000 0.061275099132
160000000 0.056312304873
180000000 0.0500497964478
200000000 0.0451004993349
#Header 
#Target 43 99 0
#Product 43 97 0
#Datapoints 38
1000000 0
9000000 0
10000000 8.48179793901E-14
11000000 9.570164814E-11
12000000 5.34581011249E-9
13000000 7.47706943971E-8
14000000 8.3346193079E-7
15000000 7.0115201646E-6
16000000 3.391289928E-5
17000000 0.000104271001125
18000000 0.00023769894832
19000000 0.00047927492712
20000000 0.00103345003888
22000000 0.007433770413
24000000 0.03393520307
26000000 0.077154409563
28000000 0.125924007287
30000000 0.16855195995
35000000 0.23233904838
40000000 0.21431203704
45000000 0.2037140008
50000000 0.19498205831
55000000 0.183052992
60000000 0.17978592285
65000000 0.17143300328
70000000 0.1656590122
75000000 0.15961602536
80000000 0.15523297504
90000000 0.14052503152
100000000 0.12867495465
110000000 0.11701701585
120000000 0.106015996744
130000000 0.09682090026
140000000 0.087835503
150000000 0.081209610288
160000000 0.076150199774
180000000 0.0673608024072
200000000 0.060650208234821
#Header 
#Target 43 99 0
#Product 43 98 0
#Datapoints 39
1000000 0
8000000 0
9000000 2.039978928E-11
10000000 8.324061864712E-8
11000000 4.53993010947E-6
12000000 7.93416996095E-5
13000000 0.000826787019747
14000000 0.0041747299369
15000000 0.011743595823
16000000 0.0242784984
17000000 0.040882499275
18000000 0.059664697
19000000 0.080378791812
20000000 0.102701004496
22000000 0.1483599591
24000000 0.17914602493
26000000 0.19413897195
28000000 0.19855492462
30000000 0.20363400783
35000000 0.20939401377
40000000 0.20796805112
45000000 0.19933593917
50000000 0.19009704518
55000000 0.18250001664
60000000 0.17676602877
65000000 0.16715602358
70000000 0.15991103205
75000000 0.14940397956
80000000 0.14113995876
90000000 0.12534298434
100000000 0.111799002832
110000000 0.099279605978
120000000 0.088939802336
130000000 0.08058249773
140000000 0.0740801985
150000000 0.067258205253
160000000 0.063257094668
180000000 0.0550069053006
200000000 0.048428607169848
#Header 
#Target 43 99 0
#Product 43 99 0
#Datapoints 46
1000000 0
1000000 0
2000000 6.2164186006E-13
3000000 5.7184776846E-9
4000000 1.4429105716158E-6
5000000 6.30609896E-5
6000000 0.00083002007844
7000000 0.0041384802312
8000000 0.0102151005831
9000000 0.017615899712
10000000 0.025942604125317
11000000 0.0353944039491
12000000 0.0465799983697
13000000 0.0597935988026
14000000 0.073408793686
15000000 0.085206590766
16000000 0.09382550931
17000000 0.0997490051
18000000 0.104226992984
19000000 0.107690006952
20000000 0.110468009232
22000000 0.11213200521
24000000 0.111849994819
26000000 0.110479999476
28000000 0.108386993988
30000000 0.10644899958
35000000 0.099081197352
40000000 0.090624800416
45000000 0.083481305521
50000000 0.079564405018
55000000 0.076663201536
60000000 0.067407001833
65000000 0.063842693586
70000000 0.0566706987
75000000 0.05359800182
80000000 0.047327308164
90000000 0.039513194046
100000000 0.032504500613
110000000 0.026746797392
120000000 0.022155602364
130000000 0.018210801784
140000000 0.015032703
150000000 0.012708995931
160000000 0.010548701085
180000000 0.0075992901645
200000000 0.0057778607480185
#Header 
#Target 43 99 0
#Product 44 93 0
#Datapoints 17
1000000 0
55000000 0
60000000 1.1968293642E-11
65000000 3.8015102482E-6
70000000 6.696300523E-5
75000000 0.00020767699524
80000000 0.00029238996904
90000000 0.00025867705822
100000000 0.00021438400825
110000000 0.00018249600502
120000000 0.00014852701528
130000000 0.00012058300926
140000000 0.000100056999
150000000 8.501760081E-5
160000000 7.3596899675E-5
180000000 5.74689968862E-5
200000000 4.756490656307E-5
#Header 
#Target 43 99 0
#Product 44 94 0
#Datapoints 19
1000000 0
45000000 0
50000000 8.6669304133E-5
55000000 0.0035515096032
60000000 0.0111482992056
65000000 0.013050802688
70000000 0.010081299976
75000000 0.0073104598072
80000000 0.0056988600416
90000000 0.0040633602108
100000000 0.0031079001597
110000000 0.0023995902707
120000000 0.0019180899136
130000000 0.0015823203872
140000000 0.0013409298
150000000 0.001159629399
160000000 0.00101787995637
180000000 0.000818448037638
200000000 0.00067968609354875
#Header 
#Target 43 99 0
#Product 44 95 0
#Datapoints 21
1000000 0
35000000 0
40000000 0.00115445994728
45000000 0.032844699108
50000000 0.072238407515
55000000 0.070535890272
60000000 0.048988396635
65000000 0.032863495518
70000000 0.024018904305
75000000 0.019236603584
80000000 0.015880205744
90000000 0.0117396010816
100000000 0.0091000598428
110000000 0.0072144895739
120000000 0.006034069972
130000000 0.005093369876
140000000 0.0044281503
150000000 0.0038960896374
160000000 0.0034645799114
180000000 0.0028341896562
200000000 0.0024011801375403
#Header 
#Target 43 99 0
#Product 44 96 0
#Datapoints 24
1000000 0
26000000 0
28000000 0.00134461998424
30000000 0.025130102976
35000000 0.22467601773
40000000 0.2857910312
45000000 0.20645897047
50000000 0.119150992264
55000000 0.07689540048
60000000 0.057724296282
65000000 0.046916201402
70000000 0.03936270008
75000000 0.033897402044
80000000 0.029688898084
90000000 0.023707396724
100000000 0.019630299847
110000000 0.016472001658
120000000 0.014068804288
130000000 0.012213702662
140000000 0.0107827965
150000000 0.0095867305623
160000000 0.0086327196821
180000000 0.00712382000316
200000000 0.0060432509319745
#Header 
#Target 43 99 0
#Product 44 97 0
#Datapoints 29
1000000 0
18000000 0
19000000 0.0082434395736
20000000 0.069628993128
22000000 0.3242049396
24000000 0.52773598464
26000000 0.61074792702
28000000 0.62815101297
30000000 0.59196100194
35000000 0.31966995672
40000000 0.16034497088
45000000 0.108964995877
50000000 0.086228806232
55000000 0.071492308128
60000000 0.06093479238
65000000 0.052869207678
70000000 0.046695798765
75000000 0.041462500904
80000000 0.037126207384
90000000 0.03014739442
100000000 0.02503670294
110000000 0.020902099792
120000000 0.017639898976
130000000 0.015030503334
140000000 0.0131689005
150000000 0.011702402991
160000000 0.010447303145
180000000 0.00859971069126
200000000 0.0072649106710606
#Header 
#Target 43 99 0
#Product 44 98 0
#Datapoints 39
1000000 0
8000000 0
9000000 0.0376814020032
10000000 0.20157500255519
11000000 0.427669012197
12000000 0.614820047775
13000000 0.742596962107
14000000 0.8229769301
15000000 0.87063200739
16000000 0.8982849876
17000000 0.9175520265
18000000 0.9289470888
19000000 0.92502201132
20000000 0.86356592768
22000000 0.5998480632
24000000 0.37235704095
26000000 0.25188395463
28000000 0.19056298456
30000000 0.15941897961
35000000 0.122196007062
40000000 0.099405501936
45000000 0.082627508255
50000000 0.069726899443
55000000 0.05987439456
60000000 0.051654495045
65000000 0.045015702396
70000000 0.040107706925
75000000 0.035326902996
80000000 0.031377300012
90000000 0.025082000988
100000000 0.020396897377
110000000 0.016660495383
120000000 0.013955004672
130000000 0.012024001024
140000000 0.0104444004
150000000 0.0091713998088
160000000 0.0082247000841
180000000 0.00672210974646
200000000 0.0056798600768706
#Header 
#Target 43 99 0
#Product 44 99 0
#Datapoints 46
1000000 0
1000000 2.6862701411E-11
2000000 3.70264015108E-6
3000000 0.000472982985504
4000000 0.0076305308076426
5000000 0.04666489968
6000000 0.152675003999
7000000 0.306463012272
8000000 0.453124993005
9000000 0.53800898232
10000000 0.47225804307968
11000000 0.327175955883
12000000 0.210885033655
13000000 0.143161976607
14000000 0.10732002862
15000000 0.088304201421
16000000 0.07743669726
17000000 0.070770896225
18000000 0.06605349496
19000000 0.062637504336
20000000 0.059792194504
22000000 0.05487480012
24000000 0.050680905117
26000000 0.04636599429
28000000 0.042319503291
30000000 0.038452795326
35000000 0.031111202889
40000000 0.025453496504
45000000 0.021186896728
50000000 0.017818195139
55000000 0.015201604896
60000000 0.0130012997733
65000000 0.011321999094
70000000 0.009941699515
75000000 0.008842170238
80000000 0.0076910397168
90000000 0.0060729693744
100000000 0.0048900892045
110000000 0.0040017902743
120000000 0.0033557402424
130000000 0.0028705300638
140000000 0.0024936597
150000000 0.0022088200203
160000000 0.0019675301162
180000000 0.0015999599181
200000000 0.0013384906432008
#Header 
#Target 43 99 0
#Product 44 100 0
#Datapoints 46
1000000 0
1000000 1.4344599334E-11
2000000 6.9789591482E-8
3000000 3.44196038088E-6
4000000 3.5519705242976E-5
5000000 0.0001491699993
6000000 0.00034987894963
7000000 0.000560192976
8000000 0.00072617997132
9000000 0.00085442775224
10000000 0.0009564148388014
11000000 0.00104671986111
12000000 0.00113330013923
13000000 0.00120382000063
14000000 0.0012347600597
15000000 0.0012249297786
16000000 0.001160590353
17000000 0.001051790009
18000000 0.0009321189728
19000000 0.0008205450264
20000000 0.00072911093432
22000000 0.000601701996
24000000 0.00051433797467
26000000 0.00045594197649
28000000 0.00041375400027
30000000 0.00038063999721
35000000 0.0003152849886
40000000 0.00028265397824
45000000 0.00025275494603
50000000 0.00023265005845
55000000 0.00021310995168
60000000 0.0001964750523
65000000 0.00018206504974
70000000 0.00016703400835
75000000 0.00015627700352
80000000 0.000144542978
90000000 0.00012529595234
100000000 0.00010824400531
110000000 9.5397503929E-5
120000000 8.1438100716E-5
130000000 7.0587008506E-5
140000000 6.4810599E-5
150000000 5.7796004115E-5
160000000 5.0709293412E-5
180000000 3.89296955844E-5
200000000 3.0266100831373E-5
