#Header 
#Target 40 96 0
#Product 0 1 0
#Datapoints 45
1000000 0
2000000 1.3966779264E-5
3000000 0.0012505029495
4000000 0.016369451395
5000000 0.084348688302
6000000 0.22975813632
7000000 0.39868419499
8000000 0.5914719552
9000000 1.0066637574
10000000 1.3309494999
11000000 1.5679910726
12000000 1.7467774346
13000000 1.884436994
14000000 1.985184
15000000 2.056271048
16000000 2.103580992
17000000 2.18417312
18000000 2.379826099
19000000 2.596032066
20000000 2.78637996
22000000 3.02350928
24000000 3.135724268
26000000 3.247451506
28000000 3.421942464
30000000 3.581561313
35000000 3.740257665
40000000 3.871502448
45000000 3.95858561
50000000 4.008766764
55000000 4.037260869
60000000 4.033814653
65000000 4.038307236
70000000 4.042398366
75000000 4.03573454
80000000 4.04179941
90000000 4.106246416
100000000 4.164107226
110000000 4.247734725
120000000 4.369083056
130000000 4.481613528
140000000 4.588027668
150000000 4.689045592
160000000 4.782138833
180000000 4.9511660562
200000000 5.1228043036
#Header 
#Target 40 96 0
#Product 1 1 0
#Datapoints 45
1000000 0
2000000 1.1418778544E-16
3000000 1.995239498E-12
4000000 1.5340855643E-8
5000000 3.0666826509E-6
6000000 8.77581648E-5
7000000 0.0007240362566
8000000 0.002718309552
9000000 0.0063891580248
10000000 0.011644476467
11000000 0.018494438305
12000000 0.027202902968
13000000 0.03798676806
14000000 0.05034057792
15000000 0.06350903312
16000000 0.07716390688
17000000 0.09126756115
18000000 0.10589244414
19000000 0.1210264664
20000000 0.1377395019
22000000 0.172099999
24000000 0.2076762622
26000000 0.2448050605
28000000 0.2818275088
30000000 0.3187208827
35000000 0.4105087335
40000000 0.4957869312
45000000 0.571311648
50000000 0.6355635708
55000000 0.694162348
60000000 0.7507700264
65000000 0.8005550796
70000000 0.8391596274
75000000 0.871853962
80000000 0.8997653324
90000000 0.951682473
100000000 0.9919111836
110000000 1.0320088935
120000000 1.0725517872
130000000 1.112570452
140000000 1.152237036
150000000 1.191560935
160000000 1.230553618
180000000 1.3079680848
200000000 1.3826051278
#Header 
#Target 40 96 0
#Product 1 2 0
#Datapoints 41
1000000 0
6000000 0
7000000 1.9372770217E-15
8000000 3.6271843328E-10
9000000 1.1967285597E-7
10000000 3.0323057472E-6
11000000 3.9079884169E-5
12000000 0.00025694460244
13000000 0.0010080068612
14000000 0.002816986944
15000000 0.005338371792
16000000 0.00839818624
17000000 0.01179162236
18000000 0.01535479561
19000000 0.01897120222
20000000 0.02256190209
22000000 0.0294746097
24000000 0.03588884936
26000000 0.04177223843
28000000 0.04735269296
30000000 0.0520659546
35000000 0.0633594006
40000000 0.07142482248
45000000 0.07806438755
50000000 0.08448451656
55000000 0.08847007949
60000000 0.09305887343
65000000 0.09622973328
70000000 0.09958071582
75000000 0.1023680576
80000000 0.10536898196
90000000 0.10168676696
100000000 0.10051517388
110000000 0.09792611205
120000000 0.09673535036
130000000 0.09715903288
140000000 0.09883148838
150000000 0.1024714964
160000000 0.107423718
180000000 0.12396052032
200000000 0.1462574396
#Header 
#Target 40 96 0
#Product 1 3 0
#Datapoints 41
1000000 0
6000000 0
7000000 4.28775596E-20
8000000 5.913949664E-13
9000000 7.394093859E-10
10000000 5.4139618791E-8
11000000 7.7282348496E-7
12000000 4.0608790944E-6
13000000 1.123507882E-5
14000000 2.726341056E-5
15000000 7.446369008E-5
16000000 0.0001900909424
17000000 0.000403507371
18000000 0.0007180783624
19000000 0.001122349521
20000000 0.001598216529
22000000 0.002694685705
24000000 0.003884170362
26000000 0.0050854791
28000000 0.006255259792
30000000 0.007446991442
35000000 0.00997364484
40000000 0.011900098056
45000000 0.013408588255
50000000 0.01472330716
55000000 0.01589032087
60000000 0.01711844828
65000000 0.01839785124
70000000 0.01974482946
75000000 0.0211568368
80000000 0.02265027446
90000000 0.02612652543
100000000 0.03001316614
110000000 0.0323626888
120000000 0.0351430072
130000000 0.03808181314
140000000 0.04132093464
150000000 0.04445113266
160000000 0.04811384294
180000000 0.055876096224
200000000 0.065062429436
#Header 
#Target 40 96 0
#Product 2 3 0
#Datapoints 34
1000000 0
13000000 0
14000000 8.545143168E-20
15000000 1.591619744E-15
16000000 4.647536656E-13
17000000 6.753174835E-11
18000000 2.786523754E-9
19000000 5.04871149E-8
20000000 5.136197976E-7
22000000 1.52596903E-5
24000000 0.0001464234892
26000000 0.0005537241229
28000000 0.0012392465856
30000000 0.002148508296
35000000 0.004927397805
40000000 0.007795726752
45000000 0.010465976805
50000000 0.012776204656
55000000 0.01460561281
60000000 0.01606843484
65000000 0.01731269832
70000000 0.01850260509
75000000 0.0196136706
80000000 0.02080185206
90000000 0.02331754048
100000000 0.02616002468
110000000 0.02773965155
120000000 0.0290456214
130000000 0.03039250438
140000000 0.03177630306
150000000 0.03320170796
160000000 0.03465692328
180000000 0.037574946084
200000000 0.040395546034
#Header 
#Target 40 96 0
#Product 2 4 0
#Datapoints 45
1000000 0
2000000 2.713059136E-12
3000000 8.92977561E-10
4000000 4.453158469E-8
5000000 6.4721959842E-7
6000000 3.937196064E-6
7000000 1.3411702711E-5
8000000 3.7568169744E-5
9000000 0.00010419376896
10000000 0.00027092554488
11000000 0.00059550208802
12000000 0.0011241955904
13000000 0.001867534056
14000000 0.002979696096
15000000 0.00503023664
16000000 0.009144040128
17000000 0.01209707195
18000000 0.01325719584
19000000 0.01178183857
20000000 0.01242695181
22000000 0.0143999447
24000000 0.01648922208
26000000 0.01844744785
28000000 0.02023362344
30000000 0.02187324612
35000000 0.0256577994
40000000 0.02869675248
45000000 0.03069180575
50000000 0.03225623088
55000000 0.03341942204
60000000 0.03447986842
65000000 0.03550109604
70000000 0.03635515818
75000000 0.0369762826
80000000 0.03738807358
90000000 0.0394874324
100000000 0.04147466276
110000000 0.04509419395
120000000 0.0527730002
130000000 0.06190201612
140000000 0.07308092262
150000000 0.08579360688
160000000 0.09981909662
180000000 0.12795845829
200000000 0.15198472228
#Header 
#Target 40 96 0
#Product 33 71 0
#Datapoints 8
1000000 0
120000000 0
130000000 1.8515154E-13
140000000 5.738013636E-11
150000000 2.654250384E-9
160000000 5.1599202565E-8
180000000 5.28324031794E-6
200000000 0.000121335999656
#Header 
#Target 40 96 0
#Product 33 72 0
#Datapoints 9
1000000 0
110000000 0
120000000 4.564813272E-15
130000000 1.242470922E-11
140000000 1.039730103E-9
150000000 1.7894695347E-8
160000000 2.2216902063E-7
180000000 1.37825025039E-5
200000000 0.000195040034486
#Header 
#Target 40 96 0
#Product 33 73 0
#Datapoints 10
1000000 0
100000000 0
110000000 2.89628313E-15
120000000 5.670220004E-12
130000000 5.914429906E-10
140000000 1.2444203358E-8
150000000 1.2879102402E-7
160000000 1.2342195701E-6
180000000 3.20951018622E-5
200000000 0.000269963967114
#Header 
#Target 40 96 0
#Product 33 74 0
#Datapoints 10
1000000 0
100000000 0
110000000 1.078689651E-12
120000000 4.93521752E-10
130000000 1.812950048E-8
140000000 1.5161397324E-7
150000000 8.420319901E-7
160000000 4.6945006362E-6
180000000 5.12024001645E-5
200000000 0.0002594570189
#Header 
#Target 40 96 0
#Product 33 75 0
#Datapoints 11
1000000 0
90000000 0
100000000 7.225511772E-13
110000000 3.482871145E-10
120000000 1.9169197904E-8
130000000 1.8919596038E-7
140000000 8.9462099346E-7
150000000 4.5270300949E-6
160000000 1.8173604366E-5
180000000 9.9330817209E-5
200000000 0.000342640003564
#Header 
#Target 40 96 0
#Product 33 76 0
#Datapoints 12
1000000 0
80000000 0
90000000 1.50188535E-14
100000000 5.557479354E-11
110000000 5.456150635E-9
120000000 8.4949006484E-8
130000000 4.1694497138E-7
140000000 1.9668303936E-6
150000000 9.9716500197E-6
160000000 2.8456003876E-5
180000000 0.000112389965727
200000000 0.000298012035868
#Header 
#Target 40 96 0
#Product 33 77 0
#Datapoints 12
1000000 0
80000000 0
90000000 1.302831757E-11
100000000 4.5684507214E-9
110000000 5.1094805125E-8
120000000 2.1465298572E-7
130000000 7.8316599088E-7
140000000 3.9647905794E-6
150000000 1.3301497008E-5
160000000 2.8714904855E-5
180000000 0.00010058495148
200000000 0.00022866401244
#Header 
#Target 40 96 0
#Product 34 72 0
#Datapoints 8
1000000 0
120000000 0
130000000 1.914378606E-15
140000000 1.540060944E-11
150000000 2.2931203746E-9
160000000 7.8274599704E-8
180000000 8.75005970826E-6
200000000 0.000130160977734
#Header 
#Target 40 96 0
#Product 34 73 0
#Datapoints 8
1000000 0
120000000 0
130000000 1.0373490904E-12
140000000 7.531133862E-10
150000000 4.6694696214E-8
160000000 7.7159094263E-7
180000000 2.74588039752E-5
200000000 0.000265250024496
#Header 
#Target 40 96 0
#Product 34 74 0
#Datapoints 9
1000000 0
110000000 0
120000000 2.5292641E-13
130000000 5.228044444E-10
140000000 8.2166997192E-8
150000000 2.3972098206E-6
160000000 1.898470253E-5
180000000 0.000196046011122
200000000 0.00105656964532
#Header 
#Target 40 96 0
#Product 34 75 0
#Datapoints 10
1000000 0
100000000 0
110000000 3.59484125E-15
120000000 6.610010512E-11
130000000 4.6613703346E-8
140000000 2.5112997216E-6
150000000 2.4978702704E-5
160000000 9.8493502768E-5
180000000 0.000507601044444
200000000 0.00164464986676
#Header 
#Target 40 96 0
#Product 34 76 0
#Datapoints 10
1000000 0
100000000 0
110000000 3.056872845E-11
120000000 2.9838598148E-8
130000000 2.1673696282E-6
140000000 2.833149783E-5
150000000 0.00013782095115
160000000 0.00034458597175
180000000 0.00140732989605
200000000 0.0035446495492
#Header 
#Target 40 96 0
#Product 34 77 0
#Datapoints 11
1000000 0
90000000 0
100000000 6.57351371E-13
110000000 3.043969864E-9
120000000 2.2871297892E-7
130000000 2.8575401302E-6
140000000 1.3414898988E-5
150000000 3.4338002501E-5
160000000 6.4718101203E-5
180000000 0.000193268964603
200000000 0.000403758004174
#Header 
#Target 40 96 0
#Product 34 78 0
#Datapoints 12
1000000 0
80000000 0
90000000 1.0877789858E-12
100000000 1.3583099284E-8
110000000 1.308520018E-6
120000000 2.0236699212E-5
130000000 0.000100448001332
140000000 0.00026394402186
150000000 0.00049697100489
160000000 0.00089334293272
180000000 0.00209744008422
200000000 0.0032648002232
#Header 
#Target 40 96 0
#Product 34 79 0
#Datapoints 13
1000000 0
75000000 0
80000000 1.333138554E-14
90000000 2.4634699165E-9
100000000 4.746179452E-7
110000000 7.264580427E-6
120000000 4.255329222E-5
130000000 0.000103761004788
140000000 0.00018807900312
150000000 0.00032763204999
160000000 0.00054360699459
180000000 0.00098784852777
200000000 0.00136369014922
#Header 
#Target 40 96 0
#Product 34 80 0
#Datapoints 14
1000000 0
70000000 0
75000000 9.56087518E-13
80000000 1.783872024E-10
90000000 7.4900400441E-8
100000000 1.767409915E-6
110000000 9.5425805215E-6
120000000 2.6163102788E-5
130000000 4.484199972E-5
140000000 7.6802505954E-5
150000000 0.00013085197879
160000000 0.00019461095961
180000000 0.000332495956689
200000000 0.000446167967164
#Header 
#Target 40 96 0
#Product 35 74 0
#Datapoints 8
1000000 0
120000000 0
130000000 8.8622506E-13
140000000 2.019331908E-10
150000000 5.8594197209E-9
160000000 6.1224796511E-8
180000000 1.92973983462E-6
200000000 1.69131026294E-5
#Header 
#Target 40 96 0
#Product 35 75 0
#Datapoints 9
1000000 0
110000000 0
120000000 1.955187956E-11
130000000 4.3477198408E-9
140000000 1.107200187E-7
150000000 9.1832898489E-7
160000000 6.4627198816E-6
180000000 0.000131416004889
200000000 0.000759626996024
#Header 
#Target 40 96 0
#Product 35 76 0
#Datapoints 10
1000000 0
100000000 0
110000000 1.53289084E-12
120000000 9.5267964E-10
130000000 4.3319604062E-8
140000000 4.2578703396E-7
150000000 2.0746504288E-6
160000000 9.549880363E-6
180000000 9.0748498815E-5
200000000 0.000373558036854
#Header 
#Target 40 96 0
#Product 35 77 0
#Datapoints 11
1000000 0
90000000 0
100000000 4.6916197E-12
110000000 2.628189811E-9
120000000 1.217980046E-7
130000000 1.0818201562E-6
140000000 4.243490352E-6
150000000 1.426570147E-5
160000000 4.5254600682E-5
180000000 0.000214841012685
200000000 0.000613960966862
#Header 
#Target 40 96 0
#Product 35 78 0
#Datapoints 12
1000000 0
80000000 0
90000000 5.956815702E-13
100000000 2.6492697014E-9
110000000 3.270720037E-7
120000000 5.0107396772E-6
130000000 2.3145498572E-5
140000000 7.5308891358E-5
150000000 0.00026642395967
160000000 0.00066215200297
180000000 0.0023202803949
200000000 0.00497994989312
#Header 
#Target 40 96 0
#Product 35 79 0
#Datapoints 13
1000000 0
75000000 0
80000000 9.877675676E-15
90000000 5.216118176E-10
100000000 2.1080902126E-7
110000000 2.0429298825E-6
120000000 7.770869488E-6
130000000 1.9616400874E-5
140000000 5.92258056E-5
150000000 0.00015325804
160000000 0.00028872203155
180000000 0.000776543964495
200000000 0.00148360956136
#Header 
#Target 40 96 0
#Product 35 80 0
#Datapoints 14
1000000 0
70000000 0
75000000 1.39238046E-13
80000000 8.91911944E-11
90000000 1.8486097995E-7
100000000 2.8889794836E-6
110000000 7.601529923E-6
120000000 1.6898703788E-5
130000000 5.2651304762E-5
140000000 0.00014213697696
150000000 0.00027026303292
160000000 0.00044854301556
180000000 0.000965511014871
200000000 0.00152859047836
#Header 
#Target 40 96 0
#Product 35 81 0
#Datapoints 16
1000000 0
60000000 0
65000000 2.20117536E-13
70000000 2.729068308E-10
75000000 3.500480104E-8
80000000 7.7919500164E-7
90000000 1.3451101494E-5
100000000 2.950350179E-5
110000000 4.9814503375E-5
120000000 0.00015376101288
130000000 0.00042137199622
140000000 0.0008278059909
150000000 0.0013490000332
160000000 0.0020754398576
180000000 0.00387636995499
200000000 0.00484898979754
#Header 
#Target 40 96 0
#Product 35 82 0
#Datapoints 18
1000000 0
50000000 0
55000000 6.963088445E-16
60000000 9.452009005E-12
65000000 3.1570704564E-9
70000000 1.16277001416E-7
75000000 9.369130006E-7
80000000 3.2585496724E-6
90000000 7.9854901004E-6
100000000 1.1360500156E-5
110000000 3.8961598E-5
120000000 0.00013351799252
130000000 0.00026468700608
140000000 0.00041886396726
150000000 0.00065539896299
160000000 0.00096792697366
180000000 0.00142476966606
200000000 0.00155377021128
#Header 
#Target 40 96 0
#Product 35 83 0
#Datapoints 19
1000000 0
45000000 0
50000000 2.712325148E-13
55000000 1.850718586E-10
60000000 9.9446103623E-9
65000000 1.0074599508E-7
70000000 4.0023401616E-7
75000000 8.032099768E-7
80000000 9.0686503138E-7
90000000 1.6146296679E-6
100000000 1.1190700415E-5
110000000 3.8684193795E-5
120000000 8.0546997652E-5
130000000 0.00011997903904
140000000 0.0001874210304
150000000 0.00026626795762
160000000 0.00035303198875
180000000 0.000451582981824
200000000 0.000493384996204
#Header 
#Target 40 96 0
#Product 36 76 0
#Datapoints 9
1000000 0
110000000 0
120000000 8.988092928E-15
130000000 7.987969444E-11
140000000 1.8342001518E-8
150000000 5.3763601353E-7
160000000 4.7175693837E-6
180000000 6.10951994094E-5
200000000 0.00027543698067
#Header 
#Target 40 96 0
#Product 36 77 0
#Datapoints 9
1000000 0
110000000 0
120000000 9.3140345E-12
130000000 1.2893097406E-8
140000000 8.1183404388E-7
150000000 9.8685402869E-6
160000000 4.3551701309E-5
180000000 0.000289828992765
200000000 0.000919406015434
#Header 
#Target 40 96 0
#Product 36 78 0
#Datapoints 10
1000000 0
100000000 0
110000000 8.346304135E-12
120000000 3.1164000148E-8
130000000 2.221140327E-6
140000000 2.7938004948E-5
150000000 0.00012835604762
160000000 0.0003232710502
180000000 0.00130411973952
200000000 0.00289606975488
#Header 
#Target 40 96 0
#Product 36 79 0
#Datapoints 11
1000000 0
90000000 0
100000000 1.0271990232E-12
110000000 3.402979437E-9
120000000 3.630919998E-7
130000000 5.0903804364E-6
140000000 2.4646396254E-5
150000000 6.4018302102E-5
160000000 0.0001239320243
180000000 0.000359272950426
200000000 0.000678399986656
#Header 
#Target 40 96 0
#Product 36 80 0
#Datapoints 12
1000000 0
80000000 0
90000000 1.440763326E-12
100000000 2.7536101502E-8
110000000 3.5207397355E-6
120000000 6.0468895936E-5
130000000 0.00032076699984
140000000 0.00087884493066
150000000 0.0017571501784
160000000 0.0031418101188
180000000 0.00709979030592
200000000 0.0102067017906
#Header 
#Target 40 96 0
#Product 36 81 0
#Datapoints 13
1000000 0
75000000 0
80000000 1.774750252E-14
90000000 1.4855105551E-8
100000000 4.5286703894E-6
110000000 8.0345597215E-5
120000000 0.00048138504052
130000000 0.0011836797882
140000000 0.002154050067
150000000 0.0035863895647
160000000 0.0058042100857
180000000 0.00965256022887
200000000 0.0117338973336
#Header 
#Target 40 96 0
#Product 36 82 0
#Datapoints 15
1000000 0
65000000 0
70000000 4.282055037E-15
75000000 3.8995382E-11
80000000 1.5778704018E-8
90000000 7.2974603154E-6
100000000 0.00013703997196
110000000 0.0006395010024
120000000 0.0015730300216
130000000 0.0026081301764
140000000 0.0041991804534
150000000 0.006398330073
160000000 0.0090155099847
180000000 0.012363200304
200000000 0.0133764049782
#Header 
#Target 40 96 0
#Product 36 83 0
#Datapoints 16
1000000 0
60000000 0
65000000 3.595265844E-12
70000000 5.4510197967E-9
75000000 3.078489678E-7
80000000 3.5994199428E-6
90000000 0.00010016499602
100000000 0.00052032606564
110000000 0.0010237200519
120000000 0.0015968003284
130000000 0.0024851699978
140000000 0.0037344402366
150000000 0.0050449802758
160000000 0.0058831197297
180000000 0.0070636397169
200000000 0.00728468010644
#Header 
#Target 40 96 0
#Product 36 84 0
#Datapoints 18
1000000 0
50000000 0
55000000 1.395129688E-12
60000000 1.4701503281E-9
65000000 9.2663193948E-8
70000000 1.2608196075E-6
75000000 9.380520772E-6
80000000 4.5859395846E-5
90000000 0.00026989699584
100000000 0.00043877401582
110000000 0.00058487995735
120000000 0.0008907189746
130000000 0.0013608101976
140000000 0.0018642601704
150000000 0.0021810804137
160000000 0.0024291897077
180000000 0.00270911970498
200000000 0.00270998959332
#Header 
#Target 40 96 0
#Product 36 85 0
#Datapoints 20
1000000 0
40000000 0
45000000 9.12737898E-15
50000000 4.498599268E-11
55000000 4.8481407917E-9
60000000 7.5648897981E-8
65000000 8.9190895944E-7
70000000 6.3675306117E-6
75000000 2.139009556E-5
80000000 4.0734897456E-5
90000000 5.8267999933E-5
100000000 6.5952101242E-5
110000000 0.000105584008205
120000000 0.00017571095784
130000000 0.00024115005026
140000000 0.0002934819579
150000000 0.0003508420045
160000000 0.0003881120144
180000000 0.000448403012772
200000000 0.0004252780437
#Header 
#Target 40 96 0
#Product 37 78 0
#Datapoints 10
1000000 0
100000000 0
110000000 5.159116235E-16
120000000 1.890323748E-11
130000000 4.7282004728E-9
140000000 7.3596107412E-8
150000000 3.3838704474E-7
160000000 1.0782297515E-6
180000000 8.74094042055E-6
200000000 2.62890035298E-5
#Header 
#Target 40 96 0
#Product 37 79 0
#Datapoints 11
1000000 0
90000000 0
100000000 4.697012496E-14
110000000 2.405189917E-9
120000000 2.8994397564E-7
130000000 3.9082998276E-6
140000000 1.7650097562E-5
150000000 4.8484197254E-5
160000000 0.00012979303911
180000000 0.000497085949386
200000000 0.000949364072604
#Header 
#Target 40 96 0
#Product 37 80 0
#Datapoints 12
1000000 0
80000000 0
90000000 2.271457683E-14
100000000 2.021610298E-9
110000000 4.3131504E-7
120000000 7.6242199276E-6
130000000 3.7760305534E-5
140000000 9.5616199152E-5
150000000 0.00023668397277
160000000 0.00051018100565
180000000 0.00140989057092
200000000 0.00236262961136
#Header 
#Target 40 96 0
#Product 37 81 0
#Datapoints 13
1000000 0
75000000 0
80000000 8.193240594E-15
90000000 5.298777108E-10
100000000 3.7618994132E-7
110000000 4.80229048E-6
120000000 2.0247602924E-5
130000000 4.539219734E-5
140000000 0.0001050190341
150000000 0.00020910799346
160000000 0.00035134498953
180000000 0.00064656502716
200000000 0.000885345928568
#Header 
#Target 40 96 0
#Product 37 82 0
#Datapoints 14
1000000 0
70000000 0
75000000 1.90923754E-14
80000000 1.634108894E-10
90000000 6.197710437E-7
100000000 1.10585001954E-5
110000000 2.8845895975E-5
120000000 6.0688504852E-5
130000000 0.00012143501776
140000000 0.00023698097718
150000000 0.00041640402565
160000000 0.00055329296303
180000000 0.000817741986867
200000000 0.000954891024938
#Header 
#Target 40 96 0
#Product 37 83 0
#Datapoints 16
1000000 0
60000000 0
65000000 1.50036072E-13
70000000 8.922913776E-10
75000000 2.006160196E-7
80000000 8.8888094042E-6
90000000 0.00021758603256
100000000 0.00048804002778
110000000 0.0007270800134
120000000 0.0013789203376
130000000 0.002759110165
140000000 0.004437970236
150000000 0.0059070597997
160000000 0.0070844900045
180000000 0.00922003007601
200000000 0.00896710053064
#Header 
#Target 40 96 0
#Product 37 84 0
#Datapoints 17
1000000 0
55000000 0
60000000 5.246486425E-11
65000000 1.0416600624E-7
70000000 8.4008895174E-6
75000000 8.757840276E-5
80000000 0.00027258201366
90000000 0.00056309199544
100000000 0.00064967893408
110000000 0.00108830998445
120000000 0.0021874005328
130000000 0.0034664594916
140000000 0.0044491099248
150000000 0.0054083898461
160000000 0.0061701801101
180000000 0.00709291979721
200000000 0.00705697990236
#Header 
#Target 40 96 0
#Product 37 85 0
#Datapoints 19
1000000 0
45000000 0
50000000 1.2474000748E-10
55000000 2.2880297008E-7
60000000 1.9183500754E-5
65000000 0.00016547606196
70000000 0.00048233808396
75000000 0.000734431009
80000000 0.00076557106956
90000000 0.00072522990939
100000000 0.0012489896048
110000000 0.0025398099935
120000000 0.0040326595396
130000000 0.0050321297222
140000000 0.0061014898686
150000000 0.0071087197078
160000000 0.0078926606167
180000000 0.00863870017218
200000000 0.00826065966068
#Header 
#Target 40 96 0
#Product 37 86 0
#Datapoints 21
1000000 0
35000000 0
40000000 8.004669288E-12
45000000 4.2215803875E-8
50000000 3.724050096E-6
55000000 3.3076407912E-5
60000000 8.769109639E-5
65000000 0.000115349995068
70000000 0.00010166700771
75000000 8.491519974E-5
80000000 8.233741021E-5
90000000 0.00018616703294
100000000 0.00040178597882
110000000 0.0005854660071
120000000 0.00077818204208
130000000 0.00094968094018
140000000 0.0011874301092
150000000 0.0013252501185
160000000 0.0014655502649
180000000 0.00158210011128
200000000 0.00166753025568
#Header 
#Target 40 96 0
#Product 37 87 0
#Datapoints 24
1000000 0
26000000 0
28000000 1.328389964E-13
30000000 1.0366490915E-11
35000000 2.8830093525E-8
40000000 1.8906004392E-6
45000000 1.3935998695E-5
50000000 4.383000478E-5
55000000 6.0690799628E-5
60000000 5.1833905653E-5
65000000 4.323110448E-5
70000000 4.5426096297E-5
75000000 7.616300642E-5
80000000 0.00016323495232
90000000 0.00043093294575
100000000 0.00057346101386
110000000 0.00067614201915
120000000 0.00086908197476
130000000 0.0010679301108
140000000 0.0012633096876
150000000 0.0013389894782
160000000 0.0013720198942
180000000 0.00150308974998
200000000 0.00152362006308
#Header 
#Target 40 96 0
#Product 37 88 0
#Datapoints 28
1000000 0
19000000 0
20000000 1.1592693021E-15
22000000 3.72218493E-13
24000000 2.979178102E-11
26000000 9.01469101E-10
28000000 1.26794996512E-8
30000000 8.9217691981E-8
35000000 1.6056407025E-6
40000000 5.136190356E-6
45000000 6.3161800795E-6
50000000 5.4692603808E-6
55000000 4.6677101503E-6
60000000 5.5699293671E-6
65000000 1.08867000432E-5
70000000 2.6762903361E-5
75000000 5.342569624E-5
80000000 7.781659743E-5
90000000 0.000105278999947
100000000 0.00011540504466
110000000 0.00014001997295
120000000 0.00016771196896
130000000 0.00019477100888
140000000 0.0002227700262
150000000 0.00024667897838
160000000 0.0002673830644
180000000 0.000311288992989
200000000 0.00033850894465
#Header 
#Target 40 96 0
#Product 37 89 0
#Datapoints 34
1000000 0
13000000 0
14000000 1.449661632E-14
15000000 1.696024304E-13
16000000 1.47385776E-12
17000000 9.78680353E-12
18000000 4.893132454E-11
19000000 1.91527394E-10
20000000 6.446050611E-10
22000000 4.454570125E-9
24000000 1.7780297356E-8
26000000 5.0173899555E-8
28000000 1.19349004144E-7
30000000 2.4068804496E-7
35000000 4.557210201E-7
40000000 4.04019E-7
45000000 3.227020206E-7
50000000 4.7575093788E-7
55000000 1.31809000142E-6
60000000 3.2288994023E-6
65000000 6.9991700028E-6
70000000 1.12023998703E-5
75000000 1.48033983E-5
80000000 1.7002802498E-5
90000000 2.0615995861E-5
100000000 2.314660248E-5
110000000 2.808840333E-5
120000000 3.5551295408E-5
130000000 4.6431001568E-5
140000000 5.8016600022E-5
150000000 7.2623700396E-5
160000000 8.8856196611E-5
180000000 0.000111114028077
200000000 0.000132232974096
#Header 
#Target 40 96 0
#Product 38 80 0
#Datapoints 9
1000000 0
110000000 0
120000000 3.01697984E-11
130000000 6.3156094498E-8
140000000 2.2846295652E-6
150000000 1.7648801562E-5
160000000 6.0523797138E-5
180000000 0.000239554018392
200000000 0.000538722982166
#Header 
#Target 40 96 0
#Product 38 81 0
#Datapoints 10
1000000 0
100000000 0
110000000 3.609440315E-11
120000000 1.0958005188E-7
130000000 4.7818796998E-6
140000000 4.0676705826E-5
150000000 0.00014379100224
160000000 0.00032679503307
180000000 0.000959279061624
200000000 0.00165241973336
#Header 
#Target 40 96 0
#Product 38 82 0
#Datapoints 11
1000000 0
90000000 0
100000000 5.92299359E-10
110000000 6.133780133E-7
120000000 2.2635698296E-5
130000000 0.00017701801474
140000000 0.00054977596266
150000000 0.0011059000569
160000000 0.0018565998501
180000000 0.00343338982389
200000000 0.00412479990802
#Header 
#Target 40 96 0
#Product 38 83 0
#Datapoints 12
1000000 0
80000000 0
90000000 7.816862623E-10
100000000 1.488310158E-6
110000000 4.136920242E-5
120000000 0.00031765797048
130000000 0.00089176204782
140000000 0.0016453995678
150000000 0.0026553703466
160000000 0.0039530695887
180000000 0.00595265978385
200000000 0.0064369895765
#Header 
#Target 40 96 0
#Product 38 84 0
#Datapoints 14
1000000 0
70000000 0
75000000 8.74764486E-13
80000000 1.3089598412E-9
90000000 3.8523097575E-6
100000000 0.00013064194976
110000000 0.0005887470069
120000000 0.001554900454
130000000 0.0026776403332
140000000 0.0041412299088
150000000 0.0059983001648
160000000 0.0079787198191
180000000 0.00969937003035
200000000 0.00900302011616
#Header 
#Target 40 96 0
#Product 38 85 0
#Datapoints 16
1000000 0
60000000 0
65000000 4.251982992E-14
70000000 8.238459024E-10
75000000 2.553630496E-7
80000000 5.2729907296E-6
90000000 0.00020613995673
100000000 0.00098348996034
110000000 0.0020533194955
120000000 0.0031762502324
130000000 0.004440130541
140000000 0.006481299768
150000000 0.0086126506108
160000000 0.0098179797859
180000000 0.0106229973408
200000000 0.0104290962584
#Header 
#Target 40 96 0
#Product 38 86 0
#Datapoints 18
1000000 0
50000000 0
55000000 7.582276262E-13
60000000 4.6994403604E-9
65000000 9.2187599244E-7
70000000 1.7920196001E-5
75000000 0.0001359079848
80000000 0.00055769202302
90000000 0.0027804497098
100000000 0.0046568497042
110000000 0.006075590391
120000000 0.0084245599008
130000000 0.011911394712
140000000 0.014892797412
150000000 0.016638599362
160000000 0.017369198894
180000000 0.0174330041184
200000000 0.016913303822
#Header 
#Target 40 96 0
#Product 38 87 0
#Datapoints 20
1000000 0
40000000 0
45000000 6.725848815E-14
50000000 4.3443807896E-9
55000000 1.1990900962E-6
60000000 1.6797493651E-5
65000000 0.000114674998572
70000000 0.00061265388339
75000000 0.001782670204
80000000 0.003174310469
90000000 0.0047489405445
100000000 0.0053132500026
110000000 0.0068029303095
120000000 0.0092654002956
130000000 0.011550796054
140000000 0.01268889858
150000000 0.012951696711
160000000 0.01318430267
180000000 0.012868295622
200000000 0.012913499128
#Header 
#Target 40 96 0
#Product 38 88 0
#Datapoints 22
1000000 0
30000000 0
35000000 4.664937915E-10
40000000 9.983250024E-8
45000000 1.8934203095E-6
50000000 3.3592500024E-5
55000000 0.00024258799655
60000000 0.00088843806457
65000000 0.0022444003416
70000000 0.003685719834
75000000 0.004356960026
80000000 0.0044486593228
90000000 0.0045445294712
100000000 0.0056819299678
110000000 0.0076077397435
120000000 0.0093723704324
130000000 0.0101958999814
140000000 0.01065529614
150000000 0.010924096907
160000000 0.011028404231
180000000 0.0115513030893
200000000 0.011299694961
#Header 
#Target 40 96 0
#Product 38 89 0
#Datapoints 25
1000000 0
24000000 0
26000000 8.670390144E-14
28000000 2.49004784E-11
30000000 6.827288677E-10
35000000 1.6930606635E-7
40000000 2.753009952E-6
45000000 2.790320168E-5
50000000 0.00025629000712
55000000 0.00090611698193
60000000 0.001595879802
65000000 0.0018406002324
70000000 0.0017869704462
75000000 0.001704619366
80000000 0.0016590397318
90000000 0.0018684605025
100000000 0.002391620411
110000000 0.002906670546
120000000 0.0033089900476
130000000 0.0036662496738
140000000 0.0039041604378
150000000 0.0041996300662
160000000 0.0043968501728
180000000 0.00468727966239
200000000 0.0048522098372
#Header 
#Target 40 96 0
#Product 38 90 0
#Datapoints 31
1000000 0
16000000 0
17000000 3.84207316E-15
18000000 2.51645331E-13
19000000 4.21554276E-12
20000000 2.673249033E-11
22000000 3.557501825E-10
24000000 2.822509878E-9
26000000 1.6024900502E-8
28000000 5.53456936E-8
30000000 1.36526001304E-7
35000000 2.028039993E-6
40000000 4.2149906568E-5
45000000 0.0002219389262
50000000 0.000455590048
55000000 0.00057363796508
60000000 0.00055603094523
65000000 0.00051385594332
70000000 0.00048835694043
75000000 0.0004898300326
80000000 0.00050789894122
90000000 0.00064769797091
100000000 0.00090282196804
110000000 0.0011742602495
120000000 0.001452340096
130000000 0.0016866800622
140000000 0.0018953197458
150000000 0.0020510001115
160000000 0.0021896895203
180000000 0.00237886988742
200000000 0.00251441026686
#Header 
#Target 40 96 0
#Product 38 91 0
#Datapoints 30
1000000 0
17000000 0
18000000 7.346770074E-15
19000000 2.488180588E-13
20000000 5.632847493E-12
22000000 4.76025892E-10
24000000 5.6876302038E-9
26000000 5.5496604462E-8
28000000 4.3877197336E-7
30000000 2.3245596132E-6
35000000 2.9233600605E-5
40000000 9.2590702776E-5
45000000 0.00013845200005
50000000 0.00014390195572
55000000 0.00013693198951
60000000 0.000127633000869
65000000 0.000125415002064
70000000 0.00013425898986
75000000 0.0001630419394
80000000 0.00021586300384
90000000 0.0003790809791
100000000 0.00058146108006
110000000 0.00077451906545
120000000 0.00094225500448
130000000 0.0010736802174
140000000 0.0011731399578
150000000 0.0012494402363
160000000 0.0013212696516
180000000 0.00139696986897
200000000 0.00145854000534
#Header 
#Target 40 96 0
#Product 38 92 0
#Datapoints 37
1000000 0
10000000 0
11000000 3.5105295474E-15
12000000 1.012834621E-13
13000000 9.777249048E-13
14000000 4.208492448E-12
15000000 1.613758952E-11
16000000 8.64165952E-11
17000000 4.678075355E-10
18000000 2.0330304239E-9
19000000 6.9759900642E-9
20000000 1.8841104555E-8
22000000 8.8211499995E-8
24000000 2.6325103266E-7
26000000 6.6272399505E-7
28000000 1.5290102688E-6
30000000 2.8799101914E-6
35000000 5.839119855E-6
40000000 6.6010702032E-6
45000000 6.3521105365E-6
50000000 6.2645909008E-6
55000000 7.2857301282E-6
60000000 1.13961002953E-5
65000000 2.6631504828E-5
70000000 5.8693407597E-5
75000000 0.00010680498838
80000000 0.00016355902794
90000000 0.00028507202681
100000000 0.00039631398318
110000000 0.0004900219558
120000000 0.00055326904972
130000000 0.00059748202192
140000000 0.00063653098752
150000000 0.00067032698717
160000000 0.00068199994254
180000000 0.000718083923427
200000000 0.000726795046272
#Header 
#Target 40 96 0
#Product 38 93 0
#Datapoints 23
1000000 0
28000000 0
30000000 4.529158326E-15
35000000 9.492853365E-11
40000000 6.1778499816E-9
45000000 6.831830282E-8
50000000 6.2326502536E-7
55000000 4.8905603473E-6
60000000 1.8700603948E-5
65000000 4.4671792632E-5
70000000 7.7161597434E-5
75000000 0.00011069199686
80000000 0.00014354299608
90000000 0.00019621402378
100000000 0.00023483494282
110000000 0.00026196599585
120000000 0.00028045699496
130000000 0.00028991398226
140000000 0.0002993109849
150000000 0.00030408498877
160000000 0.00031038300936
180000000 0.000316475948412
200000000 0.000317809962544
#Header 
#Target 40 96 0
#Product 39 82 0
#Datapoints 10
1000000 0
100000000 0
110000000 4.3479300085E-9
120000000 3.5960399248E-7
130000000 4.9927400726E-6
140000000 2.0127397896E-5
150000000 4.5617306421E-5
160000000 9.0688701768E-5
180000000 0.000206988960828
200000000 0.000286175971016
#Header 
#Target 40 96 0
#Product 39 83 0
#Datapoints 11
1000000 0
90000000 0
100000000 2.7985497408E-8
110000000 1.8205297695E-6
120000000 2.6246705068E-5
130000000 8.6805402922E-5
140000000 0.00017207896938
150000000 0.00033452795038
160000000 0.00059895004698
180000000 0.00105042031458
200000000 0.00123008005968
#Header 
#Target 40 96 0
#Product 39 84 0
#Datapoints 12
1000000 0
80000000 0
90000000 8.1154499899E-8
100000000 1.744180277E-5
110000000 0.00011427904215
120000000 0.00034636703636
130000000 0.0006477880423
140000000 0.0012587404326
150000000 0.0021887097778
160000000 0.0030884499267
180000000 0.00402410006934
200000000 0.00376208988874
#Header 
#Target 40 96 0
#Product 39 85 0
#Datapoints 15
1000000 0
65000000 0
70000000 2.597195259E-15
75000000 2.52350032E-10
80000000 1.2632198106E-7
90000000 2.6769992887E-5
100000000 9.8436397688E-5
110000000 0.0001407600324
120000000 0.00024259600144
130000000 0.00043681800848
140000000 0.0007499830593
150000000 0.0011402205079
160000000 0.0013652801129
180000000 0.00142352012712
200000000 0.00147505025332
#Header 
#Target 40 96 0
#Product 39 86 0
#Datapoints 16
1000000 0
60000000 0
65000000 9.813280092E-11
70000000 9.8242796295E-7
75000000 5.483859994E-5
80000000 0.00035363497488
90000000 0.0014382200637
100000000 0.001519640272
110000000 0.0020555296775
120000000 0.0036311797124
130000000 0.006093420242
140000000 0.0088784104512
150000000 0.010566796316
160000000 0.010488099599
180000000 0.0100803963
200000000 0.0102492013322
#Header 
#Target 40 96 0
#Product 39 87 0
#Datapoints 19
1000000 0
45000000 0
50000000 6.840913396E-16
55000000 4.890450032E-9
60000000 4.1789506253E-6
65000000 9.3757697016E-5
70000000 0.00037702003419
75000000 0.0006618400394
80000000 0.0007477789209
90000000 0.00068012799579
100000000 0.00099649697814
110000000 0.0017791602595
120000000 0.003000189626
130000000 0.0041293598318
140000000 0.0045515500404
150000000 0.0048149997162
160000000 0.0047699998126
180000000 0.00476709958413
200000000 0.00446267988628
#Header 
#Target 40 96 0
#Product 39 88 0
#Datapoints 20
1000000 0
40000000 0
45000000 1.926910431E-8
50000000 5.8198903876E-5
55000000 0.0016491499382
60000000 0.0062224299065
65000000 0.0101601004248
70000000 0.0107068002255
75000000 0.009204279594
80000000 0.0080608196614
90000000 0.0110902005204
100000000 0.020182798516
110000000 0.028926503905
120000000 0.034844400032
130000000 0.036032697624
140000000 0.036190998492
150000000 0.035195403996
160000000 0.034562694585
180000000 0.0335239955934
200000000 0.031156398618
#Header 
#Target 40 96 0
#Product 39 89 0
#Datapoints 23
1000000 0
28000000 0
30000000 1.1939391893E-10
35000000 5.1595510005E-5
40000000 0.00036318698592
45000000 0.0014080901375
50000000 0.0022742196288
55000000 0.0023327406248
60000000 0.0018518804746
65000000 0.0014461694052
70000000 0.0014264303553
75000000 0.001819979836
80000000 0.0025990804554
90000000 0.0045968704373
100000000 0.006512980139
110000000 0.0078296806835
120000000 0.0086436805108
130000000 0.0090556692982
140000000 0.0092406991938
150000000 0.0093376302484
160000000 0.0093428998458
180000000 0.00939817052655
200000000 0.00935587936252
#Header 
#Target 40 96 0
#Product 39 90 0
#Datapoints 27
1000000 0
20000000 0
22000000 9.386539935E-14
24000000 2.4556903268E-8
26000000 4.6149005604E-7
28000000 9.0467903344E-6
30000000 0.00014098094373
35000000 0.0028119294
40000000 0.0061309404024
45000000 0.0060661098375
50000000 0.0045546099488
55000000 0.0034841000818
60000000 0.0031299398023
65000000 0.0035980696128
70000000 0.0049351397796
75000000 0.006847299498
80000000 0.0088158604996
90000000 0.011843403873
100000000 0.01385209601
110000000 0.01506449945
120000000 0.015585997744
130000000 0.015837700816
140000000 0.016123099008
150000000 0.016194405121
160000000 0.016406403051
180000000 0.016090795929
200000000 0.0161394979212
#Header 
#Target 40 96 0
#Product 39 91 0
#Datapoints 34
1000000 0
13000000 0
14000000 1.171432128E-12
15000000 2.7221601576E-9
16000000 3.2078695344E-7
17000000 2.9278496865E-6
18000000 4.2850605315E-6
19000000 7.2238796504E-6
20000000 1.8812196312E-5
22000000 0.0001686390465
24000000 0.00067187002406
26000000 0.0014565697653
28000000 0.0022185395864
30000000 0.0028138804452
35000000 0.002802199482
40000000 0.0019864106592
45000000 0.0014264899085
50000000 0.00127787992744
55000000 0.0014874901761
60000000 0.001948579629
65000000 0.0026131099704
70000000 0.0033587699301
75000000 0.004119179778
80000000 0.0048535396426
90000000 0.0061055296798
100000000 0.0069522594756
110000000 0.0075141607255
120000000 0.0077930997528
130000000 0.0080118908968
140000000 0.008018169978
150000000 0.0081512504108
160000000 0.0080076106075
180000000 0.00806402958738
200000000 0.00780944980696
#Header 
#Target 40 96 0
#Product 39 92 0
#Datapoints 41
1000000 0
6000000 0
7000000 7.325981845E-14
8000000 2.0243875008E-10
9000000 2.01492989358E-9
10000000 5.18488963725E-8
11000000 7.2640195466E-7
12000000 5.99869965018E-6
13000000 3.3530596656E-5
14000000 0.00012896297664
15000000 0.00046594802904
16000000 0.0014418497024
17000000 0.0030244801555
18000000 0.0047403693855
19000000 0.0055437902136
20000000 0.0069166698783
22000000 0.0096570302475
24000000 0.0112777008044
26000000 0.0114316990892
28000000 0.0107453001848
30000000 0.009702790724
35000000 0.0068113806435
40000000 0.00502917954
45000000 0.0057013203755
50000000 0.0074896398428
55000000 0.0095097995497
60000000 0.0118653003114
65000000 0.01417229868
70000000 0.016047196173
75000000 0.01759949972
80000000 0.019332103538
90000000 0.02139480162
100000000 0.0229741007
110000000 0.02365110046
120000000 0.023332301684
130000000 0.023505697698
140000000 0.023054302596
150000000 0.022724894846
160000000 0.022102795672
180000000 0.0211698001827
200000000 0.0205468038556
#Header 
#Target 40 96 0
#Product 39 93 0
#Datapoints 46
1000000 0
1000000 2.79574000156E-16
2000000 2.6951697392E-12
3000000 8.7487393651E-10
4000000 4.2430000676E-8
5000000 5.98789983507E-7
6000000 3.4580795712E-6
7000000 1.06304984703E-5
8000000 2.52706992272E-5
9000000 5.92623997485E-5
10000000 0.000136003989
11000000 0.000271832977989
12000000 0.000472717004782
13000000 0.00070793599544
14000000 0.00103083000672
15000000 0.0015162500808
16000000 0.0023588596768
17000000 0.002622090283
18000000 0.0023382801225
19000000 0.0016656899228
20000000 0.0014501095791
22000000 0.00111574001405
24000000 0.00085620404996
26000000 0.00067977600509
28000000 0.00055196092952
30000000 0.00052894694149
35000000 0.0010351100304
40000000 0.0016455403536
45000000 0.002033380241
50000000 0.0025798599828
55000000 0.0032754898622
60000000 0.00407960951
65000000 0.0047844197076
70000000 0.0054453405924
75000000 0.00600157037
80000000 0.0063749802116
90000000 0.0070223402705
100000000 0.0073301399118
110000000 0.007408620141
120000000 0.0074286303008
130000000 0.007162920093
140000000 0.007032770124
150000000 0.0068024800614
160000000 0.0066839394016
180000000 0.00631026942
200000000 0.00590899983632
#Header 
#Target 40 96 0
#Product 39 94 0
#Datapoints 33
1000000 0
14000000 0
15000000 1.591256992E-15
16000000 4.647126176E-13
17000000 6.752427425E-11
18000000 2.7858104442E-9
19000000 5.0462498408E-8
20000000 5.132220366E-7
22000000 1.5236701105E-5
24000000 0.00014610098484
26000000 0.00055129889971
28000000 0.00121317991576
30000000 0.0019586794271
35000000 0.0031721997555
40000000 0.0044570102808
45000000 0.00658896103
50000000 0.0089129290176
55000000 0.0111823004458
60000000 0.013107993301
65000000 0.014719901004
70000000 0.016101200493
75000000 0.01710320266
80000000 0.018028003026
90000000 0.019050302188
100000000 0.019500903154
110000000 0.019393501205
120000000 0.018793599368
130000000 0.01795570406
140000000 0.017474596866
150000000 0.016630895808
160000000 0.015919599879
180000000 0.0147531048522
200000000 0.01366049851
#Header 
#Target 40 96 0
#Product 39 95 0
#Datapoints 34
1000000 0
13000000 0
14000000 1.664050656E-15
15000000 3.111210544E-14
16000000 1.0478100128E-13
17000000 8.830420105E-13
18000000 1.677289992E-11
19000000 1.750655874E-10
20000000 1.1757096624E-9
22000000 5.8849599555E-8
24000000 1.8050493082E-6
26000000 1.9529701802E-5
28000000 0.00010142801368
30000000 0.00031938196433
35000000 0.001671069753
40000000 0.0037422905256
45000000 0.0058013699925
50000000 0.0076034505964
55000000 0.0090419191349
60000000 0.0101891004709
65000000 0.0111273993852
70000000 0.0118402996482
75000000 0.012363597
80000000 0.012705605506
90000000 0.013172296219
100000000 0.01316699656
110000000 0.012890403175
120000000 0.012355300856
130000000 0.011959296496
140000000 0.011303397204
150000000 0.010834001912
160000000 0.010285194811
180000000 0.00935767001676
200000000 0.00864593007684
#Header 
#Target 40 96 0
#Product 40 84 0
#Datapoints 10
1000000 0
100000000 0
110000000 4.233212555E-10
120000000 2.2069295532E-7
130000000 4.6846294054E-6
140000000 2.7125596572E-5
150000000 6.8532096922E-5
160000000 0.00011914103869
180000000 0.000166973991756
200000000 0.000169878983736
#Header 
#Target 40 96 0
#Product 40 85 0
#Datapoints 11
1000000 0
90000000 0
100000000 1.5130899428E-9
110000000 9.1144599195E-7
120000000 2.2918304052E-5
130000000 0.00013855496396
140000000 0.00036353901468
150000000 0.00063959702244
160000000 0.00085168092502
180000000 0.000866772995361
200000000 0.000833900022688
#Header 
#Target 40 96 0
#Product 40 86 0
#Datapoints 12
1000000 0
80000000 0
90000000 1.3101405835E-7
100000000 2.3859895648E-5
110000000 0.00029963597755
120000000 0.0014165102408
130000000 0.0030408895706
140000000 0.0043989906186
150000000 0.0052515706909
160000000 0.0054861899934
180000000 0.00494237039712
200000000 0.00468615983606
#Header 
#Target 40 96 0
#Product 40 87 0
#Datapoints 14
1000000 0
70000000 0
75000000 1.188289466E-9
80000000 8.3951795378E-7
90000000 0.00017946500766
100000000 0.0018828902106
110000000 0.005284600087
120000000 0.0102714008044
130000000 0.013218894724
140000000 0.014087803104
150000000 0.013576395995
160000000 0.012930300982
180000000 0.0118795954914
200000000 0.0105089026564
#Header 
#Target 40 96 0
#Product 40 88 0
#Datapoints 17
1000000 0
55000000 0
60000000 1.673445899E-14
65000000 3.160350024E-8
70000000 8.9638095474E-6
75000000 0.0001598099582
80000000 0.0010945500632
90000000 0.010318400071
100000000 0.020927399234
110000000 0.028477195435
120000000 0.032672897884
130000000 0.032471300918
140000000 0.030774495192
150000000 0.028764999495
160000000 0.026981497627
180000000 0.0240858994623
200000000 0.022375203882
#Header 
#Target 40 96 0
#Product 40 89 0
#Datapoints 18
1000000 0
50000000 0
55000000 2.05438987E-7
60000000 5.6057501381E-5
65000000 0.00063736208652
70000000 0.0038663605341
75000000 0.01236869716
80000000 0.02372779882
90000000 0.042757704893
100000000 0.048719602136
110000000 0.049272195895
120000000 0.047322399844
130000000 0.043949003644
140000000 0.041351902314
150000000 0.03923649736
160000000 0.037185298082
180000000 0.0337897034982
200000000 0.031239797741
#Header 
#Target 40 96 0
#Product 40 90 0
#Datapoints 21
1000000 0
35000000 0
40000000 2.618253E-12
45000000 6.3095308895E-6
50000000 0.00018927104096
55000000 0.0018495795473
60000000 0.0085416496963
65000000 0.016240505496
70000000 0.021433902075
75000000 0.02432309214
80000000 0.02637419576
90000000 0.028544101498
100000000 0.028947603804
110000000 0.028641399215
120000000 0.027517298744
130000000 0.026573199254
140000000 0.025380502572
150000000 0.024395996936
160000000 0.023685697482
180000000 0.0224060028855
200000000 0.0212664027216
#Header 
#Target 40 96 0
#Product 40 91 0
#Datapoints 22
1000000 0
30000000 0
35000000 6.2969006655E-7
40000000 0.00034529905344
45000000 0.0022014102385
50000000 0.0107793001192
55000000 0.037226801773
60000000 0.072538402438
65000000 0.094261597284
70000000 0.102036999807
75000000 0.10315599554
80000000 0.10354799708
90000000 0.100486991401
100000000 0.09523480301
110000000 0.090351306435
120000000 0.085099404732
130000000 0.080583901132
140000000 0.075990397032
150000000 0.072676903701
160000000 0.069889999174
180000000 0.0639519015915
200000000 0.0599808025512
#Header 
#Target 40 96 0
#Product 40 92 0
#Datapoints 26
1000000 0
22000000 0
24000000 1.3369799336E-10
26000000 6.9314693929E-7
28000000 3.6530302688E-5
30000000 0.00027526201208
35000000 0.002550739977
40000000 0.0117753999528
45000000 0.0454925992
50000000 0.091924198476
55000000 0.120535002429
60000000 0.12950100655
65000000 0.13231301316
70000000 0.13111498836
75000000 0.1292349894
80000000 0.12742104628
90000000 0.12055295882
100000000 0.11402796374
110000000 0.107185006045
120000000 0.100251003312
130000000 0.093918901958
140000000 0.08894150373
150000000 0.083768893368
160000000 0.079404602638
180000000 0.072734703522
200000000 0.0664858000168
#Header 
#Target 40 96 0
#Product 40 93 0
#Datapoints 32
1000000 0
15000000 0
16000000 1.151888976E-13
17000000 1.2669503625E-9
18000000 2.0535905299E-7
19000000 5.4621299776E-6
20000000 4.7260794399E-5
22000000 0.00044262803125
24000000 0.00125593993136
26000000 0.0024002702737
28000000 0.004104539816
30000000 0.0078450491218
35000000 0.04191659379
40000000 0.101629996512
45000000 0.14343806485
50000000 0.15842300736
55000000 0.16300999479
60000000 0.16029098399
65000000 0.15776097804
70000000 0.15486101289
75000000 0.1513869704
80000000 0.1470259967
90000000 0.13613698172
100000000 0.12645802006
110000000 0.1172240108
120000000 0.10785595608
130000000 0.099957302438
140000000 0.092361103194
150000000 0.086804398534
160000000 0.081143400088
180000000 0.072598505733
200000000 0.0657456028608
#Header 
#Target 40 96 0
#Product 40 94 0
#Datapoints 40
1000000 0
7000000 0
8000000 5.913894672E-13
9000000 7.3940668602E-10
10000000 5.41394943734E-8
11000000 7.72822010159E-7
12000000 4.06097031936E-6
13000000 1.1236297142E-5
14000000 2.7271698432E-5
15000000 7.4461207496E-5
16000000 0.00019044501072
17000000 0.00041687503995
18000000 0.00081358894029
19000000 0.0015200406654
20000000 0.0028010599071
22000000 0.0087005394445
24000000 0.022200397272
26000000 0.044243406103
28000000 0.072842896808
30000000 0.103937995656
35000000 0.16563298005
40000000 0.19148093976
45000000 0.19839596535
50000000 0.19504399912
55000000 0.18872794688
60000000 0.1818239419
65000000 0.17557205328
70000000 0.16963406964
75000000 0.1635620086
80000000 0.15605402384
90000000 0.14160296059
100000000 0.1285770053
110000000 0.1169210445
120000000 0.105705005712
130000000 0.096328595104
140000000 0.089154601392
150000000 0.082221708737
160000000 0.077020401246
180000000 0.0677288921361
200000000 0.0605105043446
#Header 
#Target 40 96 0
#Product 40 95 0
#Datapoints 41
1000000 0
6000000 0
7000000 1.9372969982E-15
8000000 3.6271788336E-10
9000000 1.20841026549E-7
10000000 3.30449957399E-6
11000000 5.03241053297E-5
12000000 0.00039170002278
13000000 0.0017819095668
14000000 0.0054178904064
15000000 0.011642094672
16000000 0.020307594944
17000000 0.031470602175
18000000 0.044849600495
19000000 0.05995759841
20000000 0.076637805153
22000000 0.110239992815
24000000 0.13916903978
26000000 0.16001604125
28000000 0.17415097648
30000000 0.1819199745
35000000 0.18996200055
40000000 0.18717294288
45000000 0.17923195135
50000000 0.17049204972
55000000 0.16239595059
60000000 0.15803405406
65000000 0.1485570138
70000000 0.14039098038
75000000 0.1326389784
80000000 0.12583496508
90000000 0.110361000866
100000000 0.09851470605
110000000 0.08826880309
120000000 0.079233196944
130000000 0.071556097088
140000000 0.065439909792
150000000 0.060059102192
160000000 0.055590401462
180000000 0.0484259989473
200000000 0.0430012009772
#Header 
#Target 40 96 0
#Product 40 96 0
#Datapoints 45
1000000 0
2000000 0
3000000 1.9952094428E-12
4000000 1.53407000235E-8
5000000 3.06666999285E-6
6000000 8.7756693312E-5
7000000 0.00072403785472
8000000 0.00271813027808
9000000 0.00638753944674
10000000 0.011636700367
11000000 0.0184608995952
12000000 0.0270126039004
13000000 0.037098703464
14000000 0.047551698144
15000000 0.0569121046
16000000 0.064847700768
17000000 0.071040802135
18000000 0.075615306242
19000000 0.078764699082
20000000 0.081274004721
22000000 0.083285406525
24000000 0.082698200856
26000000 0.082371299452
28000000 0.081010902768
30000000 0.080061200296
35000000 0.075308396265
40000000 0.070129904856
45000000 0.065758406055
50000000 0.064237993428
55000000 0.060600301209
60000000 0.055246306102
65000000 0.050829101076
70000000 0.046077098373
75000000 0.04263340214
80000000 0.038491206292
90000000 0.031712596983
100000000 0.026025701188
110000000 0.021502599235
120000000 0.01758309416
130000000 0.014545603814
140000000 0.011940501078
150000000 0.0099295508085
160000000 0.0082725099618
180000000 0.00601926959556
200000000 0.0045925995287
#Header 
#Target 40 96 0
#Product 41 87 0
#Datapoints 12
1000000 0
80000000 0
90000000 4.9492698388E-8
100000000 5.1804100936E-6
110000000 1.6423201145E-5
120000000 3.3346996268E-5
130000000 3.9100903618E-5
140000000 3.8211404304E-5
150000000 3.3040898811E-5
160000000 2.6987198438E-5
180000000 1.99185013287E-5
200000000 1.53385022776E-5
#Header 
#Target 40 96 0
#Product 41 88 0
#Datapoints 13
1000000 0
75000000 0
80000000 4.2842700692E-6
90000000 0.0003051949647
100000000 0.00063751693808
110000000 0.00067874304745
120000000 0.00070226591316
130000000 0.00057345101324
140000000 0.00044710402836
150000000 0.00035930900306
160000000 0.00029257002888
180000000 0.00020125203228
200000000 0.000159386023198
#Header 
#Target 40 96 0
#Product 41 89 0
#Datapoints 16
1000000 0
60000000 0
65000000 4.4004998244E-6
70000000 0.00051842797092
75000000 0.0032908905
80000000 0.0072982407256
90000000 0.0094546398154
100000000 0.0068908504214
110000000 0.005474190202
120000000 0.0042803197572
130000000 0.003340329342
140000000 0.0026698502886
150000000 0.0021586903084
160000000 0.0017978303999
180000000 0.00135259950384
200000000 0.00108196015144
#Header 
#Target 40 96 0
#Product 41 90 0
#Datapoints 18
1000000 0
50000000 0
55000000 8.5864006792E-5
60000000 0.0049045705902
65000000 0.019915700436
70000000 0.032975600337
75000000 0.03403530476
80000000 0.027577198638
90000000 0.01667319504
100000000 0.0112515002412
110000000 0.0082354094615
120000000 0.0061246697636
130000000 0.0047424101438
140000000 0.0037777805238
150000000 0.0030837601063
160000000 0.0025746896333
180000000 0.00193857949155
200000000 0.00154269024738
#Header 
#Target 40 96 0
#Product 41 91 0
#Datapoints 20
1000000 0
40000000 0
45000000 0.0080762703345
50000000 0.059485192048
55000000 0.102882999382
60000000 0.104542002183
65000000 0.078442601052
70000000 0.053633502837
75000000 0.03751509734
80000000 0.02893069872
90000000 0.019333503225
100000000 0.01411310508
110000000 0.010746300344
120000000 0.0085107099576
130000000 0.0070155800512
140000000 0.0059993295876
150000000 0.0052378994233
160000000 0.0046231292878
180000000 0.00366383002986
200000000 0.00300806026246
#Header 
#Target 40 96 0
#Product 41 92 0
#Datapoints 22
1000000 0
30000000 0
35000000 0.007507879668
40000000 0.114196001832
45000000 0.1986110294
50000000 0.1730809746
55000000 0.109030007136
60000000 0.068027198862
65000000 0.047388004248
70000000 0.035911797714
75000000 0.02858680138
80000000 0.02401799873
90000000 0.017629203501
100000000 0.013815497202
110000000 0.011352503175
120000000 0.0094000804564
130000000 0.0080070292232
140000000 0.006979420845
150000000 0.0062037604543
160000000 0.005473630175
180000000 0.00457899997581
200000000 0.00389961940174
#Header 
#Target 40 96 0
#Product 41 93 0
#Datapoints 26
1000000 0
22000000 0
24000000 0.00087863803912
26000000 0.056761298425
28000000 0.20010998288
30000000 0.34876908022
35000000 0.4967230185
40000000 0.3417979752
45000000 0.17919705
50000000 0.108597007552
55000000 0.079688503134
60000000 0.063139297756
65000000 0.052213497
70000000 0.044139893409
75000000 0.03835960292
80000000 0.033602694642
90000000 0.027279098878
100000000 0.02250499514
110000000 0.019030996205
120000000 0.016253699856
130000000 0.014094395504
140000000 0.01242919968
150000000 0.011052699509
160000000 0.0098639399446
180000000 0.00805369009263
200000000 0.00682012926722
#Header 
#Target 40 96 0
#Product 41 94 0
#Datapoints 31
1000000 0
16000000 0
17000000 0.019137396885
18000000 0.076802103189
19000000 0.15470293608
20000000 0.22431898398
22000000 0.3264669509
24000000 0.38998398968
26000000 0.40394703934
28000000 0.34145299824
30000000 0.2526939371
35000000 0.121031996535
40000000 0.080035303392
45000000 0.060741192145
50000000 0.04950339412
55000000 0.041502396854
60000000 0.035104602979
65000000 0.030466098744
70000000 0.026898101676
75000000 0.0240741038
80000000 0.021299205246
90000000 0.017319197619
100000000 0.014287502236
110000000 0.01192270157
120000000 0.0100324002376
130000000 0.0086178800064
140000000 0.0074629502514
150000000 0.00650371022
160000000 0.0059088895996
180000000 0.00484990940421
200000000 0.00409304979962
#Header 
#Target 40 96 0
#Product 41 95 0
#Datapoints 40
1000000 0
7000000 0
8000000 0.0305004989184
9000000 0.231379985988
10000000 0.434222011899
11000000 0.575218022078
12000000 0.67869897337
13000000 0.75845499692
14000000 0.81683801952
15000000 0.85952295312
16000000 0.88926199552
17000000 0.87239394955
18000000 0.74415600609
19000000 0.59215097486
20000000 0.44861897808
22000000 0.26995204505
24000000 0.19062299654
26000000 0.15113500441
28000000 0.129524007048
30000000 0.116435995225
35000000 0.092091096315
40000000 0.073963796808
45000000 0.06172760362
50000000 0.051789898196
55000000 0.043889393999
60000000 0.038285099418
65000000 0.033277202244
70000000 0.028925701371
75000000 0.02594940566
80000000 0.023127506798
90000000 0.018012995388
100000000 0.01467410253
110000000 0.012172599335
120000000 0.0101430997444
130000000 0.0085797898872
140000000 0.0075574796184
150000000 0.006646490207
160000000 0.0058610799335
180000000 0.00478645961586
200000000 0.00401194044002
#Header 
#Target 40 96 0
#Product 41 96 0
#Datapoints 46
1000000 0
1000000 1.72076984915E-10
2000000 1.39665000272E-5
3000000 0.00125048992558
4000000 0.0163671007215
5000000 0.0843283004028
6000000 0.2296739856
7000000 0.398489983457
8000000 0.502157028352
9000000 0.32903100075
10000000 0.198599961019
11000000 0.126420028473
12000000 0.0937519959206
13000000 0.078822095812
14000000 0.071075206464
15000000 0.065797499456
16000000 0.061489094768
17000000 0.058293700475
18000000 0.055539498105
19000000 0.053361499776
20000000 0.050608504947
22000000 0.046559896195
24000000 0.042733604322
26000000 0.03869860631
28000000 0.03516499656
30000000 0.031382305339
35000000 0.025446594825
40000000 0.020656907304
45000000 0.01750850364
50000000 0.014328298876
55000000 0.0122793993953
60000000 0.010361499813
65000000 0.0090567995436
70000000 0.007875279972
75000000 0.007038830122
80000000 0.0061946302638
90000000 0.0049060599635
100000000 0.004008669471
110000000 0.003308319495
120000000 0.0027759595108
130000000 0.0023700795482
140000000 0.002018159907
150000000 0.0017778298508
160000000 0.0015546201768
180000000 0.0012468501825
200000000 0.00106316014006
#Header 
#Target 40 96 0
#Product 41 97 0
#Datapoints 46
1000000 0
1000000 5.2392003983E-11
2000000 2.4193104416E-8
3000000 7.52745007E-7
4000000 5.1057496613E-6
5000000 1.63957021266E-5
6000000 3.5234596224E-5
7000000 6.648059341E-5
8000000 0.000123290029296
9000000 0.000223541019402
10000000 0.000350621005277
11000000 0.000489569995039
12000000 0.000621942984402
13000000 0.0007335839259
14000000 0.00081168999264
15000000 0.00084759306008
16000000 0.00081403203584
17000000 0.0007289019585
18000000 0.00062764400804
19000000 0.00053754192034
20000000 0.0004663760556
22000000 0.0003736190207
24000000 0.00031673996752
26000000 0.00027824798209
28000000 0.00025077099368
30000000 0.00023049694162
35000000 0.0001901649654
40000000 0.00016773595608
45000000 0.0001488309442
50000000 0.00013796402104
55000000 0.000123354993772
60000000 0.000117720998997
65000000 0.000105624999252
70000000 0.000100174000779
75000000 9.025929696E-5
80000000 8.6014507216E-5
90000000 7.4601790979E-5
100000000 6.38092997E-5
110000000 5.634070286E-5
120000000 4.742529826E-5
130000000 4.1720897792E-5
140000000 3.7907499798E-5
150000000 3.4010601456E-5
160000000 2.905780513E-5
180000000 2.22094987101E-5
200000000 1.83941963252E-5
