#Header 
#Target 81 182 0
#Product 0 1 0
#Datapoints 40
1000000 0
7000000 0
8000000 4.808394192E-5
9000000 0.0006795349425
10000000 0.00138333735
11000000 0.008014205246
12000000 0.020286535122
13000000 0.03602794630699
14000000 0.0577657294928
15000000 0.0855202025755
16000000 0.1191638781963
17000000 0.1591057421884
18000000 0.2049512702
19000000 0.25493117432
20000000 0.306921431412
22000000 0.413113467603
24000000 0.516685385694
26000000 0.629817685209
28000000 0.746587341141
30000000 0.851259973746
35000000 1.080046333116
40000000 1.281924155984
45000000 1.475324699095
50000000 1.659830552906
55000000 1.8298891996
60000000 1.98812948664
65000000 2.13263186923
70000000 2.26521250372
75000000 2.3844958086
80000000 2.49182356839
90000000 2.70098479486
100000000 2.89542383102
110000000 3.090238375
120000000 3.26127887928
130000000 3.41750650085
140000000 3.56376857001
150000000 3.7025363267
160000000 3.9249628584
180000000 4.42424672088
200000000 4.94924342612
#Header 
#Target 81 182 0
#Product 1 1 0
#Datapoints 45
1000000 0
2000000 0
3000000 3.251221368E-13
4000000 7.8176969892E-9
5000000 3.462719805E-6
6000000 0.0001378790158
7000000 0.001576048147
8000000 0.009132370464
9000000 0.034374301734
10000000 0.0952038538
11000000 0.194072968808
12000000 0.316617716205
13000000 0.4491989462686
14000000 0.590353219904
15000000 0.75196711898
16000000 0.941294500038
17000000 1.144480713464
18000000 1.3394072075
19000000 1.51205012814
20000000 1.65722320296
22000000 1.88993683158
24000000 2.07113469522
26000000 2.28231565511
28000000 2.50624545816
30000000 2.69450352736
35000000 3.01660669874
40000000 3.28778976542
45000000 3.54857075529
50000000 3.71718612629
55000000 3.85698482279
60000000 3.95184067056
65000000 4.03253609018
70000000 4.10492162262
75000000 4.1644264524
80000000 4.21007708295
90000000 4.29450760364
100000000 4.35959192674
110000000 4.423181
120000000 4.4740365255
130000000 4.51736443535
140000000 4.55592737349
150000000 4.5952303346
160000000 4.666020826
180000000 4.83636866552
200000000 5.0398825736
#Header 
#Target 81 182 0
#Product 1 2 0
#Datapoints 39
1000000 0
8000000 0
9000000 7.350515214E-18
10000000 6.481149346E-14
11000000 1.83578204484E-11
12000000 9.181482156E-10
13000000 3.336728520587E-8
14000000 6.76468515296E-7
15000000 7.49777181615E-6
16000000 5.020497220544E-5
17000000 0.0002213144787352
18000000 0.000869102271325
19000000 0.00132428907086
20000000 0.00262570921914
22000000 0.00649191539103
24000000 0.01134230575608
26000000 0.0165659137025
28000000 0.0233654602424
30000000 0.0284497180625
35000000 0.0403518029576
40000000 0.0508597497353
45000000 0.060262713648
50000000 0.0688002716646
55000000 0.0767246400118
60000000 0.083524584955
65000000 0.0903372239212
70000000 0.0960237367828
75000000 0.102014500959
80000000 0.1073296949667
90000000 0.1087418347676
100000000 0.1101003997696
110000000 0.107978045
120000000 0.10658265444
130000000 0.1053307416655
140000000 0.1041007033847
150000000 0.102751106668
160000000 0.102788931796
180000000 0.104557902505
200000000 0.109897356604
#Header 
#Target 81 182 0
#Product 1 3 0
#Datapoints 33
1000000 0
14000000 0
15000000 3.77319911045E-19
16000000 3.47509537041E-15
17000000 2.1452475087E-12
18000000 2.00198404325E-10
19000000 6.45458191003E-9
20000000 9.97603683E-8
22000000 5.24328753537E-6
24000000 5.8462561281E-5
26000000 0.000228562079437
28000000 0.000552793155103
30000000 0.001002145382997
35000000 0.00246012752976
40000000 0.00412545619266
45000000 0.00584272800799
50000000 0.00750215013973
55000000 0.00907473583808
60000000 0.01061509403556
65000000 0.01218217899641
70000000 0.01382207750351
75000000 0.015533610246
80000000 0.01736781695406
90000000 0.0215644464446
100000000 0.0263979828748
110000000 0.030042705
120000000 0.033952997853
130000000 0.0380175699995
140000000 0.0421261467031
150000000 0.0462030143425
160000000 0.050040792996
180000000 0.0575008958972
200000000 0.0646923120928
#Header 
#Target 81 182 0
#Product 2 3 0
#Datapoints 41
1000000 0
6000000 0
7000000 1.9547420978E-18
8000000 4.183294752E-16
9000000 2.2465601532E-14
10000000 4.446923212E-13
11000000 3.9309130208E-12
12000000 2.042094718125E-11
13000000 8.50427530667E-11
14000000 3.874173318624E-10
15000000 1.969453351635E-9
16000000 1.105729882881E-8
17000000 5.529273938112E-8
18000000 2.39272124675E-7
19000000 9.04368559838E-7
20000000 3.03271519632E-6
22000000 2.48714359338E-5
24000000 0.00014554566643
26000000 0.000518744531759
28000000 0.00129565456667
30000000 0.00249846811816
35000000 0.00678712399266
40000000 0.01185023505378
45000000 0.01688516262098
50000000 0.0214854994931
55000000 0.0254435061441
60000000 0.028822318032
65000000 0.0316803132028
70000000 0.0344635492223
75000000 0.036965039733
80000000 0.0395883466872
90000000 0.0449413201474
100000000 0.0509010065318
110000000 0.05481279125
120000000 0.058723414668
130000000 0.062679193655
140000000 0.0666771445266
150000000 0.0706787340995
160000000 0.073890255084
180000000 0.0801501683234
200000000 0.0861866745838
#Header 
#Target 81 182 0
#Product 2 4 0
#Datapoints 45
1000000 0
2000000 2.10295386E-13
3000000 3.267205835E-10
4000000 1.140112224E-7
5000000 6.257660255E-6
6000000 0.00011600329487
7000000 0.0010055159246
8000000 0.005187291216
9000000 0.018460274766
10000000 0.04942286576
11000000 0.098448921584
12000000 0.1572022951065
13000000 0.2165023936086
14000000 0.2701627503232
15000000 0.3138907890965
16000000 0.3446824536821
17000000 0.3628012487636
18000000 0.371410906925
19000000 0.377177284328
20000000 0.385898292474
22000000 0.424504395369
24000000 0.496143868548
26000000 0.546177187617
28000000 0.578523159331
30000000 0.625595620539
35000000 0.731108703472
40000000 0.817197478376
45000000 0.871002045159
50000000 0.887198932776
55000000 0.881501608867
60000000 0.86849398495
65000000 0.842171880632
70000000 0.804848067715
75000000 0.76987239411
80000000 0.74008751283
90000000 0.705312520122
100000000 0.68163988454
110000000 0.653562
120000000 0.628961860548
130000000 0.60651607081
140000000 0.5892112595
150000000 0.57494091782
160000000 0.57049069472
180000000 0.565664051428
200000000 0.559506599274
#Header 
#Target 81 182 0
#Product 72 155 0
#Datapoints 12
1000000 0
80000000 0
90000000 6.26735998356E-15
100000000 2.13725381556E-12
110000000 7.5972925E-11
120000000 8.68478676678E-10
130000000 1.369635052474E-8
140000000 1.2674072176716E-7
150000000 4.80179677775E-7
160000000 2.140253024E-6
180000000 3.846205669908E-5
200000000 0.000235208438584
#Header 
#Target 81 182 0
#Product 72 156 0
#Datapoints 11
1000000 0
90000000 0
100000000 2.47023949808E-13
110000000 2.902641875E-11
120000000 9.6717794067E-10
130000000 2.59383082452E-8
140000000 2.749549980866E-7
150000000 1.1740698876265E-6
160000000 6.17555836624E-6
180000000 9.072834896748E-5
200000000 0.0004934324801056
#Header 
#Target 81 182 0
#Product 72 157 0
#Datapoints 16
1000000 0
60000000 0
65000000 1.83331765243E-14
70000000 4.932566437E-12
75000000 7.2423469773E-11
80000000 3.0973112664E-10
90000000 3.959592952318E-9
100000000 2.680243394518E-8
110000000 1.1430761475E-7
120000000 7.756058330766E-7
130000000 4.28213607991E-6
140000000 1.4897712647178E-5
150000000 3.435872844745E-5
160000000 0.0001018416160724
180000000 0.0006403964777658
200000000 0.002411651514944
#Header 
#Target 81 182 0
#Product 72 158 0
#Datapoints 17
1000000 0
55000000 0
60000000 1.09186513286E-15
65000000 1.5847747904E-13
70000000 3.40976888016E-12
75000000 5.5125299184E-11
80000000 5.08800693036E-10
90000000 1.258888892783E-8
100000000 8.196144958054E-8
110000000 3.179049125E-7
120000000 1.924398688554E-6
130000000 7.83177353192E-6
140000000 2.236165373063E-5
150000000 4.95258981146E-5
160000000 0.0001425650669564
180000000 0.0009149143556112
200000000 0.003231203588032
#Header 
#Target 81 182 0
#Product 72 159 0
#Datapoints 16
1000000 0
60000000 0
65000000 1.116216097039E-14
70000000 2.76717156547E-13
75000000 4.3359547398E-12
80000000 3.85532074986E-11
90000000 1.234228238034E-9
100000000 1.0810607672976E-8
110000000 6.227462325E-8
120000000 4.03741043514E-7
130000000 2.6766266241E-6
140000000 1.2799130878766E-5
150000000 3.432415194025E-5
160000000 0.000115711374776
180000000 0.0011071508076664
200000000 0.003139639855632
#Header 
#Target 81 182 0
#Product 72 160 0
#Datapoints 18
1000000 0
50000000 0
55000000 1.96886029142E-14
60000000 8.69918385942E-13
65000000 2.54576140144E-11
70000000 3.65176787447E-10
75000000 2.48896582185E-9
80000000 1.2052299682083E-8
90000000 8.941876188178E-8
100000000 2.906545939024E-7
110000000 1.59447848E-6
120000000 7.540154099334E-6
130000000 1.80112233444E-5
140000000 4.665503221394E-5
150000000 9.67970571836E-5
160000000 0.000278086516648
180000000 0.0013081732011054
200000000 0.00323621125926
#Header 
#Target 81 182 0
#Product 72 161 0
#Datapoints 22
1000000 0
30000000 0
35000000 2.55302349902E-15
40000000 8.07532366876E-15
45000000 2.56041096846E-14
50000000 1.546822040931E-13
55000000 1.96663937536E-12
60000000 2.31859415046E-11
65000000 1.631972810589E-10
70000000 8.09089823647E-10
75000000 3.12024044223E-9
80000000 9.024535177818E-9
90000000 4.92889169605E-8
100000000 2.185473896058E-7
110000000 1.6752297625E-6
120000000 6.544353110634E-6
130000000 1.4131623685985E-5
140000000 3.699761383562E-5
150000000 7.360134155795E-5
160000000 0.000177487042652
180000000 0.0007711460457806
200000000 0.001746693023012
#Header 
#Target 81 182 0
#Product 72 162 0
#Datapoints 30
1000000 0
17000000 0
18000000 2.8830003675E-15
19000000 8.20123483776E-15
20000000 1.9211013297E-14
22000000 8.69176419342E-14
24000000 3.15639836876E-13
26000000 1.116240587417E-12
28000000 3.33976555236E-12
30000000 1.142964151939E-11
35000000 1.558730414672E-10
40000000 1.422574373118E-9
45000000 7.553144105195E-9
50000000 3.057624716881E-8
55000000 8.714860056056E-8
60000000 1.905688645552E-7
65000000 3.065087834665E-7
70000000 4.217803647763E-7
75000000 5.83117546686E-7
80000000 1.3097104751598E-6
90000000 1.0706568075516E-5
100000000 2.723352996818E-5
110000000 3.999186975E-5
120000000 9.192731066622E-5
130000000 0.0001635767211975
140000000 0.0002050735910901
150000000 0.0002603377663375
160000000 0.000417148342812
180000000 0.0008772083207314
200000000 0.0012944530379914
#Header 
#Target 81 182 0
#Product 72 163 0
#Datapoints 26
1000000 0
22000000 0
24000000 9.91356233758E-16
26000000 4.31284112155E-15
28000000 1.53136011146E-14
30000000 4.63482584575E-14
35000000 6.4699817891E-13
40000000 5.78748633913E-12
45000000 3.30791145028E-11
50000000 1.39907350562E-10
55000000 4.25185277572E-10
60000000 9.89079339848E-10
65000000 1.868094855603E-9
70000000 2.906878569963E-9
75000000 5.3447730474E-9
80000000 1.4296845873993E-8
90000000 1.3815479437422E-7
100000000 6.125774547084E-7
110000000 1.10583332125E-6
120000000 2.823554605176E-6
130000000 6.424832109085E-6
140000000 1.0120790607534E-5
150000000 1.4912921155715E-5
160000000 3.005127538E-5
180000000 8.34554518126E-5
200000000 0.00013424829876864
#Header 
#Target 81 182 0
#Product 73 158 0
#Datapoints 11
1000000 0
90000000 0
100000000 3.20530479938E-13
110000000 4.339740125E-11
120000000 3.116544144948E-9
130000000 6.110971230845E-8
140000000 5.538974417385E-7
150000000 2.033350743725E-6
160000000 7.70740516624E-6
180000000 8.48611296638E-5
200000000 0.0004372799027618
#Header 
#Target 81 182 0
#Product 73 159 0
#Datapoints 13
1000000 0
75000000 0
80000000 1.229829591081E-16
90000000 1.402809368796E-13
100000000 2.8105089248E-11
110000000 9.426225375E-10
120000000 7.842661231554E-9
130000000 3.83342557286E-8
140000000 1.679436069403E-7
150000000 4.134744232665E-7
160000000 1.499827488312E-6
180000000 1.4186062366742E-5
200000000 3.895748999282E-5
#Header 
#Target 81 182 0
#Product 73 160 0
#Datapoints 16
1000000 0
60000000 0
65000000 6.71148870319E-13
70000000 6.64066269735E-11
75000000 1.99929899244E-9
80000000 1.944711799494E-8
90000000 3.66974625437E-7
100000000 2.63038870631E-6
110000000 7.0197134E-6
120000000 1.4477995270134E-5
130000000 3.904746622335E-5
140000000 9.208482221472E-5
150000000 0.000162382114289
160000000 0.00040789598814
180000000 0.001804463139178
200000000 0.004343531441102
#Header 
#Target 81 182 0
#Product 73 161 0
#Datapoints 17
1000000 0
55000000 0
60000000 1.44503118749E-13
65000000 7.2213169709E-12
70000000 1.318384036941E-10
75000000 1.60158712233E-9
80000000 1.5813185568411E-8
90000000 6.585121274624E-7
100000000 5.787725815398E-6
110000000 1.959592075E-5
120000000 4.694129216658E-5
130000000 0.0001498501338295
140000000 0.000333184296442
150000000 0.0005196362017045
160000000 0.001054372628152
180000000 0.003634923435164
200000000 0.007113335837468
#Header 
#Target 81 182 0
#Product 73 162 0
#Datapoints 21
1000000 0
35000000 0
40000000 1.37415040721E-13
45000000 6.09402021908E-10
50000000 1.0185769761042E-7
55000000 1.7089617764714E-6
60000000 7.934662062696E-6
65000000 1.6122948890327E-5
70000000 2.680942265629E-5
75000000 4.43489393532E-5
80000000 6.110785774614E-5
90000000 7.567520424322E-5
100000000 9.562380572164E-5
110000000 0.00020375117875
120000000 0.0003493333929078
130000000 0.0004470353833595
140000000 0.0006044221089865
150000000 0.000829460967586
160000000 0.001417638491872
180000000 0.003895751569234
200000000 0.006964072040996
#Header 
#Target 81 182 0
#Product 73 163 0
#Datapoints 22
1000000 0
30000000 0
35000000 4.20280245264E-15
40000000 4.53054737502E-13
45000000 3.21938173057E-12
50000000 1.075988022191E-11
55000000 4.24617305596E-11
60000000 2.19548520758E-10
65000000 1.249774221568E-9
70000000 8.854283319381E-9
75000000 5.41005235155E-8
80000000 2.168484432192E-7
90000000 2.15990848647E-6
100000000 7.660044445994E-6
110000000 1.7953852875E-5
120000000 6.678882253476E-5
130000000 0.0001528827624441
140000000 0.0002600171048794
150000000 0.000409377389037
160000000 0.0008655050469
180000000 0.002505814823652
200000000 0.00414736732893
#Header 
#Target 81 182 0
#Product 73 164 0
#Datapoints 24
1000000 0
26000000 0
28000000 7.29953617809E-15
30000000 2.17488280922E-14
35000000 7.02008292486E-14
40000000 1.483575285027E-13
45000000 1.97599627584E-12
50000000 2.11448861218E-11
55000000 3.30634327375E-10
60000000 2.617805567004E-9
65000000 2.182456118628E-8
70000000 1.1830750730423E-7
75000000 4.31495755689E-7
80000000 1.2566445246006E-6
90000000 4.594813204096E-6
100000000 9.440167813958E-6
110000000 3.4252903125E-5
120000000 9.89487249273E-5
130000000 0.00015089322127035
140000000 0.0002457394772101
150000000 0.0003718595297775
160000000 0.000646072015832
180000000 0.0014144684923264
200000000 0.002177117128592
#Header 
#Target 81 182 0
#Product 73 165 0
#Datapoints 26
1000000 0
22000000 0
24000000 4.31816158092E-15
26000000 4.90820492365E-14
28000000 5.01262846089E-13
30000000 2.0252234143E-12
35000000 8.27797656944E-11
40000000 1.017377753178E-9
45000000 7.112823250949E-9
50000000 4.368356506243E-8
55000000 1.2589253583995E-7
60000000 3.683653579704E-7
65000000 7.146067280151E-7
70000000 1.207574443313E-6
75000000 1.86443705571E-6
80000000 2.654145164919E-6
90000000 6.313018776818E-6
100000000 2.080057790756E-5
110000000 4.52751285E-5
120000000 6.54937501338E-5
130000000 0.00010027932598385
140000000 0.00015012027561686
150000000 0.0001881887476995
160000000 0.00028200603294
180000000 0.0004591510560014
200000000 0.0005800425251068
#Header 
#Target 81 182 0
#Product 73 166 0
#Datapoints 27
1000000 0
20000000 0
22000000 2.61120358485E-15
24000000 1.76402925594E-14
26000000 9.64463035284E-14
28000000 4.7934282645E-13
30000000 2.02523927477E-12
35000000 4.48396036798E-11
40000000 5.0209375596E-10
45000000 3.38570049797E-9
50000000 1.6362567323277E-8
55000000 5.355020011605E-8
60000000 1.3581022114906E-7
65000000 2.400798248481E-7
70000000 3.310683327674E-7
75000000 4.06611345432E-7
80000000 5.377759553457E-7
90000000 2.230261622716E-6
100000000 8.21851113443E-6
110000000 1.173825415E-5
120000000 1.5841736839134E-5
130000000 2.573038570895E-5
140000000 3.18599136974E-5
150000000 3.82726543895E-5
160000000 5.40398570092E-5
180000000 7.681413942132E-5
200000000 9.048005922312E-5
#Header 
#Target 81 182 0
#Product 74 160 0
#Datapoints 12
1000000 0
80000000 0
90000000 1.530655372E-12
100000000 5.04819371562E-10
110000000 8.6331480375E-9
120000000 6.566921440254E-8
130000000 5.623999759755E-7
140000000 2.586188581866E-6
150000000 7.32865982526E-6
160000000 2.66444171504E-5
180000000 0.0001765120229432
200000000 0.0005488348015248
#Header 
#Target 81 182 0
#Product 74 161 0
#Datapoints 16
1000000 0
60000000 0
65000000 1.84687354993E-13
70000000 4.84434006679E-11
75000000 6.8845427412E-10
80000000 2.851676296668E-9
90000000 3.273323789042E-8
100000000 1.806329602038E-7
110000000 6.126016575E-7
120000000 3.797813543112E-6
130000000 1.5917473165035E-5
140000000 3.921731460011E-5
150000000 7.180889104E-5
160000000 0.0001645652186
180000000 0.0007111341228936
200000000 0.00176571113831
#Header 
#Target 81 182 0
#Product 74 162 0
#Datapoints 17
1000000 0
55000000 0
60000000 6.17517800468E-14
65000000 8.58321473187E-12
70000000 1.782854517182E-10
75000000 2.76707753886E-9
80000000 2.421938456367E-8
90000000 4.929969719698E-7
100000000 2.149769998326E-6
110000000 8.2094565875E-6
120000000 4.55028839082E-5
130000000 0.00012881408399275
140000000 0.0002580451900505
150000000 0.0004435810399705
160000000 0.000997214317888
180000000 0.00350698582927
200000000 0.006891369840964
#Header 
#Target 81 182 0
#Product 74 163 0
#Datapoints 19
1000000 0
45000000 0
50000000 4.88468972082E-14
55000000 3.59184021284E-12
60000000 5.31430565514E-11
65000000 5.92812049846E-10
70000000 4.890062750656E-9
75000000 3.27540754254E-8
80000000 1.3327087514532E-7
90000000 9.8073374137E-7
100000000 3.53288696004E-6
110000000 1.8039504875E-5
120000000 7.987793076972E-5
130000000 0.0001936160179395
140000000 0.0003798466561284
150000000 0.0007226767180605
160000000 0.00162385973112
180000000 0.005328324076474
200000000 0.009275185384752
#Header 
#Target 81 182 0
#Product 74 164 0
#Datapoints 22
1000000 0
30000000 0
35000000 9.51776810382E-13
40000000 1.438439214322E-10
45000000 2.939553098568E-9
50000000 3.153406576039E-8
55000000 2.402424976061E-7
60000000 1.2640612231402E-6
65000000 4.798744336128E-6
70000000 1.1872012752171E-5
75000000 1.777862057484E-5
80000000 2.241612063975E-5
90000000 5.66795983165E-5
100000000 0.0003355055192344
110000000 0.00072016923125
120000000 0.0010038781955052
130000000 0.001655110040415
140000000 0.002691821551732
150000000 0.00342952912053
160000000 0.00521796224856
180000000 0.010336239411078
200000000 0.014799162727272
#Header 
#Target 81 182 0
#Product 74 165 0
#Datapoints 28
1000000 0
19000000 0
20000000 8.24859072372E-14
22000000 3.0872836413E-12
24000000 1.90137409432E-10
26000000 4.417403443148E-9
28000000 2.56682619988E-8
30000000 7.586865340782E-8
35000000 3.500515015464E-7
40000000 1.0910656176298E-6
45000000 2.743081421156E-6
50000000 5.253862352842E-6
55000000 1.0611156466273E-5
60000000 1.6784656193982E-5
65000000 2.192899582062E-5
70000000 2.582707217505E-5
75000000 3.77693298597E-5
80000000 7.668848239596E-5
90000000 0.0004056900134968
100000000 0.0009039597454732
110000000 0.0011344018875
120000000 0.001958439116214
130000000 0.003250269216935
140000000 0.004147750678709
150000000 0.005028929039245
160000000 0.00731760276452
180000000 0.012341843953306
200000000 0.014712075775404
#Header 
#Target 81 182 0
#Product 74 166 0
#Datapoints 37
1000000 0
10000000 0
11000000 8.1610814484E-15
12000000 6.2536442535E-14
13000000 3.032516498913E-13
14000000 1.429287575968E-12
15000000 6.574394871275E-12
16000000 2.625971422053E-11
17000000 9.44046552048E-11
18000000 2.846900858E-10
19000000 8.07810421904E-10
20000000 1.879291765176E-9
22000000 8.168566298874E-9
24000000 2.668220030242E-8
26000000 7.337261449649E-8
28000000 1.702233259044E-7
30000000 3.56134165474E-7
35000000 1.6331155382344E-6
40000000 5.140002946815E-6
45000000 1.1876128089721E-5
50000000 1.851521298052E-5
55000000 2.294947202141E-5
60000000 2.527626812874E-5
65000000 3.191972842718E-5
70000000 7.594078087152E-5
75000000 0.000217288376916
80000000 0.0004821542295648
90000000 0.0010089271694488
100000000 0.0011420922762858
110000000 0.002005184475
120000000 0.003490166845602
130000000 0.00417227898126
140000000 0.004562480861846
150000000 0.005425779021475
160000000 0.00717881744444
180000000 0.009892876306516
200000000 0.01140054216175
#Header 
#Target 81 182 0
#Product 74 167 0
#Datapoints 39
1000000 0
8000000 0
9000000 8.005428852E-15
10000000 5.49510273E-14
11000000 2.537099726E-13
12000000 8.91309984705E-13
13000000 2.672829211008E-12
14000000 6.6626627648E-12
15000000 1.57839210837E-11
16000000 3.375672346912E-11
17000000 6.879942508588E-11
18000000 1.33050887075E-10
19000000 2.43991947143E-10
20000000 4.23322132332E-10
22000000 1.16098950018E-9
24000000 2.971079032314E-9
26000000 6.622406626143E-9
28000000 1.3277082589174E-8
30000000 2.490253980747E-8
35000000 9.121421555098E-8
40000000 2.281837931328E-7
45000000 4.190659982899E-7
50000000 6.461185229239E-7
55000000 7.948407360366E-7
60000000 1.143575976016E-6
65000000 3.015305156686E-6
70000000 1.0463295821558E-5
75000000 2.94633900885E-5
80000000 6.775479416307E-5
90000000 0.00015508107862534
100000000 0.0001913344743276
110000000 0.0004339780025
120000000 0.0008483122971576
130000000 0.0009677496657985
140000000 0.0012225383441016
150000000 0.001592158896555
160000000 0.00204839791952
180000000 0.002574044473882
200000000 0.002827799731106
#Header 
#Target 81 182 0
#Product 74 168 0
#Datapoints 28
1000000 0
19000000 0
20000000 3.78437546286E-15
22000000 1.403603139E-13
24000000 3.28091254452E-12
26000000 4.29720752036E-11
28000000 3.05567488439E-10
30000000 1.487201378866E-9
35000000 2.40765678697E-8
40000000 1.6826518040957E-7
45000000 7.405820880819E-7
50000000 2.705956382033E-6
55000000 8.864724559108E-6
60000000 2.202896089782E-5
65000000 4.716384125277E-5
70000000 7.987552984922E-5
75000000 0.0001069399707774
80000000 0.00012206937916572
90000000 0.00013967432398934
100000000 0.0003811849281218
110000000 0.00065001006875
120000000 0.0006775427639232
130000000 0.000847340397891
140000000 0.001061431966821
150000000 0.0012124801903395
160000000 0.00141583725666
180000000 0.00159186346046
200000000 0.001535182292434
#Header 
#Target 81 182 0
#Product 74 169 0
#Datapoints 35
1000000 0
12000000 0
13000000 2.459942934812E-15
14000000 1.59864240704E-14
15000000 7.74601136155E-14
16000000 3.299817826452E-13
17000000 1.164494764652E-12
18000000 4.0195983845E-12
19000000 1.21832317566E-11
20000000 3.52450874076E-11
22000000 2.12421376248E-10
24000000 9.16178516368E-10
26000000 3.181468553636E-9
28000000 8.962945189842E-9
30000000 2.225355582901E-8
35000000 1.3278381682496E-7
40000000 5.178997278485E-7
45000000 1.4173460845453E-6
50000000 3.026653761058E-6
55000000 5.39475074358E-6
60000000 8.568722173154E-6
65000000 1.1544576453771E-5
70000000 1.2630641111319E-5
75000000 1.380586035024E-5
80000000 1.7592430174761E-5
90000000 5.305306802616E-5
100000000 0.00011503964222314
110000000 0.000121406805625
120000000 0.00013341806524422
130000000 0.0001756273805325
140000000 0.0002011416566798
150000000 0.000219682339604
160000000 0.000248240570632
180000000 0.000262728497731
200000000 0.0002485531815116
#Header 
#Target 81 182 0
#Product 74 170 0
#Datapoints 22
1000000 0
30000000 0
35000000 3.88127852334E-14
40000000 5.58499346674E-12
45000000 3.50664980463E-10
50000000 6.51595012499E-9
55000000 6.650039807037E-8
60000000 4.311603663968E-7
65000000 1.961728150815E-6
70000000 6.652602056052E-6
75000000 1.600350916077E-5
80000000 3.076379391558E-5
90000000 5.179950273894E-5
100000000 4.364390728442E-5
110000000 5.23672205E-5
120000000 7.208036861076E-5
130000000 7.915603715955E-5
140000000 8.46744953908E-5
150000000 9.053653268905E-5
160000000 9.36094094764E-5
180000000 9.388192173346E-5
200000000 9.027809706874E-5
#Header 
#Target 81 182 0
#Product 75 162 0
#Datapoints 12
1000000 0
80000000 0
90000000 1.81800741266E-13
100000000 6.60163002514E-11
110000000 3.621214275E-9
120000000 7.396579648422E-8
130000000 5.167223306115E-7
140000000 1.865574488316E-6
150000000 4.251117355675E-6
160000000 1.23746220706E-5
180000000 8.03656742623E-5
200000000 0.0002116872964724
#Header 
#Target 81 182 0
#Product 75 163 0
#Datapoints 14
1000000 0
70000000 0
75000000 8.6460076764E-16
80000000 1.733158532022E-13
90000000 1.174957668618E-10
100000000 1.017491635708E-8
110000000 1.5426899425E-7
120000000 7.770488334426E-7
130000000 2.53000463846E-6
140000000 7.346484237571E-6
150000000 1.550340740809E-5
160000000 4.06013982824E-5
180000000 0.000171901423848
200000000 0.000348983086788
#Header 
#Target 81 182 0
#Product 75 164 0
#Datapoints 17
1000000 0
55000000 0
60000000 1.98758443524E-15
65000000 8.66959291074E-12
70000000 8.14811887804E-10
75000000 2.38928479584E-8
80000000 2.211079511061E-7
90000000 3.19215068147E-6
100000000 1.738514555748E-5
110000000 3.542012775E-5
120000000 6.61523335398E-5
130000000 0.00015993683008225
140000000 0.0003180708293817
150000000 0.000474394063486
160000000 0.000858530347268
180000000 0.002345620307016
200000000 0.003923024254422
#Header 
#Target 81 182 0
#Product 75 165 0
#Datapoints 18
1000000 0
50000000 0
55000000 2.4233470976E-15
60000000 1.59292180069E-12
65000000 7.57360763513E-11
70000000 1.296012542457E-9
75000000 1.461404108433E-8
80000000 1.2312043137249E-7
90000000 2.751902408606E-6
100000000 1.1231638577828E-5
110000000 2.02542375E-5
120000000 4.934691922068E-5
130000000 0.0001210856556026
140000000 0.0001959608798853
150000000 0.000277681924888
160000000 0.000506238386452
180000000 0.0011797933645932
200000000 0.001598164420678
#Header 
#Target 81 182 0
#Product 75 166 0
#Datapoints 21
1000000 0
35000000 0
40000000 1.585120461032E-12
45000000 6.923923926921E-9
50000000 1.1432077171566E-6
55000000 1.900261291511E-5
60000000 8.693219180266E-5
65000000 0.00017324187576486
70000000 0.0002802844302223
75000000 0.000449678074368
80000000 0.0006010725844194
90000000 0.0007207457070686
100000000 0.0009586769257976
110000000 0.00195226045
120000000 0.00339068316465
130000000 0.004246585750095
140000000 0.005069776688962
150000000 0.00644505467822
160000000 0.00925135974524
180000000 0.014319533540536
200000000 0.01645310795268
#Header 
#Target 81 182 0
#Product 75 167 0
#Datapoints 24
1000000 0
26000000 0
28000000 2.50647469911E-14
30000000 3.4160280286E-12
35000000 2.642458074124E-9
40000000 2.883598317076E-7
45000000 2.063678236822E-6
50000000 6.441619468081E-6
55000000 1.853800455705E-5
60000000 6.250124389018E-5
65000000 0.00016841218060356
70000000 0.0003628134977947
75000000 0.000601509783825
80000000 0.0007606716979173
90000000 0.0008724063583222
100000000 0.002431249445988
110000000 0.0051284484125
120000000 0.006183522943236
130000000 0.00691460430076
140000000 0.00911838920294
150000000 0.01107100611419
160000000 0.01346995287808
180000000 0.01689596881896
200000000 0.01824766763176
#Header 
#Target 81 182 0
#Product 75 168 0
#Datapoints 30
1000000 0
17000000 0
18000000 1.12107907475E-14
19000000 3.9600374575E-13
20000000 6.63978424188E-12
22000000 3.99090301503E-10
24000000 5.030887588136E-9
26000000 3.933412596953E-8
28000000 3.31584807991E-7
30000000 1.0955345266369E-6
35000000 4.470481908918E-6
40000000 8.534832943451E-6
45000000 1.884116831495E-5
50000000 5.289504266671E-5
55000000 0.00012244176020538
60000000 0.000229760058737
65000000 0.0003624498153071
70000000 0.0005093476838214
75000000 0.000582135377349
80000000 0.000650895310323
90000000 0.0013293622701282
100000000 0.003566725880478
110000000 0.005251149225
120000000 0.00579570556401
130000000 0.007908692805195
140000000 0.010240821584974
150000000 0.011258870237345
160000000 0.0136033256728
180000000 0.01611569026368
200000000 0.01620138225188
#Header 
#Target 81 182 0
#Product 75 169 0
#Datapoints 37
1000000 0
10000000 0
11000000 7.1806838764E-19
12000000 5.7321730431E-17
13000000 1.611806199223E-13
14000000 2.10633357648E-11
15000000 4.02199838425E-10
16000000 2.1927454647453E-9
17000000 6.1239849079316E-9
18000000 1.4600318052E-8
19000000 2.451962145119E-8
20000000 3.682902084846E-8
22000000 6.923780018808E-8
24000000 1.092370365797E-7
26000000 1.692017783274E-7
28000000 2.77846144492E-7
30000000 4.754087063868E-7
35000000 1.89717727933E-6
40000000 6.629688339603E-6
45000000 2.135656904247E-5
50000000 5.51501499797E-5
55000000 0.00010959800238387
60000000 0.00018093304620164
65000000 0.000229217574554
70000000 0.0002405174300659
75000000 0.000257395789257
80000000 0.0003929576214603
90000000 0.001604952623612
100000000 0.00308259064855
110000000 0.0029498585375
120000000 0.004380130375974
130000000 0.005993324879425
140000000 0.006316568332493
150000000 0.00696886997072
160000000 0.00801787337692
180000000 0.009300914921172
200000000 0.00917678867154
#Header 
#Target 81 182 0
#Product 75 170 0
#Datapoints 44
1000000 0
3000000 0
4000000 6.88903002366E-15
5000000 3.3560910575E-12
6000000 1.44379998192E-10
7000000 1.74261006028E-9
8000000 1.05331005216E-8
9000000 4.12798004751E-8
10000000 1.1853995188E-7
11000000 2.48679149752E-7
12000000 4.151884854915E-7
13000000 5.888831903537E-7
14000000 7.472845356928E-7
15000000 8.70532986631E-7
16000000 9.419068588006E-7
17000000 9.585005328028E-7
18000000 9.275019845525E-7
19000000 8.728511499012E-7
20000000 8.182147169946E-7
22000000 7.660113313197E-7
24000000 8.229595309104E-7
26000000 1.0014918558687E-6
28000000 1.4136176803756E-6
30000000 2.273165383669E-6
35000000 8.075040071596E-6
40000000 2.234577293386E-5
45000000 4.500648709309E-5
50000000 6.739822210182E-5
55000000 7.511145396612E-5
60000000 7.224358345568E-5
65000000 8.144010882682E-5
70000000 0.00016388171176948
75000000 0.00040997608929
80000000 0.0009134602863519
90000000 0.001747540254682
100000000 0.0014627621637
110000000 0.0019484915625
120000000 0.002960343849384
130000000 0.00303333321863
140000000 0.003119312956387
150000000 0.00333967404883
160000000 0.00348217867256
180000000 0.00368354454643
200000000 0.00342854729161
#Header 
#Target 81 182 0
#Product 75 171 0
#Datapoints 27
1000000 0
20000000 0
22000000 2.06746496829E-14
24000000 5.30415717214E-13
26000000 2.18952313916E-11
28000000 4.64083020545E-10
30000000 4.597425271443E-9
35000000 1.912822916258E-7
40000000 1.7496231189722E-6
45000000 8.180160469996E-6
50000000 3.005855839649E-5
55000000 9.431622485538E-5
60000000 0.0002295927279572
65000000 0.0004386927014796
70000000 0.0006961209537548
75000000 0.000853978715667
80000000 0.0008549227599216
90000000 0.000669153810262
100000000 0.001057669107494
110000000 0.00159441912875
120000000 0.0016171871790366
130000000 0.0016073737608565
140000000 0.001718422346576
150000000 0.001801105606505
160000000 0.00181360294076
180000000 0.001661330204226
200000000 0.001546207221972
#Header 
#Target 81 182 0
#Product 75 172 0
#Datapoints 36
1000000 0
11000000 0
12000000 5.0922968733E-19
13000000 3.772740092275E-17
14000000 1.151884677664E-15
15000000 1.95805588209E-14
16000000 2.033437165282E-13
17000000 1.26948365032E-12
18000000 6.188423711E-12
19000000 2.24464884761E-11
20000000 6.49880202648E-11
22000000 3.26980351053E-10
24000000 1.18277394124E-9
26000000 2.630865989293E-9
28000000 4.711780279475E-9
30000000 7.596554501905E-9
35000000 5.675221329164E-8
40000000 6.650839118151E-7
45000000 4.227700932576E-6
50000000 1.7380181073076E-5
55000000 4.595643300116E-5
60000000 8.237901409086E-5
65000000 0.00010341257389209
70000000 0.00010339612032155
75000000 8.75837631645E-5
80000000 7.693775110251E-5
90000000 0.000149306275248
100000000 0.0003019465994746
110000000 0.00030948435
120000000 0.0002861500775616
130000000 0.0002937840068345
140000000 0.0003134232768818
150000000 0.000317987671637
160000000 0.000314171875832
180000000 0.0002897303382232
200000000 0.000253986460056
#Header 
#Target 81 182 0
#Product 75 173 0
#Datapoints 21
1000000 0
35000000 0
40000000 4.5331130228E-15
45000000 1.550405229493E-12
50000000 1.736669082373E-10
55000000 8.736772487707E-9
60000000 1.7153292624182E-7
65000000 1.5966940392085E-6
70000000 7.782265634592E-6
75000000 2.40346852365E-5
80000000 5.178756952143E-5
90000000 9.204850037016E-5
100000000 8.001282780082E-5
110000000 7.5393843E-5
120000000 8.682042941622E-5
130000000 9.50302350894E-5
140000000 9.85825773711E-5
150000000 9.84090302353E-5
160000000 9.82404453972E-5
180000000 9.390137260364E-5
200000000 8.819195014868E-5
#Header 
#Target 81 182 0
#Product 76 164 0
#Datapoints 13
1000000 0
75000000 0
80000000 6.40737764727E-13
90000000 6.55111861206E-10
100000000 2.09775220748E-8
110000000 1.07443268625E-7
120000000 4.6540438758E-7
130000000 2.61900996214E-6
140000000 7.695513003683E-6
150000000 1.474771341418E-5
160000000 3.21291404616E-5
180000000 0.00013143160678928
200000000 0.0002741852106462
#Header 
#Target 81 182 0
#Product 76 165 0
#Datapoints 16
1000000 0
60000000 0
65000000 1.578408940934E-12
70000000 3.70252898924E-10
75000000 4.67456922651E-9
80000000 1.7467552632504E-8
90000000 1.4021870865556E-7
100000000 4.615656188826E-7
110000000 1.28090554375E-6
120000000 7.09163592102E-6
130000000 2.026349495235E-5
140000000 3.529292970689E-5
150000000 5.82848101491E-5
160000000 0.0001111471830792
180000000 0.0003217104189656
200000000 0.0004819698639966
#Header 
#Target 81 182 0
#Product 76 166 0
#Datapoints 18
1000000 0
50000000 0
55000000 8.62909628768E-15
60000000 1.510339246238E-10
65000000 8.283943893942E-9
70000000 6.033192648261E-8
75000000 3.2495733402E-7
80000000 1.1284537967997E-6
90000000 5.091258642418E-6
100000000 1.0257168461932E-5
110000000 5.3896304875E-5
120000000 0.00015239860242534
130000000 0.0002324474216805
140000000 0.0003524049545591
150000000 0.0005418547395105
160000000 0.000958768522044
180000000 0.001856642410406
200000000 0.002384346434484
#Header 
#Target 81 182 0
#Product 76 167 0
#Datapoints 20
1000000 0
40000000 0
45000000 3.82211663299E-15
50000000 7.18784946893E-11
55000000 4.03294690997E-9
60000000 4.844115248092E-8
65000000 4.08862135677E-7
70000000 2.133890323876E-6
75000000 7.1745326409E-6
80000000 1.4760469808025E-5
90000000 2.554066065576E-5
100000000 0.00011593125720792
110000000 0.00044811507125
120000000 0.0007914123250812
130000000 0.001081881844836
140000000 0.001801636739987
150000000 0.002610036146555
160000000 0.00372396289576
180000000 0.006187020111104
200000000 0.007313016354868
#Header 
#Target 81 182 0
#Product 76 168 0
#Datapoints 22
1000000 0
30000000 0
35000000 6.595718708192E-9
40000000 6.465263705472E-7
45000000 4.319332515259E-6
50000000 1.6038567246672E-5
55000000 4.565813848838E-5
60000000 8.536464214464E-5
65000000 0.00013482992075792
70000000 0.00016101818559591
75000000 0.0001543804931451
80000000 0.000178846111632
90000000 0.0008085702551008
100000000 0.00238430825546
110000000 0.0032037887875
120000000 0.00379094826051
130000000 0.006005116540475
140000000 0.008076459097887
150000000 0.009234011721815
160000000 0.01187489341412
180000000 0.0154438089974
200000000 0.01691456530372
#Header 
#Target 81 182 0
#Product 76 169 0
#Datapoints 28
1000000 0
19000000 0
20000000 9.83227928232E-11
22000000 2.809811499225E-9
24000000 1.474969790688E-7
26000000 3.323048434946E-6
28000000 1.673119658394E-5
30000000 4.094275651398E-5
35000000 0.00014461537296954
40000000 0.0003484056548711
45000000 0.0005783853678869
50000000 0.0006573776367344
55000000 0.0007183263548813
60000000 0.0006938838620192
65000000 0.000702779297819
70000000 0.00125361472058
75000000 0.00272165865579
80000000 0.004995255005073
90000000 0.009633262508578
100000000 0.009587775431012
110000000 0.0107377151
120000000 0.0166877354331
130000000 0.0204681679449
140000000 0.02132570455602
150000000 0.02366246715355
160000000 0.0276386630896
180000000 0.03178241866492
200000000 0.03213168217028
#Header 
#Target 81 182 0
#Product 76 170 0
#Datapoints 37
1000000 0
10000000 0
11000000 3.2579498272E-11
12000000 2.540469484665E-10
13000000 1.2304773899627E-9
14000000 5.6739159107008E-9
15000000 2.472521845024E-8
16000000 9.170559758075E-8
17000000 3.0203497379692E-7
18000000 8.38762891075E-7
19000000 2.159987789728E-6
20000000 4.590319129806E-6
22000000 1.587394098882E-5
24000000 3.83760689825E-5
26000000 7.729553693242E-5
28000000 0.00013872031626709
30000000 0.0002228790960703
35000000 0.0004852610688096
40000000 0.0007160005978436
45000000 0.0008465903656005
50000000 0.0008118019763626
55000000 0.0007886498414982
60000000 0.0014886899863138
65000000 0.004010062219578
70000000 0.008746152635062
75000000 0.01396441105149
80000000 0.01713849679299
90000000 0.016296920570122
100000000 0.01726093231046
110000000 0.028884989875
120000000 0.03443521817916
130000000 0.0328099027438
140000000 0.03376730870386
150000000 0.03613403164865
160000000 0.038078926272
180000000 0.04159784624548
200000000 0.03864851459028
#Header 
#Target 81 182 0
#Product 76 171 0
#Datapoints 45
1000000 0
2000000 3.0889694898E-15
3000000 4.7269112054E-13
4000000 1.15502998932E-10
5000000 7.9766801975E-9
6000000 1.51293993491E-7
7000000 1.31594017746E-6
8000000 7.1599895376E-6
9000000 2.71659021699E-5
10000000 7.6985391964E-5
11000000 0.0001611985096288
12000000 0.0002683290878919
13000000 0.00038723632459171
14000000 0.0005096377029408
15000000 0.00063539227521385
16000000 0.00076414057188224
17000000 0.00089001476212756
18000000 0.001007358736015
19000000 0.001111212235766
20000000 0.00120834235932
22000000 0.001511403976968
24000000 0.002793891318618
26000000 0.002674107740461
28000000 0.001651149205746
30000000 0.0014386951448603
35000000 0.0012178969475038
40000000 0.002976072346615
45000000 0.010005390399677
50000000 0.0202342852176
55000000 0.0298489298041
60000000 0.03857621268718
65000000 0.04231809590883
70000000 0.03840892053296
75000000 0.0318666718203
80000000 0.02794655529345
90000000 0.03517200725372
100000000 0.05183740807394
110000000 0.054732143375
120000000 0.05081650805322
130000000 0.05040545797105
140000000 0.0519992021281
150000000 0.052103413866
160000000 0.051811004442
180000000 0.04791511896472
200000000 0.04459453512346
#Header 
#Target 81 182 0
#Product 76 172 0
#Datapoints 32
1000000 0
15000000 0
16000000 9.55263426718E-15
17000000 1.05511948904E-13
18000000 1.265365757E-12
19000000 1.30802199232E-11
20000000 9.93768360366E-11
22000000 3.430757294133E-9
24000000 7.79552721055E-8
26000000 1.0248223366717E-6
28000000 7.330549422079E-6
30000000 3.511290769561E-5
35000000 0.0004774675182434
40000000 0.00237591285479
45000000 0.006031850048294
50000000 0.01017366954815
55000000 0.013149878332767
60000000 0.013976400583628
65000000 0.012640887070921
70000000 0.011016609915681
75000000 0.01115867115762
80000000 0.014289037392984
90000000 0.0273468167187
100000000 0.0318845055408
110000000 0.0277551715
120000000 0.02797307686854
130000000 0.0301051884796
140000000 0.03031359496372
150000000 0.0305857706747
160000000 0.030268519108
180000000 0.02860328536338
200000000 0.02665889998954
#Header 
#Target 81 182 0
#Product 76 173 0
#Datapoints 40
1000000 0
7000000 0
8000000 3.443165568E-15
9000000 6.064460232E-13
10000000 5.491360848E-11
11000000 1.84175873662E-9
12000000 2.6467936717005E-8
13000000 1.9329970004488E-7
14000000 8.906752814624E-7
15000000 3.02022448035E-6
16000000 7.839597175417E-6
17000000 1.6667602722648E-5
18000000 3.088525625975E-5
19000000 5.19269011217E-5
20000000 8.174147682786E-5
22000000 0.0001725580178772
24000000 0.0003117749976922
26000000 0.0005311714166413
28000000 0.0008151699674617
30000000 0.0011535709998562
35000000 0.002039889579146
40000000 0.002635104785825
45000000 0.002875008484904
50000000 0.002703061984978
55000000 0.00232526270636
60000000 0.002282199251644
65000000 0.003171134717081
70000000 0.004930373786514
75000000 0.0071756889714
80000000 0.009613857857481
90000000 0.011086251805066
100000000 0.008575260455876
110000000 0.0085650088125
120000000 0.009771320284722
130000000 0.00996631513683
140000000 0.010120100683179
150000000 0.010166556407035
160000000 0.00971526949104
180000000 0.009203750016986
200000000 0.008500873848306
#Header 
#Target 81 182 0
#Product 76 174 0
#Datapoints 26
1000000 0
22000000 0
24000000 1.347034104896E-14
26000000 5.95011351409E-13
28000000 1.369506831122E-11
30000000 2.05497765602E-10
35000000 1.1543331639118E-7
40000000 1.4080002636225E-5
45000000 0.0002559133942071
50000000 0.0014088725367531
55000000 0.0036068040899
60000000 0.005871860534256
65000000 0.007947466636009
70000000 0.009375192120724
75000000 0.00882908503704
80000000 0.007609545372768
90000000 0.005593375798106
100000000 0.006861480140316
110000000 0.008012741275
120000000 0.008168978686914
130000000 0.00803729269278
140000000 0.00806810229001
150000000 0.00826861152493
160000000 0.00799103201688
180000000 0.007211003060884
200000000 0.007090695437056
#Header 
#Target 81 182 0
#Product 76 175 0
#Datapoints 31
1000000 0
16000000 0
17000000 1.136313585744E-15
18000000 5.13533238325E-14
19000000 1.24354481022E-12
20000000 2.10060002628E-11
22000000 1.973233151685E-9
24000000 6.07938110168E-8
26000000 8.417259576384E-7
28000000 6.484787861149E-6
30000000 3.155603869341E-5
35000000 0.0004186052079454
40000000 0.0015328329107342
45000000 0.002419444138445
50000000 0.002421955239526
55000000 0.002226209850084
60000000 0.002041802514836
65000000 0.001755087471684
70000000 0.0014317596775903
75000000 0.001217159354901
80000000 0.0011365121632989
90000000 0.0015428672722574
100000000 0.001888995017026
110000000 0.0018630324125
120000000 0.00181643186502
130000000 0.001804157923035
140000000 0.001771993783217
150000000 0.001728905224215
160000000 0.00169703249392
180000000 0.001571645471004
200000000 0.0014445418028146
#Header 
#Target 81 182 0
#Product 76 176 0
#Datapoints 21
1000000 0
35000000 0
40000000 3.51813573186E-15
45000000 2.79094027511E-12
50000000 3.96254752178E-10
55000000 2.514005983423E-8
60000000 6.892723638076E-7
65000000 7.731817611126E-6
70000000 4.023253466425E-5
75000000 0.0001095897288027
80000000 0.0001929850838007
90000000 0.000256143774331
100000000 0.0002476935461062
110000000 0.00024532997125
120000000 0.0002501330825826
130000000 0.000251977018449
140000000 0.0002574756456002
150000000 0.000249639250054
160000000 0.000242373133192
180000000 0.00023115153362
200000000 0.0002193679128788
#Header 
#Target 81 182 0
#Product 77 167 0
#Datapoints 14
1000000 0
70000000 0
75000000 3.4934167581E-13
80000000 3.59932029033E-11
90000000 1.5506822526646E-8
100000000 6.023231286006E-7
110000000 2.8558341875E-6
120000000 5.623014536064E-6
130000000 1.174141860008E-5
140000000 2.67030860012E-5
150000000 4.431071789615E-5
160000000 7.17320686212E-5
180000000 0.0001567497569148
200000000 0.0002003808159136
#Header 
#Target 81 182 0
#Product 77 168 0
#Datapoints 17
1000000 0
55000000 0
60000000 3.65226225274E-15
65000000 1.582705256715E-11
70000000 1.467408908843E-9
75000000 4.3004464986E-8
80000000 3.957786136515E-7
90000000 5.412514872328E-6
100000000 2.581067594712E-5
110000000 4.0328775375E-5
120000000 6.511724633502E-5
130000000 0.00014193735013835
140000000 0.0002186121273814
150000000 0.0002659313933175
160000000 0.0003644518845
180000000 0.0005643593422404
200000000 0.0006756114997296
#Header 
#Target 81 182 0
#Product 77 169 0
#Datapoints 18
1000000 0
50000000 0
55000000 1.88237199469E-13
60000000 6.79264856736E-11
65000000 2.184762428656E-9
70000000 3.026654345652E-8
75000000 1.72166226042E-7
80000000 6.240994089846E-7
90000000 2.924681612228E-6
100000000 4.926185918588E-6
110000000 7.4042280375E-6
120000000 1.885151693322E-5
130000000 2.870867294425E-5
140000000 3.433060418414E-5
150000000 4.812318496585E-5
160000000 6.77612896176E-5
180000000 9.291048493804E-5
200000000 9.928322611102E-5
#Header 
#Target 81 182 0
#Product 77 170 0
#Datapoints 21
1000000 0
35000000 0
40000000 3.04698790563E-12
45000000 1.244684034307E-8
50000000 1.923699757527E-6
55000000 3.077436004038E-5
60000000 0.00013416114996998
65000000 0.0002529375032542
70000000 0.0003844346105821
75000000 0.000590072963592
80000000 0.0007734650243856
90000000 0.0008807638057574
100000000 0.001066694174726
110000000 0.002277083025
120000000 0.003459886716744
130000000 0.003584595785745
140000000 0.004014769741824
150000000 0.00469580600269
160000000 0.00548305375292
180000000 0.00676096632183
200000000 0.006497076128032
#Header 
#Target 81 182 0
#Product 77 171 0
#Datapoints 25
1000000 0
24000000 0
26000000 5.19861844323E-15
28000000 1.245823697232E-11
30000000 1.646722814032E-9
35000000 1.1071103412938E-6
40000000 0.00010565913950144
45000000 0.0006089971811934
50000000 0.0011677531115175
55000000 0.0013638456200468
60000000 0.00182857477348
65000000 0.002277396202359
70000000 0.002328707857851
75000000 0.00219698703369
80000000 0.002110247719959
90000000 0.002834715010476
100000000 0.006314377786726
110000000 0.0083849717
120000000 0.007904002637826
130000000 0.00883397463481
140000000 0.010310692682756
150000000 0.01092461657406
160000000 0.01167193144972
180000000 0.01135152328891
200000000 0.010886663828278
#Header 
#Target 81 182 0
#Product 77 172 0
#Datapoints 32
1000000 0
15000000 0
16000000 9.49554034011E-18
17000000 4.669413037416E-14
18000000 4.7112593175E-12
19000000 1.66011776228E-10
20000000 2.774744562576E-9
22000000 1.65057811113E-7
24000000 2.035525800158E-6
26000000 1.581346803849E-5
28000000 0.0001323722828588
30000000 0.0004259422795273
35000000 0.0015746638243986
40000000 0.002188529187614
45000000 0.002453149732279
50000000 0.003450181173637
55000000 0.004751225751811
60000000 0.005626314878556
65000000 0.005973632165
70000000 0.005554069808062
75000000 0.00517077377067
80000000 0.006087233450379
90000000 0.015819917564708
100000000 0.02357212727036
110000000 0.020950442625
120000000 0.02262681770958
130000000 0.0265468094333
140000000 0.02770246125483
150000000 0.0277939056341
160000000 0.0282763910276
180000000 0.02664447812908
200000000 0.0253217712433
#Header 
#Target 81 182 0
#Product 77 173 0
#Datapoints 37
1000000 0
10000000 0
11000000 3.1511484276E-14
12000000 2.567596591035E-12
13000000 4.4110297967978E-9
14000000 5.7190297557568E-7
15000000 1.082328615907E-5
16000000 5.8357960626629E-5
17000000 0.00016189366923628
18000000 0.0003232105705375
19000000 0.000540946042795
20000000 0.000810169052037
22000000 0.00148264748076
24000000 0.002209002725668
26000000 0.002959638136152
28000000 0.003785330488964
30000000 0.004709056017444
35000000 0.00778301073942
40000000 0.009775369334699
45000000 0.00890417875349
50000000 0.00730377052465
55000000 0.006163295105297
60000000 0.006239962814084
65000000 0.009745546184751
70000000 0.015799039006719
75000000 0.0208259036784
80000000 0.02362803002244
90000000 0.0222649890556
100000000 0.01764158417014
110000000 0.018897155375
120000000 0.02146764554694
130000000 0.02200862861405
140000000 0.02271562457557
150000000 0.0231596514517
160000000 0.0226277910552
180000000 0.02163517409634
200000000 0.02072328849304
#Header 
#Target 81 182 0
#Product 77 174 0
#Datapoints 45
1000000 0
2000000 0
3000000 1.08943015746E-14
4000000 2.95291984392E-10
5000000 1.45692009945E-7
6000000 6.3196816085E-6
7000000 7.7050092238E-5
8000000 0.00047078501568
9000000 0.00186405001026
10000000 0.0054041098732
11000000 0.01148568018296
12000000 0.0193562881218
13000000 0.027855919756896
14000000 0.035857480358336
15000000 0.04230645541276
16000000 0.046384527608743
17000000 0.04777751363104
18000000 0.04677928516875
19000000 0.04445468537038
20000000 0.04190201340768
22000000 0.03862051989564
24000000 0.03796534936806
26000000 0.03760058042766
28000000 0.03536021786201
30000000 0.03300455955804
35000000 0.02603350748948
40000000 0.02111751299151
45000000 0.01983520134551
50000000 0.03144064660027
55000000 0.05597336517135
60000000 0.07149422862258
65000000 0.0719969983302
70000000 0.06618307351683
75000000 0.0609391688307
80000000 0.05510984821857
90000000 0.04633542585732
100000000 0.04590674640114
110000000 0.047758454625
120000000 0.04608936632196
130000000 0.04509119924725
140000000 0.04426297724334
150000000 0.04320373723765
160000000 0.0417372858944
180000000 0.03851877197994
200000000 0.03632370545958
#Header 
#Target 81 182 0
#Product 77 175 0
#Datapoints 32
1000000 0
15000000 0
16000000 1.443656086502E-14
17000000 2.163609781248E-13
18000000 2.138921246E-12
19000000 1.56629196809E-11
20000000 9.02401623054E-11
22000000 2.032993710264E-9
24000000 5.484059117702E-8
26000000 2.481899267982E-6
28000000 5.282825599017E-5
30000000 0.0005026504910541
35000000 0.016220360317204
40000000 0.08871210454925
45000000 0.17154552325594
50000000 0.18065764835945
55000000 0.15245609364326
60000000 0.13115918854258
65000000 0.11622481292977
70000000 0.1026797408563
75000000 0.0925250302365
80000000 0.08721535804158
90000000 0.09297484056256
100000000 0.09780635426276
110000000 0.09223593225
120000000 0.08817480700776
130000000 0.08527647228425
140000000 0.08193860432613
150000000 0.07939519282285
160000000 0.075831677488
180000000 0.0688062783261
200000000 0.0635500769001
#Header 
#Target 81 182 0
#Product 77 176 0
#Datapoints 37
1000000 0
10000000 0
11000000 2.5303450608E-14
12000000 5.3084436993E-12
13000000 3.975823249453E-10
14000000 1.223239100944E-8
15000000 2.095462207685E-7
16000000 2.1924059873411E-6
17000000 1.38001517098E-5
18000000 6.781388018125E-5
19000000 0.0002479693901556
20000000 0.0007233922245516
22000000 0.00368635587015
24000000 0.011170914678312
26000000 0.02429126723647
28000000 0.04163104291834
30000000 0.05857360389632
35000000 0.07442009277902
40000000 0.06026279613021
45000000 0.04575050314285
50000000 0.03739192617253
55000000 0.0322977628237
60000000 0.02838571369222
65000000 0.02563911844466
70000000 0.02464820853405
75000000 0.0261645926484
80000000 0.02902705451391
90000000 0.03059118417062
100000000 0.02753961661398
110000000 0.025572225875
120000000 0.02407695953832
130000000 0.02289218276345
140000000 0.02180179994196
150000000 0.0206723979229
160000000 0.0195900305384
180000000 0.01769071045308
200000000 0.0161844862081
#Header 
#Target 81 182 0
#Product 77 177 0
#Datapoints 23
1000000 0
28000000 0
30000000 1.75189993479E-15
35000000 9.19323279544E-12
40000000 2.862306955088E-9
45000000 3.894802963421E-7
50000000 1.84259675591E-5
55000000 0.0002479368795002
60000000 0.0012359925295106
65000000 0.003230549312097
70000000 0.005027065725458
75000000 0.00557854393716
80000000 0.005275851034326
90000000 0.004351076203528
100000000 0.00418507849739
110000000 0.0041170033625
120000000 0.004041592358058
130000000 0.00399121826714
140000000 0.003922982840048
150000000 0.003828053119345
160000000 0.0037028295992
180000000 0.003467544376534
200000000 0.003271939010088
#Header 
#Target 81 182 0
#Product 77 178 0
#Datapoints 24
1000000 0
26000000 0
28000000 4.99876702478E-14
30000000 4.20846469121E-12
35000000 1.0718523368036E-8
40000000 1.3556628062035E-6
45000000 2.832706761256E-5
50000000 0.0001815928380286
55000000 0.0004915418804296
60000000 0.0007302066323666
65000000 0.0007493678448564
70000000 0.0006233333908907
75000000 0.00050928531057
80000000 0.0004447954676604
90000000 0.0003961095966058
100000000 0.0003845608588638
110000000 0.00037600014375
120000000 0.0003614823774162
130000000 0.0003490433017955
140000000 0.0003392291440149
150000000 0.0003294190595405
160000000 0.00031422897194
180000000 0.0002860348244936
200000000 0.0002627540602498
#Header 
#Target 81 182 0
#Product 78 170 0
#Datapoints 18
1000000 0
50000000 0
55000000 1.0780028005868E-8
60000000 2.388829473864E-7
65000000 8.498841018377E-7
70000000 1.6423395335451E-6
75000000 3.28762372953E-6
80000000 5.12369227011E-6
90000000 7.00798296096E-6
100000000 1.4925225261648E-5
110000000 5.766211675E-5
120000000 9.598194559044E-5
130000000 0.000107669608787
140000000 0.00015246966629976
150000000 0.000207028402825
160000000 0.000270952288324
180000000 0.000385582801387
200000000 0.0003975904546782
#Header 
#Target 81 182 0
#Product 78 171 0
#Datapoints 20
1000000 0
40000000 0
45000000 1.80344504491E-10
50000000 2.599128632672E-7
55000000 2.041720901572E-6
60000000 5.53982067189E-6
65000000 1.3894887117603E-5
70000000 2.131170145368E-5
75000000 2.80058621778E-5
80000000 3.453644803395E-5
90000000 5.46069941971E-5
100000000 0.000280942483264
110000000 0.00054445561625
120000000 0.0005383180684746
130000000 0.000687976340103
140000000 0.0009531620584892
150000000 0.0010825511347105
160000000 0.001233298678404
180000000 0.0013617680044836
200000000 0.0013549028474408
#Header 
#Target 81 182 0
#Product 78 172 0
#Datapoints 22
1000000 0
30000000 0
35000000 8.22094646338E-7
40000000 3.680838218851E-5
45000000 0.00012359097314722
50000000 0.0002787805212609
55000000 0.0004345062074166
60000000 0.0004365591005138
65000000 0.0004241916868059
70000000 0.0003902417251753
75000000 0.000435266104707
80000000 0.00079669062951
90000000 0.002649091085984
100000000 0.004144160793926
110000000 0.0037714194875
120000000 0.004540592670354
130000000 0.005977649852785
140000000 0.006445893463313
150000000 0.00665304614952
160000000 0.0070096149078
180000000 0.00687038694188
200000000 0.006784587739034
#Header 
#Target 81 182 0
#Product 78 173 0
#Datapoints 28
1000000 0
19000000 0
20000000 1.546109626644E-9
22000000 3.444202808712E-8
24000000 1.429578034418E-6
26000000 3.051276778263E-5
28000000 0.00012127938970195
30000000 0.0002186767059391
35000000 0.0004734723656044
40000000 0.0008538061090692
45000000 0.0009455514690827
50000000 0.0007933440706291
55000000 0.0007145515257485
60000000 0.0006528018845308
65000000 0.0009154210824006
70000000 0.001942428155211
75000000 0.00356006586915
80000000 0.005376159440445
90000000 0.007369290188036
100000000 0.006117025584574
110000000 0.0072668141
120000000 0.009456888380508
130000000 0.010282490912785
140000000 0.010610870046435
150000000 0.011029237129745
160000000 0.0109167758496
180000000 0.010516395705396
200000000 0.010538514359184
#Header 
#Target 81 182 0
#Product 78 174 0
#Datapoints 39
1000000 0
8000000 0
9000000 1.2513892302E-13
10000000 3.160322894E-11
11000000 1.187676882392E-6
12000000 9.269997000075E-6
13000000 3.9698838763034E-5
14000000 0.00013170355330272
15000000 0.00033339179651855
16000000 0.00063275144640024
17000000 0.00099333837963
18000000 0.0014061032278
19000000 0.001872489617658
20000000 0.002372050845384
22000000 0.003432504400515
24000000 0.004517968354868
26000000 0.005668632645218
28000000 0.006709983472518
30000000 0.007477762753699
35000000 0.007333120855584
40000000 0.005986907463356
45000000 0.004988501527491
50000000 0.005903882232649
55000000 0.012739294668078
60000000 0.02461664692446
65000000 0.03458293812456
70000000 0.04100787525468
75000000 0.0417613919088
80000000 0.03665790183171
90000000 0.02624569503196
100000000 0.03246747609984
110000000 0.04044047875
120000000 0.0402964797564
130000000 0.0415052956006
140000000 0.04292706164744
150000000 0.0433046010433
160000000 0.0429090868036
180000000 0.04146259978182
200000000 0.0400456369677
#Header 
#Target 81 182 0
#Product 78 175 0
#Datapoints 45
1000000 0
2000000 7.371080514E-15
3000000 1.17303981109E-12
4000000 3.05464956732E-10
5000000 2.14076015435E-8
6000000 4.130569169E-7
7000000 3.6613194944E-6
8000000 2.0314502544E-5
9000000 7.8335020488E-5
10000000 0.000223674032
11000000 0.000464979067344
12000000 0.0007598577095865
13000000 0.0010661434488804
14000000 0.0013544904074912
15000000 0.0016272221143255
16000000 0.0018826036187202
17000000 0.0021111309385456
18000000 0.002300608782675
19000000 0.002445048089395
20000000 0.002560079607354
22000000 0.002998653371961
24000000 0.005453410858544
26000000 0.004901044763554
28000000 0.002686025380788
30000000 0.002179417317593
35000000 0.00179720118566
40000000 0.00651178979494
45000000 0.02222751540856
50000000 0.04013663118172
55000000 0.04786010394495
60000000 0.04877790340422
65000000 0.04525611076033
70000000 0.03713872636026
75000000 0.0295973109501
80000000 0.02674869095559
90000000 0.03519147732826
100000000 0.04369199693508
110000000 0.042595993125
120000000 0.0423040152033
130000000 0.0420402477105
140000000 0.04173166857534
150000000 0.04145856320305
160000000 0.040433869946
180000000 0.03828170786692
200000000 0.0367978087463
#Header 
#Target 81 182 0
#Product 78 176 0
#Datapoints 38
1000000 0
9000000 0
10000000 1.749037328E-15
11000000 3.3883601844E-14
12000000 3.337228827135E-13
13000000 2.600998409878E-12
14000000 2.114984188352E-11
15000000 1.724040434655E-10
16000000 2.8495367842443E-9
17000000 1.3296928170576E-7
18000000 3.294387988675E-6
19000000 3.749853885433E-5
20000000 0.0002330144494062
22000000 0.002649537002934
24000000 0.0116573559638
26000000 0.03111038375927
28000000 0.06115752723293
30000000 0.09696815385822
35000000 0.1823041525024
40000000 0.2253940904953
45000000 0.2235913354328
50000000 0.2072083426988
55000000 0.17530329430053
60000000 0.14165373537684
65000000 0.12126337735975
70000000 0.12435913292994
75000000 0.1509176924607
80000000 0.17950166454
90000000 0.191747409781
100000000 0.1712418424784
110000000 0.1611678705
120000000 0.15507362767914
130000000 0.15005422769545
140000000 0.14458088090073
150000000 0.1407043668361
160000000 0.1353905
180000000 0.12619891337844
200000000 0.11946229199002
#Header 
#Target 81 182 0
#Product 78 177 0
#Datapoints 41
1000000 0
6000000 0
7000000 6.630064288E-14
8000000 1.1721794976E-11
9000000 1.14297973254E-9
10000000 7.4534194342E-8
11000000 2.16766054232E-6
12000000 2.7827432281845E-5
13000000 0.00018204382741952
14000000 0.000742427243376
15000000 0.002167816898632
16000000 0.0048811190060067
17000000 0.009006350564244
18000000 0.014435147105
19000000 0.02083076035277
20000000 0.0277044046533
22000000 0.04146558872211
24000000 0.05285510496108
26000000 0.06278319692412
28000000 0.07111440922069
30000000 0.07735243209726
35000000 0.08154021101006
40000000 0.07096690711646
45000000 0.05296358284388
50000000 0.03818332147012
55000000 0.03634017593327
60000000 0.0576198362253
65000000 0.0975827607623
70000000 0.13010798618003
75000000 0.1350458288589
80000000 0.12482303620473
90000000 0.10500176647382
100000000 0.09869226082476
110000000 0.095286902375
120000000 0.09193332452958
130000000 0.08938154684095
140000000 0.08732198097605
150000000 0.08497300355635
160000000 0.0818508606004
180000000 0.07708757347788
200000000 0.07280557459112
#Header 
#Target 81 182 0
#Product 78 178 0
#Datapoints 28
1000000 0
19000000 0
20000000 4.37864640258E-15
22000000 7.2602691057E-13
24000000 3.48569102722E-11
26000000 7.55698155034E-10
28000000 1.0415930877043E-8
30000000 1.383377156199E-7
35000000 7.58570619717E-5
40000000 0.003583673974295
45000000 0.02741930121697
50000000 0.07580075655928
55000000 0.11695837306593
60000000 0.12259693976322
65000000 0.1083828346732
70000000 0.09228184056634
75000000 0.0829799489118
80000000 0.07882151410395
90000000 0.0751568199871
100000000 0.07312171129108
110000000 0.06984611375
120000000 0.0676098783036
130000000 0.0654534674586
140000000 0.0629142812341
150000000 0.06118217425175
160000000 0.058701994062
180000000 0.05354172660774
200000000 0.04969757281216
#Header 
#Target 81 182 0
#Product 78 179 0
#Datapoints 32
1000000 0
15000000 0
16000000 6.393415312056E-15
17000000 3.363654492852E-13
18000000 1.17242419875E-11
19000000 2.24100353324E-10
20000000 3.073222220442E-9
22000000 2.039811027435E-7
24000000 4.645333788988E-6
26000000 4.971714783227E-5
28000000 0.0003035203667555
30000000 0.0011879867923139
35000000 0.009663082370504
40000000 0.02508316095875
45000000 0.03312927954787
50000000 0.02867628872581
55000000 0.0214376653326
60000000 0.016773760616496
65000000 0.014526638934881
70000000 0.013753201004692
75000000 0.01348499998413
80000000 0.013095918764751
90000000 0.012556681243744
100000000 0.011944149680518
110000000 0.0114366816375
120000000 0.010842172000272
130000000 0.010241871616535
140000000 0.009780848224479
150000000 0.00927579010205
160000000 0.00873262380988
180000000 0.007768002909422
200000000 0.00702001539372
#Header 
#Target 81 182 0
#Product 79 173 0
#Datapoints 19
1000000 0
45000000 0
50000000 6.45379771174E-13
55000000 2.345491246736E-9
60000000 1.6835960065426E-7
65000000 4.033889872477E-6
70000000 2.339009008784E-5
75000000 5.12989481904E-5
80000000 7.55933565918E-5
90000000 0.0001269677767273
100000000 9.922141637142E-5
110000000 0.00015635709425
120000000 0.0002363536547388
130000000 0.000252388198335
140000000 0.0002570883363416
150000000 0.000271273682915
160000000 0.000270026062572
180000000 0.0002743468678566
200000000 0.0002751522966472
#Header 
#Target 81 182 0
#Product 79 174 0
#Datapoints 21
1000000 0
35000000 0
40000000 1.13883130158E-11
45000000 4.055494552654E-8
50000000 5.31349600552E-6
55000000 7.532690102817E-5
60000000 0.0002780721430464
65000000 0.000423032567197
70000000 0.0004747606858647
75000000 0.000524338243122
80000000 0.000516277873113
90000000 0.0004017904702624
100000000 0.0005234898100088
110000000 0.00072398333875
120000000 0.0007558352572806
130000000 0.000795078083085
140000000 0.0008465971356324
150000000 0.0008740175263275
160000000 0.000871583074592
180000000 0.0008613009048672
200000000 0.000847498397928
#Header 
#Target 81 182 0
#Product 79 175 0
#Datapoints 25
1000000 0
24000000 0
26000000 3.6369693919E-14
28000000 8.39628601381E-11
30000000 1.0763649281761E-8
35000000 6.263128806666E-6
40000000 0.0005202701403762
45000000 0.002568910108928
50000000 0.004025217115695
55000000 0.00353001864776
60000000 0.003272437734136
65000000 0.003117402754297
70000000 0.002645231848303
75000000 0.00223136740791
80000000 0.002126324626356
90000000 0.002983497822318
100000000 0.003672467213428
110000000 0.0035501141375
120000000 0.003610118906604
130000000 0.00359075865798
140000000 0.003597370265148
150000000 0.003604812280875
160000000 0.003514621331
180000000 0.00336161217833
200000000 0.003249377646774
#Header 
#Target 81 182 0
#Product 79 176 0
#Datapoints 32
1000000 0
15000000 0
16000000 6.141032541412E-16
17000000 4.591650969664E-13
18000000 4.6123754115E-11
19000000 1.619106333584E-9
20000000 2.694617920998E-8
22000000 1.586445927009E-6
24000000 1.925896300322E-5
26000000 0.0001491294921073
28000000 0.0012341765758717
30000000 0.003901125261691
35000000 0.013826994046576
40000000 0.01786908658929
45000000 0.016651235095022
50000000 0.017067885611521
55000000 0.015966385826523
60000000 0.01260673910373
65000000 0.010151988140861
70000000 0.009570503090774
75000000 0.01163174909178
80000000 0.015567286262829
90000000 0.01865703048676
100000000 0.01595350869603
110000000 0.0148616461
120000000 0.014308342223706
130000000 0.01392211981238
140000000 0.013401062122926
150000000 0.013065405044505
160000000 0.01269855660724
180000000 0.011913615535962
200000000 0.011469562426028
#Header 
#Target 81 182 0
#Product 79 177 0
#Datapoints 37
1000000 0
10000000 0
11000000 1.2649243558E-12
12000000 1.29656829078E-10
13000000 3.4110893982242E-7
14000000 4.0269671570016E-5
15000000 0.00069294592814755
16000000 0.0033926470292689
17000000 0.0086941579777004
18000000 0.01620289938975
19000000 0.02535716800509
20000000 0.03550870899102
22000000 0.05539321717857
24000000 0.06839593017544
26000000 0.07306532429237
28000000 0.07112926403425
30000000 0.06664176154344
35000000 0.06073801035406
40000000 0.0557963372309
45000000 0.04744884047428
50000000 0.04139811648376
55000000 0.03918720827989
60000000 0.04289605389464
65000000 0.05330516890711
70000000 0.06180970472628
75000000 0.0612644712849
80000000 0.05675858140458
90000000 0.05041344765434
100000000 0.0479220398487
110000000 0.045887743125
120000000 0.04400548095762
130000000 0.04231145591465
140000000 0.04110903960053
150000000 0.0397769516878
160000000 0.038023222752
180000000 0.03562545883078
200000000 0.03333410485874
#Header 
#Target 81 182 0
#Product 79 178 0
#Datapoints 45
1000000 0
2000000 0
3000000 6.4250413981E-14
4000000 1.74204997248E-9
5000000 8.4558517325E-7
6000000 3.51992980605E-5
7000000 0.00040839398218
8000000 0.0023663399136
9000000 0.008906120145
10000000 0.024578104878
11000000 0.0493081280028
12000000 0.0778732153416
13000000 0.10459153573627
14000000 0.12567939085856
15000000 0.13883230366005
16000000 0.14298317219702
17000000 0.13870618421892
18000000 0.1280999091975
19000000 0.1149273477607
20000000 0.10252663993638
22000000 0.08599233168153
24000000 0.0790824880319
26000000 0.07472738522936
28000000 0.06824359423838
30000000 0.06260021243851
35000000 0.04938732746212
40000000 0.04115044231635
45000000 0.03971059938664
50000000 0.06080767093424
55000000 0.09767710800221
60000000 0.11481020828416
65000000 0.10639216016259
70000000 0.09004702372484
75000000 0.0803191256931
80000000 0.07538384399709
90000000 0.07006460943598
100000000 0.0658624099815
110000000 0.06245550325
120000000 0.05967401362938
130000000 0.0571718605575
140000000 0.05498322805562
150000000 0.05322685281665
160000000 0.0509275930344
180000000 0.0468502937357
200000000 0.04390285612734
#Header 
#Target 81 182 0
#Product 79 179 0
#Datapoints 33
1000000 0
14000000 0
15000000 2.36650368878E-15
16000000 5.242197081306E-14
17000000 6.981985722348E-13
18000000 6.2588612845E-12
19000000 4.23840592331E-11
20000000 2.3197929711E-10
22000000 4.98415486419E-9
24000000 1.3700295035694E-7
26000000 5.730448986537E-6
28000000 0.00010627764797573
30000000 0.0008786413305493
35000000 0.01997402065542
40000000 0.07915995184329
45000000 0.12147985634361
50000000 0.1104431144097
55000000 0.08478281523822
60000000 0.06999927981104
65000000 0.06549090858593
70000000 0.06466117311649
75000000 0.0643666391709
80000000 0.06383402385675
90000000 0.06222983070986
100000000 0.06026371765482
110000000 0.057901018
120000000 0.05561228626848
130000000 0.05274538682465
140000000 0.05058147895006
150000000 0.04865348335345
160000000 0.0462918377876
180000000 0.04201359154006
200000000 0.03848298406428
#Header 
#Target 81 182 0
#Product 79 180 0
#Datapoints 37
1000000 0
10000000 0
11000000 8.9689437224E-14
12000000 1.839596408685E-11
13000000 1.3149785137478E-9
14000000 3.8385926461792E-8
15000000 6.2278593225695E-7
16000000 6.1658208890938E-6
17000000 3.6883290199852E-5
18000000 0.0001720433177275
19000000 0.0005986454579515
20000000 0.001657705970844
22000000 0.007592897319063
24000000 0.02071839205174
26000000 0.04093197068311
28000000 0.06450511754305
30000000 0.08463776452659
35000000 0.09475970838904
40000000 0.06863745708859
45000000 0.04642730916803
50000000 0.03639750570722
55000000 0.03347026086954
60000000 0.03252886740418
65000000 0.03191784867606
70000000 0.03110097077404
75000000 0.0302567395497
80000000 0.02939913365637
90000000 0.0274313828366
100000000 0.02551851311
110000000 0.02380344225
120000000 0.02220445820268
130000000 0.020740775705
140000000 0.01955824524115
150000000 0.01840708861355
160000000 0.0171838086796
180000000 0.01516291599452
200000000 0.013550698692328
#Header 
#Target 81 182 0
#Product 80 175 0
#Datapoints 20
1000000 0
40000000 0
45000000 6.07787328907E-7
50000000 8.12730361023E-6
55000000 1.3466810336221E-5
60000000 1.5619121913898E-5
65000000 2.340028063715E-5
70000000 2.308098378733E-5
75000000 1.652159325696E-5
80000000 1.3446033360315E-5
90000000 4.315686276558E-5
100000000 9.01949432074E-5
110000000 8.8572064875E-5
120000000 8.892296102538E-5
130000000 9.022961339925E-5
140000000 9.078497300924E-5
150000000 9.092113369305E-5
160000000 8.85806194764E-5
180000000 8.590885389394E-5
200000000 8.32344152836E-5
#Header 
#Target 81 182 0
#Product 80 176 0
#Datapoints 24
1000000 0
26000000 0
28000000 1.267525173832E-14
30000000 2.74316344932E-11
35000000 9.214852128734E-5
40000000 0.000274933761729
45000000 0.0002634755098268
50000000 0.0003470412918318
55000000 0.0003725994465402
60000000 0.0002646002892764
65000000 0.0001843535184239
70000000 0.00017326686591598
75000000 0.000300381397161
80000000 0.0006028788793944
90000000 0.0009350607817756
100000000 0.0008154893557472
110000000 0.00080626462
120000000 0.0007996995268434
130000000 0.0008042300529185
140000000 0.0007956723122585
150000000 0.0007872925054695
160000000 0.000786073993628
180000000 0.0007531637693608
200000000 0.0007494874752302
#Header 
#Target 81 182 0
#Product 80 177 0
#Datapoints 30
1000000 0
17000000 0
18000000 4.23383672425E-15
19000000 1.030743836754E-12
20000000 1.426173292332E-5
22000000 0.0002429711652291
24000000 0.000697188725313
26000000 0.001831174383277
28000000 0.003145523582333
30000000 0.003531695264216
35000000 0.003165470332452
40000000 0.003760436562579
45000000 0.003440010939532
50000000 0.002297592343618
55000000 0.0017292878915202
60000000 0.00183297152144
65000000 0.003318530701778
70000000 0.006174537860523
75000000 0.00775102210116
80000000 0.007079992553268
90000000 0.00526368368763
100000000 0.004846788025126
110000000 0.004573893275
120000000 0.004429566620676
130000000 0.00421797528737
140000000 0.004148274069599
150000000 0.004100136406165
160000000 0.00393094015556
180000000 0.00378076857641
200000000 0.003654490494536
#Header 
#Target 81 182 0
#Product 80 178 0
#Datapoints 40
1000000 0
7000000 0
8000000 6.0080999184E-10
9000000 3.28003973613E-8
10000000 6.0448701884E-7
11000000 0.000490939425328
12000000 0.0021506524223625
13000000 0.005276123053201
14000000 0.01030216125792
15000000 0.016239533004695
16000000 0.020357201102179
17000000 0.022159445521468
18000000 0.02279295292125
19000000 0.02308437470329
20000000 0.023347191279
22000000 0.02413801148148
24000000 0.02508829151494
26000000 0.02597146256586
28000000 0.02559921462466
30000000 0.02367926933778
35000000 0.01598941630213
40000000 0.011541027049379
45000000 0.010586324252435
50000000 0.01826967011813
55000000 0.03678663467402
60000000 0.05080144306348
65000000 0.04833637216293
70000000 0.03921356225468
75000000 0.0340886587194
80000000 0.03220082933052
90000000 0.0304268719444
100000000 0.02871038532996
110000000 0.02792677475
120000000 0.0267595674894
130000000 0.0260352154296
140000000 0.02555538494141
150000000 0.02484630537425
160000000 0.0238967481872
180000000 0.02255905252874
200000000 0.02128949236792
#Header 
#Target 81 182 0
#Product 80 179 0
#Datapoints 45
1000000 0
2000000 1.851529977E-13
3000000 3.2276098437E-10
4000000 1.10459964138E-7
5000000 4.9251290695E-6
6000000 6.1215890477E-5
7000000 0.00036149695352
8000000 0.0013808603376
9000000 0.00383359980681
10000000 0.0082023091012
11000000 0.01313993437712
12000000 0.01703357297019
13000000 0.019423461339645
14000000 0.020462640309664
15000000 0.02068388144977
16000000 0.020353708870509
17000000 0.019577531976188
18000000 0.01834145619875
19000000 0.01678176846713
20000000 0.01514449848744
22000000 0.013734983604
24000000 0.02338733596942
26000000 0.01802698999856
28000000 0.007485708866677
30000000 0.005521598997873
35000000 0.013067131748248
40000000 0.0623132583214
45000000 0.12896658968828
50000000 0.14994475661494
55000000 0.1189671916422
60000000 0.0905708277704
65000000 0.08008395876639
70000000 0.07717961045298
75000000 0.0753900089862
80000000 0.0743945054001
90000000 0.07139740255092
100000000 0.06873378051772
110000000 0.065681434875
120000000 0.0633615250743
130000000 0.0609845083549
140000000 0.0586056639863
150000000 0.05670821224675
160000000 0.0542202745212
180000000 0.04967038186306
200000000 0.04602492764534
#Header 
#Target 81 182 0
#Product 80 180 0
#Datapoints 39
1000000 0
8000000 0
9000000 2.2429290006E-14
10000000 4.429394868E-13
11000000 3.896988632E-12
12000000 2.009142522765E-11
13000000 8.41992396564E-11
14000000 9.141491805152E-10
15000000 9.48055370031E-8
16000000 3.9293396894897E-6
17000000 6.3998172583348E-5
18000000 0.00054145943824
19000000 0.002709729658638
20000000 0.009181257461898
22000000 0.04725521366262
24000000 0.12547139578748
26000000 0.2332603495196
28000000 0.3461301462685
30000000 0.437025734568
35000000 0.529387753869
40000000 0.4427557704169
45000000 0.3221921414556
50000000 0.2664255288413
55000000 0.2536184196832
60000000 0.2496706046952
65000000 0.2464547115791
70000000 0.2421193927123
75000000 0.237724828482
80000000 0.2320819420308
90000000 0.2193539714604
100000000 0.2066452434148
110000000 0.1947415925
120000000 0.1837027712826
130000000 0.1736162025455
140000000 0.1645634534107
150000000 0.15640637618935
160000000 0.1470416493948
180000000 0.13100603751662
200000000 0.11828216372826
#Header 
#Target 81 182 0
#Product 80 181 0
#Datapoints 43
1000000 0
4000000 0
5000000 2.635797309E-14
6000000 1.32871009252E-10
7000000 5.7162495062E-8
8000000 5.1431498688E-6
9000000 0.000137341990401
10000000 0.0014369003488
11000000 0.00707905314064
12000000 0.02098366301241
13000000 0.04643344241129
14000000 0.08735099709056
15000000 0.1487432045407
16000000 0.22972590250125
17000000 0.32132958362172
18000000 0.410772532505
19000000 0.4862964311925
20000000 0.5403517142178
22000000 0.581698941234
24000000 0.5449330514056
26000000 0.4765428757422
28000000 0.3964700834428
30000000 0.3171465925388
35000000 0.198855910012
40000000 0.16828802521857
45000000 0.1594583876596
50000000 0.15140456709199
55000000 0.14619675120006
60000000 0.13924996786094
65000000 0.1315504057366
70000000 0.12390298267908
75000000 0.1164529950627
80000000 0.10940258145762
90000000 0.09697562127416
100000000 0.0865511231293
110000000 0.077909937
120000000 0.07074078054732
130000000 0.064634389404
140000000 0.05938990972381
150000000 0.0548798071724
160000000 0.050493616194
180000000 0.04328352263242
200000000 0.03787347382476
#Header 
#Target 81 182 0
#Product 81 178 0
#Datapoints 21
1000000 0
35000000 0
40000000 5.45061327103E-12
45000000 1.7712259026084E-8
50000000 2.231433141216E-6
55000000 2.824979742398E-5
60000000 8.81846835831E-5
65000000 0.00010831254282603
70000000 8.87578457206E-5
75000000 7.40770045983E-5
80000000 7.050903274095E-5
90000000 6.824689571566E-5
100000000 6.455933120518E-5
110000000 6.369612725E-5
120000000 6.059635723818E-5
130000000 5.922143785545E-5
140000000 5.856782123892E-5
150000000 5.64595526644E-5
160000000 5.44565038656E-5
180000000 5.250629751066E-5
200000000 4.952242362046E-5
#Header 
#Target 81 182 0
#Product 81 179 0
#Datapoints 25
1000000 0
24000000 0
26000000 1.252245605515E-13
28000000 1.69156897005E-10
30000000 1.842023883471E-8
35000000 5.995039938176E-6
40000000 0.0003055064424258
45000000 0.0011480007435766
50000000 0.0013968031732341
55000000 0.0010307801177553
60000000 0.0008027077344404
65000000 0.0007362517006713
70000000 0.0007160668959254
75000000 0.000695517318711
80000000 0.0006823384121283
90000000 0.000647404164883
100000000 0.0006170227407326
110000000 0.00058696507625
120000000 0.0005630432178942
130000000 0.0005401837143885
140000000 0.0005186881435517
150000000 0.0005030100381065
160000000 0.000481709650884
180000000 0.000440190020284
200000000 0.0004111245883878
#Header 
#Target 81 182 0
#Product 81 180 0
#Datapoints 32
1000000 0
15000000 0
16000000 2.201835824997E-15
17000000 1.202182847288E-12
18000000 1.05315206725E-10
19000000 3.119544000812E-9
20000000 4.418260189506E-8
22000000 1.959967751166E-6
24000000 1.834813820886E-5
26000000 0.00011566105235563
28000000 0.0008475199918438
30000000 0.002400559850803
35000000 0.006712054372482
40000000 0.006464738274865
45000000 0.004311431475758
50000000 0.003376922986107
55000000 0.003106502698079
60000000 0.00296518862628
65000000 0.002841717370566
70000000 0.002743456130549
75000000 0.00263163209997
80000000 0.002541814764342
90000000 0.002337993155834
100000000 0.00216544868119
110000000 0.0020231045625
120000000 0.001899483644862
130000000 0.001788305941045
140000000 0.001701442277278
150000000 0.00162170395821
160000000 0.00152950415752
180000000 0.001381778902056
200000000 0.001264144696934
#Header 
#Target 81 182 0
#Product 81 181 0
#Datapoints 38
1000000 0
9000000 0
10000000 3.686184252E-13
11000000 1.066760390564E-8
12000000 5.0884225434E-6
13000000 0.00022367768316344
14000000 0.002253484392656
15000000 0.01110772613874
16000000 0.032539656367718
17000000 0.063999567418644
18000000 0.10004640941375
19000000 0.1349799703316
20000000 0.165189409854
22000000 0.19795821723
24000000 0.1915999942422
26000000 0.1671528844764
28000000 0.14110469723623
30000000 0.11816633815296
35000000 0.09606877856012
40000000 0.09540637164931
45000000 0.0958761238398
50000000 0.09518958748978
55000000 0.09314046825237
60000000 0.09159403459524
65000000 0.08873001863907
70000000 0.08608507296206
75000000 0.0829759106499
80000000 0.08033467824369
90000000 0.07431307644632
100000000 0.06908511107226
110000000 0.0638789025
120000000 0.05997949500924
130000000 0.05661610815055
140000000 0.05345721054434
150000000 0.05069722427495
160000000 0.0475304829208
180000000 0.04222568637546
200000000 0.03802045300172
#Header 
#Target 81 182 0
#Product 81 182 0
#Datapoints 45
1000000 0
2000000 0
3000000 2.45195989873E-13
4000000 5.65065040512E-9
5000000 2.40704015885E-6
6000000 9.3525478499E-5
7000000 0.00105535003066
8000000 0.0060666294144
9000000 0.0224519999484
10000000 0.059769798656
11000000 0.1135548347172
12000000 0.16781792504715
13000000 0.20929408692632
14000000 0.23189957155232
15000000 0.2343889262099
16000000 0.21886766087763
17000000 0.1905101835814
18000000 0.155941579975
19000000 0.1224686602817
20000000 0.0950713977687
22000000 0.06219927722082
24000000 0.048971746439
26000000 0.04433086767672
28000000 0.04242397208166
30000000 0.04104074249764
35000000 0.03720636675496
40000000 0.03343784149572
45000000 0.03005249011691
50000000 0.02867748640735
55000000 0.02573129681617
60000000 0.02346815095114
65000000 0.02096137585707
70000000 0.01897407047728
75000000 0.01706202833223
80000000 0.015509935956813
90000000 0.012779077176806
100000000 0.010639392255244
110000000 0.0089430879125
120000000 0.00758656216773
130000000 0.006479775136575
140000000 0.005584503080683
150000000 0.004845329038785
160000000 0.00420008718564
180000000 0.003241694455776
200000000 0.002607826065978
#Header 
#Target 81 182 0
#Product 82 180 0
#Datapoints 23
1000000 0
28000000 0
30000000 2.016332034818E-6
35000000 9.977558319328E-5
40000000 0.0001890262089431
45000000 0.00012286046376194
50000000 8.501611755522E-5
55000000 7.230833022226E-5
60000000 6.397807882686E-5
65000000 5.734106685987E-5
70000000 5.222308511614E-5
75000000 4.70656578093E-5
80000000 4.320881384553E-5
90000000 3.60096178074E-5
100000000 3.05979083531E-5
110000000 2.66640395E-5
120000000 2.327958335646E-5
130000000 2.0563498618E-5
140000000 1.870867080437E-5
150000000 1.684387971195E-5
160000000 1.51122566636E-5
180000000 1.2848697548302E-5
200000000 1.0908263325022E-5
#Header 
#Target 81 182 0
#Product 82 181 0
#Datapoints 28
1000000 0
19000000 0
20000000 5.786846503134E-5
22000000 0.0004572693299823
24000000 0.0009425778469272
26000000 0.001793127258061
28000000 0.002162718724947
30000000 0.001715463677059
35000000 0.0008178805765906
40000000 0.000659197507453
45000000 0.0006078270226949
50000000 0.000557675003735
55000000 0.0005081257519173
60000000 0.0004613821947402
65000000 0.0004157517850224
70000000 0.0003733129203142
75000000 0.000335845164111
80000000 0.0003025656866421
90000000 0.0002483543624334
100000000 0.0002080354222206
110000000 0.00017784510625
120000000 0.00015443839701972
130000000 0.00013633253072985
140000000 0.00012187540693636
150000000 0.00011007169550965
160000000 9.89920560872E-5
180000000 8.19964091422E-5
200000000 6.946694318298E-5
#Header 
#Target 81 182 0
#Product 82 182 0
#Datapoints 40
1000000 0
7000000 0
8000000 4.808160048E-5
9000000 0.00067949488662
10000000 0.0013827401942
11000000 0.00752136070296
12000000 0.018116886588255
13000000 0.030473157770748
14000000 0.044970506225568
15000000 0.056486131932615
16000000 0.059196063741553
17000000 0.055551224385184
18000000 0.0501512081415
19000000 0.04513419167335
20000000 0.04106289519114
22000000 0.03580102726569
24000000 0.03290368756712
26000000 0.03089682203974
28000000 0.02912197558604
30000000 0.02744517933458
35000000 0.02332705591812
40000000 0.02009977675056
45000000 0.017279413535876
50000000 0.014834009925831
55000000 0.012630082031039
60000000 0.011355039464658
65000000 0.009551031707797
70000000 0.008558489027018
75000000 0.00729248190984
80000000 0.006600016803555
90000000 0.005246145072126
100000000 0.004284471115628
110000000 0.0035888670125
120000000 0.0031089875949
130000000 0.002700356336535
140000000 0.002380281847641
150000000 0.002125745810655
160000000 0.00189020147004
180000000 0.001522728730768
200000000 0.0012669133813896
#Header 
#Target 81 182 0
#Product 82 183 0
#Datapoints 45
1000000 0
2000000 0
3000000 1.8207300936E-9
4000000 4.32422014002E-7
5000000 1.33633993835E-5
6000000 0.000119273990611
7000000 0.00050959901088
8000000 0.001376779728
9000000 0.00261637998381
10000000 0.0037025491908
11000000 0.00378698470104
12000000 0.0030863493132885
13000000 0.0022514949581487
14000000 0.0015925373966656
15000000 0.001150474149286
16000000 0.0008730327409461
17000000 0.00069785940702072
18000000 0.0005753355783425
19000000 0.0004779798599217
20000000 0.0003926540109744
22000000 0.0002746048548927
24000000 0.0002066452264622
26000000 0.0001701520789872
28000000 0.00014994870610812
30000000 0.00013773922078445
35000000 0.00012016554635466
40000000 0.00010458218248639
45000000 9.555016779328E-5
50000000 8.96161582967E-5
55000000 8.388394497351E-5
60000000 7.865667639646E-5
65000000 7.355073915259E-5
70000000 6.925203058577E-5
75000000 6.5056043415E-5
80000000 5.926573645227E-5
90000000 5.385560825924E-5
100000000 4.444657589526E-5
110000000 4.1754834625E-5
120000000 3.735780869394E-5
130000000 3.053189217585E-5
140000000 2.601749151629E-5
150000000 2.45305598513E-5
160000000 2.29547707176E-5
180000000 1.9173433762E-5
200000000 1.524971594132E-5
