#Header 
#Target 20 45 0
#Product 0 1 0
#Datapoints 45
1000000 0
2000000 0.021346488114
3000000 0.12821189652
4000000 0.30133103232
5000000 0.47930557632
6000000 0.61697579856
7000000 0.69355411755
8000000 0.7295469328
9000000 0.7478681596131
10000000 0.760410172
11000000 0.77386705869
12000000 0.78947030512
13000000 0.8650154029377
14000000 1.0257792804
15000000 1.183486502
16000000 1.28334836
17000000 1.342479612
18000000 1.370078968
19000000 1.379520912
20000000 1.374702026
22000000 1.352514639
24000000 1.340623256
26000000 1.372620753
28000000 1.421371152
30000000 1.452459136
35000000 1.4607926152
40000000 1.479433340371
45000000 1.492679254
50000000 1.486786968
55000000 1.47685384
60000000 1.473701724
65000000 1.46078490371
70000000 1.459065989469
75000000 1.465178764
80000000 1.4761590066
90000000 1.5041980902
100000000 1.5411563909
110000000 1.5810474664
120000000 1.622129922321
130000000 1.6616241342
140000000 1.701848033
150000000 1.7406052685
160000000 1.7780004261
180000000 1.8450138465
200000000 1.9073405995
#Header 
#Target 20 45 0
#Product 1 1 0
#Datapoints 45
1000000 0
2000000 5.183870718E-5
3000000 0.0010561050756
4000000 0.005829014739
5000000 0.019751424564
6000000 0.040776633624
7000000 0.062005871235
8000000 0.08007582576
9000000 0.10168510782
10000000 0.1602913416
11000000 0.27676804111
12000000 0.43544502692
13000000 0.5386412288943
14000000 0.52567901988
15000000 0.4708368632
16000000 0.4380141002
17000000 0.4238127298
18000000 0.4250103324
19000000 0.4321366791
20000000 0.444841254
22000000 0.4870929462
24000000 0.577118396
26000000 0.6502240321
28000000 0.6836850144
30000000 0.6960243026
35000000 0.71940907738
40000000 0.7505820620032
45000000 0.7677236332
50000000 0.77708191725
55000000 0.7835213946
60000000 0.7915828419
65000000 0.7954741730152
70000000 0.802952666588
75000000 0.81029318
80000000 0.8185114566
90000000 0.8388673866
100000000 0.8617089074
110000000 0.886620572
120000000 0.912019843088
130000000 0.9370880928
140000000 0.962035472
150000000 0.986512051
160000000 1.0111000725
180000000 1.0585508483
200000000 1.1026409261
#Header 
#Target 20 45 0
#Product 1 2 0
#Datapoints 42
1000000 0
5000000 0
6000000 1.5371790402E-11
7000000 2.9304965781E-6
8000000 0.0001603836864
9000000 0.001130141364569
10000000 0.003105268648
11000000 0.0052940860555
12000000 0.0083907367424
13000000 0.01162170152087
14000000 0.014787943464
15000000 0.01846195912
16000000 0.0221828809
17000000 0.02601664742
18000000 0.0297422286
19000000 0.03333108135
20000000 0.0367763088
22000000 0.04323966564
24000000 0.04917186744
26000000 0.05438496135
28000000 0.0575948592
30000000 0.06143507948
35000000 0.069459243242
40000000 0.07605698535582
45000000 0.08084549866
50000000 0.08413777665
55000000 0.0874867224
60000000 0.0877403655
65000000 0.0905884918805
70000000 0.08993492358
75000000 0.0904926898
80000000 0.09222023958
90000000 0.0913223157
100000000 0.0919051556
110000000 0.09236768824
120000000 0.0933938033746
130000000 0.09579748176
140000000 0.0991071136
150000000 0.1032968657
160000000 0.10816090542
180000000 0.11994343471
200000000 0.13446591501
#Header 
#Target 20 45 0
#Product 1 3 0
#Datapoints 37
1000000 0
10000000 0
11000000 2.6070472703E-13
12000000 9.0417164888E-8
13000000 4.89160166124E-6
14000000 2.160067896E-5
15000000 4.072764806E-5
16000000 7.380229774E-5
17000000 0.0001532408716
18000000 0.0002723261948
19000000 0.0004411218924
20000000 0.0006658824552
22000000 0.001169561802
24000000 0.00187906032
26000000 0.002655438485
28000000 0.003448217808
30000000 0.004177388306
35000000 0.0058763194728
40000000 0.007234351498857
45000000 0.008209982488
50000000 0.0089107074
55000000 0.00947602446
60000000 0.01010172696
65000000 0.0106446774714
70000000 0.01134298398852
75000000 0.01222075694
80000000 0.01329074382
90000000 0.01603920975
100000000 0.019451995378
110000000 0.022172439492
120000000 0.0251197170031
130000000 0.028188313956
140000000 0.03129545378
150000000 0.03442949377
160000000 0.037774026477
180000000 0.044985815919
200000000 0.052433750614
#Header 
#Target 20 45 0
#Product 2 3 0
#Datapoints 34
1000000 0
13000000 0
14000000 2.4653384448E-14
15000000 5.872933506E-11
16000000 5.898081454E-9
17000000 9.343520732E-8
18000000 8.085938596E-7
19000000 3.970641843E-6
20000000 1.578735546E-5
22000000 0.0001874195715
24000000 0.0008175213392
26000000 0.001849399348
28000000 0.003257233488
30000000 0.004829533878
35000000 0.008738099178
40000000 0.01222827567766
45000000 0.01506077365
50000000 0.017218170135
55000000 0.0186148669
60000000 0.01959922368
65000000 0.02020338037397
70000000 0.02080145077439
75000000 0.02128363032
80000000 0.021650273148
90000000 0.023050781526
100000000 0.024967792728
110000000 0.026057276208
120000000 0.02727591425528
130000000 0.028543585788
140000000 0.02988291937
150000000 0.031263796095
160000000 0.032667616161
180000000 0.035598108953
200000000 0.038493293405
#Header 
#Target 20 45 0
#Product 2 4 0
#Datapoints 45
1000000 0
2000000 1.861972965E-19
3000000 3.800772306E-11
4000000 2.0090343639E-7
5000000 2.1721454598E-5
6000000 0.00041405649876
7000000 0.0025214489979
8000000 0.007580803552
9000000 0.01417801824407
10000000 0.01972547472
11000000 0.022862732156
12000000 0.023953215932
13000000 0.02406803862624
14000000 0.0237742386
15000000 0.02362529136
16000000 0.02426763524
17000000 0.02593089554
18000000 0.0287366632
19000000 0.03237192105
20000000 0.03620002932
22000000 0.04252802529
24000000 0.04582049144
26000000 0.04755720701
28000000 0.05007786768
30000000 0.0532520458
35000000 0.059996671426
40000000 0.06100666154107
45000000 0.06119648847
50000000 0.065375130915
55000000 0.06832229481
60000000 0.06936592839
65000000 0.06957640704038
70000000 0.07117160942004
75000000 0.07434812158
80000000 0.07894054866
90000000 0.08791844874
100000000 0.09774763966
110000000 0.10550530012
120000000 0.1129281214165
130000000 0.11937837186
140000000 0.1252940751
150000000 0.13104270165
160000000 0.13649083128
180000000 0.14598567203
200000000 0.15518654116
#Header 
#Target 20 45 0
#Product 11 21 0
#Datapoints 9
1000000 0
110000000 0
120000000 5.457116063361E-14
130000000 9.652950468E-12
140000000 2.266138317E-10
150000000 2.93957008625E-9
160000000 3.04335993159E-8
180000000 7.0286097486E-7
200000000 5.4774425062E-6
#Header 
#Target 20 45 0
#Product 11 22 0
#Datapoints 10
1000000 0
100000000 0
110000000 4.747807104E-12
120000000 4.833670941001E-10
130000000 6.07946022612E-9
140000000 4.051059941E-8
150000000 3.14184998995E-7
160000000 1.64837968587E-6
180000000 1.42702000199E-5
200000000 7.4931015509E-5
#Header 
#Target 20 45 0
#Product 11 23 0
#Datapoints 12
1000000 0
80000000 0
90000000 7.478442114E-14
100000000 2.469697418E-10
110000000 1.0385697376E-8
120000000 7.215109611117E-8
130000000 3.13884021456E-7
140000000 1.6663999246E-6
150000000 6.312961501E-6
160000000 1.72758015855E-5
180000000 8.621679594E-5
200000000 0.000333571992558
#Header 
#Target 20 45 0
#Product 11 24 0
#Datapoints 12
1000000 0
80000000 0
90000000 2.7160056978E-11
100000000 3.92590985334E-9
110000000 3.3840800024E-8
120000000 1.0849903694973E-7
130000000 3.96034028352E-7
140000000 1.5281700271E-6
150000000 4.36991985955E-6
160000000 1.00215997173E-5
180000000 4.66812995616E-5
200000000 0.000154402002391
#Header 
#Target 20 45 0
#Product 11 25 0
#Datapoints 14
1000000 0
70000000 0
75000000 6.419644272E-14
80000000 6.9973257204E-12
90000000 1.05311040498E-9
100000000 9.4088613234E-9
110000000 2.48774978856E-8
120000000 6.2940207838782E-8
130000000 2.39108991174E-7
140000000 7.957508288E-7
150000000 2.03351983765E-6
160000000 5.14261983933E-6
180000000 2.23912011609E-5
200000000 7.0070118797E-5
#Header 
#Target 20 45 0
#Product 11 26 0
#Datapoints 15
1000000 0
65000000 0
70000000 3.76802477317E-15
75000000 3.657308642E-13
80000000 5.7938270196E-12
90000000 9.435454458E-11
100000000 2.9003489607E-10
110000000 1.80179972116E-9
120000000 1.5881199640753E-8
130000000 6.6783204E-8
140000000 1.7538897581E-7
150000000 4.39775957705E-7
160000000 1.01386027863E-6
180000000 3.3021099056E-6
200000000 8.5327587632E-6
#Header 
#Target 20 45 0
#Product 11 27 0
#Datapoints 12
1000000 0
80000000 0
90000000 5.466458304E-13
100000000 4.646188441E-11
110000000 4.67466793E-10
120000000 1.9619201908092E-9
130000000 4.68248953518E-9
140000000 1.1022802613E-8
150000000 2.55137991465E-8
160000000 5.19668000919E-8
180000000 1.69587024739E-7
200000000 4.06955991757E-7
#Header 
#Target 20 45 0
#Product 12 22 0
#Datapoints 8
1000000 0
120000000 0
130000000 4.675595805E-14
140000000 2.601748631E-11
150000000 1.0274999091E-9
160000000 1.0031202198E-8
180000000 1.36959993236E-7
200000000 8.5526793968E-7
#Header 
#Target 20 45 0
#Product 12 23 0
#Datapoints 10
1000000 0
100000000 0
110000000 1.0028853992E-15
120000000 2.692115395131E-11
130000000 4.72197001248E-9
140000000 8.805378616E-8
150000000 5.03699019425E-7
160000000 1.63652986539E-6
180000000 9.5125427188E-6
200000000 4.08756002298E-5
#Header 
#Target 20 45 0
#Product 12 24 0
#Datapoints 11
1000000 0
90000000 0
100000000 8.824328842E-11
110000000 3.43475999476E-8
120000000 7.582103029017E-7
130000000 4.75452960192E-6
140000000 1.5274302688E-5
150000000 3.58030989365E-5
160000000 7.9826807088E-5
180000000 0.000313708016017
200000000 0.00095204683364
#Header 
#Target 20 45 0
#Product 12 25 0
#Datapoints 12
1000000 0
80000000 0
90000000 5.1815991234E-12
100000000 1.08426033946E-8
110000000 3.74454996572E-7
120000000 2.9067102009073E-6
130000000 1.06312009626E-5
140000000 2.5202196698E-5
150000000 6.218217894E-5
160000000 0.000137427029685
180000000 0.000510312992255
200000000 0.00141112023766
#Header 
#Target 20 45 0
#Product 12 26 0
#Datapoints 13
1000000 0
75000000 0
80000000 2.2862997336E-13
90000000 8.4686112462E-10
100000000 1.36049999301E-7
110000000 1.8901298918E-6
120000000 8.14807786951E-6
130000000 2.26243966104E-5
140000000 6.124830955E-5
150000000 0.00014721500906
160000000 0.000299120982669
180000000 0.00088897274521
200000000 0.00200678977576
#Header 
#Target 20 45 0
#Product 12 27 0
#Datapoints 14
1000000 0
70000000 0
75000000 4.093495938E-13
80000000 2.1096743916E-11
90000000 8.2818912654E-9
100000000 2.64327019288E-7
110000000 1.30927026632E-6
120000000 3.1197603383599E-6
130000000 6.9723393192E-6
140000000 1.6226999239E-5
150000000 3.2344697483E-5
160000000 5.40437987025E-5
180000000 0.000133518986161
200000000 0.000266222995178
#Header 
#Target 20 45 0
#Product 12 28 0
#Datapoints 15
1000000 0
65000000 0
70000000 4.867063711482E-13
75000000 5.909683338E-11
80000000 1.25179029462E-9
90000000 3.68365975632E-8
100000000 1.7133399018E-7
110000000 3.47216975128E-7
120000000 7.270963600729E-7
130000000 1.60929992592E-6
140000000 3.204160282E-6
150000000 5.4834902556E-6
160000000 8.9481327786E-6
180000000 2.10724972722E-5
200000000 4.27451964709E-5
#Header 
#Target 20 45 0
#Product 12 29 0
#Datapoints 15
1000000 0
65000000 0
70000000 1.699583662038E-13
75000000 7.167999642E-12
80000000 6.4575684018E-11
90000000 4.9585740438E-10
100000000 1.26366004189E-9
110000000 7.056411322E-9
120000000 3.0226801209637E-8
130000000 8.0804096964E-8
140000000 1.6453002333E-7
150000000 3.33472992965E-7
160000000 6.3169603452E-7
180000000 1.65387004167E-6
200000000 3.31058978418E-6
#Header 
#Target 20 45 0
#Product 12 30 0
#Datapoints 12
1000000 0
80000000 0
90000000 1.7165244978E-12
100000000 1.1169980002E-10
110000000 7.671152776E-10
120000000 2.390610336363E-9
130000000 4.98805046838E-9
140000000 9.465517942E-9
150000000 1.92157996485E-8
160000000 3.44947010841E-8
180000000 8.0963908564E-8
200000000 1.49681991739E-7
#Header 
#Target 20 45 0
#Product 13 24 0
#Datapoints 9
1000000 0
110000000 0
120000000 7.16740046679E-15
130000000 1.1536273854E-12
140000000 2.516359904E-11
150000000 2.9308579965E-10
160000000 2.41915000725E-9
180000000 4.29774966181E-8
200000000 2.50029016293E-7
#Header 
#Target 20 45 0
#Product 13 25 0
#Datapoints 11
1000000 0
90000000 0
100000000 6.6682236108E-14
110000000 1.0319646724E-10
120000000 3.5178005120381E-9
130000000 2.61115970274E-8
140000000 1.3049601688E-7
150000000 6.783668241E-7
160000000 2.4343302717E-6
180000000 1.32801999803E-5
200000000 4.5557800995E-5
#Header 
#Target 20 45 0
#Product 13 26 0
#Datapoints 12
1000000 0
80000000 0
90000000 1.018309455E-11
100000000 8.5948432647E-9
110000000 1.5739099454E-7
120000000 7.388382479254E-7
130000000 2.41309997694E-6
140000000 9.413047555E-6
150000000 2.75953007225E-5
160000000 6.015139947E-5
180000000 0.00021208499114
200000000 0.000536202023637
#Header 
#Target 20 45 0
#Product 13 27 0
#Datapoints 15
1000000 0
65000000 0
70000000 1.078527873271E-14
75000000 1.618198032E-11
80000000 1.6849703934E-9
90000000 2.80458014406E-7
100000000 2.59713026059E-6
110000000 7.922909638E-6
120000000 2.5544402546902E-5
130000000 8.2081186866E-5
140000000 0.000202080022
150000000 0.000388057025125
160000000 0.00070541202456
180000000 0.00176399012361
200000000 0.00355987019311
#Header 
#Target 20 45 0
#Product 13 28 0
#Datapoints 16
1000000 0
60000000 0
65000000 6.436567991464E-13
70000000 4.50070704351E-10
75000000 1.6847598264E-8
80000000 1.66853988912E-7
90000000 1.75961973402E-6
100000000 4.74266991602E-6
110000000 1.09235038668E-5
120000000 3.2917205236498E-5
130000000 8.272877409E-5
140000000 0.00015222995898
150000000 0.00028270096505
160000000 0.000466195975758
180000000 0.00111928988358
200000000 0.0020260999031
#Header 
#Target 20 45 0
#Product 13 29 0
#Datapoints 18
1000000 0
50000000 0
55000000 6.164586932E-13
60000000 5.9691400785E-10
65000000 2.0930798648253E-8
70000000 1.3084102363106E-7
75000000 3.8044500534E-7
80000000 8.198267517E-7
90000000 1.72493984796E-6
100000000 3.68698959091E-6
110000000 1.18569021508E-5
120000000 3.1046400827744E-5
130000000 5.93025963552E-5
140000000 0.00011424701782
150000000 0.000210653016105
160000000 0.00035577104067
180000000 0.00078277482217
200000000 0.0014059500469
#Header 
#Target 20 45 0
#Product 13 30 0
#Datapoints 19
1000000 0
45000000 0
50000000 1.843356312E-13
55000000 6.592879657E-11
60000000 1.3320902088E-9
65000000 6.5978011957805E-9
70000000 1.5104399554439E-8
75000000 2.3077098372E-8
80000000 2.92623980094E-8
90000000 1.53898989E-7
100000000 1.14136017123E-6
110000000 3.912929476E-6
120000000 8.297898653947E-6
130000000 1.63343014182E-5
140000000 3.1136300238E-5
150000000 5.6516598628E-5
160000000 8.8915726026E-5
180000000 0.000171961978925
200000000 0.000273961025506
#Header 
#Target 20 45 0
#Product 13 31 0
#Datapoints 16
1000000 0
60000000 0
65000000 6.150935013138E-13
70000000 7.459185475643E-11
75000000 9.998909006E-10
80000000 5.24924032056E-9
90000000 5.23774040472E-8
100000000 2.19879973471E-7
110000000 4.25297012292E-7
120000000 8.352060290492E-7
130000000 1.64306000826E-6
140000000 3.0773499134E-6
150000000 4.89726964895E-6
160000000 7.2528168393E-6
180000000 1.22877983899E-5
200000000 1.82888999902E-5
#Header 
#Target 20 45 0
#Product 13 32 0
#Datapoints 15
1000000 0
65000000 0
70000000 1.706674386151E-14
75000000 1.66899535E-12
80000000 2.611579212E-11
90000000 3.761568612E-10
100000000 1.11845963577E-9
110000000 4.29396007304E-9
120000000 1.6555199849489E-8
130000000 4.09935983022E-8
140000000 7.456010039E-8
150000000 1.22701001185E-7
160000000 1.93980019761E-7
180000000 3.91112972184E-7
200000000 5.44662996038E-7
#Header 
#Target 20 45 0
#Product 14 26 0
#Datapoints 10
1000000 0
100000000 0
110000000 1.3424876684E-15
120000000 1.402504327671E-11
130000000 1.7098598772E-9
140000000 2.5541502789E-8
150000000 1.22380977285E-7
160000000 3.45491982045E-7
180000000 1.51066971968E-6
200000000 4.44119986961E-6
#Header 
#Target 20 45 0
#Product 14 27 0
#Datapoints 11
1000000 0
90000000 0
100000000 6.7316265346E-12
110000000 9.0182594168E-9
120000000 3.1483103979842E-7
130000000 2.35190014506E-6
140000000 7.674838623E-6
150000000 1.6874399696E-5
160000000 3.26163005505E-5
180000000 9.2848723363E-5
200000000 0.000191495991421
#Header 
#Target 20 45 0
#Product 14 28 0
#Datapoints 14
1000000 0
70000000 0
75000000 9.38106518E-14
80000000 2.1640767654E-10
90000000 2.9150397093E-7
100000000 7.6195921254E-6
110000000 4.59206998904E-5
120000000 0.00013555399454615
130000000 0.000263770016274
140000000 0.00045068499294
150000000 0.0007558161506
160000000 0.00117953001792
180000000 0.00236412981299
200000000 0.0039040400938
#Header 
#Target 20 45 0
#Product 14 29 0
#Datapoints 15
1000000 0
65000000 0
70000000 1.019565356879E-11
75000000 2.7413402618E-9
80000000 7.479276372E-8
90000000 2.74469995842E-6
100000000 2.21176980583E-5
110000000 7.36503969E-5
120000000 0.0001506599887294
130000000 0.000279615967056
140000000 0.00054316002567
150000000 0.0009513849996
160000000 0.00150782011488
180000000 0.00303289998869
200000000 0.00495118010331
#Header 
#Target 20 45 0
#Product 14 30 0
#Datapoints 18
1000000 0
50000000 0
55000000 7.371524776E-14
60000000 4.42651422E-10
65000000 1.9432300853126E-8
70000000 1.1338898861594E-7
75000000 5.2659699896E-7
80000000 2.67860989248E-6
90000000 2.99034991386E-5
100000000 9.962862463E-5
110000000 0.000198368008924
120000000 0.00042230205148996
130000000 0.00087642832842
140000000 0.0015564002167
150000000 0.0024238196871
160000000 0.0035154699228
180000000 0.0061450186094
200000000 0.0089976390756
#Header 
#Target 20 45 0
#Product 14 31 0
#Datapoints 19
1000000 0
45000000 0
50000000 1.444172841E-14
55000000 3.982317297E-11
60000000 2.08383986475E-9
65000000 2.4227098839543E-8
70000000 3.2972907823184E-7
75000000 2.230229756E-6
80000000 8.4690119868E-6
90000000 3.26541980958E-5
100000000 6.09415998426E-5
110000000 0.000115078006088
120000000 0.00023615405278567
130000000 0.000406827971712
140000000 0.0006086402109
150000000 0.00085099610015
160000000 0.00112968983988
180000000 0.00168733015319
200000000 0.0021953597603
#Header 
#Target 20 45 0
#Product 14 32 0
#Datapoints 19
1000000 0
45000000 0
50000000 1.000330047E-11
55000000 4.0156402174E-9
60000000 1.3491798321E-7
65000000 1.0060499426633E-6
70000000 3.2567307530959E-6
75000000 6.7252202584E-6
80000000 1.13155021668E-5
90000000 1.8919897572E-5
100000000 3.58364025491E-5
110000000 7.6649593024E-5
120000000 0.00013722302229747
130000000 0.000204840010944
140000000 0.00026973498811
150000000 0.000357562998695
160000000 0.000457930018971
180000000 0.00066259291571
200000000 0.00077163622704
#Header 
#Target 20 45 0
#Product 14 33 0
#Datapoints 20
1000000 0
40000000 0
45000000 3.056869898E-14
50000000 8.7694566435E-11
55000000 3.6999601534E-9
60000000 1.9865800695E-8
65000000 4.0432800791897E-8
70000000 5.4232902445416E-8
75000000 6.1740402598E-8
80000000 9.4041462756E-8
90000000 5.75720949666E-7
100000000 2.06849975969E-6
110000000 4.1163602576E-6
120000000 6.362860889459E-6
130000000 9.3930206094E-6
140000000 1.4067700831E-5
150000000 1.98551979535E-5
160000000 2.59786973223E-5
180000000 3.67310012652E-5
200000000 4.44522003695E-5
#Header 
#Target 20 45 0
#Product 14 34 0
#Datapoints 17
1000000 0
55000000 0
60000000 1.4795642745E-13
65000000 6.035285877173E-11
70000000 1.1756599206577E-9
75000000 7.0576694696E-9
80000000 2.3993598477E-8
90000000 1.1117398314E-7
100000000 2.71024029206E-7
110000000 4.2922601344E-7
120000000 6.0690512833451E-7
130000000 9.8675702064E-7
140000000 1.4922600973E-6
150000000 2.0084499211E-6
160000000 2.52807007077E-6
180000000 3.34988000545E-6
200000000 3.9491400151E-6
#Header 
#Target 20 45 0
#Product 15 28 0
#Datapoints 11
1000000 0
90000000 0
100000000 4.3688293951E-15
110000000 7.362524408E-12
120000000 3.004408412401E-10
130000000 2.36154976254E-9
140000000 1.1085202763E-8
150000000 4.64651970475E-8
160000000 1.41140993373E-7
180000000 5.6836795785E-7
200000000 1.39732978588E-6
#Header 
#Target 20 45 0
#Product 15 29 0
#Datapoints 13
1000000 0
75000000 0
80000000 4.2626098338E-15
90000000 3.7566486306E-10
100000000 5.2116202336E-8
110000000 4.61912005032E-7
120000000 1.4661304645892E-6
130000000 4.15083042324E-6
140000000 1.1806898179E-5
150000000 2.6404900382E-5
160000000 4.80372007329E-5
180000000 0.000116557023638
200000000 0.000210755989535
#Header 
#Target 20 45 0
#Product 15 30 0
#Datapoints 15
1000000 0
65000000 0
70000000 1.212715749749E-12
75000000 6.118896336E-10
80000000 3.13478002326E-8
90000000 1.9039800123E-6
100000000 1.03563001283E-5
110000000 2.39760012172E-5
120000000 6.3325405144354E-5
130000000 0.000161783978184
140000000 0.00032418602219
150000000 0.000539198999045
160000000 0.00082499217453
180000000 0.0015541400336
200000000 0.00234416001281
#Header 
#Target 20 45 0
#Product 15 31 0
#Datapoints 18
1000000 0
50000000 0
55000000 1.55693244E-12
60000000 6.9115397118E-9
65000000 4.8985911871091E-7
70000000 4.3229605303834E-6
75000000 1.4838901046E-5
80000000 3.69358959402E-5
90000000 9.1974934692E-5
100000000 0.000189450966452
110000000 0.000498304999636
120000000 0.0011161898807396
130000000 0.0018804502269
140000000 0.0027911900603
150000000 0.0039684298017
160000000 0.00540771031422
180000000 0.0083525095159
200000000 0.0108203006002
#Header 
#Target 20 45 0
#Product 15 32 0
#Datapoints 20
1000000 0
40000000 0
45000000 1.298566472E-14
50000000 1.7497198341E-9
55000000 5.662230021E-7
60000000 8.738976684E-6
65000000 3.0455402445058E-5
70000000 5.4135907863327E-5
75000000 7.483069988E-5
80000000 9.3663085146E-5
90000000 0.000154091987412
100000000 0.00041037802832
110000000 0.0009383569828
120000000 0.0015215604151743
130000000 0.0022178998314
140000000 0.0030957401721
150000000 0.00430965971345
160000000 0.00556779995172
180000000 0.0078561908876
200000000 0.0096283499256
#Header 
#Target 20 45 0
#Product 15 33 0
#Datapoints 22
1000000 0
30000000 0
35000000 1.2973424868E-12
40000000 1.2507403683544E-8
45000000 1.3498802325E-6
50000000 1.24892979165E-5
55000000 3.4264201748E-5
60000000 5.0613600015E-5
65000000 5.3127909860858E-5
70000000 5.1589708828279E-5
75000000 5.7614800276E-5
80000000 8.539028424E-5
90000000 0.000271100969952
100000000 0.000637458028078
110000000 0.00097839112576
120000000 0.001427819901265
130000000 0.00205382979378
140000000 0.0029544499542
150000000 0.00382962976795
160000000 0.00466717998366
180000000 0.0061637484612
200000000 0.0068625599826
#Header 
#Target 20 45 0
#Product 15 34 0
#Datapoints 24
1000000 0
26000000 0
28000000 1.80908568E-15
30000000 9.890274174E-13
35000000 6.46921014796E-9
40000000 1.8123306930946E-7
45000000 7.5615997658E-7
50000000 1.4160002661E-6
55000000 1.6511202078E-6
60000000 1.7964602778E-6
65000000 3.5205204003047E-6
70000000 9.854172683221E-6
75000000 2.430970236E-5
80000000 5.2316802099E-5
90000000 0.000139972978128
100000000 0.00022145300718
110000000 0.000324264014232
120000000 0.00052559111296972
130000000 0.00078692402178
140000000 0.0010551202175
150000000 0.0013173199298
160000000 0.00155962019574
180000000 0.00188248982229
200000000 0.00205094008133
#Header 
#Target 20 45 0
#Product 15 35 0
#Datapoints 20
1000000 0
40000000 0
45000000 1.049619158E-10
50000000 2.3718402477E-8
55000000 2.0890300319E-7
60000000 9.2672576235E-7
65000000 2.7108901014589E-6
70000000 5.9878804148381E-6
75000000 1.1070300854E-5
80000000 1.77491005128E-5
90000000 2.73003996234E-5
100000000 4.18314012804E-5
110000000 6.9247085432E-5
120000000 0.00011366800296523
130000000 0.000160384987332
140000000 0.00019940700456
150000000 0.00022441599229
160000000 0.000245271986253
180000000 0.000282264982725
200000000 0.000295063026944
#Header 
#Target 20 45 0
#Product 15 36 0
#Datapoints 19
1000000 0
45000000 0
50000000 5.0311028205E-12
55000000 1.0318400218E-9
60000000 1.30262986185E-8
65000000 4.2035802552195E-8
70000000 7.1379616938023E-8
75000000 9.04855097E-8
80000000 1.08373021326E-7
90000000 3.91257966342E-7
100000000 1.28803979854E-6
110000000 2.56745025532E-6
120000000 3.8282008827695E-6
130000000 4.7681201691E-6
140000000 5.3495606392E-6
150000000 5.9468293605E-6
160000000 6.607630971E-6
180000000 7.1036974888E-6
200000000 7.125831251E-6
#Header 
#Target 20 45 0
#Product 15 37 0
#Datapoints 16
1000000 0
60000000 0
65000000 9.06172742441E-13
70000000 1.690007689605E-10
75000000 3.021049749E-9
80000000 1.6610003376E-8
90000000 1.04069994546E-7
100000000 2.81128997006E-7
110000000 4.62199988488E-7
120000000 6.2195807010139E-7
130000000 7.9275675078E-7
140000000 9.618582194E-7
150000000 1.0956201256E-6
160000000 1.23793998984E-6
180000000 1.30940012379E-6
200000000 1.45779993947E-6
#Header 
#Target 20 45 0
#Product 16 30 0
#Datapoints 11
1000000 0
90000000 0
100000000 1.7934694557E-12
110000000 1.1142797258E-9
120000000 2.8258803759949E-8
130000000 1.70725027104E-7
140000000 4.9300501583E-7
150000000 9.868710446E-7
160000000 1.74262018158E-6
180000000 4.20894951543E-6
200000000 7.2914979676E-6
#Header 
#Target 20 45 0
#Product 16 31 0
#Datapoints 13
1000000 0
75000000 0
80000000 8.679916056E-15
90000000 1.86059971278E-9
100000000 2.75131015483E-7
110000000 2.92890019864E-6
120000000 1.1110399299271E-5
130000000 2.38295001438E-5
140000000 4.0006201212E-5
150000000 6.313622805E-5
160000000 9.2956011795E-5
180000000 0.000163406005312
200000000 0.000232851019268
#Header 
#Target 20 45 0
#Product 16 32 0
#Datapoints 16
1000000 0
60000000 0
65000000 4.79953908131E-11
70000000 2.0344600001966E-8
75000000 6.2050900354E-7
80000000 5.5711000317E-6
90000000 7.4808211608E-5
100000000 0.000328683016055
110000000 0.00072856678432
120000000 0.0011419003367159
130000000 0.00162793996992
140000000 0.0023701500221
150000000 0.0032296398673
160000000 0.00412182978012
180000000 0.0057808526083
200000000 0.006620661894
#Header 
#Target 20 45 0
#Product 16 33 0
#Datapoints 18
1000000 0
50000000 0
55000000 8.97417017E-11
60000000 1.7307997122E-7
65000000 3.7615303214194E-6
70000000 1.9297199863903E-5
75000000 6.2310699046E-5
80000000 0.000176816999286
90000000 0.000694543990584
100000000 0.00137486000448
110000000 0.00199165973972
120000000 0.0029674504638502
130000000 0.00448022962728
140000000 0.006260796963
150000000 0.0080030124405
160000000 0.0096098926329
180000000 0.0121584008128
200000000 0.0132151015066
#Header 
#Target 20 45 0
#Product 16 34 0
#Datapoints 21
1000000 0
35000000 0
40000000 2.143096054673E-14
45000000 9.197953896E-8
50000000 8.8279563015E-6
55000000 3.939560436E-5
60000000 0.00015511401618
65000000 0.00048377708547819
70000000 0.0009376352628097
75000000 0.00142268013
80000000 0.00196883981352
90000000 0.00276623033196
100000000 0.00383454985196
110000000 0.00606635974088
120000000 0.009228192107118
130000000 0.0122721976044
140000000 0.014839201816
150000000 0.0173486019
160000000 0.0193454983701
180000000 0.0215877982518
200000000 0.0218500026633
#Header 
#Target 20 45 0
#Product 16 35 0
#Datapoints 22
1000000 0
30000000 0
35000000 9.694320678E-12
40000000 6.5895008609521E-8
45000000 1.3209395821E-6
50000000 8.25116959665E-6
55000000 5.6478899883E-5
60000000 0.00022719403335
65000000 0.00045177805289286
70000000 0.0006128870881952
75000000 0.00071454601744
80000000 0.00079582427406
90000000 0.00107482026282
100000000 0.00204442031132
110000000 0.00343165019156
120000000 0.0047253102713451
130000000 0.00568820014758
140000000 0.006578591582
150000000 0.0072091524155
160000000 0.0077529571497
180000000 0.0082402987381
200000000 0.0082000492336
#Header 
#Target 20 45 0
#Product 16 36 0
#Datapoints 23
1000000 0
28000000 0
30000000 9.895727776E-12
35000000 1.90068981184E-7
40000000 1.8844804165257E-5
45000000 8.6732703524E-5
50000000 0.000169425006345
55000000 0.00023114100079
60000000 0.000264721035405
65000000 0.00026487305897142
70000000 0.00026541007507014
75000000 0.00031106301882
80000000 0.000466337988234
90000000 0.0010262102835
100000000 0.00170506992581
110000000 0.00228635997864
120000000 0.0025558201245879
130000000 0.00295659983736
140000000 0.0032837599632
150000000 0.00326481002155
160000000 0.00343908992529
180000000 0.00367038996522
200000000 0.00320979017681
#Header 
#Target 20 45 0
#Product 16 37 0
#Datapoints 24
1000000 0
26000000 0
28000000 2.796601392E-14
30000000 2.218179258E-11
35000000 1.22790021036E-7
40000000 2.2104005158123E-6
45000000 5.3459604515E-6
50000000 6.10429033035E-6
55000000 5.3311799772E-6
60000000 5.1792904407E-6
65000000 9.45916389512E-6
70000000 2.1734203300891E-5
75000000 4.298759881E-5
80000000 7.4276298546E-5
90000000 0.000148305976668
100000000 0.00019619599864
110000000 0.000221913008404
120000000 0.00024832004304908
130000000 0.000276861005586
140000000 0.00029506703741
150000000 0.00030096500063
160000000 0.000307461986001
180000000 0.000300071023021
200000000 0.000285978988673
#Header 
#Target 20 45 0
#Product 16 38 0
#Datapoints 20
1000000 0
40000000 0
45000000 1.197053177E-10
50000000 4.3879398084E-8
55000000 5.3732902461E-7
60000000 2.0961198879E-6
65000000 5.0910508574013E-6
70000000 9.736371912853E-6
75000000 1.5596998678E-5
80000000 2.12924023518E-5
90000000 2.88052030332E-5
100000000 3.54819981965E-5
110000000 4.05622999144E-5
120000000 5.0150709069002E-5
130000000 5.47630975602E-5
140000000 5.9844903046E-5
150000000 6.3095309865E-5
160000000 6.0580005066E-5
180000000 6.0599599445E-5
200000000 6.0344502883E-5
#Header 
#Target 20 45 0
#Product 16 39 0
#Datapoints 19
1000000 0
45000000 0
50000000 2.286299925E-11
55000000 2.2294103734E-9
60000000 2.1502004733E-8
65000000 6.5581111158862E-8
70000000 1.1535800426147E-7
75000000 1.5428198306E-7
80000000 1.88739025656E-7
90000000 3.45120013728E-7
100000000 7.5252317467E-7
110000000 1.35333996692E-6
120000000 1.9336103565828E-6
130000000 2.29072006422E-6
140000000 2.4317199788E-6
150000000 2.5648404033E-6
160000000 2.62050017724E-6
180000000 2.62139987021E-6
200000000 2.61608976713E-6
#Header 
#Target 20 45 0
#Product 16 40 0
#Datapoints 17
1000000 0
55000000 0
60000000 1.3067385945E-15
65000000 3.63089516814E-12
70000000 1.667974409968E-10
75000000 1.3890901106E-9
80000000 5.50090011636E-9
90000000 2.8761197706E-8
100000000 7.9706687376E-8
110000000 1.3451303478E-7
120000000 1.7465501985906E-7
130000000 1.98750024648E-7
140000000 2.1928696887E-7
150000000 2.2179699227E-7
160000000 2.3643602343E-7
180000000 2.36486991708E-7
200000000 2.5213799324E-7
#Header 
#Target 20 45 0
#Product 17 31 0
#Datapoints 10
1000000 0
100000000 0
110000000 1.3329753292E-12
120000000 6.946887496E-11
130000000 5.939137728E-10
140000000 2.6847697697E-9
150000000 1.0508498448E-8
160000000 3.04322026968E-8
180000000 1.09850973584E-7
200000000 2.28678989861E-7
#Header 
#Target 20 45 0
#Product 17 32 0
#Datapoints 12
1000000 0
80000000 0
90000000 1.775416464E-12
100000000 7.7298877813E-10
110000000 1.06133009976E-8
120000000 4.2640806765776E-8
130000000 1.36995003378E-7
140000000 4.1915700063E-7
150000000 9.762157839E-7
160000000 1.77720012279E-6
180000000 3.66909997333E-6
200000000 5.3893996401E-6
#Header 
#Target 20 45 0
#Product 17 33 0
#Datapoints 15
1000000 0
65000000 0
70000000 9.22811533221E-13
75000000 3.693186468E-10
80000000 1.4561200989E-8
90000000 5.40348958068E-7
100000000 2.17936018454E-6
110000000 4.83600987724E-6
120000000 1.3592903773332E-5
130000000 3.3399101223E-5
140000000 6.103030091E-5
150000000 9.3146380705E-5
160000000 0.000124735007322
180000000 0.00018098098051
200000000 0.000211104982872
#Header 
#Target 20 45 0
#Product 17 34 0
#Datapoints 18
1000000 0
50000000 0
55000000 4.720769774E-15
60000000 4.27100409E-10
65000000 1.0671596976467E-7
70000000 1.3152004007049E-6
75000000 4.4851998692E-6
80000000 1.0923802128E-5
90000000 2.37391002972E-5
100000000 4.754340004E-5
110000000 0.00013077702436
120000000 0.00029015703915364
130000000 0.000463627024992
140000000 0.0006329871216
150000000 0.00079871411445
160000000 0.0009369169974
180000000 0.00113539037392
200000000 0.00119687021923
#Header 
#Target 20 45 0
#Product 17 35 0
#Datapoints 21
1000000 0
35000000 0
40000000 1.407644313488E-14
45000000 2.1669695573E-7
50000000 3.3943500927E-5
55000000 0.00023586904579
60000000 0.00052082502858
65000000 0.00064369109812969
70000000 0.0006477621118857
75000000 0.00065763201004
80000000 0.00073956722364
90000000 0.00161390030208
100000000 0.00403994989356
110000000 0.0070906910224
120000000 0.009383932958089
130000000 0.0113720995062
140000000 0.01310149932
150000000 0.014934499839
160000000 0.0160813967049
180000000 0.0166863004022
200000000 0.016310401009
#Header 
#Target 20 45 0
#Product 17 36 0
#Datapoints 22
1000000 0
30000000 0
35000000 4.09615966474E-8
40000000 5.8131711243592E-5
45000000 0.00065859003699
50000000 0.0014869703304
55000000 0.0018052399925
60000000 0.0016296999876
65000000 0.0013660605460822
70000000 0.0013664501042638
75000000 0.0017629700104
80000000 0.002793509946
90000000 0.0070549084362
100000000 0.0118858973559
110000000 0.0147228013952
120000000 0.017242903681187
130000000 0.0195933032568
140000000 0.021569097182
150000000 0.023214899785
160000000 0.0239612027985
180000000 0.0235733028201
200000000 0.0224718016509
#Header 
#Target 20 45 0
#Product 17 37 0
#Datapoints 28
1000000 0
19000000 0
20000000 4.866241348E-13
22000000 4.4002299027E-8
24000000 1.3730202376E-5
26000000 0.0001475170209
28000000 0.00046080498384
30000000 0.0006523110013
35000000 0.00107655045208
40000000 0.0015946205049481
45000000 0.0017117296925
50000000 0.00134523031365
55000000 0.0011181502703
60000000 0.0013920597303
65000000 0.0023363699887452
70000000 0.0039710905301967
75000000 0.0061873393166
80000000 0.0088168393812
90000000 0.0124593989058
100000000 0.0145280014869
110000000 0.015895798256
120000000 0.017774600449072
130000000 0.0194571013194
140000000 0.020573202846
150000000 0.02067980271
160000000 0.0204626024118
180000000 0.0198079012208
200000000 0.0184804995711
#Header 
#Target 20 45 0
#Product 17 38 0
#Datapoints 34
1000000 0
13000000 0
14000000 2.5637884944E-15
15000000 6.14847343E-13
16000000 3.8635765E-11
17000000 1.0296096622E-9
18000000 1.412500448E-8
19000000 1.1240001906E-7
20000000 5.7080199696E-7
22000000 5.3463502497E-6
24000000 2.0908901808E-5
26000000 4.8670801626E-5
28000000 8.0307996624E-5
30000000 0.00010177301598
35000000 0.000103613023372
40000000 7.7746001378129E-5
45000000 7.1112405762E-5
50000000 0.00018120701025
55000000 0.00045262699293
60000000 0.00097569908505
65000000 0.001736000265433
70000000 0.0024123202613298
75000000 0.0029013998068
80000000 0.00321504986736
90000000 0.00342839014626
100000000 0.0037066699288
110000000 0.00427523984176
120000000 0.0046889506678487
130000000 0.0049089697731
140000000 0.0050287394622
150000000 0.00480997988275
160000000 0.00481357000476
180000000 0.00466992999704
200000000 0.00430870035267
#Header 
#Target 20 45 0
#Product 17 39 0
#Datapoints 24
1000000 0
26000000 0
28000000 3.4948188E-14
30000000 7.123264242E-11
35000000 5.85979008084E-7
40000000 1.6764503391517E-5
45000000 9.36744411E-5
50000000 0.00025466798223
55000000 0.00053705505357
60000000 0.00081803902338
65000000 0.0009755894073634
70000000 0.0010186201858773
75000000 0.0010821597306
80000000 0.00111621984438
90000000 0.00139054018512
100000000 0.00181619007674
110000000 0.0021267297298
120000000 0.0022687399988157
130000000 0.0023390601174
140000000 0.0022861099824
150000000 0.0023171100204
160000000 0.002190200094
180000000 0.00207810006272
200000000 0.00202369992545
#Header 
#Target 20 45 0
#Product 17 40 0
#Datapoints 23
1000000 0
28000000 0
30000000 2.499570956E-14
35000000 2.54748980332E-8
40000000 2.6989407958163E-6
45000000 1.6827497702E-5
50000000 3.1746995685E-5
55000000 3.6300097925E-5
60000000 3.64075022745E-5
65000000 3.9371603041066E-5
70000000 5.1767606009585E-5
75000000 7.61865295E-5
80000000 0.000115111974456
90000000 0.000219240987468
100000000 0.000310197012311
110000000 0.000349023012936
120000000 0.00037380301563034
130000000 0.000371221969518
140000000 0.00036461203473
150000000 0.00036438098389
160000000 0.000358938990036
180000000 0.000346967025713
200000000 0.000331182990915
#Header 
#Target 20 45 0
#Product 17 41 0
#Datapoints 20
1000000 0
40000000 0
45000000 1.458056051E-12
50000000 6.22043983215E-9
55000000 1.616020224E-7
60000000 1.09235971725E-6
65000000 3.3335501663591E-6
70000000 7.2056909236431E-6
75000000 1.3140497518E-5
80000000 2.0031502257E-5
90000000 3.27366975264E-5
100000000 3.88915996576E-5
110000000 4.24387982844E-5
120000000 4.3747605671594E-5
130000000 4.39816035276E-5
140000000 4.3243098964E-5
150000000 4.27479009825E-5
160000000 4.33951981407E-5
180000000 4.22721981814E-5
200000000 4.06306987562E-5
#Header 
#Target 20 45 0
#Product 17 42 0
#Datapoints 19
1000000 0
45000000 0
50000000 3.213655263E-12
55000000 8.783208266E-10
60000000 1.916930331E-8
65000000 9.516720627219E-8
70000000 2.1486299780971E-7
75000000 3.364950086E-7
80000000 4.4291696682E-7
90000000 5.72823017274E-7
100000000 6.51775969334E-7
110000000 6.9762881572E-7
120000000 7.204074454976E-7
130000000 7.302700152E-7
140000000 7.309451078E-7
150000000 7.3178070245E-7
160000000 7.3555002162E-7
180000000 7.2087877807E-7
200000000 7.0115497214E-7
#Header 
#Target 20 45 0
#Product 18 34 0
#Datapoints 12
1000000 0
80000000 0
90000000 1.0148535024E-10
100000000 1.95863968607E-8
110000000 2.15100971428E-7
120000000 8.140649263538E-7
130000000 1.70938029726E-6
140000000 2.6979600159E-6
150000000 3.77297018595E-6
160000000 4.81442014593E-6
180000000 6.5472783684E-6
200000000 7.2830611861E-6
#Header 
#Target 20 45 0
#Product 18 35 0
#Datapoints 15
1000000 0
65000000 0
70000000 4.405444368844E-12
75000000 3.1794601384E-9
80000000 1.05934972644E-7
90000000 3.48231989946E-6
100000000 2.05618982569E-5
110000000 5.47382006044E-5
120000000 9.01288930195E-5
130000000 0.000117788968638
140000000 0.00014890400084
150000000 0.00017987303474
160000000 0.000206557009389
180000000 0.000231810981523
200000000 0.000227246975893
#Header 
#Target 20 45 0
#Product 18 36 0
#Datapoints 19
1000000 0
45000000 0
50000000 1.3665699945E-14
55000000 9.991270618E-9
60000000 3.15634029525E-6
65000000 3.3458906047526E-5
70000000 0.00012449401007782
75000000 0.0003367890148
80000000 0.00081294300558
90000000 0.00230427012132
100000000 0.00358972014484
110000000 0.004344169675
120000000 0.0050938211024445
130000000 0.00588263987808
140000000 0.006680861509
150000000 0.007079589972
160000000 0.0072738182817
180000000 0.0071315790447
200000000 0.00659324918
#Header 
#Target 20 45 0
#Product 18 37 0
#Datapoints 20
1000000 0
40000000 0
45000000 8.7391494213E-8
50000000 1.64355035985E-5
55000000 0.00014501101433
60000000 0.000543070975305
65000000 0.0016936398218047
70000000 0.0036243207255467
75000000 0.0057990100324
80000000 0.0081678278304
90000000 0.0107146988922
100000000 0.0122168993065
110000000 0.0143156001056
120000000 0.017151801843614
130000000 0.01939829877
140000000 0.020582999971
150000000 0.0206519984195
160000000 0.0203420991024
180000000 0.0189616014522
200000000 0.0179607009988
#Header 
#Target 20 45 0
#Product 18 38 0
#Datapoints 24
1000000 0
26000000 0
28000000 4.8622788E-15
30000000 9.169280671E-9
35000000 0.000119430986536
40000000 0.0005061311003721
45000000 0.0024738200913
50000000 0.010174003812
55000000 0.019542603038
60000000 0.0256210030305
65000000 0.027631101036404
70000000 0.02771370299241
75000000 0.027495195294
80000000 0.0272271022662
90000000 0.0288405016122
100000000 0.034761900876
110000000 0.0404315967152
120000000 0.043574706769116
130000000 0.0439533965736
140000000 0.043335499418
150000000 0.042146498135
160000000 0.0405480017646
180000000 0.0378865006993
200000000 0.0353210034933
#Header 
#Target 20 45 0
#Product 18 39 0
#Datapoints 27
1000000 0
20000000 0
22000000 3.178712595E-12
24000000 3.2605099968E-8
26000000 5.2875504779E-7
28000000 4.5173200176E-6
30000000 1.7080205918E-5
35000000 0.000141885028836
40000000 0.0023199897835681
45000000 0.009275009017
50000000 0.015006202506
55000000 0.015770500585
60000000 0.0142168993455
65000000 0.012573999279013
70000000 0.012110001517681
75000000 0.012748902422
80000000 0.0144311967792
90000000 0.0201973964334
100000000 0.0253176992201
110000000 0.0274884977988
120000000 0.027620704254477
130000000 0.0267902983116
140000000 0.026042199181
150000000 0.024862302521
160000000 0.0244271983797
180000000 0.0224046004677
200000000 0.0216713012558
#Header 
#Target 20 45 0
#Product 18 40 0
#Datapoints 30
1000000 0
17000000 0
18000000 2.07009562E-11
19000000 3.4768496301E-9
20000000 4.4188894762E-8
22000000 1.02263001066E-6
24000000 6.515839932E-5
26000000 0.00060153099904
28000000 0.0016317504
30000000 0.002634079648
35000000 0.00583830991336
40000000 0.0088941908625941
45000000 0.0086202596805
50000000 0.00716398042815
55000000 0.0062617699802
60000000 0.0065355498591
65000000 0.008155450745656
70000000 0.010911304121737
75000000 0.014386796602
80000000 0.0180035972196
90000000 0.0226751032896
100000000 0.0243431988515
110000000 0.0239949017648
120000000 0.023290606596124
130000000 0.0228457995966
140000000 0.021982897597
150000000 0.0214874025065
160000000 0.0206306023608
180000000 0.0199489979414
200000000 0.0186593975638
#Header 
#Target 20 45 0
#Product 18 41 0
#Datapoints 35
1000000 0
12000000 0
13000000 3.160325606837E-14
14000000 1.4296189236E-11
15000000 6.78645E-10
16000000 2.1617196326E-8
17000000 4.0030098322E-7
18000000 3.402959852E-6
19000000 1.5669704757E-5
20000000 4.4707399658E-5
22000000 0.00015874596372
24000000 0.0003093320048
26000000 0.00046917005701
28000000 0.000606796956
30000000 0.0006746510394
35000000 0.00059162404945
40000000 0.00046734609165328
45000000 0.00047421102373
50000000 0.000872612934255
55000000 0.0016787601033
60000000 0.00304246994025
65000000 0.0047738404281657
70000000 0.0063020406549693
75000000 0.007364949785
80000000 0.007958603802
90000000 0.0082427214564
100000000 0.0080510214936
110000000 0.0079018988668
120000000 0.007578661277274
130000000 0.0073459425852
140000000 0.007076351851
150000000 0.0068941473405
160000000 0.0066583091205
180000000 0.0062878098822
200000000 0.0059598298228
#Header 
#Target 20 45 0
#Product 18 42 0
#Datapoints 25
1000000 0
24000000 0
26000000 9.199406609E-13
28000000 1.6948202112E-9
30000000 8.2838909158E-8
35000000 5.54388980388E-6
40000000 4.4858106674815E-5
45000000 0.00017820601856
50000000 0.000407853956025
55000000 0.00078402503788
60000000 0.00117918977955
65000000 0.0014412504734367
70000000 0.0015974601487286
75000000 0.0017113496262
80000000 0.0017463103041
90000000 0.00172055972718
100000000 0.0017068399861
110000000 0.00160333025164
120000000 0.001564780070073
130000000 0.00153312016464
140000000 0.001455629702
150000000 0.0013925101946
160000000 0.00136609978536
180000000 0.00127500015302
200000000 0.00119080010511
#Header 
#Target 20 45 0
#Product 18 43 0
#Datapoints 24
1000000 0
26000000 0
28000000 7.689051216E-14
30000000 1.366658496E-10
35000000 3.35626979394E-7
40000000 5.5491705991631E-6
45000000 2.0110400217E-5
50000000 3.7667203389E-5
55000000 5.4406900184E-5
60000000 6.90908007915E-5
65000000 8.057358851487E-5
70000000 8.921909439983E-5
75000000 9.353032558E-5
80000000 9.3906764748E-5
90000000 9.17587089E-5
100000000 8.8801428944E-5
110000000 8.5322220028E-5
120000000 8.110193246733E-5
130000000 7.7454197136E-5
140000000 7.452042957E-5
150000000 7.1534493625E-5
160000000 6.874089669E-5
180000000 6.4153614074E-5
200000000 6.1388916365E-5
#Header 
#Target 20 45 0
#Product 19 36 0
#Datapoints 14
1000000 0
70000000 0
75000000 4.092687232E-14
80000000 2.5502871972E-11
90000000 5.59539982512E-9
100000000 3.76679042899E-8
110000000 8.3523499404E-8
120000000 1.7229402887057E-7
130000000 3.70539015588E-7
140000000 6.595352202E-7
150000000 9.762878188E-7
160000000 1.20605013405E-6
180000000 1.35813982172E-6
200000000 1.30025000735E-6
#Header 
#Target 20 45 0
#Product 19 37 0
#Datapoints 17
1000000 0
55000000 0
60000000 2.829954546E-10
65000000 7.1713105777731E-8
70000000 6.4844213795726E-7
75000000 1.605689542E-6
80000000 3.28009986816E-6
90000000 5.46972984528E-6
100000000 8.1111507866E-6
110000000 1.64637031992E-5
120000000 3.0913706402809E-5
130000000 4.46752045026E-5
140000000 5.4217000358E-5
150000000 5.7590001301E-5
160000000 5.72008996413E-5
180000000 5.28444027463E-5
200000000 4.83476016359E-5
#Header 
#Target 20 45 0
#Product 19 38 0
#Datapoints 20
1000000 0
40000000 0
45000000 6.42241693E-10
50000000 3.9288902769E-6
55000000 6.2291004671E-5
60000000 0.000175228995885
65000000 0.00021048206706438
70000000 0.00017965098997982
75000000 0.00015587498272
80000000 0.00015583999512
90000000 0.00023105401062
100000000 0.000489074016005
110000000 0.00079418689844
120000000 0.0009797779836181
130000000 0.00103094009712
140000000 0.0010352100479
150000000 0.0009852071565
160000000 0.00094182892416
180000000 0.0008472929333
200000000 0.00076627600392
#Header 
#Target 20 45 0
#Product 19 39 0
#Datapoints 23
1000000 0
28000000 0
30000000 9.9403299436E-8
35000000 0.00105870000334
40000000 0.0057626404727717
45000000 0.009612071515
50000000 0.0090876961935
55000000 0.0065428501257
60000000 0.00461646003165
65000000 0.003775390628513
70000000 0.0038115903995795
75000000 0.0046476401842
80000000 0.00651626003766
90000000 0.0115175004924
100000000 0.0143667007693
110000000 0.0150028012808
120000000 0.014291902635612
130000000 0.0136370993958
140000000 0.012891599685
150000000 0.0121754982195
160000000 0.0117188975808
180000000 0.0107504972674
200000000 0.0101733987747
#Header 
#Target 20 45 0
#Product 19 40 0
#Datapoints 27
1000000 0
20000000 0
22000000 1.3712602617E-7
24000000 5.1896702656E-5
26000000 0.0013314100321
28000000 0.0068229700416
30000000 0.015722501852
35000000 0.031120596495
40000000 0.027844807869018
45000000 0.017852402962
50000000 0.011752595397
55000000 0.009476671904
60000000 0.010028902704
65000000 0.013693905056487
70000000 0.018861100914951
75000000 0.02385520203
80000000 0.0283516022064
90000000 0.0324459963078
100000000 0.0316871025649
110000000 0.0295540016448
120000000 0.027906800660414
130000000 0.0262364976666
140000000 0.024500101561
150000000 0.023698903459
160000000 0.0223435006335
180000000 0.0207655981577
200000000 0.0195403995983
#Header 
#Target 20 45 0
#Product 19 41 0
#Datapoints 38
1000000 0
9000000 0
10000000 2.00829392E-13
11000000 7.85822971472E-8
12000000 1.2382598724E-5
13000000 9.2985313209159E-5
14000000 0.000443216984532
15000000 0.0017025403384
16000000 0.004502310394
17000000 0.0087894093572
18000000 0.01412490076
19000000 0.019833900765
20000000 0.0256324965
22000000 0.034570493268
24000000 0.03934760012
26000000 0.040112597463
28000000 0.036259201296
30000000 0.029767196472
35000000 0.01703300195
40000000 0.011246404764546
45000000 0.010543400057
50000000 0.0147621982815
55000000 0.025532397128
60000000 0.0383638955685
65000000 0.046158300490623
70000000 0.049877706691042
75000000 0.051410899114
80000000 0.0510558062124
90000000 0.0476363931294
100000000 0.0442290991119
110000000 0.041297696506
120000000 0.038555808735692
130000000 0.0365899002516
140000000 0.035058200912
150000000 0.033174598576
160000000 0.0320036020128
180000000 0.0296081025922
200000000 0.0272823998552
#Header 
#Target 20 45 0
#Product 19 42 0
#Datapoints 45
1000000 0
2000000 0
3000000 3.800811108E-11
4000000 2.00901008799E-7
5000000 2.17214995314E-5
6000000 0.000414055972056
7000000 0.00252143989818
8000000 0.0075805999696
9000000 0.014177304211587
10000000 0.019724102616
11000000 0.0228613019118
12000000 0.0239382963328
13000000 0.023969902112184
14000000 0.0233220965292
15000000 0.021911496574
16000000 0.019749595842
17000000 0.017117504446
18000000 0.014580096724
19000000 0.012489603042
20000000 0.010485196706
22000000 0.0077279104497
24000000 0.00588829998
26000000 0.0045190095981
28000000 0.0035663704416
30000000 0.0033216999398
35000000 0.00573686020628
40000000 0.012190104326428
45000000 0.027318099886
50000000 0.0430610992965
55000000 0.050210798582
60000000 0.0518567987865
65000000 0.051166207894195
70000000 0.05038460415151
75000000 0.0492278993
80000000 0.0473747999766
90000000 0.043297103268
100000000 0.0405569984538
110000000 0.0379911002556
120000000 0.036043703928961
130000000 0.033964598187
140000000 0.032065103862
150000000 0.0302869024745
160000000 0.0289239004296
180000000 0.0262940017659
200000000 0.02444100106
#Header 
#Target 20 45 0
#Product 19 43 0
#Datapoints 34
1000000 0
13000000 0
14000000 2.465318604E-14
15000000 5.87319491E-11
16000000 5.8980600886E-9
17000000 9.3431701158E-8
18000000 8.0859997908E-7
19000000 3.9718901082E-6
20000000 1.5808701472E-5
22000000 0.00018791504913
24000000 0.00082599303488
26000000 0.0019633803436
28000000 0.0039939401664
30000000 0.0070510196984
35000000 0.0181923052818
40000000 0.029408403737279
45000000 0.034457694774
50000000 0.035521898571
55000000 0.035709398984
60000000 0.0360713002575
65000000 0.035814502655156
70000000 0.035492305008381
75000000 0.034842100354
80000000 0.033835800654
90000000 0.0320573952018
100000000 0.0296800016447
110000000 0.0278768965388
120000000 0.026220107785507
130000000 0.0245628007092
140000000 0.022943799617
150000000 0.022025402833
160000000 0.0204933975732
180000000 0.0183855995928
200000000 0.0165644983014
#Header 
#Target 20 45 0
#Product 19 44 0
#Datapoints 34
1000000 0
13000000 0
14000000 1.5606674076E-11
15000000 1.623580244E-9
16000000 4.1560098168E-8
17000000 8.7514595234E-7
18000000 7.9286399556E-6
19000000 3.8406500517E-5
20000000 0.00012171500232
22000000 0.00059602701786
24000000 0.001660950272
26000000 0.0033771395705
28000000 0.0054154104912
30000000 0.00723092988
35000000 0.010229902792
40000000 0.012405897426622
45000000 0.013838403797
50000000 0.0144929023875
55000000 0.014962200827
60000000 0.0150147998895
65000000 0.015126898989121
70000000 0.015053102475834
75000000 0.014796697174
80000000 0.0142702960296
90000000 0.0134074983258
100000000 0.0125312963736
110000000 0.0117440019216
120000000 0.01098089942844
130000000 0.0102648994092
140000000 0.009738378424
150000000 0.0090264984705
160000000 0.0084912181191
180000000 0.007593782185
200000000 0.0068846594355
#Header 
#Target 20 45 0
#Product 20 38 0
#Datapoints 15
1000000 0
65000000 0
70000000 1.649467076385E-15
75000000 1.937213654E-11
80000000 1.22695958634E-9
90000000 5.72557943598E-8
100000000 3.43893021704E-7
110000000 9.0514611392E-7
120000000 1.4581402762886E-6
130000000 1.77767013528E-6
140000000 1.9457596686E-6
150000000 1.9289599994E-6
160000000 1.85630034024E-6
180000000 1.6687299178E-6
200000000 1.50293972388E-6
#Header 
#Target 20 45 0
#Product 20 39 0
#Datapoints 17
1000000 0
55000000 0
60000000 2.51221008075E-9
65000000 2.1627803558332E-7
70000000 1.6398903273119E-6
75000000 5.6682498302E-6
80000000 1.53696985182E-5
90000000 5.70982001058E-5
100000000 0.000106540990756
110000000 0.000132648982156
120000000 0.00013690001738251
130000000 0.000131448973068
140000000 0.00012437302477
150000000 0.0001182010046
160000000 0.000112260011454
180000000 0.000102952013912
200000000 9.425332021E-5
#Header 
#Target 20 45 0
#Product 20 40 0
#Datapoints 21
1000000 0
35000000 0
40000000 4.838786794716E-12
45000000 1.1197898236E-5
50000000 0.000168395003325
55000000 0.0005384740634
60000000 0.00175653968955
65000000 0.0038029305534176
70000000 0.0056618406877373
75000000 0.0071672000056
80000000 0.0083357434872
90000000 0.0088529469606
100000000 0.0084149694269
110000000 0.007730441566
120000000 0.007146382329074
130000000 0.0066742590924
140000000 0.006243662545
150000000 0.0059765408045
160000000 0.00569006033544
180000000 0.0051922594405
200000000 0.0048704802405
#Header 
#Target 20 45 0
#Product 20 41 0
#Datapoints 22
1000000 0
30000000 0
35000000 5.901750061E-5
40000000 0.0009612316862239
45000000 0.0033917103371
50000000 0.015789600729
55000000 0.033225003014
60000000 0.042911198118
65000000 0.043071903680987
70000000 0.04136400705402
75000000 0.03921880211
80000000 0.0374672014746
90000000 0.0327365004456
100000000 0.0286936039278
110000000 0.0261945975388
120000000 0.024092401645822
130000000 0.0223881001056
140000000 0.021021501199
150000000 0.019537199297
160000000 0.0186769988145
180000000 0.0169759004954
200000000 0.0155636011377
#Header 
#Target 20 45 0
#Product 20 42 0
#Datapoints 29
1000000 0
18000000 0
19000000 2.844479106E-15
20000000 9.0882311456E-9
22000000 3.2547800886E-5
24000000 0.00032646898496
26000000 0.00095028594905
28000000 0.001769779512
30000000 0.0031718098642
35000000 0.0362471990822
40000000 0.12473397856752
45000000 0.17666299821
50000000 0.17497903581
55000000 0.15222200707
60000000 0.13338201147
65000000 0.12050400114523
70000000 0.11161304569927
75000000 0.10447400726
80000000 0.096830477856
90000000 0.084592569468
100000000 0.075440889423
110000000 0.06807398404
120000000 0.062355712190567
130000000 0.0574602995826
140000000 0.053135602744
150000000 0.049663894973
160000000 0.0463927020255
180000000 0.0410927000726
200000000 0.036692900615
#Header 
#Target 20 45 0
#Product 20 43 0
#Datapoints 37
1000000 0
10000000 0
11000000 2.6070472703E-13
12000000 9.041759471E-8
13000000 4.8915909263389E-6
14000000 2.16005995968E-5
15000000 4.0730000696E-5
16000000 7.382330705E-5
17000000 0.00015336497534
18000000 0.00027269201524
19000000 0.00047335500135
20000000 0.0011357094362
22000000 0.025846096767
24000000 0.11602703096
26000000 0.21629502959
28000000 0.2839889808
30000000 0.3237729646
35000000 0.344715987344
40000000 0.2906400007
45000000 0.23685805323
50000000 0.20563599492
55000000 0.18389803439
60000000 0.168451029975
65000000 0.15677705482314
70000000 0.14702200945852
75000000 0.1377740262
80000000 0.128166996762
90000000 0.11120002596
100000000 0.097924916237
110000000 0.088048720384
120000000 0.07885471577679
130000000 0.070967893878
140000000 0.06530462075
150000000 0.060064411925
160000000 0.0546785997516
180000000 0.0472093994603
200000000 0.0418884017195
#Header 
#Target 20 45 0
#Product 20 44 0
#Datapoints 42
1000000 0
5000000 0
6000000 1.5371790402E-11
7000000 2.93051022768E-6
8000000 0.00016039701328
9000000 0.0059742504259341
10000000 0.050155898584
11000000 0.155771982234
12000000 0.310993982976
13000000 0.4176130261926
14000000 0.412879012476
15000000 0.36829501126
16000000 0.34479502868
17000000 0.338797041
18000000 0.3470849778
19000000 0.36059699319
20000000 0.378388961
22000000 0.4068090228
24000000 0.41583998304
26000000 0.39418706312
28000000 0.3603520368
30000000 0.33043101332
35000000 0.285153979886
40000000 0.2549660707118
45000000 0.2306639613
50000000 0.208859029875
55000000 0.19288396078
60000000 0.177869040075
65000000 0.16776800011885
70000000 0.15348901390721
75000000 0.14063903726
80000000 0.12898697457
90000000 0.111640008846
100000000 0.095854006571
110000000 0.083035796024
120000000 0.07288983674772
130000000 0.064930186116
140000000 0.05752039798
150000000 0.051583802193
160000000 0.0475508991213
180000000 0.0402567976723
200000000 0.0347079962327
#Header 
#Target 20 45 0
#Product 20 45 0
#Datapoints 46
1000000 0
1000000 1.05377011933E-8
2000000 5.183849292E-5
3000000 0.0010561199497
4000000 0.0058289409894
5000000 0.019751499453
6000000 0.040776403191
7000000 0.0620033005641
8000000 0.080067903216
9000000 0.09682788034739
10000000 0.11322404912
11000000 0.126269016324
12000000 0.132806019496
13000000 0.13255299734264
14000000 0.127395991128
15000000 0.12070198998
16000000 0.11493801802
17000000 0.110402975
18000000 0.10688895716
19000000 0.103838996751
20000000 0.101089999532
22000000 0.095557599978
24000000 0.089933800272
26000000 0.084891102285
28000000 0.080604799344
30000000 0.077126205414
35000000 0.069632000593
40000000 0.062275802166928
45000000 0.055239699279
50000000 0.0514229007735
55000000 0.049129396722
60000000 0.0448378004205
65000000 0.039925703515871
70000000 0.03684660224836
75000000 0.03251100153
80000000 0.0299051020386
90000000 0.024300696114
100000000 0.0196531004701
110000000 0.0159809977172
120000000 0.013049202073953
130000000 0.0108017018154
140000000 0.008976560013
150000000 0.007560487879
160000000 0.0063151001181
180000000 0.00456713969503
200000000 0.00351220974958
#Header 
#Target 20 45 0
#Product 21 41 0
#Datapoints 19
1000000 0
45000000 0
50000000 4.2001502643E-7
55000000 9.017966349E-6
60000000 2.13683039505E-5
65000000 2.1264506168892E-5
70000000 1.6536702526062E-5
75000000 1.3425396328E-5
80000000 1.17018968136E-5
90000000 8.08136859E-6
100000000 5.72357956674E-6
110000000 4.27451988312E-6
120000000 3.3873004415293E-6
130000000 2.80346014872E-6
140000000 2.3690702282E-6
150000000 2.0441898596E-6
160000000 1.80057002256E-6
180000000 1.43945981069E-6
200000000 1.20024984646E-6
#Header 
#Target 20 45 0
#Product 21 42 0
#Datapoints 22
1000000 0
30000000 0
35000000 1.22673999494E-8
40000000 0.00010427301718925
45000000 0.0010149402437
50000000 0.0013494696876
55000000 0.000947704674
60000000 0.00060426899385
65000000 0.00041290403295763
70000000 0.0003143590599968
75000000 0.00025179295608
80000000 0.00020690402469
90000000 0.000147017983254
100000000 0.000113682984497
110000000 9.2352727212E-5
120000000 7.851332949893E-5
130000000 6.7891175622E-5
140000000 5.9819900783E-5
150000000 5.3388701562E-5
160000000 4.8028397976E-5
180000000 3.98842991877E-5
200000000 3.40879992761E-5
#Header 
#Target 20 45 0
#Product 21 43 0
#Datapoints 26
1000000 0
22000000 0
24000000 0.005865079732
26000000 0.031092497587
28000000 0.0612415044
30000000 0.079594997414
35000000 0.0710454038514
40000000 0.0362268086866
45000000 0.01879270011
50000000 0.012105197766
55000000 0.00911388177
60000000 0.00741537027015
65000000 0.0062055007779529
70000000 0.0053564906529005
75000000 0.004654839935
80000000 0.0040723599504
90000000 0.00326713018938
100000000 0.00269467025466
110000000 0.0022667002732
120000000 0.0019504603618012
130000000 0.0016939201707
140000000 0.0014846400442
150000000 0.0013092201367
160000000 0.0011603702583
180000000 0.0009423561895
200000000 0.00078747717167
#Header 
#Target 20 45 0
#Product 21 44 0
#Datapoints 35
1000000 0
12000000 0
13000000 0.032530107429344
14000000 0.12357395862
15000000 0.2190520277
16000000 0.28404200508
17000000 0.31803398148
18000000 0.33320402648
19000000 0.33695499642
20000000 0.3315220006
22000000 0.29768706552
24000000 0.22081696064
26000000 0.14580703762
28000000 0.097117898688
30000000 0.069300499022
35000000 0.0407823958346
40000000 0.030237106423314
45000000 0.024121403758
50000000 0.0198477015525
55000000 0.016723299621
60000000 0.0143233982235
65000000 0.012462299722942
70000000 0.010973800350584
75000000 0.00967473127
80000000 0.0085023917448
90000000 0.00689496047436
100000000 0.00557570005905
110000000 0.00460841997536
120000000 0.0038644305490454
130000000 0.00327765978198
140000000 0.0028224896138
150000000 0.00245531015695
160000000 0.00216621011853
180000000 0.00173688009396
200000000 0.00144075982512
#Header 
#Target 20 45 0
#Product 21 45 0
#Datapoints 46
1000000 0
1000000 0.000149565006401
2000000 0.014011200597
3000000 0.085497710738
4000000 0.203848012086
5000000 0.328007978658
6000000 0.423696959586
7000000 0.476694974511
8000000 0.50308702192
9000000 0.51776508397764
10000000 0.51296099072
11000000 0.46917303521
12000000 0.380675961488
13000000 0.27250400057335
14000000 0.179127008172
15000000 0.1169159552
16000000 0.08111430067
17000000 0.05989989881
18000000 0.04742399932
19000000 0.039620501046
20000000 0.034472102118
22000000 0.028186498077
24000000 0.024320196664
26000000 0.0214202034
28000000 0.01896920064
30000000 0.01684889832
35000000 0.0128027957228
40000000 0.010035496276939
45000000 0.0080160505394
50000000 0.0067729698072
55000000 0.0056184704737
60000000 0.00486664004535
65000000 0.0042091104665812
70000000 0.0036755805254269
75000000 0.0032550197318
80000000 0.00280427031258
90000000 0.00224896009866
100000000 0.00181425024758
110000000 0.00149512020672
120000000 0.0012499402832812
130000000 0.00105648991902
140000000 0.0009023917808
150000000 0.0007808772104
160000000 0.00068131020366
180000000 0.000547088029433
200000000 0.000456138004735
#Header 
#Target 20 45 0
#Product 21 46 0
#Datapoints 46
1000000 0
1000000 2.4857107386E-6
2000000 2.3504600538E-5
3000000 5.8980695552E-5
4000000 0.000106322985309
5000000 0.000151226003778
6000000 0.000181258992828
7000000 0.00019267595466
8000000 0.00019880001232
9000000 0.00021605805669485
10000000 0.00025059201688
11000000 0.000317735993124
12000000 0.000385316033252
13000000 0.00047217101405313
14000000 0.000511276979976
15000000 0.0005417080119
16000000 0.00055882200752
17000000 0.0005577450336
18000000 0.00053703197748
19000000 0.00049657899627
20000000 0.00045586398686
22000000 0.0003458970075
24000000 0.00025013400688
26000000 0.0002081549601
28000000 0.00017716903776
30000000 0.00015711200046
35000000 0.000119190999458
40000000 0.00010898801217129
45000000 9.0792002369E-5
50000000 8.2875203109E-5
55000000 7.5969997047E-5
60000000 6.78076030995E-5
65000000 6.3351701230315E-5
70000000 5.1744003916946E-5
75000000 5.3275903636E-5
80000000 4.44415961118E-5
90000000 3.95403983286E-5
100000000 3.45203962038E-5
110000000 2.98477016508E-5
120000000 2.5567607432963E-5
130000000 2.2316700096E-5
140000000 1.9777296469E-5
150000000 1.6035500145E-5
160000000 1.45465992405E-5
180000000 1.21012012594E-5
200000000 9.3997104166E-6
