#Header 
#Target 59 138 1
#Product 0 1 0
#Datapoints 45
1000000 0
2000000 2.5919882709E-13
3000000 2.10815175E-7
4000000 9.799242136E-5
5000000 0.0025011817215
6000000 0.01690987536
7000000 0.0598870591
8000000 0.14299273818
9000000 0.26699811264
10000000 0.41638896
11000000 0.565313086688
12000000 0.6960687929
13000000 0.81749569825
14000000 1.0196710748
15000000 1.261054464
16000000 1.504549128
17000000 1.739075328
18000000 1.926924608
19000000 2.047111311
20000000 2.134449549
22000000 2.25964739
24000000 2.40061458
26000000 2.613404376
28000000 2.871523453
30000000 3.083634015
35000000 3.293968535
40000000 3.57139485
45000000 3.750437811
50000000 3.864454172
55000000 3.998297619
60000000 4.078812531
65000000 4.153311996
70000000 4.218058425
75000000 4.2875784
80000000 4.349417479
90000000 4.500439028
100000000 4.6423754
110000000 4.7997148
120000000 4.94834508
130000000 5.087044256
140000000 5.22877905
150000000 5.44019868
160000000 5.656740145
180000000 6.084765674
200000000 6.50533929
#Header 
#Target 59 138 1
#Product 1 1 0
#Datapoints 45
1000000 0
2000000 5.440904348E-16
3000000 2.543892595E-10
4000000 1.6656829976E-7
5000000 4.94956308E-6
6000000 3.00860136E-5
7000000 0.000148787793
8000000 0.0007213082184
9000000 0.0022397290944
10000000 0.00499080528
11000000 0.00916265974458
12000000 0.015600350185
13000000 0.026890022918
14000000 0.041972965948
15000000 0.06102758816
16000000 0.08182107064
17000000 0.10013713443
18000000 0.1168663132
19000000 0.1337751072
20000000 0.1529033517
22000000 0.195664755
24000000 0.2445915082
26000000 0.3037251712
28000000 0.372447978
30000000 0.4358624893
35000000 0.583120791
40000000 0.72931462
45000000 0.8449304781
50000000 0.9600947888
55000000 1.0646382744
60000000 1.1518392646
65000000 1.228247314
70000000 1.2886699532
75000000 1.3494222
80000000 1.3966274112
90000000 1.479354592
100000000 1.5479308
110000000 1.610754332
120000000 1.66466664
130000000 1.712509568
140000000 1.758146456
150000000 1.81640718
160000000 1.879462033
180000000 2.01601933
200000000 2.17167615
#Header 
#Target 59 138 1
#Product 1 2 0
#Datapoints 41
1000000 0
6000000 0
7000000 1.07264124E-20
8000000 7.461876708E-15
9000000 7.738415104E-12
10000000 1.53134028E-9
11000000 1.191582364431E-7
12000000 3.236060319E-6
13000000 3.7169431244E-5
14000000 0.00022303132016
15000000 0.0008067607552
16000000 0.002010571684
17000000 0.003872000604
18000000 0.006266701532
19000000 0.009023667954
20000000 0.01199240964
22000000 0.0181835225
24000000 0.02436171361
26000000 0.03028007928
28000000 0.03682603176
30000000 0.04197282789
35000000 0.05336189925
40000000 0.063132288
45000000 0.07155259824
50000000 0.07770515308
55000000 0.08227493028
60000000 0.09009516072
65000000 0.09376565672
70000000 0.10003680946
75000000 0.1031873472
80000000 0.10848518941
90000000 0.10712053168
100000000 0.1060756281
110000000 0.10268477392
120000000 0.09973765872
130000000 0.09695115304
140000000 0.09440488365
150000000 0.093497271
160000000 0.09312644727
180000000 0.09487105979
200000000 0.1008312373
#Header 
#Target 59 138 1
#Product 1 3 0
#Datapoints 36
1000000 0
11000000 0
12000000 1.4115268995E-15
13000000 6.4829958303E-12
14000000 1.523250028E-9
15000000 7.047147424E-8
16000000 1.166939685E-6
17000000 9.371573715E-6
18000000 4.215422568E-5
19000000 0.00012341707539
20000000 0.0002545560108
22000000 0.0007514746525
24000000 0.001481825657
26000000 0.002359677936
28000000 0.003311862289
30000000 0.0042877681
35000000 0.006687678195
40000000 0.0089298195
45000000 0.010824802635
50000000 0.012456203644
55000000 0.014008682214
60000000 0.015524062064
65000000 0.01710957772
70000000 0.01878276379
75000000 0.0205547328
80000000 0.02238526714
90000000 0.02649837736
100000000 0.0313220765
110000000 0.0345063576
120000000 0.0375968628
130000000 0.04063824072
140000000 0.04370821411
150000000 0.046889577
160000000 0.05001786439
180000000 0.05635954909
200000000 0.06297134148
#Header 
#Target 59 138 1
#Product 2 3 0
#Datapoints 39
1000000 0
8000000 0
9000000 6.593645184E-20
10000000 9.44003304E-18
11000000 3.98990177888E-16
12000000 9.083501455E-15
13000000 3.5548067192E-13
14000000 1.132870526E-11
15000000 2.606403584E-10
16000000 3.605963255E-9
17000000 3.336106599E-8
18000000 2.25119524E-7
19000000 1.1794174035E-6
20000000 5.009364324E-6
22000000 5.26440486E-5
24000000 0.0002806376027
26000000 0.0008529029344
28000000 0.001802023388
30000000 0.003053744435
35000000 0.006895425845
40000000 0.01090934115
45000000 0.014642901024
50000000 0.01791886136
55000000 0.02061772056
60000000 0.02277054373
65000000 0.02468566084
70000000 0.02643316613
75000000 0.0281502648
80000000 0.02988434505
90000000 0.03356883064
100000000 0.0377152971
110000000 0.04023023592
120000000 0.04273497144
130000000 0.04526455416
140000000 0.04772940832
150000000 0.049763742
160000000 0.05183074474
180000000 0.05596583772
200000000 0.05994708136
#Header 
#Target 59 138 1
#Product 2 4 0
#Datapoints 45
1000000 0
2000000 1.0411435122E-13
3000000 6.7103742E-10
4000000 4.221518038E-8
5000000 6.64506447E-7
6000000 4.66212348E-6
7000000 1.78836493E-5
8000000 5.05825803E-5
9000000 0.00012569322304
10000000 0.0002882722536
11000000 0.000615781694327
12000000 0.0012177480105
13000000 0.0021777159239
14000000 0.0033583702612
15000000 0.004871361728
16000000 0.006754431221
17000000 0.009147430173
18000000 0.0132508348
19000000 0.02470201986
20000000 0.03029385501
22000000 0.02861557985
24000000 0.02589915081
26000000 0.0290753012
28000000 0.0326386735
30000000 0.0359183391
35000000 0.04404583975
40000000 0.0512941765
45000000 0.05680738122
50000000 0.06168333088
55000000 0.06526141731
60000000 0.06736277313
65000000 0.0692794238
70000000 0.07094558786
75000000 0.0723473856
80000000 0.07276441813
90000000 0.07487672152
100000000 0.0760450054
110000000 0.07708292044
120000000 0.07774209576
130000000 0.07832236496
140000000 0.07985899933
150000000 0.0864090528
160000000 0.09284663173
180000000 0.10551590946
200000000 0.11608272046
#Header 
#Target 59 138 1
#Product 50 110 0
#Datapoints 9
1000000 0
110000000 0
120000000 1.519850304E-14
130000000 8.863527232E-12
140000000 2.175288148E-10
150000000 3.659149914E-9
160000000 5.7621896738E-8
180000000 5.1423804614E-6
200000000 0.00014604098208
#Header 
#Target 59 138 1
#Product 51 111 0
#Datapoints 8
1000000 0
120000000 0
130000000 2.12123016E-13
140000000 1.623025151E-10
150000000 9.852230094E-9
160000000 1.4178101534E-7
180000000 1.5418199251E-5
200000000 0.0003467980171
#Header 
#Target 59 138 1
#Product 51 112 0
#Datapoints 9
1000000 0
110000000 0
120000000 1.057899528E-14
130000000 4.078144952E-11
140000000 3.5693496212E-9
150000000 6.747039516E-8
160000000 6.0791895328E-7
180000000 3.4236693881E-5
200000000 0.00050101205408
#Header 
#Target 59 138 1
#Product 51 113 0
#Datapoints 9
1000000 0
110000000 0
120000000 1.3129297776E-12
130000000 5.771261104E-10
140000000 1.23998005747E-8
150000000 1.337769846E-7
160000000 1.07597003666E-6
180000000 3.3930396786E-5
200000000 0.00033468693976
#Header 
#Target 59 138 1
#Product 52 112 0
#Datapoints 8
1000000 0
120000000 0
130000000 3.378764032E-12
140000000 3.319869135E-10
150000000 8.55565032E-9
160000000 1.5385105301E-7
180000000 1.6077296573E-5
200000000 0.0003054520112
#Header 
#Target 59 138 1
#Product 52 113 0
#Datapoints 9
1000000 0
110000000 0
120000000 3.156552504E-13
130000000 2.199847776E-10
140000000 5.2823804649E-9
150000000 9.283890168E-8
160000000 1.3772304646E-6
180000000 7.0086203226E-5
200000000 0.00090946902836
#Header 
#Target 59 138 1
#Product 52 114 0
#Datapoints 10
1000000 0
100000000 0
110000000 1.778057884E-13
120000000 3.222319968E-10
130000000 1.6242795632E-8
140000000 1.18470997029E-7
150000000 1.2995799726E-6
160000000 9.2984595979E-6
180000000 0.00026219700351
200000000 0.0019093197834
#Header 
#Target 59 138 1
#Product 52 115 0
#Datapoints 10
1000000 0
100000000 0
110000000 9.309685476E-12
120000000 2.073920436E-9
130000000 3.3646693416E-8
140000000 1.9132398637E-7
150000000 1.750160118E-6
160000000 1.08917001942E-5
180000000 0.00019190393456
200000000 0.00105513995906
#Header 
#Target 59 138 1
#Product 52 116 0
#Datapoints 11
1000000 0
90000000 0
100000000 6.84328814E-12
110000000 1.4334394708E-9
120000000 3.120259968E-8
130000000 1.6566393984E-7
140000000 7.877420408E-7
150000000 4.77071028E-6
160000000 2.0621105327E-5
180000000 0.00019584597123
200000000 0.00074728602994
#Header 
#Target 59 138 1
#Product 52 117 0
#Datapoints 12
1000000 0
80000000 0
90000000 2.959943044E-14
100000000 4.48970782E-11
110000000 2.6945496264E-9
120000000 2.2414294728E-8
130000000 9.8216998376E-8
140000000 3.6799591697E-7
150000000 1.398470388E-6
160000000 4.4372502209E-6
180000000 2.6274004497E-5
200000000 7.4159998366E-5
#Header 
#Target 59 138 1
#Product 53 114 0
#Datapoints 8
1000000 0
120000000 0
130000000 8.431009888E-14
140000000 1.855138362E-10
150000000 1.65924927E-8
160000000 2.2876902529E-7
180000000 1.7498595881E-5
200000000 0.00017987093266
#Header 
#Target 59 138 1
#Product 53 115 0
#Datapoints 9
1000000 0
110000000 0
120000000 1.663156152E-13
130000000 6.378667176E-10
140000000 4.9539704082E-8
150000000 8.393829948E-7
160000000 7.6926298765E-6
180000000 0.00023681606364
200000000 0.001658610284
#Header 
#Target 59 138 1
#Product 53 116 0
#Datapoints 10
1000000 0
100000000 0
110000000 4.65916262E-15
120000000 8.508020976E-11
130000000 3.5562398872E-8
140000000 7.148899615E-7
150000000 6.965099778E-6
160000000 4.6459007148E-5
180000000 0.00069875702078
200000000 0.0034695801246
#Header 
#Target 59 138 1
#Product 53 117 0
#Datapoints 10
1000000 0
100000000 0
110000000 1.352019056E-11
120000000 1.8185200488E-8
130000000 8.1703605032E-7
140000000 4.3579806006E-6
150000000 2.391979716E-5
160000000 0.000103508993872
180000000 0.00095243198453
200000000 0.0030590702906
#Header 
#Target 59 138 1
#Product 53 118 0
#Datapoints 11
1000000 0
90000000 0
100000000 1.310630061E-14
110000000 2.717531676E-10
120000000 7.3738703808E-8
130000000 1.0316199824E-6
140000000 3.0242996883E-6
150000000 1.140109971E-5
160000000 4.0499103469E-5
180000000 0.00021485406332
200000000 0.00047889393776
#Header 
#Target 59 138 1
#Product 53 119 0
#Datapoints 12
1000000 0
80000000 0
90000000 2.315969736E-14
100000000 4.29047762E-10
110000000 9.30827094E-8
120000000 1.4558205816E-6
130000000 5.094539296E-6
140000000 1.20203992062E-5
150000000 3.804140634E-5
160000000 9.6822406404E-5
180000000 0.00030939301198
200000000 0.00050985092818
#Header 
#Target 59 138 1
#Product 54 115 0
#Datapoints 8
1000000 0
120000000 0
130000000 1.2940199944E-12
140000000 1.771704748E-10
150000000 6.84064941E-9
160000000 1.5850597887E-7
180000000 1.3800801638E-5
200000000 0.0001513819452
#Header 
#Target 59 138 1
#Product 54 116 0
#Datapoints 9
1000000 0
110000000 0
120000000 1.87776792E-12
130000000 1.700330128E-9
140000000 3.8203494802E-8
150000000 6.360970476E-7
160000000 7.3024300663E-6
180000000 0.00018097405755
200000000 0.00120493996256
#Header 
#Target 59 138 1
#Product 54 117 0
#Datapoints 10
1000000 0
100000000 0
110000000 4.002457348E-13
120000000 2.3307006744E-9
130000000 1.37446988E-7
140000000 9.7661603853E-7
150000000 9.724999956E-6
160000000 6.1557204988E-5
180000000 0.00093744002612
200000000 0.0036534493264
#Header 
#Target 59 138 1
#Product 54 118 0
#Datapoints 11
1000000 0
90000000 0
100000000 6.25578577E-13
110000000 3.2675601316E-9
120000000 3.3080394816E-7
130000000 3.037739712E-6
140000000 1.21273000079E-5
150000000 8.139070212E-5
160000000 0.00036353302885
180000000 0.0028883898108
200000000 0.006921519767
#Header 
#Target 59 138 1
#Product 54 119 0
#Datapoints 12
1000000 0
80000000 0
90000000 1.528984796E-14
100000000 5.2362401E-10
110000000 1.232469962E-7
120000000 2.3975295624E-6
130000000 1.0347699068E-5
140000000 4.8410593792E-5
150000000 0.0002239279854
160000000 0.00074615297844
180000000 0.0035764304095
200000000 0.006666850134
#Header 
#Target 59 138 1
#Product 54 120 0
#Datapoints 13
1000000 0
75000000 0
80000000 5.266186798E-15
90000000 5.2268487E-10
100000000 1.882919519E-7
110000000 3.5269901944E-6
120000000 1.5370195176E-5
130000000 6.6932902176E-5
140000000 0.00018329307238
150000000 0.0005413020732
160000000 0.0013327701693
180000000 0.0040976302926
200000000 0.0061193591794
#Header 
#Target 59 138 1
#Product 54 121 0
#Datapoints 14
1000000 0
70000000 0
75000000 5.06506392E-14
80000000 2.191548455E-11
90000000 4.2951595624E-8
100000000 2.061889453E-6
110000000 1.09282003408E-5
120000000 2.8746001872E-5
130000000 9.0319608568E-5
140000000 0.00017995097978
150000000 0.0004233350142
160000000 0.00083061299528
180000000 0.0018649800858
200000000 0.0023916101444
#Header 
#Target 59 138 1
#Product 54 122 0
#Datapoints 16
1000000 0
60000000 0
65000000 9.330193236E-15
70000000 6.69628757E-12
75000000 8.83475208E-10
80000000 2.7116906652E-8
90000000 1.5179903776E-6
100000000 9.401789332E-6
110000000 1.8337906024E-5
120000000 5.0432704056E-5
130000000 0.0001101540006
140000000 0.0001772509277
150000000 0.0003202349724
160000000 0.00050764305164
180000000 0.00080220200086
200000000 0.00099045599644
#Header 
#Target 59 138 1
#Product 54 123 0
#Datapoints 17
1000000 0
55000000 0
60000000 1.1406494247E-13
65000000 3.10956662E-11
70000000 2.2277897383E-9
75000000 4.681260864E-8
80000000 4.3509098699E-7
90000000 4.4886796164E-6
100000000 6.971849716E-6
110000000 1.30006994404E-5
120000000 3.5080104024E-5
130000000 5.4241095888E-5
140000000 7.6190004176E-5
150000000 0.00011287899924
160000000 0.00014900898281
180000000 0.00019387602585
200000000 0.00021239595214
#Header 
#Target 59 138 1
#Product 55 118 0
#Datapoints 9
1000000 0
110000000 0
120000000 4.337767728E-14
130000000 9.436697032E-10
140000000 8.0541094843E-8
150000000 1.2473200362E-6
160000000 1.11656002226E-5
180000000 0.00021698495195
200000000 0.0006520910267
#Header 
#Target 59 138 1
#Product 55 119 0
#Datapoints 10
1000000 0
100000000 0
110000000 2.4660771E-14
120000000 5.539517424E-10
130000000 2.16272056E-7
140000000 3.49402988E-6
150000000 2.708730276E-5
160000000 0.00014725595261
180000000 0.00104749996312
200000000 0.002058710482
#Header 
#Target 59 138 1
#Product 55 120 0
#Datapoints 10
1000000 0
100000000 0
110000000 2.96241282E-11
120000000 8.0603096112E-8
130000000 2.7887196848E-6
140000000 1.09676993877E-5
150000000 4.768710408E-5
160000000 0.00016049004352
180000000 0.00068462910672
200000000 0.00121309997436
#Header 
#Target 59 138 1
#Product 55 121 0
#Datapoints 11
1000000 0
90000000 0
100000000 1.52078108E-11
110000000 6.3548695464E-8
120000000 3.4028600256E-6
130000000 1.8145799672E-5
140000000 4.657550271E-5
150000000 0.0001584250164
160000000 0.00039079200491
180000000 0.00104018998382
200000000 0.001619089691
#Header 
#Target 59 138 1
#Product 55 122 0
#Datapoints 12
1000000 0
80000000 0
90000000 4.03138352E-12
100000000 4.654570102E-8
110000000 5.8909294744E-6
120000000 5.636780604E-5
130000000 0.00016246195168
140000000 0.00032822000321
150000000 0.0007559729688
160000000 0.0014658202705
180000000 0.0028029106417
200000000 0.003792709884
#Header 
#Target 59 138 1
#Product 55 123 0
#Datapoints 14
1000000 0
70000000 0
75000000 1.82268576E-15
80000000 2.025641103E-12
90000000 2.50273985E-8
100000000 4.0133691E-6
110000000 4.0130497264E-5
120000000 9.5265103752E-5
130000000 0.0001590300264
140000000 0.00029174397725
150000000 0.0005431500018
160000000 0.00083771199533
180000000 0.0013656899438
200000000 0.001636989793
#Header 
#Target 59 138 1
#Product 55 124 0
#Datapoints 15
1000000 0
65000000 0
70000000 1.2924888662E-13
75000000 5.89113E-11
80000000 4.3061500701E-9
90000000 2.317900364E-6
100000000 6.72793017E-5
110000000 0.00023650598144
120000000 0.00030524907672
130000000 0.00046231695384
140000000 0.00072693705788
150000000 0.0010773300048
160000000 0.0014114003954
180000000 0.0017866695184
200000000 0.0019312495822
#Header 
#Target 59 138 1
#Product 55 125 0
#Datapoints 17
1000000 0
55000000 0
60000000 3.072499523E-13
65000000 9.450410004E-11
70000000 5.318810252E-9
75000000 1.2312300672E-7
80000000 2.066670671E-6
90000000 6.840679516E-5
100000000 0.0002379670124
110000000 0.00029173099236
120000000 0.00038698403184
130000000 0.00060656796592
140000000 0.00079883201145
150000000 0.0009987530028
160000000 0.00114128006486
180000000 0.0012986996828
200000000 0.0012989598446
#Header 
#Target 59 138 1
#Product 55 126 0
#Datapoints 19
1000000 0
45000000 0
50000000 1.8878576E-15
55000000 2.769927759E-12
60000000 3.267521546E-10
65000000 1.16148002864E-8
70000000 2.3457404705E-7
75000000 3.351059208E-6
80000000 2.1873396443E-5
90000000 0.000116676008032
100000000 0.00012846200341
110000000 0.000138894954
120000000 0.0002307059496
130000000 0.0003085259604
140000000 0.00037064294927
150000000 0.0004257439746
160000000 0.00045102094844
180000000 0.00048601301814
200000000 0.00047213301582
#Header 
#Target 59 138 1
#Product 55 127 0
#Datapoints 21
1000000 0
35000000 0
40000000 7.6215403E-15
45000000 9.08337597E-12
50000000 7.029917792E-10
55000000 1.39637983644E-8
60000000 2.83537961E-7
65000000 2.7351601452E-6
70000000 1.3089500683E-5
75000000 3.543019704E-5
80000000 5.9088496793E-5
90000000 5.9000194904E-5
100000000 5.922559799E-5
110000000 0.000105591007472
120000000 0.00015288397488
130000000 0.00018471593
140000000 0.00021747896038
150000000 0.000237187944
160000000 0.00025190902393
180000000 0.0002723929793
200000000 0.0002902449988
#Header 
#Target 59 138 1
#Product 56 119 0
#Datapoints 9
1000000 0
110000000 0
120000000 1.397759328E-13
130000000 3.404782528E-10
140000000 1.29091004042E-8
150000000 3.20860974E-7
160000000 4.1564693559E-6
180000000 6.0251800648E-5
200000000 0.00014188793482
#Header 
#Target 59 138 1
#Product 56 120 0
#Datapoints 10
1000000 0
100000000 0
110000000 7.941385388E-14
120000000 3.6888103728E-9
130000000 1.8594404584E-7
140000000 1.11644001337E-6
150000000 1.074870006E-5
160000000 5.5546293536E-5
180000000 0.00031053097543
200000000 0.00064007597142
#Header 
#Target 59 138 1
#Product 56 121 0
#Datapoints 11
1000000 0
90000000 0
100000000 8.67281935E-14
110000000 1.5204902936E-8
120000000 1.32223996296E-6
130000000 9.8391793416E-6
140000000 3.5766892997E-5
150000000 0.0001999170222
160000000 0.0006335839847
180000000 0.0023284903343
200000000 0.0039273295824
#Header 
#Target 59 138 1
#Product 56 122 0
#Datapoints 12
1000000 0
80000000 0
90000000 5.017150564E-13
100000000 3.34608963E-8
110000000 4.0085301452E-6
120000000 3.7934001E-5
130000000 0.000125074992392
140000000 0.00040847401309
150000000 0.001303860558
160000000 0.0029760403426
180000000 0.007483570796
200000000 0.0114772994468
#Header 
#Target 59 138 1
#Product 56 123 0
#Datapoints 13
1000000 0
75000000 0
80000000 2.406744961E-14
90000000 1.25219994988E-8
100000000 5.451169243E-6
110000000 8.2900393892E-5
120000000 0.00025981400592
130000000 0.00069097697256
140000000 0.001620440107
150000000 0.003801660324
160000000 0.0067189799137
180000000 0.013353694978
200000000 0.016708198678
#Header 
#Target 59 138 1
#Product 56 124 0
#Datapoints 15
1000000 0
65000000 0
70000000 6.518608425E-15
75000000 3.11301144E-11
80000000 9.3835993644E-9
90000000 9.8648108604E-6
100000000 0.0002031730025
110000000 0.0005761169372
120000000 0.0011725999992
130000000 0.0032734199064
140000000 0.0056563295008
150000000 0.009818930142
160000000 0.014661806585
180000000 0.02122999255
200000000 0.023655599682
#Header 
#Target 59 138 1
#Product 56 125 0
#Datapoints 16
1000000 0
60000000 0
65000000 1.984587812E-13
70000000 3.602906692E-10
75000000 7.679579544E-8
80000000 3.6164000941E-6
90000000 0.00020979495772
100000000 0.0006931799628
110000000 0.0009370420382
120000000 0.002779699356
130000000 0.0050475507488
140000000 0.006798520641
150000000 0.009844019682
160000000 0.0126325994767
180000000 0.01571929567
200000000 0.016082502538
#Header 
#Target 59 138 1
#Product 56 126 0
#Datapoints 18
1000000 0
50000000 0
55000000 5.230369503E-12
60000000 9.8856598814E-9
65000000 9.3378405656E-7
70000000 1.6925897863E-5
75000000 0.00011018600208
80000000 0.00037723899793
90000000 0.00099003097384
100000000 0.0012623199966
110000000 0.003995280658
120000000 0.0066619107072
130000000 0.0079128295904
140000000 0.0099802706113
150000000 0.012634600188
160000000 0.014300401776
180000000 0.015465295664
200000000 0.015846894464
#Header 
#Target 59 138 1
#Product 56 127 0
#Datapoints 20
1000000 0
40000000 0
45000000 6.140512944E-14
50000000 4.514267E-10
55000000 9.315919998E-8
60000000 2.9078005944E-6
65000000 2.658100388E-5
70000000 9.6867510432E-5
75000000 0.000179134956
80000000 0.00020418203498
90000000 0.0002015430472
100000000 0.0006427140746
110000000 0.0011583600634
120000000 0.0013421699676
130000000 0.0016073595104
140000000 0.0019136197069
150000000 0.002125889976
160000000 0.0023086300828
180000000 0.0023734597718
200000000 0.0023975602824
#Header 
#Target 59 138 1
#Product 56 128 0
#Datapoints 22
1000000 0
30000000 0
35000000 3.385269415E-12
40000000 1.0342700635E-8
45000000 1.05708004245E-6
50000000 1.58774993524E-5
55000000 9.142100397E-5
60000000 0.00030175799086
65000000 0.00052358400356
70000000 0.00054700208024
75000000 0.0004409320104
80000000 0.00047371200604
90000000 0.001639480588
100000000 0.002778190038
110000000 0.0030676002132
120000000 0.003510340092
130000000 0.004057480056
140000000 0.0046054497643
150000000 0.004931920014
160000000 0.0051374094531
180000000 0.0053330799093
200000000 0.0054217197842
#Header 
#Target 59 138 1
#Product 56 129 0
#Datapoints 25
1000000 0
24000000 0
26000000 7.877996544E-14
28000000 5.066918014E-12
30000000 1.194689594E-10
35000000 2.6721195765E-8
40000000 5.75150919E-7
45000000 3.8086094055E-6
50000000 9.55433939E-6
55000000 1.09445999256E-5
60000000 7.3621389178E-6
65000000 5.1604292144E-6
70000000 7.1289305367E-6
75000000 1.92284064E-5
80000000 3.7835001661E-5
90000000 6.459010328E-5
100000000 8.279820068E-5
110000000 0.000100034987424
120000000 0.000121441003488
130000000 0.00014463004696
140000000 0.00016585800572
150000000 0.0001902900342
160000000 0.00021111593395
180000000 0.00025020603712
200000000 0.000271961057
#Header 
#Target 59 138 1
#Product 56 130 0
#Datapoints 34
1000000 0
13000000 0
14000000 2.6005997088E-14
15000000 5.65383168E-13
16000000 6.312643188E-12
17000000 4.220607648E-11
18000000 2.176613712E-10
19000000 9.711484503E-10
20000000 3.8213693028E-9
22000000 3.916490292E-8
24000000 2.3799201647E-7
26000000 9.1369999248E-7
28000000 2.3362099294E-6
30000000 4.5054304925E-6
35000000 1.9040000595E-5
40000000 5.659940305E-5
45000000 9.2132399493E-5
50000000 8.0412408532E-5
55000000 5.6484796041E-5
60000000 7.2806093375E-5
65000000 0.00017182706476
70000000 0.00030299608493
75000000 0.0004349180304
80000000 0.00054594998738
90000000 0.00063450394056
100000000 0.0007142219877
110000000 0.00085435602972
120000000 0.0010020400488
130000000 0.00115860991736
140000000 0.0013521006697
150000000 0.001495680312
160000000 0.001659509514
180000000 0.0018981394445
200000000 0.0020605501802
#Header 
#Target 59 138 1
#Product 56 131 0
#Datapoints 43
1000000 0
4000000 0
5000000 1.085717556E-19
6000000 1.754548236E-17
7000000 3.82250616E-15
8000000 9.226441926E-14
9000000 1.2484086272E-12
10000000 1.030450104E-11
11000000 5.7820311212E-11
12000000 2.34622549E-10
13000000 7.5651726656E-10
14000000 2.0157404882E-9
15000000 4.685700144E-9
16000000 9.8696006626E-9
17000000 1.9234902294E-8
18000000 3.5763695856E-8
19000000 6.9824195154E-8
20000000 1.15875003195E-7
22000000 2.21209989E-7
24000000 3.3773594959E-7
26000000 4.9820600984E-7
28000000 6.8056702646E-7
30000000 8.6302603233E-7
35000000 9.1059005785E-7
40000000 6.168510265E-7
45000000 4.99656057E-7
50000000 9.008270136E-7
55000000 3.2040203913E-6
60000000 8.6123201148E-6
65000000 1.52516997504E-5
70000000 2.0614200971E-5
75000000 2.488889592E-5
80000000 2.8576408298E-5
90000000 3.5300095896E-5
100000000 4.347730088E-5
110000000 5.81083068E-5
120000000 8.2678302504E-5
130000000 0.000112112989912
140000000 0.00014391493886
150000000 0.000170103045
160000000 0.00019335498363
180000000 0.00022284202395
200000000 0.00024047203232
#Header 
#Target 59 138 1
#Product 56 132 0
#Datapoints 28
1000000 0
19000000 0
20000000 4.052789478E-15
22000000 4.693957125E-13
24000000 1.985917843E-11
26000000 3.75357884E-10
28000000 3.7006197842E-9
30000000 1.8874607269E-8
35000000 2.1606598035E-7
40000000 1.995970425E-6
45000000 7.4284001736E-6
50000000 1.6564194668E-5
55000000 3.1429002942E-5
60000000 4.319480019E-5
65000000 4.8540102376E-5
70000000 5.1922401258E-5
75000000 5.576280192E-5
80000000 6.1228996832E-5
90000000 8.21308022E-5
100000000 0.00012439100492
110000000 0.0001943440718
120000000 0.00028316397312
130000000 0.00036710799608
140000000 0.00043994296709
150000000 0.0004962570396
160000000 0.00053655801056
180000000 0.00058432005853
200000000 0.00061035596376
#Header 
#Target 59 138 1
#Product 56 133 0
#Datapoints 29
1000000 0
18000000 0
19000000 3.168840192E-15
20000000 3.919144095E-14
22000000 1.99642443E-12
24000000 3.463233306E-11
26000000 3.07535844E-10
28000000 1.7564697402E-9
30000000 7.2122293166E-9
35000000 8.6590698755E-8
40000000 3.309889205E-7
45000000 7.2451001931E-7
50000000 1.05915995528E-6
55000000 1.26058002192E-6
60000000 1.43583998705E-6
65000000 1.6183497928E-6
70000000 1.8870092668E-6
75000000 2.438609544E-6
80000000 3.6033099921E-6
90000000 9.9696207352E-6
100000000 2.224199718E-5
110000000 3.7189302484E-5
120000000 5.1118397568E-5
130000000 6.1867593536E-5
140000000 7.0317100744E-5
150000000 7.54106031E-5
160000000 7.8642698099E-5
180000000 8.2674300631E-5
200000000 8.227158921E-5
#Header 
#Target 59 138 1
#Product 57 122 0
#Datapoints 9
1000000 0
110000000 0
120000000 3.330979848E-10
130000000 1.28287995584E-7
140000000 1.7720595321E-6
150000000 7.730300802E-6
160000000 2.7226296591E-5
180000000 0.000112820991036
200000000 0.00020422799026
#Header 
#Target 59 138 1
#Product 57 123 0
#Datapoints 10
1000000 0
100000000 0
110000000 2.45789498E-10
120000000 4.8017107152E-7
130000000 1.25279004704E-5
140000000 3.9918104369E-5
150000000 0.00012416200104
160000000 0.00028866293669
180000000 0.00076841893973
200000000 0.00114081002114
#Header 
#Target 59 138 1
#Product 57 124 0
#Datapoints 11
1000000 0
90000000 0
100000000 2.28601776E-11
110000000 3.8679405216E-7
120000000 1.9768396032E-5
130000000 0.000118667000872
140000000 0.00025864802821
150000000 0.0005739939912
160000000 0.00111074992415
180000000 0.0019997306108
200000000 0.0025995494556
#Header 
#Target 59 138 1
#Product 57 125 0
#Datapoints 12
1000000 0
80000000 0
90000000 6.837050516E-10
100000000 2.08913978E-6
110000000 0.000125937998392
120000000 0.00104573996352
130000000 0.002071829816
140000000 0.0030577192954
150000000 0.005506759524
160000000 0.008149930071
180000000 0.0113629999106
200000000 0.0120535001278
#Header 
#Target 59 138 1
#Product 57 126 0
#Datapoints 13
1000000 0
75000000 0
80000000 4.039414642E-11
90000000 9.77678003E-7
100000000 0.0001805710023
110000000 0.0023819205288
120000000 0.0053341101072
130000000 0.0064377294296
140000000 0.0093595105428
150000000 0.01380040578
160000000 0.017520301233
180000000 0.020556202056
200000000 0.020261300604
#Header 
#Target 59 138 1
#Product 57 127 0
#Datapoints 16
1000000 0
60000000 0
65000000 3.841927544E-15
70000000 1.0050596829E-10
75000000 3.91766004E-8
80000000 1.557230141E-6
90000000 0.00032726205872
100000000 0.003960969857
110000000 0.0076022697972
120000000 0.0081376302672
130000000 0.0111934996096
140000000 0.014001402833
150000000 0.01738400454
160000000 0.018512693946
180000000 0.01816740029
200000000 0.017364303874
#Header 
#Target 59 138 1
#Product 57 128 0
#Datapoints 17
1000000 0
55000000 0
60000000 1.0154799418E-11
65000000 1.46907006112E-8
70000000 1.05143999786E-6
75000000 2.29696992E-5
80000000 0.00030585202231
90000000 0.0058443999848
100000000 0.011069700356
110000000 0.0104857001968
120000000 0.0130947007968
130000000 0.017222705192
140000000 0.019419694624
150000000 0.02026050012
160000000 0.020304504469
180000000 0.019765396352
200000000 0.017511504574
#Header 
#Target 59 138 1
#Product 57 129 0
#Datapoints 19
1000000 0
45000000 0
50000000 1.5591287576E-11
55000000 2.3249205387E-8
60000000 9.2836994719E-7
65000000 1.7836805164E-5
70000000 0.00022708299614
75000000 0.0009984449664
80000000 0.0020382600806
90000000 0.0026891601284
100000000 0.002548159926
110000000 0.0035118407912
120000000 0.0047057402952
130000000 0.0056456897392
140000000 0.0065271094856
150000000 0.00716430057
160000000 0.0074025407043
180000000 0.0077012203489
200000000 0.007816959637
#Header 
#Target 59 138 1
#Product 57 130 0
#Datapoints 21
1000000 0
35000000 0
40000000 3.1256064E-13
45000000 5.6711197065E-9
50000000 5.8301198552E-7
55000000 1.3214199141E-5
60000000 0.00023547604558
65000000 0.001992560262
70000000 0.0058852409371
75000000 0.008748289872
80000000 0.0087785906535
90000000 0.0066776401588
100000000 0.007749789801
110000000 0.0103669013616
120000000 0.0119676998448
130000000 0.0130569003936
140000000 0.013536503772
150000000 0.0138733959
160000000 0.014055994357
180000000 0.014256504561
200000000 0.013807202064
#Header 
#Target 59 138 1
#Product 57 131 0
#Datapoints 24
1000000 0
26000000 0
28000000 1.1459988916E-14
30000000 9.014974654E-12
35000000 9.8620797715E-8
40000000 2.727839975E-6
45000000 5.3360105511E-5
50000000 0.00063716595396
55000000 0.0026257307328
60000000 0.0053330095829
65000000 0.0068911804408
70000000 0.0063149591379
75000000 0.005040330624
80000000 0.0045246608468
90000000 0.0058111496352
100000000 0.008237409258
110000000 0.0098615500548
120000000 0.011252700144
130000000 0.0122312012816
140000000 0.013221603208
150000000 0.01361899812
160000000 0.013876199358
180000000 0.013818802036
200000000 0.014202296196
#Header 
#Target 59 138 1
#Product 57 132 0
#Datapoints 28
1000000 0
19000000 0
20000000 3.447309051E-15
22000000 2.31849761E-12
24000000 1.813480929E-10
26000000 2.5313404424E-9
28000000 1.34590000305E-8
30000000 5.084279186E-8
35000000 1.049000062E-6
40000000 3.700780575E-5
45000000 0.0003137949408
50000000 0.0007816310352
55000000 0.00096950503395
60000000 0.00085303995129
65000000 0.00069757599684
70000000 0.00062459901826
75000000 0.0006664950432
80000000 0.0008183430828
90000000 0.00133289003908
100000000 0.001906129979
110000000 0.0023728203472
120000000 0.002790599364
130000000 0.0031078504576
140000000 0.0033517298023
150000000 0.00343351071
160000000 0.0035620402403
180000000 0.0035962497818
200000000 0.0036400695902
#Header 
#Target 59 138 1
#Product 57 133 0
#Datapoints 32
1000000 0
15000000 0
16000000 1.0612493789E-13
17000000 5.429694672E-12
18000000 1.414705656E-10
19000000 2.1315899724E-9
20000000 2.0219295897E-8
22000000 5.9541193855E-7
24000000 4.9332104848E-6
26000000 1.7385999928E-5
28000000 4.4172006901E-5
30000000 0.000101821997298
35000000 0.00046558505455
40000000 0.0010167599105
45000000 0.00119481008976
50000000 0.00094472501844
55000000 0.00076268300598
60000000 0.0007090341065
65000000 0.000799380061
70000000 0.00108031005992
75000000 0.001512439992
80000000 0.0020089907318
90000000 0.003131580228
100000000 0.004209739794
110000000 0.0050444198204
120000000 0.005672590056
130000000 0.0061008501344
140000000 0.0063884706743
150000000 0.006533779728
160000000 0.0065705206513
180000000 0.0066730694251
200000000 0.0066196303854
#Header 
#Target 59 138 1
#Product 57 134 0
#Datapoints 40
1000000 0
7000000 0
8000000 5.958735705E-15
9000000 6.097478016E-13
10000000 2.45368728E-11
11000000 4.650856313229E-10
12000000 4.28628006065E-9
13000000 2.10735989101E-8
14000000 7.08700950932E-8
15000000 1.968459504E-7
16000000 4.8827003073E-7
17000000 1.10366991978E-6
18000000 2.284259558E-6
19000000 4.4386900362E-6
20000000 8.0046307782E-6
22000000 2.1028099235E-5
24000000 4.228689816E-5
26000000 7.4297406216E-5
28000000 0.000115192008025
30000000 0.00015484296919
35000000 0.0001865109763
40000000 0.0001595059918
45000000 0.000135002995965
50000000 0.000132322999704
55000000 0.00017979501879
60000000 0.00029811502551
65000000 0.0005016319986
70000000 0.0007608869744
75000000 0.0010754199792
80000000 0.00139130996726
90000000 0.0019928203504
100000000 0.002424659874
110000000 0.0027288604452
120000000 0.0029342508552
130000000 0.0030364494944
140000000 0.0031121806331
150000000 0.003116320074
160000000 0.0031142993375
180000000 0.0030732700557
200000000 0.0030340995862
#Header 
#Target 59 138 1
#Product 57 135 0
#Datapoints 27
1000000 0
20000000 0
22000000 1.1555496095E-14
24000000 2.425817771E-12
26000000 1.4076989784E-10
28000000 3.5808892557E-9
30000000 4.5872401218E-8
35000000 1.87382976E-6
40000000 8.46751929E-6
45000000 2.7096993675E-5
50000000 7.3342993924E-5
55000000 0.00016971099264
60000000 0.0003217650525
65000000 0.00052093201668
70000000 0.00071779905323
75000000 0.0009008429472
80000000 0.00105540005914
90000000 0.0012816299786
100000000 0.0014003499666
110000000 0.001467220532
120000000 0.0015088101336
130000000 0.0015247895992
140000000 0.0015338200306
150000000 0.001518299958
160000000 0.0014865503031
180000000 0.0014565099042
200000000 0.0014171502058
#Header 
#Target 59 138 1
#Product 57 136 0
#Datapoints 27
1000000 0
20000000 0
22000000 2.885454E-13
24000000 5.196168978E-11
26000000 1.657539796E-9
28000000 1.7351099529E-8
30000000 8.5145306428E-8
35000000 1.06010001735E-6
40000000 5.708519505E-6
45000000 2.0585900736E-5
50000000 5.6563290324E-5
55000000 0.000112433006043
60000000 0.00017387406124
65000000 0.00022789602224
70000000 0.00027000803837
75000000 0.0003011749776
80000000 0.0003209579702
90000000 0.00034416100528
100000000 0.0003501599712
110000000 0.00034854000624
120000000 0.0003456139428
130000000 0.00034108093432
140000000 0.00033187190542
150000000 0.0003224009796
160000000 0.00031620996573
180000000 0.00030274599264
200000000 0.00028881199688
#Header 
#Target 59 138 1
#Product 58 124 0
#Datapoints 10
1000000 0
100000000 0
110000000 2.6936801028E-9
120000000 2.3707803168E-7
130000000 1.591939804E-6
140000000 4.2612300533E-6
150000000 1.862859936E-5
160000000 5.2287999886E-5
180000000 0.00012704203759
200000000 0.00019234994964
#Header 
#Target 59 138 1
#Product 58 125 0
#Datapoints 11
1000000 0
90000000 0
100000000 5.636630454E-9
110000000 1.09182999756E-6
120000000 1.34798003928E-5
130000000 4.0229399672E-5
140000000 8.9208298949E-5
150000000 0.0002557539432
160000000 0.00047094795935
180000000 0.00082108095966
200000000 0.00093019799242
#Header 
#Target 59 138 1
#Product 58 126 0
#Datapoints 12
1000000 0
80000000 0
90000000 3.1509198948E-8
100000000 1.4303198E-5
110000000 0.00020807297576
120000000 0.0004203150588
130000000 0.00065287004776
140000000 0.00130183013675
150000000 0.002370550098
160000000 0.0033525595669
180000000 0.0043123803424
200000000 0.004309489928
#Header 
#Target 59 138 1
#Product 58 127 0
#Datapoints 14
1000000 0
70000000 0
75000000 1.094288832E-12
80000000 1.0702500195E-9
90000000 3.2050398976E-6
100000000 5.47977989E-5
110000000 9.2290208672E-5
120000000 0.000129921005592
130000000 0.00028718503856
140000000 0.00045115506788
150000000 0.0006635730234
160000000 0.00079501399735
180000000 0.00092110005754
200000000 0.00092732292052
#Header 
#Target 59 138 1
#Product 58 128 0
#Datapoints 16
1000000 0
60000000 0
65000000 2.582155996E-12
70000000 5.6680398768E-8
75000000 9.620570232E-6
80000000 0.00019841404106
90000000 0.003438629918
100000000 0.0055870893
110000000 0.0059539997516
120000000 0.0133975005696
130000000 0.020023695328
140000000 0.022910097529
150000000 0.02444529738
160000000 0.025062205264
180000000 0.02491250034
200000000 0.02174539421
#Header 
#Target 59 138 1
#Product 58 129 0
#Datapoints 18
1000000 0
50000000 0
55000000 3.175857882E-14
60000000 4.4519307025E-8
65000000 1.8172503644E-5
70000000 0.00046382998935
75000000 0.00322220052
80000000 0.0081954504638
90000000 0.0114213005732
100000000 0.009823539544
110000000 0.023875398424
120000000 0.037073104488
130000000 0.039386194288
140000000 0.041348398663
150000000 0.04229140776
160000000 0.041850996083
180000000 0.038300100696
200000000 0.03559300504
#Header 
#Target 59 138 1
#Product 58 130 0
#Datapoints 20
1000000 0
40000000 0
45000000 1.206079734E-12
50000000 1.3799900788E-6
55000000 0.00015211999584
60000000 0.0017677503157
65000000 0.008765580438
70000000 0.01835240757
75000000 0.02168269992
80000000 0.017761598606
90000000 0.01628179882
100000000 0.04142860228
110000000 0.059159404124
120000000 0.0604236024
130000000 0.06033500508
140000000 0.059526401693
150000000 0.0579625011
160000000 0.055888095812
180000000 0.050959101492
200000000 0.047037803566
#Header 
#Target 59 138 1
#Product 58 131 0
#Datapoints 21
1000000 0
35000000 0
40000000 4.482120805E-7
45000000 0.00018615007314
50000000 0.0030197699816
55000000 0.01399779954
60000000 0.025228902836
65000000 0.025609500568
70000000 0.018306197189
75000000 0.013104600768
80000000 0.016469003215
90000000 0.045066896176
100000000 0.0602276012
110000000 0.060527898364
120000000 0.059623302312
130000000 0.058682000776
140000000 0.057823306123
150000000 0.05599580406
160000000 0.053898895633
180000000 0.049850297172
200000000 0.047777595776
#Header 
#Target 59 138 1
#Product 58 132 0
#Datapoints 25
1000000 0
24000000 0
26000000 7.715017904E-10
28000000 3.8419200873E-7
30000000 1.6695595259E-5
35000000 0.00120272013015
40000000 0.008391150785
45000000 0.025090101978
50000000 0.034581202072
55000000 0.02882440566
60000000 0.018694096249
65000000 0.015306800658
70000000 0.027238297282
75000000 0.05108719896
80000000 0.068207303372
90000000 0.079015697632
100000000 0.08086769405
110000000 0.080524597472
120000000 0.079472298528
130000000 0.078366505392
140000000 0.077080499078
150000000 0.07472029572
160000000 0.072379695241
180000000 0.069629301118
200000000 0.067472403492
#Header 
#Target 59 138 1
#Product 58 133 0
#Datapoints 32
1000000 0
15000000 0
16000000 5.693354579E-15
17000000 1.916280495E-11
18000000 2.176159384E-9
19000000 5.6060703699E-8
20000000 6.0890598342E-7
22000000 1.44452022E-5
24000000 7.3244004613E-5
26000000 0.00023618206128
28000000 0.00061025708455
30000000 0.00125629987595
35000000 0.0027768898795
40000000 0.00264514067
45000000 0.0016392595158
50000000 0.00117775993768
55000000 0.00121073003478
60000000 0.0022328500118
65000000 0.0037241204004
70000000 0.0052078501244
75000000 0.00659774052
80000000 0.0078253106844
90000000 0.010033800326
100000000 0.011370800103
110000000 0.0119729003564
120000000 0.0123198993792
130000000 0.0125469994384
140000000 0.0125927991684
150000000 0.01240390011
160000000 0.0123083004736
180000000 0.0120029001742
200000000 0.0117493002542
#Header 
#Target 59 138 1
#Product 58 134 0
#Datapoints 42
1000000 0
5000000 0
6000000 2.14460676E-12
7000000 8.32581332E-10
8000000 5.7022297974E-8
9000000 1.25587982912E-6
10000000 1.1954398752E-5
11000000 6.032993910256E-5
12000000 0.000201134960695
13000000 0.000478689014287
14000000 0.000745420045968
15000000 0.0011024000224
16000000 0.0015978796261
17000000 0.0021964394403
18000000 0.0031078701388
19000000 0.0049890902208
20000000 0.0074406297465
22000000 0.0119746001375
24000000 0.015603101241
26000000 0.019786797272
28000000 0.022412004957
30000000 0.022329796496
35000000 0.016083403435
40000000 0.01150660045
45000000 0.0120191008212
50000000 0.021906992756
55000000 0.033272196012
60000000 0.04364400202
65000000 0.051073599204
70000000 0.055926891958
75000000 0.05936529312
80000000 0.062176702326
90000000 0.065305495308
100000000 0.06594450187
110000000 0.0655217929
120000000 0.064576301328
130000000 0.063521695328
140000000 0.062123896109
150000000 0.06029409666
160000000 0.058584904958
180000000 0.055399304857
200000000 0.052769798824
#Header 
#Target 59 138 1
#Product 58 135 0
#Datapoints 46
1000000 0
1000000 0
2000000 5.6019115957E-14
3000000 3.141859774E-10
4000000 1.70745020876E-8
5000000 2.3443099746E-7
6000000 1.4227199316E-6
7000000 4.888620407E-6
8000000 1.31909998815E-5
9000000 3.2765206208E-5
10000000 7.58784132E-5
11000000 0.0001610410014254
12000000 0.00030905297885
13000000 0.000534340024108
14000000 0.000840563004388
15000000 0.00123316992
16000000 0.0017133000623
17000000 0.0023517002058
18000000 0.0035142497964
19000000 0.0070153900782
20000000 0.0081180896166
22000000 0.0058757502375
24000000 0.0035430495568
26000000 0.002879159492
28000000 0.0024054196285
30000000 0.0020357099623
35000000 0.0020485396525
40000000 0.003639849855
45000000 0.006514069875
50000000 0.0097970499016
55000000 0.01252800027
60000000 0.0143534001548
65000000 0.015687805988
70000000 0.016677101049
75000000 0.01737599472
80000000 0.017800794367
90000000 0.018024996228
100000000 0.01788370194
110000000 0.01754080112
120000000 0.017033106384
130000000 0.016523899784
140000000 0.016049905124
150000000 0.01533689598
160000000 0.014763397388
180000000 0.013754803426
200000000 0.01289130316
#Header 
#Target 59 138 1
#Product 58 136 0
#Datapoints 36
1000000 0
11000000 0
12000000 9.06943467E-15
13000000 3.5442196394E-13
14000000 1.1288224192E-11
15000000 2.597309056E-10
16000000 3.5977394765E-9
17000000 3.3614100813E-8
18000000 2.3768898636E-7
19000000 1.4239196055E-6
20000000 7.6520398194E-6
22000000 0.000124769000785
24000000 0.0007177349699
26000000 0.0019121494656
28000000 0.0035109000354
30000000 0.0053999901858
35000000 0.011167200737
40000000 0.01804980525
45000000 0.02543209368
50000000 0.032261005752
55000000 0.037762192629
60000000 0.041922103717
65000000 0.044709592936
70000000 0.046577502769
75000000 0.04779109944
80000000 0.048453295824
90000000 0.048203992484
100000000 0.04721659384
110000000 0.045678390664
120000000 0.043842308832
130000000 0.041970002256
140000000 0.040154200658
150000000 0.03824899722
160000000 0.036241299443
180000000 0.033061694549
200000000 0.030402199056
#Header 
#Target 59 138 1
#Product 58 137 0
#Datapoints 39
1000000 0
8000000 0
9000000 5.672117696E-13
10000000 1.366258752E-10
11000000 5.7271509139071E-9
12000000 6.6799406062E-8
13000000 3.27676995613E-7
14000000 1.0573996146E-6
15000000 2.7215895872E-6
16000000 5.9620001558E-6
17000000 1.1419304418E-5
18000000 1.942389694E-5
19000000 3.006590055E-5
20000000 4.4293096188E-5
22000000 8.935449523E-5
24000000 0.00018084502189
26000000 0.00036116198888
28000000 0.00067205196591
30000000 0.00112749997514
35000000 0.0026873501655
40000000 0.00427172022
45000000 0.0055192506693
50000000 0.0064032698788
55000000 0.0070383007944
60000000 0.0074213203523
65000000 0.0077088100232
70000000 0.0078421792554
75000000 0.007902139896
80000000 0.0078809600178
90000000 0.0076884690768
100000000 0.007388998929
110000000 0.0070555502464
120000000 0.0067106096568
130000000 0.0063957799584
140000000 0.0060676996864
150000000 0.00571658073
160000000 0.0054114291818
180000000 0.0048767900168
200000000 0.0044423394914
#Header 
#Target 59 138 1
#Product 59 128 0
#Datapoints 12
1000000 0
80000000 0
90000000 2.514069588E-14
100000000 3.351879492E-7
110000000 2.5479204888E-5
120000000 0.00026026892136
130000000 0.00047976299784
140000000 0.00053374893825
150000000 0.0005999470176
160000000 0.00061260798729
180000000 0.00061685003445
200000000 0.0005400849582
#Header 
#Target 59 138 1
#Product 59 129 0
#Datapoints 13
1000000 0
75000000 0
80000000 3.517405825E-11
90000000 8.7655707928E-7
100000000 7.274999862E-5
110000000 0.00047221704912
120000000 0.0005939660664
130000000 0.00046936603896
140000000 0.00042988899239
150000000 0.0003907850142
160000000 0.00036711901816
180000000 0.00030024600749
200000000 0.00025772395436
#Header 
#Target 59 138 1
#Product 59 130 0
#Datapoints 15
1000000 0
65000000 0
70000000 1.4579398211E-12
75000000 2.930670288E-8
80000000 3.5791395213E-6
90000000 0.00059019602796
100000000 0.006743059479
110000000 0.0118457002868
120000000 0.0106099004088
130000000 0.0096052002536
140000000 0.0091804896513
150000000 0.008720460084
160000000 0.0080070297935
180000000 0.0069422700477
200000000 0.0062524596672
#Header 
#Target 59 138 1
#Product 59 131 0
#Datapoints 17
1000000 0
55000000 0
60000000 3.857822259E-12
65000000 1.09277991028E-7
70000000 8.4118092387E-6
75000000 0.0001215229932
80000000 0.00098230704665
90000000 0.0050266193508
100000000 0.006096779949
110000000 0.0061906904548
120000000 0.006219699696
130000000 0.0060152005648
140000000 0.0058836194945
150000000 0.005583189528
160000000 0.0053175802853
180000000 0.0048984195273
200000000 0.0046016503992
#Header 
#Target 59 138 1
#Product 59 132 0
#Datapoints 19
1000000 0
45000000 0
50000000 1.2759291772E-14
55000000 7.025500089E-8
60000000 3.4770003313E-5
65000000 0.00058824500652
70000000 0.0074510995587
75000000 0.03535429464
80000000 0.067428293213
90000000 0.07269380544
100000000 0.0559877955
110000000 0.048297098972
120000000 0.043636691952
130000000 0.040449499552
140000000 0.037954697506
150000000 0.03558160284
160000000 0.033460700087
180000000 0.030546498684
200000000 0.02859059942
#Header 
#Target 59 138 1
#Product 59 133 0
#Datapoints 21
1000000 0
35000000 0
40000000 2.4778622E-13
45000000 9.7767804057E-7
50000000 8.826290006E-5
55000000 0.0020607699564
60000000 0.0140513012814
65000000 0.027038692512
70000000 0.031578698956
75000000 0.03073800744
80000000 0.029294202103
90000000 0.028832201776
100000000 0.02841840261
110000000 0.02744380124
120000000 0.026526605112
130000000 0.025754402912
140000000 0.024930203903
150000000 0.02390669904
160000000 0.023057804434
180000000 0.021663794568
200000000 0.02080529725
#Header 
#Target 59 138 1
#Product 59 134 0
#Datapoints 22
1000000 0
30000000 0
35000000 4.689740275E-7
40000000 0.00021583506
45000000 0.0031469303709
50000000 0.045336497564
55000000 0.122425008174
60000000 0.155074010751
65000000 0.14139999544
70000000 0.117850995689
75000000 0.10267600392
80000000 0.094608906022
90000000 0.084609597908
100000000 0.07722829959
110000000 0.070830102732
120000000 0.066233007288
130000000 0.062937296352
140000000 0.060064803051
150000000 0.05675479194
160000000 0.053606106125
180000000 0.048895405091
200000000 0.04545849533
#Header 
#Target 59 138 1
#Product 59 135 0
#Datapoints 27
1000000 0
20000000 0
22000000 7.457879715E-10
24000000 8.3637902699E-7
26000000 3.616119804E-5
28000000 0.00026213001692
30000000 0.00078640994866
35000000 0.026336600345
40000000 0.124052995
45000000 0.22456193136
50000000 0.25207699144
55000000 0.22224000051
60000000 0.1979089607
65000000 0.1863779916
70000000 0.18033796732
75000000 0.1749730248
80000000 0.1699760181
90000000 0.15807793356
100000000 0.1479529376
110000000 0.138164984084
120000000 0.13042199772
130000000 0.123349995552
140000000 0.116511995292
150000000 0.10941899934
160000000 0.10355800664
180000000 0.093842095945
200000000 0.085734196866
#Header 
#Target 59 138 1
#Product 59 136 0
#Datapoints 36
1000000 0
11000000 0
12000000 1.401337406E-15
13000000 6.4678690637E-12
14000000 1.51912999584E-9
15000000 7.026459376E-8
16000000 1.1630096523E-6
17000000 9.3338796396E-6
18000000 4.1953197496E-5
19000000 0.00012270600909
20000000 0.00025289693802
22000000 0.0008002279571
24000000 0.0041608894028
26000000 0.02494690088
28000000 0.069904092355
30000000 0.120222993387
35000000 0.21804300045
40000000 0.2445189135
45000000 0.23203501146
50000000 0.22547591808
55000000 0.22030696953
60000000 0.21463806304
65000000 0.20809696768
70000000 0.20129597782
75000000 0.1941110136
80000000 0.18683094078
90000000 0.17146095976
100000000 0.1573279513
110000000 0.14534301928
120000000 0.134710000992
130000000 0.125535000472
140000000 0.117768999315
150000000 0.10961100528
160000000 0.102589991601
180000000 0.091036798294
200000000 0.082040701496
#Header 
#Target 59 138 1
#Product 59 137 0
#Datapoints 40
1000000 0
7000000 0
8000000 7.447985532E-15
9000000 7.928481344E-12
10000000 5.803609104E-8
11000000 2.318350770339E-5
12000000 0.000693488001985
13000000 0.00474741972001
14000000 0.0120736952292
15000000 0.023776902272
16000000 0.037903003498
17000000 0.05030849343
18000000 0.062035702652
19000000 0.075078800769
20000000 0.091682909289
22000000 0.132011001265
24000000 0.17831803678
26000000 0.21853995416
28000000 0.24554600553
30000000 0.26024595387
35000000 0.2829370401
40000000 0.2923019185
45000000 0.28965296058
50000000 0.28007398408
55000000 0.26755500825
60000000 0.25720801702
65000000 0.24513207024
70000000 0.23412099207
75000000 0.2207400552
80000000 0.2102079546
90000000 0.1884300186
100000000 0.1704159301
110000000 0.15557496836
120000000 0.1432160352
130000000 0.132886001864
140000000 0.123838999163
150000000 0.11499099948
160000000 0.107266000159
180000000 0.094719596413
200000000 0.085057992874
#Header 
#Target 59 138 1
#Product 59 138 0
#Datapoints 46
1000000 0
1000000 0
2000000 1.27318018916E-17
3000000 5.536789788E-11
4000000 2.25940024854E-8
5000000 7.2394587705E-7
6000000 4.624639596E-6
7000000 2.631210197E-5
8000000 0.000144987991902
9000000 0.00050501105536
10000000 0.0012710602224
11000000 0.0026196805252564
12000000 0.00471372967
13000000 0.00749887998376
14000000 0.0106570976004
15000000 0.013955302816
16000000 0.017287004689
17000000 0.020492702817
18000000 0.023323501768
19000000 0.025594302216
20000000 0.027280903113
22000000 0.029302396695
24000000 0.030066896275
26000000 0.030104697216
28000000 0.029506599618
30000000 0.028632399614
35000000 0.02585369435
40000000 0.0228871017
45000000 0.020134506636
50000000 0.017472701976
55000000 0.0152034992901
60000000 0.0132242007255
65000000 0.0116940005492
70000000 0.0100636992281
75000000 0.008973778968
80000000 0.007766679551
90000000 0.006150400168
100000000 0.005003170523
110000000 0.0041850406624
120000000 0.0035774506656
130000000 0.0030997397536
140000000 0.0027457598784
150000000 0.002417700726
160000000 0.0021699206029
180000000 0.0017785996345
200000000 0.001515589587
#Header 
#Target 59 138 1
#Product 60 130 0
#Datapoints 12
1000000 0
80000000 0
90000000 8.035498734E-6
100000000 0.0001541360171
110000000 0.00026932099776
120000000 0.0002112410664
130000000 0.0001744309952
140000000 0.00016075096114
150000000 0.000141391992
160000000 0.000120240006772
180000000 9.161369464E-5
200000000 7.6043496538E-5
#Header 
#Target 59 138 1
#Product 60 131 0
#Datapoints 14
1000000 0
70000000 0
75000000 1.715740488E-7
80000000 3.3924594596E-5
90000000 0.00098716899928
100000000 0.0013711300096
110000000 0.00083772802036
120000000 0.00062291899152
130000000 0.00049964104848
140000000 0.00042332403575
150000000 0.0003398149692
160000000 0.00028400801083
180000000 0.00022226994959
200000000 0.00016822903426
#Header 
#Target 59 138 1
#Product 60 132 0
#Datapoints 16
1000000 0
60000000 0
65000000 2.9380897208E-5
70000000 0.00107616002109
75000000 0.004721709888
80000000 0.0085855205944
90000000 0.007324650214
100000000 0.003739489923
110000000 0.0025483892272
120000000 0.0019700805096
130000000 0.0015476106576
140000000 0.00123608007017
150000000 0.0010366499262
160000000 0.00088646193751
180000000 0.00066510296671
200000000 0.00052798195516
#Header 
#Target 59 138 1
#Product 60 133 0
#Datapoints 18
1000000 0
50000000 0
55000000 7.3320803343E-5
60000000 0.0055143395431
65000000 0.024994603
70000000 0.040587606745
75000000 0.03664560312
80000000 0.024203896778
90000000 0.011264299872
100000000 0.007436750412
110000000 0.0055392994004
120000000 0.004268809188
130000000 0.0034645795632
140000000 0.0028806398247
150000000 0.00240523017
160000000 0.0020506501943
180000000 0.0015810105532
200000000 0.0012748996728
#Header 
#Target 59 138 1
#Product 60 134 0
#Datapoints 20
1000000 0
40000000 0
45000000 0.003886260516
50000000 0.059038896628
55000000 0.132887997117
60000000 0.13577499778
65000000 0.089956910124
70000000 0.052824707642
75000000 0.03405660552
80000000 0.0251157014
90000000 0.016666197016
100000000 0.012086100286
110000000 0.0092696097296
120000000 0.0073872103032
130000000 0.00613632978
140000000 0.0052229297285
150000000 0.004504670016
160000000 0.0039502296003
180000000 0.0031720197847
200000000 0.002620650707
#Header 
#Target 59 138 1
#Product 60 135 0
#Datapoints 22
1000000 0
30000000 0
35000000 0.016718694795
40000000 0.2113810515
45000000 0.33170201979
50000000 0.26848395592
55000000 0.141809013279
60000000 0.075265303899
65000000 0.049977507888
70000000 0.038633703619
75000000 0.03168500328
80000000 0.026768706957
90000000 0.020082000524
100000000 0.01593219537
110000000 0.0132115013612
120000000 0.011210399676
130000000 0.009748530848
140000000 0.0085927891302
150000000 0.007621210128
160000000 0.0068295894264
180000000 0.0055821695683
200000000 0.0047195600232
#Header 
#Target 59 138 1
#Product 60 136 0
#Datapoints 27
1000000 0
20000000 0
22000000 0.0028855993595
24000000 0.065763606753
26000000 0.22455399824
28000000 0.43529596833
30000000 0.60565903048
35000000 0.68040502585
40000000 0.3822809975
45000000 0.17175804369
50000000 0.104018005996
55000000 0.079082493075
60000000 0.064975507427
65000000 0.055325894028
70000000 0.047845596603
75000000 0.041958
80000000 0.037144804415
90000000 0.029896906828
100000000 0.02465299434
110000000 0.020816297908
120000000 0.01787029776
130000000 0.015653002904
140000000 0.013828996225
150000000 0.012289601436
160000000 0.0110202995036
180000000 0.009095060845
200000000 0.007704130611
#Header 
#Target 59 138 1
#Product 60 137 0
#Datapoints 35
1000000 0
12000000 0
13000000 0.00639774001515
14000000 0.0454306946392
15000000 0.094860394176
16000000 0.13964995148
17000000 0.18352096716
18000000 0.22227303952
19000000 0.25058100942
20000000 0.27201594231
22000000 0.29926192725
24000000 0.28098806463
26000000 0.23259697208
28000000 0.17376494396
30000000 0.119299990831
35000000 0.059628200995
40000000 0.04503309605
45000000 0.037642093758
50000000 0.032139293704
55000000 0.027885208554
60000000 0.024166096667
65000000 0.021478200312
70000000 0.018862592875
75000000 0.01671340608
80000000 0.0148341985652
90000000 0.011918100512
100000000 0.00975894985
110000000 0.0081833806012
120000000 0.0070224206472
130000000 0.0061354504512
140000000 0.0054239999902
150000000 0.004820679738
160000000 0.004326110423
180000000 0.0035623696498
200000000 0.003022999287
#Header 
#Target 59 138 1
#Product 60 138 0
#Datapoints 46
1000000 0
1000000 0
2000000 2.59199995962E-13
3000000 2.1081500655E-7
4000000 9.7990607346E-5
5000000 0.0025011302052
6000000 0.016909401348
7000000 0.0598831002
8000000 0.142975003185
9000000 0.266957995136
10000000 0.41629299768
11000000 0.56507307349044
12000000 0.69493702365
13000000 0.782413031796
14000000 0.742369949644
15000000 0.62920602144
16000000 0.49399395223
17000000 0.35548803909
18000000 0.24691602936
19000000 0.1760779482
20000000 0.13468201371
22000000 0.09773190284
24000000 0.084273499661
26000000 0.077525999848
28000000 0.072190808731
30000000 0.067297991698
35000000 0.05646609738
40000000 0.04802630475
45000000 0.040713693087
50000000 0.035182996952
55000000 0.030413595204
60000000 0.026309699152
65000000 0.023269691496
70000000 0.020306295359
75000000 0.01785880656
80000000 0.015734496421
90000000 0.0124618001952
100000000 0.01015349933
110000000 0.008502949246
120000000 0.0072814598136
130000000 0.0063390291216
140000000 0.0055973799464
150000000 0.004954009746
160000000 0.0043880804267
180000000 0.0036198901362
200000000 0.003060290131
#Header 
#Target 59 138 1
#Product 60 139 0
#Datapoints 46
1000000 0
1000000 0
2000000 2.36744990782E-10
3000000 2.568599718E-7
4000000 7.1722792992E-6
5000000 5.286479682E-5
6000000 0.00015146398872
7000000 0.0002139510274
8000000 0.00021883099023
9000000 0.000217832007232
10000000 0.00023615303184
11000000 0.00026412106792945
12000000 0.00028915497593
13000000 0.000306929964209
14000000 0.000317037027984
15000000 0.00031653404544
16000000 0.00030211404856
17000000 0.0002739209775
18000000 0.00024085397868
19000000 0.00021137996166
20000000 0.00018809895411
22000000 0.0001537020485
24000000 0.000132774991297
26000000 0.000120221994728
28000000 0.000111518997794
30000000 0.000104597999744
35000000 9.2101304515E-5
40000000 8.426629105E-5
45000000 7.7513508105E-5
50000000 7.1940293176E-5
55000000 6.6906296784E-5
60000000 6.2179103841E-5
65000000 5.797830092E-5
70000000 5.3729698001E-5
75000000 5.06374092E-5
80000000 4.4632402395E-5
90000000 3.9887398668E-5
100000000 3.412939439E-5
110000000 2.973500286E-5
120000000 2.7814302936E-5
130000000 2.4660006616E-5
140000000 2.0588503804E-5
150000000 1.742449674E-5
160000000 1.6139294417E-5
180000000 1.4199903029E-5
200000000 8.9543999422E-6
