#Header 
#Target 16 37 0
#Product 0 1 0
#Datapoints 45
1000000 0
2000000 0.097675917634
3000000 0.28068669392
4000000 0.43608921519
5000000 0.56475587028
6000000 0.6703468363725
7000000 0.777640680999
8000000 0.957940209
9000000 1.118998325
10000000 1.252174827603
11000000 1.3519684004
12000000 1.413857571808
13000000 1.4422440165
14000000 1.447173799716
15000000 1.4403261708
16000000 1.426961536
17000000 1.417209836307
18000000 1.4188718722
19000000 1.4324344602
20000000 1.4459148954
22000000 1.4871112024
24000000 1.517234264892
26000000 1.533427292841
28000000 1.5256558695
30000000 1.5200106144
35000000 1.519677682939
40000000 1.516841590176
45000000 1.5024647984
50000000 1.4822318776
55000000 1.450051792
60000000 1.438817700911
65000000 1.4318843424
70000000 1.4340020656
75000000 1.4328186948
80000000 1.4366655614
90000000 1.4494748182
100000000 1.4638559445
110000000 1.4853137442
120000000 1.5081730738
130000000 1.5296972716
140000000 1.5530517322
150000000 1.5758514904
160000000 1.598102072
180000000 1.6418684645
200000000 1.6818719043
#Header 
#Target 16 37 0
#Product 1 1 0
#Datapoints 45
1000000 0
2000000 1.3107688174E-5
3000000 0.00027391838728
4000000 0.0011964696124
5000000 0.0029878526982
6000000 0.02846210021494
7000000 0.0863055194274
8000000 0.1023962864
9000000 0.10739481999
10000000 0.107428258014
11000000 0.11132976888
12000000 0.1211623749666
13000000 0.137509176
14000000 0.1565727308817
15000000 0.17500511997
16000000 0.19505024
17000000 0.2161696917399
18000000 0.23720497193
19000000 0.25915784889
20000000 0.28796528143
22000000 0.336548524
24000000 0.3813423688017
26000000 0.421218006942
28000000 0.45466795155
30000000 0.48523286274
35000000 0.5423512170876
40000000 0.5759909432475
45000000 0.60231205968
50000000 0.6239279462
55000000 0.6346972256
60000000 0.6448910303464
65000000 0.65017149264
70000000 0.65726179402
75000000 0.6609594474
80000000 0.6655007826
90000000 0.6771495726
100000000 0.6872647
110000000 0.7020588432
120000000 0.7173781755
130000000 0.7320508426
140000000 0.7465034834
150000000 0.761124221
160000000 0.7755071632
180000000 0.8044724897
200000000 0.8321815929
#Header 
#Target 16 37 0
#Product 1 2 0
#Datapoints 45
1000000 0
2000000 0
3000000 8.98614736E-9
4000000 1.1655731472E-5
5000000 0.0027646229336
6000000 0.005308541751345
7000000 0.01044696786588
8000000 0.015651714496
9000000 0.020629580515
10000000 0.02558118344019
11000000 0.029462936188
12000000 0.03458636458574
13000000 0.039704317905
14000000 0.04468137840072
15000000 0.049016133207
16000000 0.05286935808
17000000 0.05685308552898
18000000 0.060756345694
19000000 0.064462805928
20000000 0.068087933846
22000000 0.076065664808
24000000 0.08075502080973
26000000 0.08169628303587
28000000 0.087069817092
30000000 0.089763468923
35000000 0.0936516801372
40000000 0.0959960455443
45000000 0.09671215824
50000000 0.09844396384
55000000 0.1026914688
60000000 0.1029095746093
65000000 0.10570923216
70000000 0.1060587684
75000000 0.10870801668
80000000 0.11028136182
90000000 0.1100909851
100000000 0.11171029125
110000000 0.1127063454
120000000 0.11465119075
130000000 0.11811196076
140000000 0.12222561242
150000000 0.12683536041
160000000 0.13171421676
180000000 0.14223363979
200000000 0.15462065087
#Header 
#Target 16 37 0
#Product 1 3 0
#Datapoints 41
1000000 0
6000000 0
7000000 6.0777083367E-8
8000000 1.5159729702E-5
9000000 7.282854403E-5
10000000 0.0001133670928971
11000000 0.00018272141692
12000000 0.0003508080533243
13000000 0.00071340751041
14000000 0.001056988640889
15000000 0.0014982883089
16000000 0.001988418432
17000000 0.002567894638788
18000000 0.0031809552398
19000000 0.0036875219475
20000000 0.0043361572423
22000000 0.005596058708
24000000 0.006746358010482
26000000 0.007760196928269
28000000 0.0086094711402
30000000 0.0093439858053
35000000 0.01078470496162
40000000 0.01172701078296
45000000 0.012445259504
50000000 0.013083325706
55000000 0.0136836888
60000000 0.01437612592848
65000000 0.015205382112
70000000 0.016170673376
75000000 0.017287396884
80000000 0.018480706808
90000000 0.021322086936
100000000 0.024595798115
110000000 0.027242347044
120000000 0.030245769459
130000000 0.033665786096
140000000 0.03746502101
150000000 0.041585027
160000000 0.04580376332
180000000 0.0549535635
200000000 0.06368400577
#Header 
#Target 16 37 0
#Product 2 3 0
#Datapoints 37
1000000 0
10000000 0
11000000 2.6814272272E-16
12000000 1.30014289592E-10
13000000 2.1918632477E-8
14000000 5.77876103985E-7
15000000 2.7844751391E-6
16000000 1.073229696E-5
17000000 3.19098294957E-5
18000000 0.00010673548046
19000000 0.00032873371608
20000000 0.00073201968179
22000000 0.0020503768112
24000000 0.003705623380755
26000000 0.005457354885927
28000000 0.0072715634685
30000000 0.0089889350881
35000000 0.01267900914333
40000000 0.01546613023626
45000000 0.017542740784
50000000 0.018546924304
55000000 0.01895199904
60000000 0.01912639575399
65000000 0.018905559024
70000000 0.018859323392
75000000 0.01887077718
80000000 0.019077506054
90000000 0.019981729892
100000000 0.021249402665
110000000 0.02186965374
120000000 0.022631476267
130000000 0.023429175294
140000000 0.024298178154
150000000 0.025208082603
160000000 0.026162561964
180000000 0.028146830866
200000000 0.030161874764
#Header 
#Target 16 37 0
#Product 2 4 0
#Datapoints 45
1000000 0
2000000 0.00036883375698
3000000 0.003124155108
4000000 0.006830135341
5000000 0.018555274638
6000000 0.02759977161354
7000000 0.0383077155825
8000000 0.050552344604
9000000 0.063309627591
10000000 0.0751388554931
11000000 0.085725269244
12000000 0.0953651753197
13000000 0.10392722109
14000000 0.111372307368
15000000 0.11750640348
16000000 0.1218704256
17000000 0.1243957716339
18000000 0.12538356151
19000000 0.12602333751
20000000 0.12560428011
22000000 0.1254577836
24000000 0.1266892365303
26000000 0.1282345076367
28000000 0.1275612945
30000000 0.12567901309
35000000 0.1184814400891
40000000 0.1108808993292
45000000 0.10537141552
50000000 0.10052725286
55000000 0.093244056
60000000 0.0894190182746
65000000 0.08943148416
70000000 0.08987300114
75000000 0.09090355788
80000000 0.09234796614
90000000 0.09634601352
100000000 0.10092845405
110000000 0.10573037838
120000000 0.11120901873
130000000 0.11675032926
140000000 0.12198640072
150000000 0.12731854861
160000000 0.13244763308
180000000 0.1410353164
200000000 0.14925131053
#Header 
#Target 16 37 0
#Product 7 12 0
#Datapoints 8
1000000 0
120000000 0
130000000 1.6543364354E-15
140000000 3.0083000522E-13
150000000 1.8825783317E-11
160000000 4.3176259056E-10
180000000 2.16171020054E-8
200000000 2.38772986536E-7
#Header 
#Target 16 37 0
#Product 7 13 0
#Datapoints 10
1000000 0
100000000 0
110000000 1.2326579034E-13
120000000 2.5637299425E-11
130000000 6.3918919208E-10
140000000 9.0680791828E-9
150000000 7.9507795862E-8
160000000 3.99871976616E-7
180000000 3.72630018596E-6
200000000 1.87433974133E-5
#Header 
#Target 16 37 0
#Product 7 14 0
#Datapoints 11
1000000 0
90000000 0
100000000 9.73986292E-12
110000000 1.00524986694E-9
120000000 1.23237972464E-8
130000000 8.5901583478E-8
140000000 6.2951213842E-7
150000000 2.79327962837E-6
160000000 8.3787072152E-6
180000000 4.29148019311E-5
200000000 0.000152549990901
#Header 
#Target 16 37 0
#Product 7 15 0
#Datapoints 13
1000000 0
75000000 0
80000000 4.089437883E-13
90000000 1.45036967474E-9
100000000 5.17267989805E-8
110000000 2.72797017042E-7
120000000 1.06360007362E-6
130000000 5.17241960274E-6
140000000 1.7809100769E-5
150000000 4.42500977798E-5
160000000 9.2018914764E-5
180000000 0.000308252028425
200000000 0.00079530884608
#Header 
#Target 16 37 0
#Product 7 16 0
#Datapoints 13
1000000 0
75000000 0
80000000 4.1770848048E-14
90000000 1.34352853E-10
100000000 4.0812398306E-9
110000000 1.82935974276E-8
120000000 6.0546817914E-8
130000000 2.6787497833E-7
140000000 8.5228184566E-7
150000000 2.00516986043E-6
160000000 4.10907021028E-6
180000000 1.36367985457E-5
200000000 3.55725980589E-5
#Header 
#Target 16 37 0
#Product 7 17 0
#Datapoints 14
1000000 0
70000000 0
75000000 2.768227038E-14
80000000 2.9342858404E-12
90000000 3.7322047248E-10
100000000 2.66211028665E-9
110000000 6.5936624622E-9
120000000 2.14870012462E-8
130000000 7.5160225316E-8
140000000 1.82696016924E-7
150000000 3.72097013057E-7
160000000 6.9559400008E-7
180000000 2.22920991315E-6
200000000 5.9373978342E-6
#Header 
#Target 16 37 0
#Product 7 18 0
#Datapoints 14
1000000 0
70000000 0
75000000 7.833760236E-14
80000000 1.7670657574E-12
90000000 2.9941750582E-11
100000000 8.224128615E-11
110000000 2.2874667882E-10
120000000 1.03058030868E-9
130000000 2.9362302555E-9
140000000 6.311587561E-9
150000000 1.28755005445E-8
160000000 2.60768993408E-8
180000000 9.000902306E-8
200000000 2.41864964789E-7
#Header 
#Target 16 37 0
#Product 8 14 0
#Datapoints 9
1000000 0
110000000 0
120000000 1.295837348E-14
130000000 6.28534493E-12
140000000 2.471976906E-10
150000000 2.57679023954E-9
160000000 1.29365017796E-8
180000000 1.47075002514E-7
200000000 1.01858021342E-6
#Header 
#Target 16 37 0
#Product 8 15 0
#Datapoints 11
1000000 0
90000000 0
100000000 7.557708165E-14
110000000 5.9718074526E-10
120000000 4.96645037398E-8
130000000 5.9708592832E-7
140000000 2.6839000713E-6
150000000 7.345231685E-6
160000000 1.64255989548E-5
180000000 6.224908085E-5
200000000 0.000176972975585
#Header 
#Target 16 37 0
#Product 8 16 0
#Datapoints 12
1000000 0
80000000 0
90000000 2.5386004222E-10
100000000 1.31075016385E-7
110000000 2.474939808E-6
120000000 1.41331020959E-5
130000000 4.1249696069E-5
140000000 8.9618323862E-5
150000000 0.000174020024618
160000000 0.000313250975744
180000000 0.00086236712705
200000000 0.0018907100387
#Header 
#Target 16 37 0
#Product 8 17 0
#Datapoints 13
1000000 0
75000000 0
80000000 5.036674456E-15
90000000 1.186260136E-9
100000000 1.4979702396E-7
110000000 1.49719003698E-6
120000000 5.9873479782E-6
130000000 1.41161982348E-5
140000000 2.90591008424E-5
150000000 5.7985308359E-5
160000000 0.000109318019608
180000000 0.000322894002816
200000000 0.00077660783347
#Header 
#Target 16 37 0
#Product 8 18 0
#Datapoints 14
1000000 0
70000000 0
75000000 2.4088579164E-13
80000000 6.951675038E-11
90000000 2.24293024474E-8
100000000 3.3273199835E-7
110000000 1.50490988538E-6
120000000 3.67755009597E-6
130000000 7.1366800846E-6
140000000 1.36963997284E-5
150000000 2.65737986294E-5
160000000 4.77624986888E-5
180000000 0.000128878002066
200000000 0.000286038020226
#Header 
#Target 16 37 0
#Product 8 19 0
#Datapoints 15
1000000 0
65000000 0
70000000 5.1596988456E-14
75000000 2.463857496E-11
80000000 6.5158396548E-10
90000000 1.71192025958E-8
100000000 1.013090105E-7
110000000 2.67951980538E-7
120000000 4.91353017048E-7
130000000 9.5262220336E-7
140000000 1.94866004166E-6
150000000 3.7033496962E-6
160000000 6.4300915812E-6
180000000 1.6721500917E-5
200000000 3.57999987429E-5
#Header 
#Target 16 37 0
#Product 8 20 0
#Datapoints 15
1000000 0
65000000 0
70000000 9.795376812E-15
75000000 2.1301364736E-12
80000000 5.2163483576E-11
90000000 1.78019986572E-9
100000000 8.674519258E-9
110000000 1.92724982934E-8
120000000 5.04566029116E-8
130000000 1.38984989728E-7
140000000 3.01403009246E-7
150000000 5.5320782451E-7
160000000 9.3974909896E-7
180000000 2.21970992837E-6
200000000 4.26410969138E-6
#Header 
#Target 16 37 0
#Product 8 21 0
#Datapoints 15
1000000 0
65000000 0
70000000 7.180880694E-14
75000000 3.6376075368E-12
80000000 3.3465800462E-11
90000000 2.6729843682E-10
100000000 5.773297433E-10
110000000 1.40168989158E-9
120000000 4.41130994663E-9
130000000 9.985180827E-9
140000000 1.79881993574E-8
150000000 2.94800985479E-8
160000000 4.72885989128E-8
180000000 1.04251994198E-7
200000000 1.9181001959E-7
#Header 
#Target 16 37 0
#Product 9 15 0
#Datapoints 7
1000000 0
130000000 0
140000000 1.1340579818E-13
150000000 7.177143875E-12
160000000 1.5907578344E-10
180000000 7.4702497342E-9
200000000 7.8475683055E-8
#Header 
#Target 16 37 0
#Product 9 16 0
#Datapoints 9
1000000 0
110000000 0
120000000 1.4385193188E-13
130000000 9.174106824E-12
140000000 2.5670885294E-10
150000000 3.41674969955E-9
160000000 2.21346002444E-8
180000000 2.62121978393E-7
200000000 1.368609977E-6
#Header 
#Target 16 37 0
#Product 9 17 0
#Datapoints 11
1000000 0
90000000 0
100000000 5.7384994465E-12
110000000 7.4428515216E-10
120000000 1.08101018231E-8
130000000 9.3977217682E-8
140000000 6.74051254E-7
150000000 3.0030300839E-6
160000000 8.956040856E-6
180000000 4.4396300377E-5
200000000 0.000144455008572
#Header 
#Target 16 37 0
#Product 9 18 0
#Datapoints 12
1000000 0
80000000 0
90000000 5.2764261326E-11
100000000 9.3257829605E-9
110000000 1.10104997376E-7
120000000 5.45392009706E-7
130000000 3.0688396821E-6
140000000 1.33528023514E-5
150000000 3.82134990897E-5
160000000 8.5316114212E-5
180000000 0.000303931982596
200000000 0.00078849816724
#Header 
#Target 16 37 0
#Product 9 19 0
#Datapoints 15
1000000 0
65000000 0
70000000 1.6009695026E-14
75000000 2.1600995832E-11
80000000 1.54152022748E-9
90000000 1.3358299032E-7
100000000 8.9169378855E-7
110000000 2.69592993186E-6
120000000 1.12867999121E-5
130000000 3.89445968434E-5
140000000 9.3602907322E-5
150000000 0.000183542019144
160000000 0.000328864986072
180000000 0.00085950000576
200000000 0.00171469992449
#Header 
#Target 16 37 0
#Product 9 20 0
#Datapoints 16
1000000 0
60000000 0
65000000 2.3924465808E-13
70000000 1.5471438814E-10
75000000 6.10151006484E-9
80000000 5.52331981948E-8
90000000 4.89977983338E-7
100000000 1.266329876E-6
110000000 3.64873013934E-6
120000000 1.28272024166E-5
130000000 3.14512987282E-5
140000000 5.9230814732E-5
150000000 0.00010482202566
160000000 0.00017078802902
180000000 0.000380376987133
200000000 0.00068991014127
#Header 
#Target 16 37 0
#Product 9 21 0
#Datapoints 18
1000000 0
50000000 0
55000000 1.402849216E-14
60000000 3.355915436813E-11
65000000 2.17952005728E-9
70000000 2.07849983432E-8
75000000 7.7434205868E-8
80000000 1.67555000228E-7
90000000 3.6049099828E-7
100000000 9.2633574095E-7
110000000 3.12230989158E-6
120000000 7.6660423244E-6
130000000 1.38451985144E-5
140000000 2.28811984486E-5
150000000 3.53246967524E-5
160000000 5.4612214216E-5
180000000 0.000109519995079
200000000 0.000174663006168
#Header 
#Target 16 37 0
#Product 9 22 0
#Datapoints 19
1000000 0
45000000 0
50000000 2.5750232426E-14
55000000 3.460165712E-11
60000000 5.819008451565E-10
65000000 3.1858000752E-9
70000000 7.7748111818E-9
75000000 1.18059020604E-8
80000000 1.49129992068E-8
90000000 3.79984008398E-8
100000000 1.77341985675E-7
110000000 4.9123500261E-7
120000000 8.4724108033E-7
130000000 1.33976019292E-6
140000000 2.10455982682E-6
150000000 3.31146967316E-6
160000000 4.86346042364E-6
180000000 8.3825275413E-6
200000000 1.35184980938E-5
#Header 
#Target 16 37 0
#Product 9 23 0
#Datapoints 16
1000000 0
60000000 0
65000000 2.0058902688E-14
70000000 5.7759447408E-12
75000000 9.341661456E-11
80000000 5.0814687208E-10
90000000 4.52482996824E-9
100000000 1.6826800721E-8
110000000 3.32271967962E-8
120000000 5.7432601303E-8
130000000 1.08070993486E-7
140000000 1.99641984048E-7
150000000 3.28902969351E-7
160000000 4.82501953556E-7
180000000 9.2426396018E-7
200000000 1.47265996703E-6
#Header 
#Target 16 37 0
#Product 10 18 0
#Datapoints 10
1000000 0
100000000 0
110000000 1.6600771176E-13
120000000 1.4907402097E-10
130000000 6.7524896902E-9
140000000 6.4829893158E-8
150000000 2.71568988405E-7
160000000 7.4648382424E-7
180000000 3.55995995773E-6
200000000 1.17631982629E-5
#Header 
#Target 16 37 0
#Product 10 19 0
#Datapoints 11
1000000 0
90000000 0
100000000 6.007491515E-11
110000000 2.3173998408E-8
120000000 4.86835013644E-7
130000000 2.77700996568E-6
140000000 8.1846099146E-6
150000000 1.80292013066E-5
160000000 3.54557980252E-5
180000000 0.000108121999777
200000000 0.000247864997051
#Header 
#Target 16 37 0
#Product 10 20 0
#Datapoints 14
1000000 0
70000000 0
75000000 2.7293583384E-12
80000000 1.89281983754E-9
90000000 9.0987508086E-7
100000000 1.4909999224E-5
110000000 7.0584306012E-5
120000000 0.000185361018778
130000000 0.000356872992728
140000000 0.0006186671737
150000000 0.00103109020685
160000000 0.001614750018
180000000 0.00327541969865
200000000 0.0055347020344
#Header 
#Target 16 37 0
#Product 10 21 0
#Datapoints 15
1000000 0
65000000 0
70000000 5.1552468422E-12
75000000 4.45517968176E-9
80000000 1.7349998104E-7
90000000 6.4130991522E-6
100000000 4.25665014985E-5
110000000 0.000120426996756
120000000 0.00023230998069
130000000 0.000393629008254
140000000 0.00067478413556
150000000 0.00109597004539
160000000 0.00164208992472
180000000 0.00321266024783
200000000 0.0051469678008
#Header 
#Target 16 37 0
#Product 10 22 0
#Datapoints 17
1000000 0
55000000 0
60000000 3.350074729023E-11
65000000 1.2863101728E-8
70000000 2.59193976236E-7
75000000 1.59081999228E-6
80000000 6.07781032016E-6
90000000 3.88097042702E-5
100000000 0.00010852600451
110000000 0.000193056030222
120000000 0.00032738596874
130000000 0.0005657861994
140000000 0.00090793878502
150000000 0.0013574401434
160000000 0.0019421201646
180000000 0.00334501003067
200000000 0.004736191054
#Header 
#Target 16 37 0
#Product 10 23 0
#Datapoints 19
1000000 0
45000000 0
50000000 1.2952373836E-15
55000000 1.3883336E-10
60000000 1.9965601957199E-8
65000000 2.21165029488E-7
70000000 9.3025614994E-7
75000000 2.85699997548E-6
80000000 7.0767485748E-6
90000000 1.98510024828E-5
100000000 3.0793198614E-5
110000000 4.3010997711E-5
120000000 6.7512082412E-5
130000000 0.000100718992276
140000000 0.000140965982738
150000000 0.000187539013618
160000000 0.000242712998892
180000000 0.000363528988416
200000000 0.000470008009002
#Header 
#Target 16 37 0
#Product 10 24 0
#Datapoints 19
1000000 0
45000000 0
50000000 3.4877299144E-13
55000000 4.300607616E-10
60000000 1.1531900853877E-8
65000000 8.1919491072E-8
70000000 2.7689695579E-7
75000000 5.8621399038E-7
80000000 9.0309408698E-7
90000000 1.37596972248E-6
100000000 2.49606975555E-6
110000000 5.51274947784E-6
120000000 1.05784017984E-5
130000000 1.60900030794E-5
140000000 2.2694197988E-5
150000000 3.15048010343E-5
160000000 4.20566003144E-5
180000000 6.1829497378E-5
200000000 7.225689814E-5
#Header 
#Target 16 37 0
#Product 10 25 0
#Datapoints 19
1000000 0
45000000 0
50000000 4.0041738394E-12
55000000 4.587279536E-10
60000000 3.5474403778782E-9
65000000 1.17142036224E-8
70000000 2.06865003644E-8
75000000 2.63150976456E-8
80000000 2.9747000472E-8
90000000 6.429317261E-8
100000000 2.0679699535E-7
110000000 4.47283026498E-7
120000000 7.0569077492E-7
130000000 9.7023982756E-7
140000000 1.2772301273E-6
150000000 1.65239004337E-6
160000000 2.00586996036E-6
180000000 2.61368002852E-6
200000000 2.99601015511E-6
#Header 
#Target 16 37 0
#Product 10 26 0
#Datapoints 16
1000000 0
60000000 0
65000000 1.9925035632E-14
70000000 4.8959643798E-12
75000000 9.15662682E-11
80000000 5.2044372148E-10
90000000 3.71844980346E-9
100000000 1.16484994265E-8
110000000 2.1440301696E-8
120000000 3.14613024101E-8
130000000 4.52825951198E-8
140000000 6.200551273E-8
150000000 8.0184002327E-8
160000000 9.9475179692E-8
180000000 1.3727200685E-7
200000000 1.65099985134E-7
#Header 
#Target 16 37 0
#Product 11 19 0
#Datapoints 9
1000000 0
110000000 0
120000000 2.8398973684E-15
130000000 2.8122894334E-13
140000000 9.56163338E-12
150000000 1.5042676726E-10
160000000 1.05939015476E-9
180000000 1.28850999651E-8
200000000 6.2237090944E-8
#Header 
#Target 16 37 0
#Product 11 20 0
#Datapoints 11
1000000 0
90000000 0
100000000 2.8309647915E-15
110000000 4.8974351184E-12
120000000 1.8933389136E-10
130000000 2.47165021586E-9
140000000 2.23675977852E-8
150000000 1.19557980685E-7
160000000 4.0117595658E-7
180000000 2.13670985649E-6
200000000 6.6890204192E-6
#Header 
#Target 16 37 0
#Product 11 21 0
#Datapoints 13
1000000 0
75000000 0
80000000 2.3305961748E-14
90000000 5.0246163628E-10
100000000 3.36062969055E-8
110000000 2.46879031212E-7
120000000 1.08685998771E-6
130000000 5.19645981354E-6
140000000 1.79814961724E-5
150000000 4.35380017402E-5
160000000 8.6147806304E-5
180000000 0.00024787097951
200000000 0.00050402189635
#Header 
#Target 16 37 0
#Product 11 22 0
#Datapoints 15
1000000 0
65000000 0
70000000 6.0252846264E-12
75000000 1.87004014812E-9
80000000 5.53313964802E-8
90000000 1.68189001832E-6
100000000 7.3939497815E-6
110000000 2.02401004212E-5
120000000 7.2675617947E-5
130000000 0.000206272989712
140000000 0.000426672025378
150000000 0.00076899607642
160000000 0.00123199988716
180000000 0.00263558020341
200000000 0.00420673969338
#Header 
#Target 16 37 0
#Product 11 23 0
#Datapoints 18
1000000 0
50000000 0
55000000 7.89690896E-12
60000000 9.054560948098E-9
65000000 4.77507004992E-7
70000000 4.26969005268E-6
75000000 1.54663011864E-5
80000000 3.32665012856E-5
90000000 7.3448008972E-5
100000000 0.000166163988615
110000000 0.000465007993428
120000000 0.00103685025665
130000000 0.0017744997412
140000000 0.00276651012324
150000000 0.00405376034899
160000000 0.0055971905612
180000000 0.0089106801828
200000000 0.0114398989488
#Header 
#Target 16 37 0
#Product 11 24 0
#Datapoints 20
1000000 0
40000000 0
45000000 1.0292455824E-15
50000000 9.2855383822E-10
55000000 2.5111096E-7
60000000 2.6772503288384E-6
65000000 1.18268006112E-5
70000000 2.61480976614E-5
75000000 3.91262963112E-5
80000000 4.73828986902E-5
90000000 8.5678502708E-5
100000000 0.00025654197664
110000000 0.00058112277234
120000000 0.00095179719419
130000000 0.00141667970006
140000000 0.00191538017392
150000000 0.00262181978157
160000000 0.0033953599204
180000000 0.0044618498628
200000000 0.0052735787552
#Header 
#Target 16 37 0
#Product 11 25 0
#Datapoints 21
1000000 0
35000000 0
40000000 1.5177899613459E-9
45000000 5.54751002096E-7
50000000 4.82097995906E-6
55000000 9.95430976E-6
60000000 1.2535304878995E-5
65000000 1.62727020768E-5
70000000 1.78960981836E-5
75000000 2.12779010268E-5
80000000 3.37348013972E-5
90000000 0.000117277012702
100000000 0.00028345702512
110000000 0.00044826595935
120000000 0.00062407877446
130000000 0.0008193489477
140000000 0.00107770023102
150000000 0.00134432980825
160000000 0.00155463002856
180000000 0.00187796979678
200000000 0.00202729978122
#Header 
#Target 16 37 0
#Product 11 26 0
#Datapoints 23
1000000 0
28000000 0
30000000 9.361932869E-15
35000000 4.9273601838173E-9
40000000 3.7927399622937E-7
45000000 1.49092961408E-6
50000000 1.8377801357E-6
55000000 1.4305400144E-6
60000000 1.2224401785343E-6
65000000 1.37020972416E-6
70000000 2.6988799305E-6
75000000 6.19105997304E-6
80000000 1.3747302338E-5
90000000 3.68691030798E-5
100000000 5.86400982235E-5
110000000 7.2466377522E-5
120000000 9.3584620679E-5
130000000 0.000121555998676
140000000 0.000150392974104
150000000 0.000168093001703
160000000 0.00017856899186
180000000 0.00020105998209
200000000 0.00021045101581
#Header 
#Target 16 37 0
#Product 11 27 0
#Datapoints 20
1000000 0
40000000 0
45000000 2.6871032128E-15
50000000 1.6086541662E-10
55000000 8.784101264E-9
60000000 5.6236101601059E-8
65000000 1.91830990944E-7
70000000 5.10484019344E-7
75000000 1.05563032776E-6
80000000 1.69236027264E-6
90000000 2.68649987344E-6
100000000 3.5139498692E-6
110000000 4.72495959606E-6
120000000 6.8685373552E-6
130000000 8.804929428E-6
140000000 1.07660984626E-5
150000000 1.26639977607E-5
160000000 1.46361991384E-5
180000000 1.62929020441E-5
200000000 1.77707018566E-5
#Header 
#Target 16 37 0
#Product 11 28 0
#Datapoints 18
1000000 0
50000000 0
55000000 6.43005768E-12
60000000 3.163637857706E-10
65000000 2.25214990368E-9
70000000 6.03696023034E-9
75000000 9.990190044E-9
80000000 1.29794977828E-8
90000000 2.03938987E-8
100000000 4.27985992445E-8
110000000 8.5662099072E-8
120000000 1.39056034969E-7
130000000 1.93335980534E-7
140000000 2.46431003958E-7
150000000 2.99889985285E-7
160000000 3.48761976444E-7
180000000 4.30835013433E-7
200000000 4.7394281585E-7
#Header 
#Target 16 37 0
#Product 12 21 0
#Datapoints 9
1000000 0
110000000 0
120000000 3.1540774292E-13
130000000 4.4105967548E-11
140000000 7.5836890946E-10
150000000 4.21451038074E-9
160000000 1.32824012664E-8
180000000 6.2251708112E-8
200000000 1.8277400862E-7
#Header 
#Target 16 37 0
#Product 12 22 0
#Datapoints 11
1000000 0
90000000 0
100000000 2.8069164825E-11
110000000 7.6057885002E-9
120000000 1.41231008157E-7
130000000 7.458828616E-7
140000000 2.11222984768E-6
150000000 4.39865031958E-6
160000000 8.050478226E-6
180000000 2.02820004365E-5
200000000 3.62038003565E-5
#Header 
#Target 16 37 0
#Product 12 23 0
#Datapoints 13
1000000 0
75000000 0
80000000 9.650052262E-13
90000000 2.99502016594E-8
100000000 1.8564401223E-6
110000000 1.39622979078E-5
120000000 4.58456963837E-5
130000000 9.6466387916E-5
140000000 0.00016956297915
150000000 0.000278735029232
160000000 0.000416919019972
180000000 0.00075799476533
200000000 0.00104668017076
#Header 
#Target 16 37 0
#Product 12 24 0
#Datapoints 17
1000000 0
55000000 0
60000000 2.66964705809E-12
65000000 6.4670795952E-9
70000000 4.99442012342E-7
75000000 6.6094398864E-6
80000000 3.40480997548E-5
90000000 0.000267228975058
100000000 0.0009071191291
110000000 0.00176734974504
120000000 0.00279243013815
130000000 0.00411102002922
140000000 0.0058773683802
150000000 0.0079538380647
160000000 0.0099395894164
180000000 0.0131148978147
200000000 0.0149077026714
#Header 
#Target 16 37 0
#Product 12 25 0
#Datapoints 18
1000000 0
50000000 0
55000000 3.79390992E-10
60000000 3.753150106242E-7
65000000 8.433267168E-6
70000000 4.5531705037E-5
75000000 0.00016572597264
80000000 0.000441003001778
90000000 0.00152090974198
100000000 0.00279080030395
110000000 0.00397653004386
120000000 0.00546454021341
130000000 0.0078626588596
140000000 0.0099929872778
150000000 0.0124765978436
160000000 0.0141988996576
180000000 0.0167553001561
200000000 0.0172794984215
#Header 
#Target 16 37 0
#Product 12 26 0
#Datapoints 21
1000000 0
35000000 0
40000000 1.379936143311E-14
45000000 1.58579047712E-8
50000000 2.4734698684E-6
55000000 2.245739768E-5
60000000 0.00010330304608852
65000000 0.00038785603032
70000000 0.00102109986784
75000000 0.0019555801884
80000000 0.00293734991978
90000000 0.00447810962644
100000000 0.0058945502219
110000000 0.0081018604524
120000000 0.0111251976504
130000000 0.01369369881
140000000 0.016267000201
150000000 0.0177861010987
160000000 0.0192933978076
180000000 0.0201958992224
200000000 0.0202130995647
#Header 
#Target 16 37 0
#Product 12 27 0
#Datapoints 22
1000000 0
30000000 0
35000000 6.667292644226E-12
40000000 7.9772702629092E-8
45000000 2.69900037296E-6
50000000 1.81017038672E-5
55000000 8.339267376E-5
60000000 0.00023918304650732
65000000 0.000495565978176
70000000 0.00073507699746
75000000 0.0008880351894
80000000 0.00096471692686
90000000 0.00108370982526
100000000 0.00144470007875
110000000 0.00188952007398
120000000 0.00231453988767
130000000 0.0026396102925
140000000 0.00285276039894
150000000 0.0030393000407
160000000 0.00315010973424
180000000 0.00324871990531
200000000 0.00318981016697
#Header 
#Target 16 37 0
#Product 12 28 0
#Datapoints 22
1000000 0
30000000 0
35000000 1.1128000958406E-8
40000000 2.614069927326E-6
45000000 2.76544986E-5
50000000 8.8140320442E-5
55000000 0.00013954097712
60000000 0.00016426303082382
65000000 0.000175192023456
70000000 0.000176626968856
75000000 0.000174351019752
80000000 0.00018814898696
90000000 0.00026203998866
100000000 0.000381029018925
110000000 0.000463008002094
120000000 0.000532944023422
130000000 0.00059916801118
140000000 0.00063404717166
150000000 0.00067572276277
160000000 0.00070427309568
180000000 0.00073207293346
200000000 0.00068909117746
#Header 
#Target 16 37 0
#Product 12 29 0
#Datapoints 23
1000000 0
28000000 0
30000000 1.3083587131E-12
35000000 6.8756103655879E-8
40000000 1.8729200153994E-6
45000000 4.35749995136E-6
50000000 4.45336979984E-6
55000000 3.5594398032E-6
60000000 3.0676203182889E-6
65000000 3.12519968112E-6
70000000 4.31985990748E-6
75000000 7.110122238E-6
80000000 1.18006999644E-5
90000000 2.34991006426E-5
100000000 3.1979796256E-5
110000000 3.72565963308E-5
120000000 4.27957998816E-5
130000000 4.86633994082E-5
140000000 5.3523381292E-5
150000000 5.6601591002E-5
160000000 5.8285995292E-5
180000000 5.9364395827E-5
200000000 5.8261075992E-5
#Header 
#Target 16 37 0
#Product 12 30 0
#Datapoints 20
1000000 0
40000000 0
45000000 1.1726277744E-14
50000000 1.8452830012E-10
55000000 8.13625568E-9
60000000 4.9777801805325E-8
65000000 1.42082976816E-7
70000000 3.25914967222E-7
75000000 6.37991023428E-7
80000000 1.00026011692E-6
90000000 1.6355602046E-6
100000000 2.0586400672E-6
110000000 2.4999002688E-6
120000000 3.03703969545E-6
130000000 3.3970602811E-6
140000000 3.84378976226E-6
150000000 4.16086055561E-6
160000000 4.44755997588E-6
180000000 4.60209018918E-6
200000000 4.7453919919E-6
#Header 
#Target 16 37 0
#Product 12 31 0
#Datapoints 18
1000000 0
50000000 0
55000000 6.551164208E-12
60000000 4.505314976778E-10
65000000 3.38388972624E-9
70000000 9.6740579884E-9
75000000 1.73571024492E-8
80000000 2.46334004302E-8
90000000 3.807400036E-8
100000000 5.2637698661E-8
110000000 7.1574178698E-8
120000000 9.348421937E-8
130000000 1.15360009128E-7
140000000 1.35052984958E-7
150000000 1.51055014726E-7
160000000 1.6513100156E-7
180000000 1.87599010621E-7
200000000 2.01608002428E-7
#Header 
#Target 16 37 0
#Product 13 23 0
#Datapoints 10
1000000 0
100000000 0
110000000 2.7967760436E-13
120000000 1.1711876521E-11
130000000 1.380856119E-10
140000000 9.3598175662E-10
150000000 3.76940974762E-9
160000000 1.04925984184E-8
180000000 4.09277988152E-8
200000000 8.561928746E-8
#Header 
#Target 16 37 0
#Product 13 24 0
#Datapoints 12
1000000 0
80000000 0
90000000 2.1185588666E-12
100000000 4.1120881295E-10
110000000 4.8691796703E-9
120000000 2.13472996791E-8
130000000 7.7111807256E-8
140000000 2.24906998062E-7
150000000 4.79362017695E-7
160000000 8.45582171E-7
180000000 1.83904982943E-6
200000000 2.56503009567E-6
#Header 
#Target 16 37 0
#Product 13 25 0
#Datapoints 16
1000000 0
60000000 0
65000000 4.3880877648E-14
70000000 1.1305388354E-10
75000000 1.07781969744E-8
80000000 1.5704599898E-7
90000000 2.19484989512E-6
100000000 6.3412675125E-6
110000000 1.33352982444E-5
120000000 3.10641983052E-5
130000000 6.1388603436E-5
140000000 9.9245674742E-5
150000000 0.000143013992033
160000000 0.000185097001572
180000000 0.000254926005081
200000000 0.000277669986951
#Header 
#Target 16 37 0
#Product 13 26 0
#Datapoints 18
1000000 0
50000000 0
55000000 1.725036112E-10
60000000 1.0659202997138E-7
65000000 3.659420004E-6
70000000 2.25192994624E-5
75000000 5.94689961276E-5
80000000 0.000104304020878
90000000 0.000178904022748
100000000 0.000305004977
110000000 0.00058550289732
120000000 0.0009817072381
130000000 0.00139313992254
140000000 0.00173929985886
150000000 0.00210925990737
160000000 0.00235910008432
180000000 0.00263607013912
200000000 0.00261147002214
#Header 
#Target 16 37 0
#Product 13 27 0
#Datapoints 21
1000000 0
35000000 0
40000000 9.455295081507E-10
45000000 7.10364995536E-6
50000000 0.000180298992552
55000000 0.00055773004944
60000000 0.0008445759577253
65000000 0.0012521501304
70000000 0.0014831298885
75000000 0.00159119974008
80000000 0.00183498019104
90000000 0.00336828976536
100000000 0.00632759964
110000000 0.0090361972602
120000000 0.011586499762
130000000 0.0134072007572
140000000 0.0153853973098
150000000 0.0166690008221
160000000 0.0172453982176
180000000 0.0179246993376
200000000 0.0171236023042
#Header 
#Target 16 37 0
#Product 13 28 0
#Datapoints 23
1000000 0
28000000 0
30000000 1.4817129459E-12
35000000 3.5518999031001E-6
40000000 0.00033960800529876
45000000 0.00137252955328
50000000 0.00199716010436
55000000 0.00179100016
60000000 0.0014748001575479
65000000 0.00138409959264
70000000 0.00150629969282
75000000 0.00197718010884
80000000 0.00300326979268
90000000 0.00594392008498
100000000 0.008285112935
110000000 0.0102717974238
120000000 0.0112065010653
130000000 0.013041598655
140000000 0.013682698944
150000000 0.0141848017784
160000000 0.0150826008396
180000000 0.0143976001026
200000000 0.0137357999569
#Header 
#Target 16 37 0
#Product 13 29 0
#Datapoints 29
1000000 0
18000000 0
19000000 6.7182294795E-15
20000000 5.2015015059E-12
22000000 2.94503980136E-8
24000000 3.9470699521512E-6
26000000 6.4749408235197E-5
28000000 0.000293818998426
30000000 0.00071337006325
35000000 0.0018895205489679
40000000 0.0021918402399168
45000000 0.00166478984048
50000000 0.00115667995636
55000000 0.0008854441456
60000000 0.0010169803437443
65000000 0.00158955014496
70000000 0.0027232101637
75000000 0.00428377967208
80000000 0.00570752021684
90000000 0.0077416719492
100000000 0.0088970822485
110000000 0.009752732253
120000000 0.0110335988
130000000 0.0117873985322
140000000 0.0125304030416
150000000 0.0128664022135
160000000 0.0123522016912
180000000 0.0122313009511
200000000 0.0118112019235
#Header 
#Target 16 37 0
#Product 13 30 0
#Datapoints 35
1000000 0
12000000 0
13000000 6.9244124551E-15
14000000 7.697670234717E-12
15000000 1.10370005859E-9
16000000 4.1677199872E-8
17000000 6.3406508700306E-7
18000000 4.69957979607E-6
19000000 1.98208016121E-5
20000000 5.48919958404E-5
22000000 0.00018772294484
24000000 0.00035171102489706
26000000 0.00047594100720879
28000000 0.000498988926309
30000000 0.000445726035373
35000000 0.0002466020664704
40000000 0.00014501199245841
45000000 0.000106105969696
50000000 0.000143453037028
55000000 0.00028435999776
60000000 0.0005763070736199
65000000 0.00104697974832
70000000 0.00148317004654
75000000 0.00181657972332
80000000 0.00200864033838
90000000 0.00208837005104
100000000 0.0023157997483
110000000 0.0024920399031
120000000 0.00276415015861
130000000 0.00279395027932
140000000 0.0028717101715
150000000 0.00289194974299
160000000 0.0028865901274
180000000 0.00265769007273
200000000 0.00258400992458
#Header 
#Target 16 37 0
#Product 13 31 0
#Datapoints 24
1000000 0
26000000 0
28000000 2.5076926905E-13
30000000 5.525619409E-10
35000000 8.3759314620638E-7
40000000 5.7936106951404E-6
45000000 2.057049888E-5
50000000 5.70949038716E-5
55000000 0.00010644000784
60000000 0.00014884903330096
65000000 0.000177859001136
70000000 0.000194488988096
75000000 0.00019678900662
80000000 0.000205336988292
90000000 0.000224149001698
100000000 0.00026630101627
110000000 0.000290006027388
120000000 0.000317941974081
130000000 0.000335807016532
140000000 0.000325775001296
150000000 0.000330518000208
160000000 0.000335025028324
180000000 0.000339041982169
200000000 0.000314998007709
#Header 
#Target 16 37 0
#Product 13 32 0
#Datapoints 22
1000000 0
30000000 0
35000000 3.604661906859E-10
40000000 1.2549901832919E-7
45000000 1.02124980944E-6
50000000 2.22146991086E-6
55000000 2.8614203104E-6
60000000 3.2941702835115E-6
65000000 3.65160025248E-6
70000000 4.1763599982E-6
75000000 4.53808971648E-6
80000000 5.38368030174E-6
90000000 8.0698274712E-6
100000000 1.03671021355E-5
110000000 1.2545097774E-5
120000000 1.44290001273E-5
130000000 1.5851601626E-5
140000000 1.69653984744E-5
150000000 1.78112988493E-5
160000000 1.70843992312E-5
180000000 1.75407006698E-5
200000000 1.78603011286E-5
#Header 
#Target 16 37 0
#Product 13 33 0
#Datapoints 19
1000000 0
45000000 0
50000000 5.2398500138E-13
55000000 2.66806832E-10
60000000 2.5453604929693E-9
65000000 7.831937496E-9
70000000 2.00672980066E-8
75000000 5.014620108E-8
80000000 1.04510014352E-7
90000000 2.5424994844E-7
100000000 3.97169972355E-7
110000000 5.10436032084E-7
120000000 6.0847910839E-7
130000000 6.8706199858E-7
140000000 7.3472112426E-7
150000000 7.7458512461E-7
160000000 8.0621494184E-7
180000000 8.3268198563E-7
200000000 8.7754500491E-7
#Header 
#Target 16 37 0
#Product 14 25 0
#Datapoints 11
1000000 0
90000000 0
100000000 3.3400766645E-15
110000000 1.3975563888E-11
120000000 5.8447381587E-10
130000000 3.93899986404E-9
140000000 1.23292023436E-8
150000000 2.43031019462E-8
160000000 4.10774038948E-8
180000000 8.0464910009E-8
200000000 1.02415984741E-7
#Header 
#Target 16 37 0
#Product 14 26 0
#Datapoints 13
1000000 0
75000000 0
80000000 7.971182568E-14
90000000 1.84886005018E-9
100000000 1.0340701404E-7
110000000 6.4865596026E-7
120000000 1.67780022509E-6
130000000 3.03373978796E-6
140000000 4.71280012898E-6
150000000 6.6292187368E-6
160000000 8.0500399896E-6
180000000 9.848729484E-6
200000000 1.0120700891E-5
#Header 
#Target 16 37 0
#Product 14 27 0
#Datapoints 16
1000000 0
60000000 0
65000000 7.157992272E-13
70000000 2.83553012444E-9
75000000 1.58763011076E-7
80000000 1.56736976082E-6
90000000 1.71692996374E-5
100000000 5.36334999495E-5
110000000 9.8188728858E-5
120000000 0.000145255996178
130000000 0.000194835015482
140000000 0.000239200974904
150000000 0.000275668994491
160000000 0.000297879002876
180000000 0.000303680008709
200000000 0.000298964983548
#Header 
#Target 16 37 0
#Product 14 28 0
#Datapoints 20
1000000 0
40000000 0
45000000 2.0220699344E-11
50000000 6.0724292663E-7
55000000 1.6968801088E-5
60000000 8.863732455987E-5
65000000 0.000255714022512
70000000 0.000567235984614
75000000 0.00107124972444
80000000 0.00170573971548
90000000 0.00294322979956
100000000 0.0037414499692
110000000 0.00446342994438
120000000 0.00530569968147
130000000 0.0060142481428
140000000 0.0065811292016
150000000 0.0067397506077
160000000 0.0067509007748
180000000 0.0065820989498
200000000 0.0062209681884
#Header 
#Target 16 37 0
#Product 14 29 0
#Datapoints 22
1000000 0
30000000 0
35000000 3.475905680337E-15
40000000 5.7819903437538E-7
45000000 4.24377989856E-5
50000000 0.000215177963422
55000000 0.00059883300112
60000000 0.0014983500392232
65000000 0.0031916500584
70000000 0.00519668993948
75000000 0.0068433376464
80000000 0.0078094211424
90000000 0.0087308024652
100000000 0.0099310404255
110000000 0.0118916980644
120000000 0.0139006028568
130000000 0.0149997973152
140000000 0.015481702363
150000000 0.0154827994926
160000000 0.0151009009872
180000000 0.014431598819
200000000 0.0134882016311
#Header 
#Target 16 37 0
#Product 14 30 0
#Datapoints 26
1000000 0
22000000 0
24000000 5.086133878617E-13
26000000 2.4143297108796E-7
28000000 1.87060021944E-5
30000000 9.28598003501E-5
35000000 0.00044993504653083
40000000 0.0015347501860713
45000000 0.00659275957408
50000000 0.0157693993186
55000000 0.022375898704
60000000 0.026561505871145
65000000 0.0298223995728
70000000 0.0307550972482
75000000 0.0307154000736
80000000 0.0308795984846
90000000 0.0341377011832
100000000 0.039176398634
110000000 0.0430570013544
120000000 0.0447771023301
130000000 0.044920600667
140000000 0.0438965982112
150000000 0.042577002094
160000000 0.0413629023164
180000000 0.0387519004268
200000000 0.0363871008081
#Header 
#Target 16 37 0
#Product 14 31 0
#Datapoints 31
1000000 0
16000000 0
17000000 5.412304315815E-15
18000000 2.8469469497E-11
19000000 8.23483995732E-9
20000000 2.4794394733E-7
22000000 6.22427999952E-6
24000000 3.3701005278351E-5
26000000 8.8060707817593E-5
28000000 0.000162112033065
30000000 0.000305777002374
35000000 0.0027445708530981
40000000 0.011130598362246
45000000 0.0194946023152
50000000 0.0221860966728
55000000 0.02075809728
60000000 0.019318200161833
65000000 0.0180598022592
70000000 0.0171898013456
75000000 0.0173101010976
80000000 0.0178525999534
90000000 0.0193768031398
100000000 0.0203451969665
110000000 0.020112298503
120000000 0.019634699772
130000000 0.0188415987998
140000000 0.0180082983976
150000000 0.0175031995479
160000000 0.0167660028564
180000000 0.0153545997473
200000000 0.0145769981854
#Header 
#Target 16 37 0
#Product 14 32 0
#Datapoints 34
1000000 0
13000000 0
14000000 1.002066653283E-14
15000000 4.1837033892E-11
16000000 7.5396399232E-9
17000000 2.5334306028333E-7
18000000 2.75283061237E-6
19000000 1.35504014883E-5
20000000 4.1959100247E-5
22000000 0.00023420898604
24000000 0.00087244000957701
26000000 0.0022599604661289
28000000 0.00432712027482
30000000 0.00686371001903
35000000 0.012939704092128
40000000 0.014058303868917
45000000 0.0122760999936
50000000 0.0105266038828
55000000 0.009374160288
60000000 0.008912831367928
65000000 0.0087452710368
70000000 0.0091184784288
75000000 0.0095206201272
80000000 0.0101250989704
90000000 0.0105223002834
100000000 0.010271403206
110000000 0.0100487993364
120000000 0.0094769178522
130000000 0.0091488910264
140000000 0.0088672990768
150000000 0.0083230915152
160000000 0.0080444184744
180000000 0.007611421279
200000000 0.0069588909691
#Header 
#Target 16 37 0
#Product 14 33 0
#Datapoints 37
1000000 0
10000000 0
11000000 4.0362584412E-15
12000000 6.975440728729E-11
13000000 7.96111025339E-9
14000000 1.9762098943158E-7
15000000 2.55767010936E-6
16000000 1.632069824E-5
17000000 5.797881011313E-5
18000000 0.000138380992875
19000000 0.00025165900803
20000000 0.000358375024528
22000000 0.000555443004792
24000000 0.00065277900127035
26000000 0.00065723808301185
28000000 0.000604930978803
30000000 0.000540372994787
35000000 0.00040898603548593
40000000 0.00033303801084741
45000000 0.000307195973616
50000000 0.000319728981158
55000000 0.0003698240208
60000000 0.0004735490616811
65000000 0.000610071984096
70000000 0.00072501810082
75000000 0.00080800787736
80000000 0.00085463822444
90000000 0.00089774881086
100000000 0.0009068570871
110000000 0.00089912087826
120000000 0.00088510885762
130000000 0.0008665180199
140000000 0.00085431908816
150000000 0.00083422596939
160000000 0.00081450415816
180000000 0.00077736011892
200000000 0.00074210786062
#Header 
#Target 16 37 0
#Product 14 34 0
#Datapoints 25
1000000 0
24000000 0
26000000 1.286630248812E-12
28000000 3.84305008578E-9
30000000 1.47609034314E-7
35000000 2.2455303465881E-6
40000000 7.1364611247138E-6
45000000 1.644360156E-5
50000000 3.40326954052E-5
55000000 6.1143499296E-5
60000000 9.455307435502E-5
65000000 0.000124028006064
70000000 0.000151008978094
75000000 0.000167072027364
80000000 0.000181182014406
90000000 0.000197977028622
100000000 0.000195099023585
110000000 0.000197501022576
120000000 0.00019711402154
130000000 0.00019588700389
140000000 0.000186000029954
150000000 0.000182335025301
160000000 0.00017934597996
180000000 0.000174352015046
200000000 0.000169020000541
#Header 
#Target 16 37 0
#Product 14 35 0
#Datapoints 22
1000000 0
30000000 0
35000000 1.2468299156092E-9
40000000 1.0244203550328E-7
45000000 4.79160009872E-7
50000000 9.348013171E-7
55000000 1.343070016E-6
60000000 1.7143505032489E-6
65000000 1.98752982672E-6
70000000 2.17625004272E-6
75000000 2.30959049724E-6
80000000 2.40447990838E-6
90000000 2.53534001022E-6
100000000 2.51196022065E-6
110000000 2.47559995254E-6
120000000 2.44269003164E-6
130000000 2.3633797501E-6
140000000 2.25751021058E-6
150000000 2.17815997454E-6
160000000 2.0724400844E-6
180000000 1.91700993704E-6
200000000 1.80104980517E-6
#Header 
#Target 16 37 0
#Product 15 28 0
#Datapoints 15
1000000 0
65000000 0
70000000 6.5543252606E-15
75000000 1.0348497216E-11
80000000 5.4312196208E-10
90000000 2.22270984498E-8
100000000 9.336651748E-8
110000000 1.66214989116E-7
120000000 2.18040007578E-7
130000000 2.6505599668E-7
140000000 3.11823018324E-7
150000000 3.50371997734E-7
160000000 3.66875999504E-7
180000000 3.75216995912E-7
200000000 3.59641034011E-7
#Header 
#Target 16 37 0
#Product 15 29 0
#Datapoints 19
1000000 0
45000000 0
50000000 7.251947388E-14
55000000 7.14075956E-9
60000000 5.4884502672045E-7
65000000 6.20435995872E-6
70000000 2.2862699171E-5
75000000 4.57369997832E-5
80000000 6.5045397589E-5
90000000 8.4646899154E-5
100000000 0.00010755299492
110000000 0.000151583008698
120000000 0.000205804035114
130000000 0.000247033010738
140000000 0.000268706975776
150000000 0.00027320900112
160000000 0.000273688000992
180000000 0.000262056977985
200000000 0.00024528698593
#Header 
#Target 16 37 0
#Product 15 30 0
#Datapoints 21
1000000 0
35000000 0
40000000 5.6249205755721E-9
45000000 1.70671028736E-5
50000000 0.0002582060413
55000000 0.00067694801456
60000000 0.0009427922648598
65000000 0.0012034098
70000000 0.00126162991032
75000000 0.00123595004196
80000000 0.00125562991938
90000000 0.00164756023702
100000000 0.0023753702326
110000000 0.00300714019188
120000000 0.00333775965373
130000000 0.00347768019036
140000000 0.0034686301101
150000000 0.00340264009008
160000000 0.0033002701774
180000000 0.00308198996655
200000000 0.0028886597362
#Header 
#Target 16 37 0
#Product 15 31 0
#Datapoints 26
1000000 0
22000000 0
24000000 7.72698803391E-13
26000000 8.3350609969266E-7
28000000 7.62687982872E-5
30000000 0.000875130997924
35000000 0.012004104281058
40000000 0.024071101402029
45000000 0.025165397
50000000 0.0196391027028
55000000 0.014176897856
60000000 0.011574397548025
65000000 0.0111399975744
70000000 0.0123950006076
75000000 0.0150853032432
80000000 0.0184698024248
90000000 0.0247261983248
100000000 0.0277149971955
110000000 0.0280429974132
120000000 0.0274487022123
130000000 0.0266602001174
140000000 0.0255014971234
150000000 0.0246405986233
160000000 0.0236853979712
180000000 0.0223108986507
200000000 0.0208903018261
#Header 
#Target 16 37 0
#Product 15 32 0
#Datapoints 32
1000000 0
15000000 0
16000000 9.91750144E-11
17000000 4.544830714452E-7
18000000 3.27678990335E-5
19000000 0.00038526897867
20000000 0.00193876002492
22000000 0.013054899496
24000000 0.033003801772407
26000000 0.053613005789121
28000000 0.067750096479
30000000 0.0740812984755
35000000 0.062552304658809
40000000 0.039397504377297
45000000 0.0252517990592
50000000 0.019452800781
55000000 0.019051600384
60000000 0.022528105297197
65000000 0.028746002664
70000000 0.035806397081
75000000 0.0415491007176
80000000 0.0458921034568
90000000 0.048379899582
100000000 0.047246601396
110000000 0.0455526000732
120000000 0.0433291977922
130000000 0.0411556005916
140000000 0.0398723003516
150000000 0.0379282998248
160000000 0.0366912015484
180000000 0.0339524036093
200000000 0.0324260001653
#Header 
#Target 16 37 0
#Product 15 33 0
#Datapoints 43
1000000 0
4000000 0
5000000 3.1803673102E-11
6000000 1.4866204134488E-5
7000000 0.0008251184670183
8000000 0.00225573973374
9000000 0.00748448954715
10000000 0.019628099354423
11000000 0.0364916955564
12000000 0.054203504477562
13000000 0.070377701254
14000000 0.084251612394735
15000000 0.0954727032618
16000000 0.10385602304
17000000 0.10955800170333
18000000 0.113049984075
19000000 0.114889008885
20000000 0.114003023171
22000000 0.104674008688
24000000 0.086463905622651
26000000 0.066838415357733
28000000 0.0502668977082
30000000 0.0385347960665
35000000 0.023326003737832
40000000 0.020326398726282
45000000 0.0252324992032
50000000 0.0372677956786
55000000 0.050238202096
60000000 0.060373710752602
65000000 0.067279702632
70000000 0.07044447215
75000000 0.07074936756
80000000 0.069138365668
90000000 0.065152707502
100000000 0.060377275885
110000000 0.056943001236
120000000 0.0538448002091
130000000 0.0509947012772
140000000 0.0484045979004
150000000 0.0464173973285
160000000 0.0441828981412
180000000 0.0406964002819
200000000 0.037497200818
#Header 
#Target 16 37 0
#Product 15 34 0
#Datapoints 46
1000000 0
1000000 1.16182003681E-6
2000000 0.000368835031942
3000000 0.0031240897604
4000000 0.0068300820406
5000000 0.0185552982016
6000000 0.027584606279405
7000000 0.037481608605987
8000000 0.0482949013592
9000000 0.0558329952148
10000000 0.055537108524975
11000000 0.0492819982732
12000000 0.04122310048956
13000000 0.0336187017124
14000000 0.027182905929615
15000000 0.0220746013569
16000000 0.01801090368
17000000 0.014764999700991
18000000 0.012121302003
19000000 0.0103978994442
20000000 0.00909538011583
22000000 0.00648418034632
24000000 0.0049798801188837
26000000 0.0045380708042226
28000000 0.00509573997657
30000000 0.00627646039743
35000000 0.010677803670629
40000000 0.019658103395238
45000000 0.0315551982944
50000000 0.0390871987692
55000000 0.040710700496
60000000 0.041494502624246
65000000 0.040133100384
70000000 0.0390115002628
75000000 0.038063802294
80000000 0.0367729992106
90000000 0.034428999063
100000000 0.032110197884
110000000 0.0297856987032
120000000 0.0282728976124
130000000 0.0266179976298
140000000 0.0250485984004
150000000 0.0235727012983
160000000 0.022318397598
180000000 0.0204649989654
200000000 0.0185870003718
#Header 
#Target 16 37 0
#Product 15 35 0
#Datapoints 36
1000000 0
11000000 0
12000000 1.300133330419E-10
13000000 2.19184965216E-8
14000000 5.778780633852E-7
15000000 2.78448989775E-6
16000000 1.07321984E-5
17000000 3.1909898528307E-5
18000000 0.000106736960075
19000000 0.000328797044886
20000000 0.000732933004327
22000000 0.00206248980712
24000000 0.0036448402622877
26000000 0.0048071805967287
28000000 0.00575672016336
30000000 0.006858789774
35000000 0.011853205435773
40000000 0.016859398804116
45000000 0.0196202004768
50000000 0.0209264988954
55000000 0.021718902304
60000000 0.022201705844649
65000000 0.0220328020896
70000000 0.021690499831
75000000 0.0211585997268
80000000 0.0208386031652
90000000 0.0200096016572
100000000 0.0190766992885
110000000 0.0181766985048
120000000 0.0171529004057
130000000 0.0163739989658
140000000 0.0153275974542
150000000 0.0145753000888
160000000 0.0139054021624
180000000 0.0124169997215
200000000 0.0112090012468
#Header 
#Target 16 37 0
#Product 15 36 0
#Datapoints 33
1000000 0
14000000 0
15000000 2.0832129648E-14
16000000 2.189993344E-10
17000000 1.5338995966395E-8
18000000 3.87341012775E-7
19000000 2.44920014199E-6
20000000 6.72130944987E-6
22000000 2.56306041968E-5
24000000 7.564780827765E-5
26000000 0.00016904398630662
28000000 0.000293228997768
30000000 0.000434309028102
35000000 0.00078309209731004
40000000 0.0010609900305906
45000000 0.00127640964384
50000000 0.00136792004978
55000000 0.001463820168
60000000 0.0014678304926952
65000000 0.00147154987296
70000000 0.00147140997224
75000000 0.00146741002272
80000000 0.00139355010092
90000000 0.00134893995572
100000000 0.00130471009575
110000000 0.00125576984478
120000000 0.00116422005656
130000000 0.00108877025408
140000000 0.00102836005776
150000000 0.00097308603359
160000000 0.00092718078124
180000000 0.00084132519108
200000000 0.00076758505446
#Header 
#Target 16 37 0
#Product 16 30 0
#Datapoints 16
1000000 0
60000000 0
65000000 5.532718992E-15
70000000 2.395738657E-11
75000000 1.14616018692E-9
80000000 1.0579899351E-8
90000000 1.04591006516E-7
100000000 3.2337900471E-7
110000000 6.322790991E-7
120000000 9.1107389045E-7
130000000 1.0897500895E-6
140000000 1.15426006704E-6
150000000 1.16815013799E-6
160000000 1.13342994268E-6
180000000 1.03653027115E-6
200000000 9.5084817303E-7
#Header 
#Target 16 37 0
#Product 16 31 0
#Datapoints 19
1000000 0
45000000 0
50000000 1.3469096382E-15
55000000 2.620540024E-9
60000000 1.7716803771932E-7
65000000 1.3899302784E-6
70000000 4.43581001656E-6
75000000 9.257512032E-6
80000000 1.59442021454E-5
90000000 3.4342902546E-5
100000000 4.9013205183E-5
110000000 5.62194977322E-5
120000000 5.7396525653E-5
130000000 5.5385615042E-5
140000000 5.2637509392E-5
150000000 5.00211999749E-5
160000000 4.81899000716E-5
180000000 4.50772039773E-5
200000000 4.20720044913E-5
#Header 
#Target 16 37 0
#Product 16 32 0
#Datapoints 22
1000000 0
30000000 0
35000000 1.746659752987E-11
40000000 1.5556402400121E-5
45000000 0.000220636947776
50000000 0.000604457990326
55000000 0.0011683400128
60000000 0.001995540659512
65000000 0.00304615951104
70000000 0.00393336992958
75000000 0.00453617014176
80000000 0.00479529011336
90000000 0.00472800033628
100000000 0.00437947995515
110000000 0.00403985000694
120000000 0.00373542986883
130000000 0.0035294000777
140000000 0.00335356980814
150000000 0.00319289991515
160000000 0.00308551016284
180000000 0.00285938011117
200000000 0.00272573981099
#Header 
#Target 16 37 0
#Product 16 33 0
#Datapoints 25
1000000 0
24000000 0
26000000 8.149877991936E-10
28000000 7.88368013121E-6
30000000 0.000132182041372
35000000 0.0012828100978314
40000000 0.0034051599087198
45000000 0.0091799475152
50000000 0.0168452027632
55000000 0.021567101456
60000000 0.023660500244862
65000000 0.0241546985616
70000000 0.0238664978474
75000000 0.0226112997312
80000000 0.0212283041166
90000000 0.018463303237
100000000 0.016586698783
110000000 0.0150929001036
120000000 0.0139414016419
130000000 0.01278720275
140000000 0.012124300436
150000000 0.0114943996002
160000000 0.0108467992108
180000000 0.0099557904105
200000000 0.009198480536
#Header 
#Target 16 37 0
#Product 16 34 0
#Datapoints 34
1000000 0
13000000 0
14000000 8.907815392239E-10
15000000 3.63035043738E-6
16000000 9.2641895808E-5
17000000 0.00040323208059228
18000000 0.000910879994454
19000000 0.00155201049123
20000000 0.00222722027333
22000000 0.00366568986384
24000000 0.0055602700736508
26000000 0.010506799873494
28000000 0.0231050960931
30000000 0.0454696013349
35000000 0.11397901770628
40000000 0.15471204324048
45000000 0.162626053568
50000000 0.15384098318
55000000 0.1398860104
60000000 0.12992698838661
65000000 0.118645020912
70000000 0.10963802681
75000000 0.102106991736
80000000 0.095547631196
90000000 0.084528310452
100000000 0.07512672674
110000000 0.068108219124
120000000 0.062038518291
130000000 0.056801981432
140000000 0.0523825990956
150000000 0.0484460989683
160000000 0.044911599642
180000000 0.0395820033169
200000000 0.0352969007209
#Header 
#Target 16 37 0
#Product 16 35 0
#Datapoints 41
1000000 0
6000000 0
7000000 6.0777305325828E-8
8000000 1.51596959524E-5
9000000 7.28287990473E-5
10000000 0.00011336700196409
11000000 0.000182846033512
12000000 0.00035275405884774
13000000 0.000719828004175
14000000 0.0010829301198369
15000000 0.00194973966984
16000000 0.0040130103552
17000000 0.0077156305020954
18000000 0.0147267955129
19000000 0.0273307989954
20000000 0.0473103933537
22000000 0.100498959928
24000000 0.15803104056246
26000000 0.20989198338054
28000000 0.244111965198
30000000 0.262329022264
35000000 0.25550604230282
40000000 0.22992797341272
45000000 0.20946100584
50000000 0.190272987504
55000000 0.17418302352
60000000 0.16182701207733
65000000 0.150057036384
70000000 0.139089033252
75000000 0.127312029432
80000000 0.11908299031
90000000 0.103426013992
100000000 0.091341587925
110000000 0.081357910788
120000000 0.072950125893
130000000 0.065432783806
140000000 0.05947670333
150000000 0.053963589042
160000000 0.0499734013268
180000000 0.0422901022764
200000000 0.0372244003341
#Header 
#Target 16 37 0
#Product 16 36 0
#Datapoints 45
1000000 0
2000000 0
3000000 8.9859882528E-9
4000000 1.1655598221E-5
5000000 0.00280254030054
6000000 0.026769400313439
7000000 0.083773603368
8000000 0.099306257398
9000000 0.104829961511
10000000 0.10680300263724
11000000 0.112728992416
12000000 0.12666205976655
13000000 0.147588035357
14000000 0.17135003734005
15000000 0.193522994907
16000000 0.21562000768
17000000 0.23715501255984
18000000 0.255019043325
19000000 0.267740973606
20000000 0.279588014593
22000000 0.281906032088
24000000 0.27175208138802
26000000 0.25438401406488
28000000 0.243571052139
30000000 0.23134597464
35000000 0.20593498499286
40000000 0.18279297703458
45000000 0.160998984592
50000000 0.146285020478
55000000 0.13985098592
60000000 0.12644799666805
65000000 0.115410984384
70000000 0.104292991686
75000000 0.096307873164
80000000 0.08738411832
90000000 0.07388101009
100000000 0.063715214525
110000000 0.0548539047276
120000000 0.0475037998589
130000000 0.0422842987346
140000000 0.03733700332
150000000 0.0337361949837
160000000 0.030151999178
180000000 0.0254445021523
200000000 0.0217957979288
#Header 
#Target 16 37 0
#Product 16 37 0
#Datapoints 46
1000000 0
1000000 4.4763409708E-12
2000000 1.31076979814E-5
3000000 0.000273914011832
4000000 0.00119645984066
5000000 0.00294992001492
6000000 0.0070010811205034
7000000 0.012979304061633
8000000 0.018746595003
9000000 0.0232123957294
10000000 0.026233700533348
11000000 0.0280823022292
12000000 0.029073498525412
13000000 0.0295708044772
14000000 0.029746506775287
15000000 0.0297962975196
16000000 0.029799202048
17000000 0.029758901664993
18000000 0.0297143978298
19000000 0.0296532991089
20000000 0.029579404203
22000000 0.0294753038816
24000000 0.029374901571825
26000000 0.029188004332671
28000000 0.0288999013971
30000000 0.0285084009871
35000000 0.027358001105625
40000000 0.026001101453283
45000000 0.0244782972768
50000000 0.0227685021294
55000000 0.021239404144
60000000 0.019542402014658
65000000 0.0179094966432
70000000 0.0163987018052
75000000 0.0148912017084
80000000 0.0135879009138
90000000 0.0111310017258
100000000 0.0090902786685
110000000 0.0073984021716
120000000 0.0060258379217
130000000 0.00492431039082
140000000 0.00404047014774
150000000 0.00332276034211
160000000 0.0027541696952
180000000 0.00195924998511
200000000 0.00150138986018
#Header 
#Target 16 37 0
#Product 17 32 0
#Datapoints 17
1000000 0
55000000 0
60000000 3.500047839808E-11
65000000 5.10597969216E-9
70000000 5.59060015384E-8
75000000 1.98331992504E-7
80000000 3.94509993588E-7
90000000 6.8291172736E-7
100000000 7.099360974E-7
110000000 6.3082288104E-7
120000000 5.27756011946E-7
130000000 4.39971017392E-7
140000000 3.70804001408E-7
150000000 3.16221026803E-7
160000000 2.75189993288E-7
180000000 2.15061001859E-7
200000000 1.75784981862E-7
#Header 
#Target 16 37 0
#Product 17 33 0
#Datapoints 20
1000000 0
40000000 0
45000000 6.20039018832E-7
50000000 1.22438963572E-5
55000000 3.6222301888E-5
60000000 5.4058109059469E-5
65000000 6.6566805168E-5
70000000 6.75574968068E-5
75000000 6.20357955228E-5
80000000 5.45827007452E-5
90000000 4.0489802088E-5
100000000 3.0151302913E-5
110000000 2.369379771E-5
120000000 1.93542976198E-5
130000000 1.63141033576E-5
140000000 1.41044002554E-5
150000000 1.23250977817E-5
160000000 1.10408976384E-5
180000000 9.0088376103E-6
200000000 7.582149365E-6
#Header 
#Target 16 37 0
#Product 17 34 0
#Datapoints 23
1000000 0
28000000 0
30000000 9.2093500945E-7
35000000 0.00027980304886946
40000000 0.0010844197172457
45000000 0.00135992003792
50000000 0.0011504897938
55000000 0.0008803222944
60000000 0.00070522310202777
65000000 0.00057454696944
70000000 0.000472052013446
75000000 0.000392928005988
80000000 0.000332401032644
90000000 0.000252161991304
100000000 0.00019954903274
110000000 0.000165165009438
120000000 0.000141116010085
130000000 0.000123784005292
140000000 0.000109784974226
150000000 9.8139173033E-5
160000000 8.8809009436E-5
180000000 7.4490418915E-5
200000000 6.3694496824E-5
#Header 
#Target 16 37 0
#Product 17 35 0
#Datapoints 32
1000000 0
15000000 0
16000000 0.00083229898752
17000000 0.0083017311420468
18000000 0.0247600056433
19000000 0.0495955993041
20000000 0.0741631013711
22000000 0.11677904652
24000000 0.13597797445047
26000000 0.13440303744528
28000000 0.119911984392
30000000 0.100319035841
35000000 0.058161404478894
40000000 0.036052006421211
45000000 0.0255389030544
50000000 0.0198876007924
55000000 0.016318196464
60000000 0.013606904712537
65000000 0.0113690010096
70000000 0.0097670792414
75000000 0.0085150681164
80000000 0.0075417211498
90000000 0.00601460939862
100000000 0.005013280345
110000000 0.0042402500448
120000000 0.00364864961525
130000000 0.00316271028808
140000000 0.00272217972644
150000000 0.00242230006513
160000000 0.0021242099074
180000000 0.00172120010018
200000000 0.00143544980523
#Header 
#Target 16 37 0
#Product 17 36 0
#Datapoints 41
1000000 0
6000000 0
7000000 0.045940705281198
8000000 0.197047967714
9000000 0.339555007328
10000000 0.45055906086646
11000000 0.523844929896
12000000 0.56298110059037
13000000 0.575289933995
14000000 0.57084606997743
15000000 0.559214989209
16000000 0.5411589568
17000000 0.51360506153025
18000000 0.476779991167
19000000 0.429795047868
20000000 0.375836020037
22000000 0.277768022824
24000000 0.20343297886641
26000000 0.15470502893757
28000000 0.121886976939
30000000 0.101148958943
35000000 0.071528399081451
40000000 0.055111401975069
45000000 0.0442771995104
50000000 0.0362752043858
55000000 0.030493300944
60000000 0.026120199734455
65000000 0.0221282958288
70000000 0.0191329035014
75000000 0.016704399996
80000000 0.0146722006152
90000000 0.0117465995956
100000000 0.009725462521
110000000 0.0079989673764
120000000 0.0067092716856
130000000 0.0056782621998
140000000 0.00488456990178
150000000 0.00422512972651
160000000 0.00373097999316
180000000 0.0029713798037
200000000 0.00242587996889
#Header 
#Target 16 37 0
#Product 17 37 0
#Datapoints 46
1000000 0
1000000 0.00291844006093
2000000 0.0976762020486
3000000 0.28068200594
4000000 0.436084995575
5000000 0.564711983075
6000000 0.64884608623359
7000000 0.61156101847113
8000000 0.477825064946
9000000 0.348009006697
10000000 0.24992501320052
11000000 0.1841860361
12000000 0.14123404833494
13000000 0.112982044952
14000000 0.094040207567877
15000000 0.0804284930625
16000000 0.07052120768
17000000 0.06294580480479
18000000 0.0570131959388
19000000 0.0522710046144
20000000 0.0483031965446
22000000 0.04174950512
24000000 0.036385605192033
26000000 0.031783701800625
28000000 0.027978602172
30000000 0.0246942992396
35000000 0.018589200431841
40000000 0.014595604892781
45000000 0.0117617961056
50000000 0.0096970217962
55000000 0.00828007064
60000000 0.0068283108522208
65000000 0.0060441297408
70000000 0.00499487017042
75000000 0.00448567981524
80000000 0.00383853966214
90000000 0.0030820500948
100000000 0.0025541400494
110000000 0.0020866302864
120000000 0.00169118984134
130000000 0.00140630002358
140000000 0.00120328006464
150000000 0.0010597499495
160000000 0.00094252610732
180000000 0.00074475287832
200000000 0.00056081819437
#Header 
#Target 16 37 0
#Product 17 38 0
#Datapoints 46
1000000 0
1000000 4.5194387582E-7
2000000 1.09297980856E-5
3000000 2.352399952E-5
4000000 2.77048017144E-5
5000000 4.44190001066E-5
6000000 5.6623408280334E-5
7000000 7.6103514836622E-5
8000000 0.000107546981604
9000000 0.00015501798171
10000000 0.00022721403928797
11000000 0.000355779995936
12000000 0.00036764304811927
13000000 0.00040955204696
14000000 0.00042785100278163
15000000 0.00041221204623
16000000 0.00037313002496
17000000 0.00033296901668151
18000000 0.000297135001967
19000000 0.000264183019239
20000000 0.000231481956889
22000000 0.000186390996704
24000000 0.00015479303585319
26000000 0.00013553798221914
28000000 0.000117506976882
30000000 0.000103728977944
35000000 8.1813209476966E-5
40000000 7.5334903723827E-5
45000000 6.27544012192E-5
50000000 5.13973034366E-5
55000000 4.9712696944E-5
60000000 4.1947808088459E-5
65000000 4.11233020608E-5
70000000 3.47404019092E-5
75000000 3.44052044496E-5
80000000 2.95585991414E-5
90000000 2.49973976894E-5
100000000 2.19535035635E-5
110000000 1.91555018688E-5
120000000 1.50378016965E-5
130000000 1.32254971002E-5
140000000 1.21901020544E-5
150000000 1.08165019765E-5
160000000 9.8126318276E-6
180000000 8.298790863E-6
200000000 6.1519682427E-6
