#Header 
#Target 47 112 0
#Product 0 1 0
#Datapoints 45
1000000 0
2000000 7.4144845016E-7
3000000 0.00018539302092
4000000 0.0044306333801
5000000 0.033344197866
6000000 0.1166058432
7000000 0.2855491618
8000000 0.5698885248
9000000 0.863749366
10000000 1.1320142274
11000000 1.367364249369
12000000 1.570601361639
13000000 1.731434764
14000000 1.85469398
15000000 1.983541266
16000000 2.142150953
17000000 2.329403648
18000000 2.520765995
19000000 2.702090125
20000000 2.841797134
22000000 3.030181
24000000 3.129896154
26000000 3.218772145
28000000 3.379983078
30000000 3.558043632
35000000 3.794466324
40000000 3.9158229
45000000 4.023072508
50000000 4.088133947
55000000 4.120760616
60000000 4.167114534
65000000 4.181612112
70000000 4.211347151
75000000 4.227106745
80000000 4.278350288
90000000 4.388127577
100000000 4.4965467
110000000 4.631558768
120000000 4.779790346
130000000 4.982306713
140000000 5.17844241
150000000 5.367239178
160000000 5.556918928
180000000 5.914640074
200000000 6.259226544
#Header 
#Target 47 112 0
#Product 1 1 0
#Datapoints 45
1000000 0
2000000 4.5898676458E-16
3000000 6.125703172E-11
4000000 1.5699104082E-7
5000000 2.0270048988E-5
6000000 0.0004231697856
7000000 0.00247805559
8000000 0.006847929144
9000000 0.013597837664
10000000 0.022837157145
11000000 0.03420348504426
12000000 0.04736782695266
13000000 0.06189457672
14000000 0.0767030754
15000000 0.09102699312
16000000 0.10513229074
17000000 0.11959586496
18000000 0.134748824
19000000 0.1505405675
20000000 0.1683221012
22000000 0.20299363
24000000 0.239534364
26000000 0.2772627276
28000000 0.3160952698
30000000 0.3559334064
35000000 0.454691886
40000000 0.5465789208
45000000 0.6300447132
50000000 0.7032540169
55000000 0.7683759272
60000000 0.824662289
65000000 0.8748754848
70000000 0.9188296986
75000000 0.9575694075
80000000 0.9924328408
90000000 1.0560207885
100000000 1.1079145348
110000000 1.1557379792
120000000 1.199689878
130000000 1.24135393
140000000 1.283174265
150000000 1.326938802
160000000 1.373045392
180000000 1.47520009
200000000 1.597869852
#Header 
#Target 47 112 0
#Product 1 2 0
#Datapoints 42
1000000 0
5000000 0
6000000 1.4613648E-15
7000000 4.224222308E-11
8000000 1.813399434E-8
9000000 5.969880746E-7
10000000 1.107961281E-5
11000000 0.0001028162450997
12000000 0.0005195577255095
13000000 0.001643479681
14000000 0.00365887662
15000000 0.006416135376
16000000 0.009653224797
17000000 0.0131420608
18000000 0.0167540804
19000000 0.02038583175
20000000 0.02396445832
22000000 0.0308087852
24000000 0.03711470966
26000000 0.04383785855
28000000 0.0490503635
30000000 0.05382597168
35000000 0.06412746384
40000000 0.07260154176
45000000 0.07976276812
50000000 0.08241331344
55000000 0.0898629284
60000000 0.09252063986
65000000 0.09827848728
70000000 0.10025499165
75000000 0.10498860715
80000000 0.10666708208
90000000 0.10388734215
100000000 0.10204384672
110000000 0.09840888224
120000000 0.09531703026
130000000 0.09341814887
140000000 0.09223695685
150000000 0.0920577987
160000000 0.09291578752
180000000 0.09799902574
200000000 0.1084854654
#Header 
#Target 47 112 0
#Product 1 3 0
#Datapoints 39
1000000 0
8000000 0
9000000 6.835518814E-16
10000000 3.3055107768E-11
11000000 1.388585384145E-8
12000000 3.279667866571E-7
13000000 5.8981101025E-6
14000000 4.24936454E-5
15000000 0.0001583841756
16000000 0.0003884475862
17000000 0.0007393255936
18000000 0.0012057346435
19000000 0.00175123995
20000000 0.002360269274
22000000 0.00368855669
24000000 0.00506955797
26000000 0.006422723573
28000000 0.00772610135
30000000 0.008951330856
35000000 0.011666116836
40000000 0.013803176904
45000000 0.01543573332
50000000 0.0168390057
55000000 0.01819191976
60000000 0.01957353728
65000000 0.02099810664
70000000 0.0224381487
75000000 0.02395208005
80000000 0.02564946944
90000000 0.02956917028
100000000 0.03387591272
110000000 0.0362459844
120000000 0.03865374394
130000000 0.04135355721
140000000 0.0442195878
150000000 0.0472391976
160000000 0.05019749392
180000000 0.05696607322
200000000 0.06462081366
#Header 
#Target 47 112 0
#Product 2 3 0
#Datapoints 38
1000000 0
9000000 0
10000000 6.2415088056E-19
11000000 4.294252569744E-16
12000000 2.200669053503E-14
13000000 1.5332492495E-12
14000000 4.08814456E-11
15000000 5.741147454E-10
16000000 5.386983569E-9
17000000 4.023055168E-8
18000000 2.572328045E-7
19000000 1.391796875E-6
20000000 6.22509459E-6
22000000 6.97012194E-5
24000000 0.0003506835556
26000000 0.0009746991888
28000000 0.001922302625
30000000 0.00308919156
35000000 0.00650464386
40000000 0.009915649656
45000000 0.013012549368
50000000 0.01566859465
55000000 0.01770201608
60000000 0.0193814346
65000000 0.02077326936
70000000 0.02216144293
75000000 0.02346484725
80000000 0.02484528512
90000000 0.02777361974
100000000 0.0310812948
110000000 0.0329892888
120000000 0.03479945172
130000000 0.03629663404
140000000 0.0378255573
150000000 0.039401775
160000000 0.04099687088
180000000 0.0441785701
200000000 0.0472478496
#Header 
#Target 47 112 0
#Product 2 4 0
#Datapoints 45
1000000 0
2000000 1.318418199E-10
3000000 4.627594066E-9
4000000 1.0986259698E-7
5000000 1.3964546781E-6
6000000 8.968920768E-6
7000000 3.504163016E-5
8000000 0.00010656723168
9000000 0.0002805079792
10000000 0.00063647224596
11000000 0.001245006366363
12000000 0.002154464323233
13000000 0.003420786314
14000000 0.00523982194
15000000 0.008662394706
16000000 0.01680484963
17000000 0.0215465888
18000000 0.0228717878
19000000 0.01861680225
20000000 0.01940775144
22000000 0.0226305533
24000000 0.02649362256
26000000 0.03047088162
28000000 0.03441106153
30000000 0.03827216016
35000000 0.04686860772
40000000 0.053954901
45000000 0.0592465188
50000000 0.063411277
55000000 0.06522699064
60000000 0.06723325026
65000000 0.06684712488
70000000 0.06703309899
75000000 0.0654858591
80000000 0.0638816004
90000000 0.0617394721
100000000 0.05881133632
110000000 0.05603203336
120000000 0.05468239226
130000000 0.06221352557
140000000 0.0705574444
150000000 0.07930936146
160000000 0.08816202448
180000000 0.10612050582
200000000 0.1226711697
#Header 
#Target 47 112 0
#Product 39 84 0
#Datapoints 7
1000000 0
130000000 0
140000000 1.93657608E-11
150000000 7.1140997844E-9
160000000 1.562489992E-7
180000000 1.7528003234E-5
200000000 0.00031556002317
#Header 
#Target 47 112 0
#Product 39 85 0
#Datapoints 8
1000000 0
120000000 0
130000000 8.132237939E-13
140000000 2.18350925E-10
150000000 5.5523105862E-9
160000000 7.3533198896E-8
180000000 4.9223096776E-6
200000000 5.8113795015E-5
#Header 
#Target 47 112 0
#Product 39 86 0
#Datapoints 9
1000000 0
110000000 0
120000000 8.736969802E-14
130000000 1.207700171E-10
140000000 5.292480179E-9
150000000 7.4905197696E-8
160000000 8.4295503408E-7
180000000 2.0598696594E-5
200000000 0.00017009097372
#Header 
#Target 47 112 0
#Product 40 85 0
#Datapoints 7
1000000 0
130000000 0
140000000 3.245386085E-12
150000000 1.242480603E-9
160000000 9.535249952E-8
180000000 2.3131004358E-5
200000000 0.0003460159776
#Header 
#Target 47 112 0
#Product 40 86 0
#Datapoints 8
1000000 0
120000000 0
130000000 1.1487600476E-11
140000000 2.9520597925E-9
150000000 1.6148694618E-7
160000000 3.7507499296E-6
180000000 0.0001184189839
200000000 0.0012084294945
#Header 
#Target 47 112 0
#Product 40 87 0
#Datapoints 9
1000000 0
110000000 0
120000000 6.264053348E-12
130000000 2.1085496339E-9
140000000 8.2249898535E-8
150000000 1.7781199128E-6
160000000 1.4075597168E-5
180000000 0.00030128893788
200000000 0.0014694597303
#Header 
#Target 47 112 0
#Product 40 88 0
#Datapoints 10
1000000 0
100000000 0
110000000 4.972944448E-12
120000000 1.2191306006E-9
130000000 3.6885697221E-8
140000000 6.697639751E-7
150000000 6.061879761E-6
160000000 3.1827495744E-5
180000000 0.00039467101758
200000000 0.0014446794495
#Header 
#Target 47 112 0
#Product 40 89 0
#Datapoints 11
1000000 0
90000000 0
100000000 3.726285732E-13
110000000 3.332108704E-10
120000000 9.0617000684E-9
130000000 1.3830902273E-7
140000000 1.1783600885E-6
150000000 5.9768702196E-6
160000000 2.3890795776E-5
180000000 0.00016786100772
200000000 0.00051037399524
#Header 
#Target 47 112 0
#Product 40 90 0
#Datapoints 12
1000000 0
80000000 0
90000000 4.611324662E-14
100000000 9.492162516E-11
110000000 2.5618695512E-9
120000000 1.2240801632E-8
130000000 1.09726000445E-7
140000000 5.8933596825E-7
150000000 2.2080201108E-6
160000000 6.10019976E-6
180000000 2.573559709E-5
200000000 6.3606700155E-5
#Header 
#Target 47 112 0
#Product 41 87 0
#Datapoints 8
1000000 0
120000000 0
130000000 6.085443594E-14
140000000 7.331191065E-10
150000000 3.5739596088E-8
160000000 3.3521005008E-7
180000000 1.2361100332E-5
200000000 6.6688592328E-5
#Header 
#Target 47 112 0
#Product 41 88 0
#Datapoints 9
1000000 0
110000000 0
120000000 9.584821442E-14
130000000 1.3029996431E-9
140000000 9.706839957E-8
150000000 1.3527795876E-6
160000000 1.04075995392E-5
180000000 0.00020338294032
200000000 0.00084604797447
#Header 
#Target 47 112 0
#Product 41 89 0
#Datapoints 10
1000000 0
100000000 0
110000000 3.319244544E-14
120000000 6.107679478E-10
130000000 8.5215199569E-8
140000000 1.618119654E-6
150000000 1.3353399948E-5
160000000 7.84769028E-5
180000000 0.00066810297778
200000000 0.0023216598399
#Header 
#Target 47 112 0
#Product 41 90 0
#Datapoints 10
1000000 0
100000000 0
110000000 4.906876064E-11
120000000 2.3312499236E-8
130000000 7.1119695053E-7
140000000 6.641110422E-6
150000000 4.0345801986E-5
160000000 0.00015225702928
180000000 0.000765573935
200000000 0.002138519817
#Header 
#Target 47 112 0
#Product 41 91 0
#Datapoints 11
1000000 0
90000000 0
100000000 1.564361748E-11
110000000 1.4349800576E-8
120000000 3.508339531E-7
130000000 3.6955301168E-6
140000000 1.9266301925E-5
150000000 6.5617891458E-5
160000000 0.0001659729856
180000000 0.00070982398984
200000000 0.0016134902943
#Header 
#Target 47 112 0
#Product 41 92 0
#Datapoints 12
1000000 0
80000000 0
90000000 9.93792853E-15
100000000 1.799787664E-10
110000000 4.048460376E-8
120000000 4.3527097292E-7
130000000 2.9526003643E-6
140000000 1.0263000228E-5
150000000 2.5193105154E-5
160000000 5.654950584E-5
180000000 0.00017663401224
200000000 0.00031560402894
#Header 
#Target 47 112 0
#Product 42 89 0
#Datapoints 9
1000000 0
110000000 0
120000000 1.537500198E-14
130000000 5.046525126E-10
140000000 2.80903965E-8
150000000 7.1995002366E-7
160000000 8.1206890096E-6
180000000 9.690559018E-5
200000000 0.00040988601642
#Header 
#Target 47 112 0
#Product 42 90 0
#Datapoints 10
1000000 0
100000000 0
110000000 6.51290576E-13
120000000 2.7589196892E-9
130000000 1.1696598829E-7
140000000 1.8510299825E-6
150000000 1.9566994902E-5
160000000 9.043580576E-5
180000000 0.00052619301518
200000000 0.001711760211
#Header 
#Target 47 112 0
#Product 42 91 0
#Datapoints 11
1000000 0
90000000 0
100000000 5.339533396E-13
110000000 2.72708056E-9
120000000 1.1393900232E-7
130000000 1.8166000689E-6
140000000 1.7259903995E-5
150000000 8.587999581E-5
160000000 0.00025117995312
180000000 0.0013801401222
200000000 0.003560109621
#Header 
#Target 47 112 0
#Product 42 92 0
#Datapoints 12
1000000 0
80000000 0
90000000 5.582254359E-13
100000000 5.88742003E-9
110000000 6.1568889184E-7
120000000 3.2347202986E-6
130000000 2.3346896054E-5
140000000 0.000104022002325
150000000 0.0003338180517
160000000 0.00085235304752
180000000 0.0031153796044
200000000 0.0063301400757
#Header 
#Target 47 112 0
#Product 42 93 0
#Datapoints 12
1000000 0
80000000 0
90000000 1.604985879E-10
100000000 2.1395192864E-7
110000000 3.5339097528E-6
120000000 6.2291902302E-6
130000000 2.5639897896E-5
140000000 7.9853300795E-5
150000000 0.00020002397226
160000000 0.000411098964
180000000 0.0011362296134
200000000 0.0020828198616
#Header 
#Target 47 112 0
#Product 42 94 0
#Datapoints 14
1000000 0
70000000 0
75000000 1.931988055E-15
80000000 7.314937616E-12
90000000 7.7741494723E-8
100000000 4.7436599688E-6
110000000 1.779180076E-5
120000000 1.9592000808E-5
130000000 5.5445098346E-5
140000000 0.0001348460561
150000000 0.00028147001148
160000000 0.0004645460392
180000000 0.0009972310075
200000000 0.0014576798889
#Header 
#Target 47 112 0
#Product 42 95 0
#Datapoints 15
1000000 0
65000000 0
70000000 1.72316573E-14
75000000 1.482827025E-11
80000000 3.654599548E-9
90000000 2.3283196163E-6
100000000 2.320669524E-5
110000000 2.8543398696E-5
120000000 2.5209297056E-5
130000000 5.5566401088E-5
140000000 0.00011906895495
150000000 0.00019637200674
160000000 0.00030042696208
180000000 0.00050110496184
200000000 0.00060462396879
#Header 
#Target 47 112 0
#Product 42 96 0
#Datapoints 16
1000000 0
60000000 0
65000000 8.071574976E-13
70000000 2.571602682E-10
75000000 2.3244398555E-8
80000000 5.4555093856E-7
90000000 1.7979097415E-5
100000000 3.7909106496E-5
110000000 2.5443803616E-5
120000000 2.87697038E-5
130000000 5.585789603E-5
140000000 9.0337699345E-5
150000000 0.00013007003268
160000000 0.00018028802736
180000000 0.00024404596132
200000000 0.00024880305594
#Header 
#Target 47 112 0
#Product 43 91 0
#Datapoints 9
1000000 0
110000000 0
120000000 2.530952362E-11
130000000 1.6468298523E-8
140000000 5.1233404735E-7
150000000 3.9077398122E-6
160000000 1.2738104352E-5
180000000 9.4690701546E-5
200000000 0.00028735393065
#Header 
#Target 47 112 0
#Product 43 92 0
#Datapoints 10
1000000 0
100000000 0
110000000 1.707425976E-11
120000000 2.5642000718E-8
130000000 1.6538695146E-6
140000000 1.516840137E-5
150000000 6.7914797454E-5
160000000 0.0002155380496
180000000 0.0009871500464
200000000 0.0022120201599
#Header 
#Target 47 112 0
#Product 43 93 0
#Datapoints 11
1000000 0
90000000 0
100000000 3.93841902E-12
110000000 3.468869288E-8
120000000 2.2283995094E-6
130000000 2.8707297562E-5
140000000 0.0001587659442
150000000 0.0004666819668
160000000 0.0010849100528
180000000 0.0039525296174
200000000 0.0084124010319
#Header 
#Target 47 112 0
#Product 43 94 0
#Datapoints 12
1000000 0
80000000 0
90000000 8.863807743E-15
100000000 1.8784304408E-9
110000000 9.2479803032E-7
120000000 1.5292402368E-5
130000000 0.000114649998844
140000000 0.00037744098475
150000000 0.00086106995226
160000000 0.0019026003424
180000000 0.0058122098314
200000000 0.0096796804812
#Header 
#Target 47 112 0
#Product 43 95 0
#Datapoints 12
1000000 0
80000000 0
90000000 8.175931078E-11
100000000 2.704500446E-7
110000000 1.5503096792E-5
120000000 6.1242801708E-5
130000000 0.00024787899423
140000000 0.00059310199145
150000000 0.0013462098006
160000000 0.0025608995568
180000000 0.005662509713
200000000 0.0071518305888
#Header 
#Target 47 112 0
#Product 43 96 0
#Datapoints 13
1000000 0
75000000 0
80000000 8.75177068E-14
90000000 1.205519999E-8
100000000 6.7308196012E-6
110000000 7.7161488976E-5
120000000 0.00011354999782
130000000 0.00030179401807
140000000 0.00060749102505
150000000 0.001218280287
160000000 0.0019985198096
180000000 0.003106590459
200000000 0.0033544195854
#Header 
#Target 47 112 0
#Product 43 97 0
#Datapoints 15
1000000 0
65000000 0
70000000 4.853162567E-15
75000000 1.008928735E-11
80000000 1.5883194384E-9
90000000 2.3936202679E-6
100000000 7.8242300292E-5
110000000 0.00019565695608
120000000 0.00019736496678
130000000 0.00036757493535
140000000 0.0007083349867
150000000 0.0011426096724
160000000 0.001543899608
180000000 0.001906930459
200000000 0.0017971003545
#Header 
#Target 47 112 0
#Product 43 98 0
#Datapoints 16
1000000 0
60000000 0
65000000 1.1179387584E-14
70000000 2.453098351E-11
75000000 5.4475403945E-9
80000000 2.2792398848E-7
90000000 3.5179095707E-5
100000000 0.00019333702016
110000000 0.0001979739612
120000000 0.00018338194762
130000000 0.00032232700758
140000000 0.00054352893655
150000000 0.00071234601774
160000000 0.00083949401088
180000000 0.00088720299094
200000000 0.00090368000802
#Header 
#Target 47 112 0
#Product 43 99 0
#Datapoints 17
1000000 0
55000000 0
60000000 4.98321142E-13
65000000 3.922020936E-10
70000000 3.6688605063E-8
75000000 8.399550048E-7
80000000 8.2451200472E-6
90000000 0.00010109299904
100000000 0.00013813299436
110000000 0.00010054299784
120000000 0.00013246595038
130000000 0.00022498604507
140000000 0.00030726005095
150000000 0.0003739790523
160000000 0.00040420892384
180000000 0.00042331497222
200000000 0.00039737499399
#Header 
#Target 47 112 0
#Product 43 100 0
#Datapoints 18
1000000 0
50000000 0
55000000 2.461449368E-12
60000000 1.3294495676E-9
65000000 6.8019794424E-8
70000000 1.11564012439E-6
75000000 1.05242995795E-5
80000000 4.173810284E-5
90000000 8.5419998714E-5
100000000 5.30012993E-5
110000000 5.5101396336E-5
120000000 8.8526294514E-5
130000000 0.00013139502289
140000000 0.0001601970055
150000000 0.00017006800314
160000000 0.00017803298144
180000000 0.00017388395528
200000000 0.00018480903006
#Header 
#Target 47 112 0
#Product 44 93 0
#Datapoints 10
1000000 0
100000000 0
110000000 2.349299016E-11
120000000 8.520439801E-9
130000000 1.692619714E-7
140000000 1.519279889E-6
150000000 7.2806899242E-6
160000000 2.118779632E-5
180000000 0.000108727999548
200000000 0.00029221597935
#Header 
#Target 47 112 0
#Product 44 94 0
#Datapoints 11
1000000 0
90000000 0
100000000 2.405010476E-10
110000000 1.5652600176E-7
120000000 2.5608896732E-6
130000000 2.190560126E-5
140000000 8.2036190935E-5
150000000 0.00023047095246
160000000 0.00058507105616
180000000 0.0021606301934
200000000 0.0035631600453
#Header 
#Target 47 112 0
#Product 44 95 0
#Datapoints 12
1000000 0
80000000 0
90000000 1.173859387E-11
100000000 1.6010703328E-7
110000000 1.20500989648E-5
120000000 3.688570364E-5
130000000 0.00017125799951
140000000 0.0005005490592
150000000 0.0012622600116
160000000 0.002659590296
180000000 0.0067269396754
200000000 0.0095369700903
#Header 
#Target 47 112 0
#Product 44 96 0
#Datapoints 13
1000000 0
75000000 0
80000000 3.570098192E-13
90000000 1.13087000448E-7
100000000 3.5086905528E-5
110000000 0.00022141197528
120000000 0.0002819160154
130000000 0.00078096001558
140000000 0.0018375402635
150000000 0.0039284196714
160000000 0.0066911007472
180000000 0.011416095432
200000000 0.013405902783
#Header 
#Target 47 112 0
#Product 44 97 0
#Datapoints 14
1000000 0
70000000 0
75000000 3.70914018E-12
80000000 4.5517901064E-9
90000000 2.8558600883E-5
100000000 0.00047482401476
110000000 0.0007679229972
120000000 0.00076729100548
130000000 0.0016557999138
140000000 0.0035655496495
150000000 0.005844799989
160000000 0.007965500008
180000000 0.0104668001116
200000000 0.010874500308
#Header 
#Target 47 112 0
#Product 44 98 0
#Datapoints 16
1000000 0
60000000 0
65000000 1.081219968E-13
70000000 1.1193792698E-9
75000000 2.919780116E-7
80000000 1.4753695344E-5
90000000 0.00062577800607
100000000 0.001482750498
110000000 0.0012178403184
120000000 0.001534370345
130000000 0.0031328700408
140000000 0.005152350363
150000000 0.0069814499664
160000000 0.0085012398576
180000000 0.009877940457
200000000 0.0100441992255
#Header 
#Target 47 112 0
#Product 44 99 0
#Datapoints 17
1000000 0
55000000 0
60000000 1.68040334E-11
65000000 3.5715999456E-8
70000000 4.3139098442E-6
75000000 8.424990254E-5
80000000 0.00048225295224
90000000 0.0017748496657
100000000 0.001323010078
110000000 0.0012677799584
120000000 0.0021240203966
130000000 0.00361028947
140000000 0.004747280448
150000000 0.0055223697564
160000000 0.0059916908
180000000 0.0062554896544
200000000 0.0059219999427
#Header 
#Target 47 112 0
#Product 44 100 0
#Datapoints 19
1000000 0
45000000 0
50000000 4.294538604E-13
55000000 3.715100508E-9
60000000 1.5777698662E-6
65000000 5.7044205576E-5
70000000 0.00046001303612
75000000 0.00127530998755
80000000 0.0019379799944
90000000 0.0014361693476
100000000 0.0010921599882
110000000 0.0017582503304
120000000 0.0027182898024
130000000 0.0036002003365
140000000 0.0040572903785
150000000 0.0043556004408
160000000 0.0044566101936
180000000 0.0046348504202
200000000 0.0043889299254
#Header 
#Target 47 112 0
#Product 44 101 0
#Datapoints 20
1000000 0
40000000 0
45000000 1.1441292408E-11
50000000 8.2531904371E-8
55000000 1.42534007224E-5
60000000 0.0002813589889
65000000 0.00107578010088
70000000 0.0017163702622
75000000 0.001597329416
80000000 0.0011075600844
90000000 0.00069273099381
100000000 0.0011734000236
110000000 0.001835940148
120000000 0.0023613297708
130000000 0.0026104196206
140000000 0.002800780264
150000000 0.0028745004288
160000000 0.0028984393712
180000000 0.0028686400792
200000000 0.002890729395
#Header 
#Target 47 112 0
#Product 44 102 0
#Datapoints 22
1000000 0
30000000 0
35000000 2.134569096E-12
40000000 1.20512002248E-8
45000000 5.214149864E-6
50000000 0.00015527297306
55000000 0.00071089902856
60000000 0.00126226002848
65000000 0.0011269600416
70000000 0.00071532796214
75000000 0.0004432050383
80000000 0.00037848494408
90000000 0.00072950397628
100000000 0.0012603798948
110000000 0.0015388897032
120000000 0.001680600403
130000000 0.0017473003696
140000000 0.001783389922
150000000 0.001780779462
160000000 0.001845310288
180000000 0.0018416504148
200000000 0.0019641498978
#Header 
#Target 47 112 0
#Product 44 103 0
#Datapoints 25
1000000 0
24000000 0
26000000 1.959039674E-15
28000000 6.093413598E-13
30000000 8.556209376E-11
35000000 2.7767297448E-7
40000000 2.6035296276E-5
45000000 0.00022453303432
50000000 0.00048579690737
55000000 0.00043125296984
60000000 0.00024662504196
65000000 0.00014122199088
70000000 0.000118438000791
75000000 0.0001580560666
80000000 0.00025666803728
90000000 0.00047663197251
100000000 0.000581697009
110000000 0.00062124997112
120000000 0.00066232998946
130000000 0.00068628897235
140000000 0.00072481397515
150000000 0.00076232995146
160000000 0.00078864200608
180000000 0.0008879479798
200000000 0.00096228595029
#Header 
#Target 47 112 0
#Product 44 104 0
#Datapoints 31
1000000 0
16000000 0
17000000 4.732039488E-15
18000000 4.972498195E-14
19000000 4.006249925E-13
20000000 3.14884779E-12
22000000 1.30865009E-10
24000000 2.808270408E-9
26000000 3.99475983E-8
28000000 3.3332098203E-7
30000000 1.6916507712E-6
35000000 2.4807500652E-5
40000000 9.2773895412E-5
45000000 0.0001060779895
50000000 6.6034503715E-5
55000000 3.7332905568E-5
60000000 2.8838799484E-5
65000000 3.7978101504E-5
70000000 7.0014600249E-5
75000000 0.000116463999375
80000000 0.0001551959648
90000000 0.00018666002268
100000000 0.00019103101268
110000000 0.00020602097872
120000000 0.00022693596046
130000000 0.00025806697909
140000000 0.00029357405115
150000000 0.0003282509622
160000000 0.00038670496768
180000000 0.00046741796374
200000000 0.000549965055
#Header 
#Target 47 112 0
#Product 44 105 0
#Datapoints 36
1000000 0
11000000 0
12000000 1.179895214576E-14
13000000 1.44007748E-13
14000000 1.34739444E-12
15000000 9.227176686E-12
16000000 4.97602818E-11
17000000 2.130208256E-10
18000000 7.55325917E-10
19000000 2.251329905E-9
20000000 6.032940056E-9
22000000 3.086989091E-8
24000000 1.13023995224E-7
26000000 3.2842295999E-7
28000000 7.766059204E-7
30000000 1.45933004568E-6
35000000 2.0613300444E-6
40000000 1.25742014244E-6
45000000 8.0420509792E-7
50000000 7.0230701473E-7
55000000 1.760889984E-6
60000000 7.1173604414E-6
65000000 1.6111105776E-5
70000000 2.251200061E-5
75000000 2.4826697805E-5
80000000 2.5935696264E-5
90000000 2.7144806228E-5
100000000 3.1038502524E-5
110000000 3.884909572E-5
120000000 5.4044199198E-5
130000000 7.7190404199E-5
140000000 0.000103157999925
150000000 0.00013358404962
160000000 0.00016027397904
180000000 0.0002075869852
200000000 0.00023289395292
#Header 
#Target 47 112 0
#Product 45 95 0
#Datapoints 10
1000000 0
100000000 0
110000000 1.1781895792E-11
120000000 3.9597902404E-8
130000000 1.5231805562E-6
140000000 1.179620092E-5
150000000 4.3012401138E-5
160000000 0.00011879601088
180000000 0.00039119898342
200000000 0.00065428999434
#Header 
#Target 47 112 0
#Product 45 96 0
#Datapoints 11
1000000 0
90000000 0
100000000 1.517701876E-12
110000000 4.6176496984E-8
120000000 2.9949996904E-6
130000000 3.3574001806E-5
140000000 0.0001425590202
150000000 0.0004004700378
160000000 0.00084875106304
180000000 0.0017568104596
200000000 0.0023288196108
#Header 
#Target 47 112 0
#Product 45 97 0
#Datapoints 12
1000000 0
80000000 0
90000000 8.191173182E-14
100000000 4.431929244E-8
110000000 8.4737605424E-6
120000000 8.2098989934E-5
130000000 0.00042167705404
140000000 0.0012100195395
150000000 0.002478470505
160000000 0.0039611703264
180000000 0.0070275199414
200000000 0.0077351297469
#Header 
#Target 47 112 0
#Product 45 98 0
#Datapoints 12
1000000 0
80000000 0
90000000 1.1786391676E-9
100000000 3.5028804536E-6
110000000 0.000106420996624
120000000 0.00038896696552
130000000 0.0013127204154
140000000 0.0028061997695
150000000 0.0046866205428
160000000 0.006643759392
180000000 0.0097774002242
200000000 0.0102150005016
#Header 
#Target 47 112 0
#Product 45 99 0
#Datapoints 14
1000000 0
70000000 0
75000000 5.546659805E-15
80000000 1.1698190688E-10
90000000 6.8606692089E-7
100000000 2.4886699352E-5
110000000 0.000117565995136
120000000 0.0002380689723
130000000 0.00048149902949
140000000 0.00075484195665
150000000 0.0011000800461
160000000 0.0014401101744
180000000 0.0018990803202
200000000 0.0020470199364
#Header 
#Target 47 112 0
#Product 45 100 0
#Datapoints 15
1000000 0
65000000 0
70000000 3.717931756E-12
75000000 9.142319817E-9
80000000 7.2976204776E-7
90000000 6.5638292335E-5
100000000 0.00056668103644
110000000 0.0012514497568
120000000 0.0016674894666
130000000 0.002453950041
140000000 0.003627890587
150000000 0.0047893702038
160000000 0.0053783899056
180000000 0.0059851495452
200000000 0.0059057702721
#Header 
#Target 47 112 0
#Product 45 101 0
#Datapoints 17
1000000 0
55000000 0
60000000 3.515436606E-13
65000000 9.410134968E-10
70000000 1.5875799027E-7
75000000 2.7212904345E-6
80000000 1.787509404E-5
90000000 0.00020617797161
100000000 0.00046536096492
110000000 0.00051232196816
120000000 0.00065238501518
130000000 0.0008870790488
140000000 0.001171390515
150000000 0.0014005599594
160000000 0.0016287496
180000000 0.001687299978
200000000 0.0016450802271
#Header 
#Target 47 112 0
#Product 45 102 0
#Datapoints 18
1000000 0
50000000 0
55000000 7.424444216E-12
60000000 2.8011895054E-8
65000000 2.6140404816E-6
70000000 2.6625906923E-5
75000000 0.0001407000079
80000000 0.00050295397056
90000000 0.0013812300021
100000000 0.0014023505144
110000000 0.0015286796864
120000000 0.0019103601204
130000000 0.0024746703585
140000000 0.002991250602
150000000 0.0032646102006
160000000 0.0033650000192
180000000 0.003372860449
200000000 0.0034774601466
#Header 
#Target 47 112 0
#Product 45 103 0
#Datapoints 20
1000000 0
40000000 0
45000000 1.980779136E-12
50000000 2.7663999333E-9
55000000 3.7962095024E-7
60000000 3.7664899118E-6
65000000 2.1954304296E-5
70000000 8.9480107189E-5
75000000 0.0001844900558
80000000 0.00023125101088
90000000 0.00021945496945
100000000 0.00022811703008
110000000 0.00028234804488
120000000 0.00037477798184
130000000 0.0004697129865
140000000 0.00056604206915
150000000 0.0006130989627
160000000 0.00065671406912
180000000 0.00070911400924
200000000 0.00080432900553
#Header 
#Target 47 112 0
#Product 45 104 0
#Datapoints 21
1000000 0
35000000 0
40000000 6.132758148E-11
45000000 7.788860576E-8
50000000 2.3529107428E-6
55000000 1.6126495056E-5
60000000 0.00011820100534
65000000 0.00031453401456
70000000 0.00041918207606
75000000 0.0003593580687
80000000 0.0002980679632
90000000 0.00028465102339
100000000 0.00038919096236
110000000 0.00051833305032
120000000 0.00071871200474
130000000 0.0008582839274
140000000 0.0010032899971
150000000 0.00107057000904
160000000 0.0012167802224
180000000 0.0013111803936
200000000 0.0014060196846
#Header 
#Target 47 112 0
#Product 45 105 0
#Datapoints 25
1000000 0
24000000 0
26000000 1.78304188E-15
28000000 1.3417592754E-12
30000000 5.15241636E-11
35000000 3.9715997904E-8
40000000 1.48331997924E-6
45000000 2.7670800808E-5
50000000 0.00036956200431
55000000 0.00123206990424
60000000 0.001901059721
65000000 0.001741439772
70000000 0.00129847001504
75000000 0.00102172007165
80000000 0.000965881962
90000000 0.0012826997736
100000000 0.001892149836
110000000 0.0025128401112
120000000 0.0029462796978
130000000 0.0034087993907
140000000 0.0037643298195
150000000 0.0040607000448
160000000 0.0043073306368
180000000 0.0046336300388
200000000 0.0049622597958
#Header 
#Target 47 112 0
#Product 45 106 0
#Datapoints 27
1000000 0
20000000 0
22000000 4.43183987E-15
24000000 4.285245492E-13
26000000 1.555548857E-11
28000000 2.524867642E-10
30000000 2.1123697296E-9
35000000 1.7567005764E-7
40000000 1.10891003256E-5
45000000 7.0353904292E-5
50000000 0.000104477996129
55000000 7.5445296248E-5
60000000 5.0927099476E-5
65000000 4.305939624E-5
70000000 4.1824903021E-5
75000000 4.7569898545E-5
80000000 6.1857696952E-5
90000000 0.000121702996131
100000000 0.00020565997692
110000000 0.0003006809292
120000000 0.00039512000708
130000000 0.00047701504787
140000000 0.00053821101095
150000000 0.00060562793424
160000000 0.00063924702608
180000000 0.00069983594786
200000000 0.00072201294711
#Header 
#Target 47 112 0
#Product 45 107 0
#Datapoints 31
1000000 0
16000000 0
17000000 5.538359552E-15
18000000 9.022555025E-14
19000000 8.510009175E-13
20000000 7.050227998E-12
22000000 3.20345633E-10
24000000 1.32654007988E-8
26000000 2.5162601933E-7
28000000 2.1849003755E-6
30000000 1.0161000876E-5
35000000 9.2091995556E-5
40000000 0.0002359920024
45000000 0.0002230250246
50000000 0.00015264207032
55000000 0.000116839998408
60000000 0.00010699900013
65000000 0.000122065006968
70000000 0.00017007303115
75000000 0.00025571498605
80000000 0.00037567003512
90000000 0.00068880704712
100000000 0.00105295002636
110000000 0.001398109676
120000000 0.0016936400714
130000000 0.0019190604361
140000000 0.002099289653
150000000 0.0022212297324
160000000 0.0023377904144
180000000 0.002471730387
200000000 0.0025406704542
#Header 
#Target 47 112 0
#Product 45 108 0
#Datapoints 36
1000000 0
11000000 0
12000000 1.103460140858E-14
13000000 1.2623312735E-13
14000000 5.80690038E-13
15000000 2.948055894E-12
16000000 2.230159276E-11
17000000 1.510684736E-10
18000000 7.977959825E-10
19000000 3.354729925E-9
20000000 1.14676988338E-8
22000000 8.561360495E-8
24000000 3.9432901634E-7
26000000 1.27327000719E-6
28000000 2.9382404665E-6
30000000 4.798530048E-6
35000000 6.13991037E-6
40000000 5.6081594448E-6
45000000 4.924849286E-6
50000000 4.4938593865E-6
55000000 5.7827099176E-6
60000000 1.25358004288E-5
65000000 2.925649944E-5
70000000 5.6444400518E-5
75000000 9.3170998275E-5
80000000 0.00013442700768
90000000 0.00022978098343
100000000 0.00031347499816
110000000 0.00038880297376
120000000 0.00044126698732
130000000 0.00047123002848
140000000 0.0005056849206
150000000 0.00052437599466
160000000 0.00053693902416
180000000 0.0005577039391
200000000 0.00056003199054
#Header 
#Target 47 112 0
#Product 45 109 0
#Datapoints 24
1000000 0
26000000 0
28000000 6.434878199E-15
30000000 6.302557872E-13
35000000 6.900693492E-10
40000000 1.8870500088E-8
45000000 2.9370403748E-7
50000000 2.7718301727E-6
55000000 1.38251984248E-5
60000000 3.965399647E-5
65000000 8.2919391336E-5
70000000 0.00013206400581
75000000 0.0001866300166
80000000 0.00023628204392
90000000 0.00032385200142
100000000 0.00039033196536
110000000 0.00043846894696
120000000 0.00047337405278
130000000 0.00049025600103
140000000 0.00049804498855
150000000 0.00050929000122
160000000 0.00052276405152
180000000 0.00053067898016
200000000 0.00053082597129
#Header 
#Target 47 112 0
#Product 46 97 0
#Datapoints 10
1000000 0
100000000 0
110000000 1.1489399988E-8
120000000 2.1785404166E-7
130000000 2.4374600488E-6
140000000 1.114459911E-5
150000000 3.3135892902E-5
160000000 6.3594101568E-5
180000000 0.00014501402832
200000000 0.00018417603222
#Header 
#Target 47 112 0
#Product 46 98 0
#Datapoints 11
1000000 0
90000000 0
100000000 3.1265297856E-7
110000000 1.12092003792E-5
120000000 3.2876902396E-5
130000000 0.00014167603061
140000000 0.0003644819806
150000000 0.00075723500538
160000000 0.0012173802
180000000 0.0019795502412
200000000 0.0021922100685
#Header 
#Target 47 112 0
#Product 46 99 0
#Datapoints 12
1000000 0
80000000 0
90000000 5.6571005061E-7
100000000 4.7431202464E-5
110000000 0.0002868519572
120000000 0.00052069600478
130000000 0.0011922301663
140000000 0.002381810183
150000000 0.0040502798994
160000000 0.0055583497296
180000000 0.0069219596768
200000000 0.0073075296414
#Header 
#Target 47 112 0
#Product 46 100 0
#Datapoints 15
1000000 0
65000000 0
70000000 1.597590181E-15
75000000 8.80938903E-10
80000000 3.2047101336E-7
90000000 0.0001548480126
100000000 0.0013122193608
110000000 0.0022795400744
120000000 0.002791300305
130000000 0.0052268297735
140000000 0.009070899337
150000000 0.012338896038
160000000 0.014670500608
180000000 0.015812598494
200000000 0.014421397491
#Header 
#Target 47 112 0
#Product 46 101 0
#Datapoints 16
1000000 0
60000000 0
65000000 2.046060936E-12
70000000 9.1062585713E-8
75000000 1.4590596695E-5
80000000 0.00026174603384
90000000 0.0039444595954
100000000 0.0060223991304
110000000 0.005855249852
120000000 0.0083160111064
130000000 0.014332502983
140000000 0.020306200355
150000000 0.023793395934
160000000 0.02556969592
180000000 0.024136101318
200000000 0.023244104682
#Header 
#Target 47 112 0
#Product 46 102 0
#Datapoints 18
1000000 0
50000000 0
55000000 5.45989304E-13
60000000 6.2829996548E-8
65000000 2.0808801432E-5
70000000 0.00055341495275
75000000 0.003436260299
80000000 0.0085423503184
90000000 0.0122669002833
100000000 0.0094260303552
110000000 0.01231130452
120000000 0.019430103668
130000000 0.028348296933
140000000 0.033051794995
150000000 0.034647700878
160000000 0.033346899984
180000000 0.031624204542
200000000 0.02952979893
#Header 
#Target 47 112 0
#Product 46 103 0
#Datapoints 19
1000000 0
45000000 0
50000000 8.122828139E-10
55000000 4.9181306664E-6
60000000 0.00055129706324
65000000 0.0049435006104
70000000 0.014007004429
75000000 0.01938840437
80000000 0.01742979808
90000000 0.0103852996268
100000000 0.0127639995
110000000 0.020086002336
120000000 0.028834605192
130000000 0.033768102513
140000000 0.03452510482
150000000 0.0334980051
160000000 0.032781304
180000000 0.031720101
200000000 0.028699396131
#Header 
#Target 47 112 0
#Product 46 104 0
#Datapoints 21
1000000 0
35000000 0
40000000 1.1079291564E-9
45000000 7.366400118E-6
50000000 0.00083266697347
55000000 0.0086397392368
60000000 0.02268459633
65000000 0.028347200784
70000000 0.023610196258
75000000 0.015562593935
80000000 0.0114541993712
90000000 0.014731800404
100000000 0.025433000396
110000000 0.035068197736
120000000 0.03951840295
130000000 0.040051202199
140000000 0.039753202145
150000000 0.03940810188
160000000 0.038614000736
180000000 0.03508700132
200000000 0.035158907817
#Header 
#Target 47 112 0
#Product 46 105 0
#Datapoints 23
1000000 0
28000000 0
30000000 1.2951699384E-15
35000000 4.2326193492E-7
40000000 0.0005848630722
45000000 0.0106839000436
50000000 0.029194101604
55000000 0.032626001968
60000000 0.023458297654
65000000 0.014159092968
70000000 0.0098545108343
75000000 0.009903401061
80000000 0.013547498016
90000000 0.025278096033
100000000 0.034387703864
110000000 0.038166300088
120000000 0.038908598308
130000000 0.039018998163
140000000 0.038021299245
150000000 0.037881696888
160000000 0.036618696048
180000000 0.03587239691
200000000 0.035196500094
#Header 
#Target 47 112 0
#Product 46 106 0
#Datapoints 27
1000000 0
20000000 0
22000000 3.81482554E-10
24000000 1.8313006336E-7
26000000 3.3228004803E-6
28000000 6.1881796815E-5
30000000 0.00063605495928
35000000 0.0124196000676
40000000 0.030605200692
45000000 0.032630599008
50000000 0.020368398132
55000000 0.0120942006248
60000000 0.0091395311414
65000000 0.0097823893536
70000000 0.013757600659
75000000 0.01979160561
80000000 0.026589900736
90000000 0.035620093763
100000000 0.039295098696
110000000 0.04035019756
120000000 0.041581694696
130000000 0.040688595302
140000000 0.040608995605
150000000 0.039942598962
160000000 0.039927104128
180000000 0.039251697352
200000000 0.037948402527
#Header 
#Target 47 112 0
#Product 46 107 0
#Datapoints 34
1000000 0
13000000 0
14000000 4.33411146E-13
15000000 9.545467176E-11
16000000 4.1483993406E-9
17000000 8.5008500544E-8
18000000 9.830469287E-7
19000000 6.921160585E-6
20000000 3.5321405746E-5
22000000 0.0004092710643
24000000 0.001903200014
26000000 0.0044240893783
28000000 0.0068871195124
30000000 0.0086107110648
35000000 0.0068759896128
40000000 0.0036518798052
45000000 0.0023519693372
50000000 0.0020024599938
55000000 0.002366289464
60000000 0.003466229745
65000000 0.005090570316
70000000 0.0067270599088
75000000 0.0083067598345
80000000 0.009521279828
90000000 0.0115308997438
100000000 0.01296309986
110000000 0.013925805144
120000000 0.014414095536
130000000 0.014822201896
140000000 0.014701099435
150000000 0.0147083013
160000000 0.01438529936
180000000 0.01436680098
200000000 0.014106997143
#Header 
#Target 47 112 0
#Product 46 108 0
#Datapoints 43
1000000 0
4000000 0
5000000 8.062893726E-12
6000000 3.0556397184E-9
7000000 4.1374390606E-8
8000000 1.55073014712E-7
9000000 1.15921994872E-6
10000000 7.3822095315E-6
11000000 3.2777907919776E-5
12000000 0.00011665800108073
13000000 0.000344873978775
14000000 0.0008749870542
15000000 0.002065110453
16000000 0.0050382798541
17000000 0.008312529984
18000000 0.0109385995665
19000000 0.0109969997175
20000000 0.0129054997984
22000000 0.01688200276
24000000 0.018761404172
26000000 0.017788206095
28000000 0.015851405098
30000000 0.0136522998456
35000000 0.0092805591912
40000000 0.0072171796884
45000000 0.0082166207676
50000000 0.0116763993187
55000000 0.016581296648
60000000 0.021446793038
65000000 0.02527279416
70000000 0.02792639674
75000000 0.030006900055
80000000 0.031394598632
90000000 0.033601397286
100000000 0.034986298288
110000000 0.035281196672
120000000 0.035191496988
130000000 0.0346038045
140000000 0.03371480448
150000000 0.033333596604
160000000 0.032471401072
180000000 0.030915499944
200000000 0.029799497553
#Header 
#Target 47 112 0
#Product 46 109 0
#Datapoints 46
1000000 0
1000000 2.5154992464E-20
2000000 7.6728601226E-11
3000000 2.865439308E-9
4000000 7.6980582543E-8
5000000 1.02409981707E-6
6000000 6.4563407232E-6
7000000 2.36469006924E-5
8000000 6.62449977E-5
9000000 0.000161855993202
10000000 0.000343823983281
11000000 0.00062834113570518
12000000 0.0009993767527365
13000000 0.0014156396838
14000000 0.001864009656
15000000 0.002592319464
16000000 0.0042907995982
17000000 0.004544770208
18000000 0.003897460365
19000000 0.0023636903825
20000000 0.0019305001144
22000000 0.001405590099
24000000 0.0010731100436
26000000 0.00083325003796
28000000 0.00069499005056
30000000 0.00074341596888
35000000 0.001575599454
40000000 0.0025238901204
45000000 0.0035474799248
50000000 0.0048222996821
55000000 0.0061317893168
60000000 0.0075635097208
65000000 0.0088211002032
70000000 0.0097544694808
75000000 0.0105724996745
80000000 0.0111872988272
90000000 0.0118487001696
100000000 0.0121362003736
110000000 0.012213197096
120000000 0.012085995658
130000000 0.011784201184
140000000 0.01152039888
150000000 0.0109411006992
160000000 0.0107691997936
180000000 0.0101101989954
200000000 0.0095639602959
#Header 
#Target 47 112 0
#Product 46 110 0
#Datapoints 36
1000000 0
11000000 0
12000000 2.199783535902E-14
13000000 1.533258964E-12
14000000 4.08827008E-11
15000000 5.740451556E-10
16000000 5.3852293997E-9
17000000 4.0190195584E-8
18000000 2.5675094045E-7
19000000 1.3885201875E-6
20000000 6.2071706906E-6
22000000 6.945159925E-5
24000000 0.00034942406756
26000000 0.0009682199301
28000000 0.0018512204672
30000000 0.002723200116
35000000 0.0047756601948
40000000 0.0078194907516
45000000 0.0118388998112
50000000 0.015707603478
55000000 0.018913692952
60000000 0.021666805776
65000000 0.023854401648
70000000 0.025527997946
75000000 0.026651996365
80000000 0.027445995576
90000000 0.028222302783
100000000 0.028375494792
110000000 0.027880299792
120000000 0.026973500762
130000000 0.025738900797
140000000 0.024752602515
150000000 0.023731200444
160000000 0.022507401328
180000000 0.020694996574
200000000 0.019259398269
#Header 
#Target 47 112 0
#Product 46 111 0
#Datapoints 37
1000000 0
10000000 0
11000000 1.004525653905E-14
12000000 1.156126519365E-12
13000000 1.5141894005E-11
14000000 5.79047818E-11
15000000 2.134992972E-10
16000000 1.4238503404E-9
17000000 8.0776902976E-9
18000000 3.180950656E-8
19000000 9.2932901875E-8
20000000 1.27585000796E-6
22000000 1.2288400348E-5
24000000 6.3426497646E-5
26000000 0.00020706904991
28000000 0.00049749799549
30000000 0.0009646470444
35000000 0.0027015695124
40000000 0.0046145897688
45000000 0.0062584802924
50000000 0.0074765009856
55000000 0.0084412706784
60000000 0.0090960307768
65000000 0.0095642694
70000000 0.0099290302782
75000000 0.010166600678
80000000 0.0102657004304
90000000 0.0102473010441
100000000 0.0100206999776
110000000 0.0096944200536
120000000 0.0092984796838
130000000 0.0088024303429
140000000 0.0083329603445
150000000 0.0079035396258
160000000 0.0074887096304
180000000 0.0068145802914
200000000 0.0062675897817
#Header 
#Target 47 112 0
#Product 47 100 0
#Datapoints 11
1000000 0
90000000 0
100000000 4.2543108304E-9
110000000 2.7758697072E-6
120000000 2.584159863E-5
130000000 0.000109167000667
140000000 0.00026899102745
150000000 0.0004060190505
160000000 0.00046384201344
180000000 0.00049859200132
200000000 0.00043249406106
#Header 
#Target 47 112 0
#Product 47 101 0
#Datapoints 12
1000000 0
80000000 0
90000000 1.15709000372E-8
100000000 8.1171102652E-6
110000000 9.5753306992E-5
120000000 0.00044296898594
130000000 0.00109323006298
140000000 0.001737940369
150000000 0.0022019700318
160000000 0.0023258800784
180000000 0.002097240159
200000000 0.0021677595633
#Header 
#Target 47 112 0
#Product 47 102 0
#Datapoints 13
1000000 0
75000000 0
80000000 4.69467002E-9
90000000 2.29744029E-5
100000000 0.00043689297116
110000000 0.0019646497096
120000000 0.0041520404216
130000000 0.0062568795959
140000000 0.007342199758
150000000 0.0072403097424
160000000 0.0069047797584
180000000 0.006090810145
200000000 0.0056684603241
#Header 
#Target 47 112 0
#Product 47 103 0
#Datapoints 15
1000000 0
65000000 0
70000000 4.702209809E-9
75000000 1.4989800265E-6
80000000 3.6703798184E-5
90000000 0.00111499993091
100000000 0.0055134807024
110000000 0.010800499948
120000000 0.01452400267
130000000 0.016200700431
140000000 0.015660398915
150000000 0.01498250376
160000000 0.014455200096
180000000 0.013011097932
200000000 0.011709196614
#Header 
#Target 47 112 0
#Product 47 104 0
#Datapoints 17
1000000 0
55000000 0
60000000 9.746763752E-11
65000000 5.8428205488E-7
70000000 4.5432998831E-5
75000000 0.000411328047
80000000 0.0019388902424
90000000 0.013308505008
100000000 0.023056804132
110000000 0.026861603952
120000000 0.027733395812
130000000 0.026349296288
140000000 0.023916895735
150000000 0.021674297862
160000000 0.02114859704
180000000 0.019519896886
200000000 0.017515399281
#Header 
#Target 47 112 0
#Product 47 105 0
#Datapoints 19
1000000 0
45000000 0
50000000 9.702978093E-13
55000000 1.42436990752E-7
60000000 1.2616400093E-5
65000000 8.264840544E-5
70000000 0.00033163807655
75000000 0.00095877098905
80000000 0.0019714401832
90000000 0.0034604294483
100000000 0.0041965493412
110000000 0.0047451796408
120000000 0.004803409749
130000000 0.0047224302178
140000000 0.004550719902
150000000 0.0045324796692
160000000 0.00439714996
180000000 0.0041883795016
200000000 0.0040208907195
#Header 
#Target 47 112 0
#Product 47 106 0
#Datapoints 20
1000000 0
40000000 0
45000000 2.8616398888E-8
50000000 2.882559392E-5
55000000 0.00029167503624
60000000 0.00123462991982
65000000 0.0042772110336
70000000 0.0086693692371
75000000 0.012026300664
80000000 0.014003202464
90000000 0.01683140023
100000000 0.018854505628
110000000 0.018758700152
120000000 0.018416102564
130000000 0.018185596106
140000000 0.017977796435
150000000 0.017146500084
160000000 0.016960095424
180000000 0.01612059484
200000000 0.015763498527
#Header 
#Target 47 112 0
#Product 47 107 0
#Datapoints 22
1000000 0
30000000 0
35000000 8.6085292524E-9
40000000 3.0811399476E-5
45000000 0.00024808603988
50000000 0.00112631002012
55000000 0.0039176304888
60000000 0.0074764906018
65000000 0.0099091389384
70000000 0.0112262998243
75000000 0.012394799982
80000000 0.013259094512
90000000 0.01411250042
100000000 0.014108803668
110000000 0.013994397816
120000000 0.013908995464
130000000 0.013561299177
140000000 0.01323159599
150000000 0.012764502996
160000000 0.012381697584
180000000 0.011669899864
200000000 0.011095300062
#Header 
#Target 47 112 0
#Product 47 108 0
#Datapoints 25
1000000 0
24000000 0
26000000 3.497546842E-11
28000000 2.5194902581E-7
30000000 1.6259707152E-5
35000000 0.00059012305044
40000000 0.0025319402856
45000000 0.0115668004088
50000000 0.025126495541
55000000 0.033513297552
60000000 0.037086398448
65000000 0.038990605752
70000000 0.039884604485
75000000 0.040709601695
80000000 0.040995696656
90000000 0.039962303223
100000000 0.038664295032
110000000 0.037452800376
120000000 0.03589490027
130000000 0.033893403606
140000000 0.03235269369
150000000 0.03150339969
160000000 0.029596694272
180000000 0.027481800374
200000000 0.025494298509
#Header 
#Target 47 112 0
#Product 47 109 0
#Datapoints 32
1000000 0
15000000 0
16000000 2.120653441E-13
17000000 2.39533536E-10
18000000 3.209370372E-8
19000000 9.5438607075E-7
20000000 9.9656711066E-6
22000000 0.00011288800223
24000000 0.0003442409938
26000000 0.00065004704063
28000000 0.00105697999715
30000000 0.002069009748
35000000 0.0094861494024
40000000 0.021122294028
45000000 0.029329300448
50000000 0.032528303686
55000000 0.033901305872
60000000 0.03435999743
65000000 0.03454559496
70000000 0.03456010019
75000000 0.03400439566
80000000 0.033099202912
90000000 0.031704305179
100000000 0.03007410316
110000000 0.028563398824
120000000 0.026634799592
130000000 0.02482509691
140000000 0.023352198625
150000000 0.021815003154
160000000 0.020734199872
180000000 0.018708501392
200000000 0.017145397482
#Header 
#Target 47 112 0
#Product 47 110 0
#Datapoints 38
1000000 0
9000000 0
10000000 2.7679543497E-11
11000000 1.0729202399019E-8
12000000 2.4788899162362E-7
13000000 4.38690013915E-6
14000000 3.091199868E-5
15000000 0.00011145104712
16000000 0.00026234195831
17000000 0.00047777596416
18000000 0.0007479200239
19000000 0.00106574000075
20000000 0.0015112499446
22000000 0.00359832976
24000000 0.008747790508
26000000 0.01635859774
28000000 0.025280200013
30000000 0.034495095024
35000000 0.050183494812
40000000 0.057973301232
45000000 0.062268596348
50000000 0.064523993584
55000000 0.064282702736
60000000 0.063157405718
65000000 0.062639596728
70000000 0.062100501254
75000000 0.061502395585
80000000 0.059721199784
90000000 0.055620598499
100000000 0.05162500718
110000000 0.048186400624
120000000 0.044876996358
130000000 0.041186500743
140000000 0.03820170102
150000000 0.036319996944
160000000 0.033502994528
180000000 0.02983139992
200000000 0.027019200156
#Header 
#Target 47 112 0
#Product 47 111 0
#Datapoints 42
1000000 0
5000000 0
6000000 6.531583296E-16
7000000 1.2591091106E-11
8000000 6.2843411736E-9
9000000 2.37847969218E-7
10000000 6.24370959891E-6
11000000 6.9677012195658E-5
12000000 0.00036213005570368
13000000 0.00115726021295
14000000 0.002535559438
15000000 0.004398859626
16000000 0.0065324099899
17000000 0.0090694497344
18000000 0.0117136006715
19000000 0.01451329515
20000000 0.017537698662
22000000 0.02295449634
24000000 0.02718260131
26000000 0.030579595352
28000000 0.032946697323
30000000 0.034309199496
35000000 0.035996797716
40000000 0.036236602248
45000000 0.035588599844
50000000 0.033285393687
55000000 0.033420296448
60000000 0.03164919945
65000000 0.03080409696
70000000 0.028861804213
75000000 0.02799259756
80000000 0.02577129756
90000000 0.023208200408
100000000 0.02073790052
110000000 0.018799197984
120000000 0.017202301622
130000000 0.015663196161
140000000 0.01419169802
150000000 0.013122095994
160000000 0.012244104208
180000000 0.010750000576
200000000 0.0095294002413
#Header 
#Target 47 112 0
#Product 47 112 0
#Datapoints 45
1000000 0
2000000 0
3000000 6.1256307646E-11
4000000 1.56987005243E-7
5000000 2.02690974585E-5
6000000 0.00042314202816
7000000 0.0024776789748
8000000 0.0068456687544
9000000 0.0135895018522
10000000 0.0228076999785
11000000 0.034046306459199
12000000 0.046615505226852
13000000 0.0594278028785
14000000 0.07089350772
15000000 0.080262798672
16000000 0.087570599518
17000000 0.093374898496
18000000 0.097952500575
19000000 0.101347995275
20000000 0.103476997338
22000000 0.10488300495
24000000 0.10450199439
26000000 0.103378999967
28000000 0.102240994329
30000000 0.100682994672
35000000 0.09519219666
40000000 0.0891465927
45000000 0.08409979578
50000000 0.082349697469
55000000 0.07788259584
60000000 0.07190560333
65000000 0.0668612988
70000000 0.061571798024
75000000 0.057032007815
80000000 0.05179159412
90000000 0.043125295543
100000000 0.03566750506
110000000 0.029302905984
120000000 0.02412439617
130000000 0.019898102662
140000000 0.01634530655
150000000 0.013626901932
160000000 0.011327599392
180000000 0.0081762805488
200000000 0.0062878302945
#Header 
#Target 47 112 0
#Product 48 103 0
#Datapoints 12
1000000 0
80000000 0
90000000 2.2966398238E-5
100000000 0.0002801420412
110000000 0.00053075995024
120000000 0.00067054600206
130000000 0.00067313404785
140000000 0.0006617740166
150000000 0.00058076600736
160000000 0.00049110597696
180000000 0.00041147596392
200000000 0.00030468503034
#Header 
#Target 47 112 0
#Product 48 104 0
#Datapoints 15
1000000 0
65000000 0
70000000 1.6953504524E-8
75000000 1.872559605E-5
80000000 0.00033838706856
90000000 0.0029575295253
100000000 0.0040225895988
110000000 0.0038862396776
120000000 0.0033781994118
130000000 0.0029268104175
140000000 0.0024062501235
150000000 0.0020606602968
160000000 0.0017585399216
180000000 0.0012599003816
200000000 0.00100671989322
#Header 
#Target 47 112 0
#Product 48 105 0
#Datapoints 16
1000000 0
60000000 0
65000000 0.00010509899148
70000000 0.002315960405
75000000 0.008873649563
80000000 0.016326603888
90000000 0.018125406269
100000000 0.0132975039
110000000 0.0103428004168
120000000 0.0082200297396
130000000 0.0065933099415
140000000 0.005341919552
150000000 0.0043698494784
160000000 0.0036569493424
180000000 0.002767610167
200000000 0.0021748197591
#Header 
#Target 47 112 0
#Product 48 106 0
#Datapoints 19
1000000 0
45000000 0
50000000 1.34638004856E-7
55000000 0.000704402048
60000000 0.0114553996788
65000000 0.036022197816
70000000 0.054481400369
75000000 0.053605199725
80000000 0.044040594944
90000000 0.027730796077
100000000 0.01962220478
110000000 0.014925605232
120000000 0.011663299211
130000000 0.0091991600181
140000000 0.0074568302675
150000000 0.0061590696762
160000000 0.0052370996416
180000000 0.004110040613
200000000 0.003337950078
#Header 
#Target 47 112 0
#Product 48 107 0
#Datapoints 20
1000000 0
40000000 0
45000000 0.0017702295184
50000000 0.039295501947
55000000 0.105412995072
60000000 0.133253000056
65000000 0.11121899832
70000000 0.078898097707
75000000 0.055876600695
80000000 0.042647902312
90000000 0.028290700446
100000000 0.020591292516
110000000 0.015700901456
120000000 0.01244089842
130000000 0.0100893001951
140000000 0.008507999939
150000000 0.0072369598854
160000000 0.0063092696496
180000000 0.0050171700656
200000000 0.0041362500789
#Header 
#Target 47 112 0
#Product 48 108 0
#Datapoints 22
1000000 0
30000000 0
35000000 0.0112059000636
40000000 0.132819999312
45000000 0.26494802068
50000000 0.2680190131
55000000 0.18317605096
60000000 0.115591011756
65000000 0.079030192752
70000000 0.059674595695
75000000 0.04795830304
80000000 0.03990230412
90000000 0.029291705167
100000000 0.022726205508
110000000 0.0183557
120000000 0.015432301452
130000000 0.013185302642
140000000 0.0114575007435
150000000 0.010148400255
160000000 0.0090924586768
180000000 0.0074133000606
200000000 0.006261699861
#Header 
#Target 47 112 0
#Product 48 109 0
#Datapoints 26
1000000 0
22000000 0
24000000 0.00071088499506
26000000 0.044552200025
28000000 0.18140402772
30000000 0.34378604208
35000000 0.5398010904
40000000 0.41622307452
45000000 0.23303601104
50000000 0.137252999948
55000000 0.09635350452
60000000 0.07516349786
65000000 0.061661804688
70000000 0.051982393705
75000000 0.045000201635
80000000 0.039570894696
90000000 0.03194729654
100000000 0.026675705004
110000000 0.02260469564
120000000 0.01952529396
130000000 0.016952402076
140000000 0.0149045
150000000 0.013281104046
160000000 0.012029896592
180000000 0.0099793291766
200000000 0.0084648192918
#Header 
#Target 47 112 0
#Product 48 110 0
#Datapoints 34
1000000 0
13000000 0
14000000 0.004990839422
15000000 0.049726695018
16000000 0.15087597463
17000000 0.2831969888
18000000 0.42166096705
19000000 0.54798698225
20000000 0.6486699505
22000000 0.7783260766
24000000 0.83585701906
26000000 0.80800000661
28000000 0.66796005243
30000000 0.49188393696
35000000 0.22143905784
40000000 0.141727998588
45000000 0.109297999804
50000000 0.089473297226
55000000 0.075289905824
60000000 0.064602504494
65000000 0.05634640404
70000000 0.050043392014
75000000 0.044516000625
80000000 0.039811200168
90000000 0.032402999646
100000000 0.02683210014
110000000 0.022662802808
120000000 0.01939059744
130000000 0.016714401107
140000000 0.014614103015
150000000 0.012991705776
160000000 0.011644104304
180000000 0.0096310100768
200000000 0.0081789102708
#Header 
#Target 47 112 0
#Product 48 111 0
#Datapoints 41
1000000 0
6000000 0
7000000 0.043257201044
8000000 0.156711984912
9000000 0.263630027668
10000000 0.347608988775
11000000 0.40717708348905
12000000 0.44784000570455
13000000 0.471076019725
14000000 0.4757319922
15000000 0.43841596092
16000000 0.35899103557
17000000 0.27328796352
18000000 0.199491964
19000000 0.14552399075
20000000 0.10716199659
22000000 0.06555010212
24000000 0.048344302792
26000000 0.040893604239
28000000 0.036527901904
30000000 0.0335812932
35000000 0.02767380396
40000000 0.023210101464
45000000 0.019636001784
50000000 0.016912505467
55000000 0.014550297608
60000000 0.0126505004406
65000000 0.0110727997056
70000000 0.0099004095916
75000000 0.0087389804025
80000000 0.0077118400432
90000000 0.0061735802231
100000000 0.005045819948
110000000 0.0042067004664
120000000 0.00357414959
130000000 0.0030574993759
140000000 0.0026965095285
150000000 0.0023737595112
160000000 0.002132340464
180000000 0.0017630399668
200000000 0.0014861701452
#Header 
#Target 47 112 0
#Product 48 112 0
#Datapoints 46
1000000 0
1000000 1.96453999184E-12
2000000 7.4141796994E-7
3000000 0.000185376998462
4000000 0.00443002981743
5000000 0.0333370029675
6000000 0.11657000448
7000000 0.191783999716
8000000 0.16627699998
9000000 0.128084980522
10000000 0.101377014804
11000000 0.08833824821079
12000000 0.080975104923325
13000000 0.077309797897
14000000 0.07439119574
15000000 0.072180098046
16000000 0.070240502469
17000000 0.067975092416
18000000 0.06629160895
19000000 0.064106297675
20000000 0.061525496978
22000000 0.05730989603
24000000 0.052972495742
26000000 0.048853496702
28000000 0.045047894346
30000000 0.041668503864
35000000 0.034403202108
40000000 0.028501104984
45000000 0.024015095524
50000000 0.020406193417
55000000 0.017524404408
60000000 0.015023094438
65000000 0.013162999896
70000000 0.0115379002805
75000000 0.010335299669
80000000 0.008988580272
90000000 0.0071528099618
100000000 0.0058040702272
110000000 0.0048498405048
120000000 0.0041200600944
130000000 0.0035233002732
140000000 0.003064530296
150000000 0.0027223197582
160000000 0.0024275405952
180000000 0.0019996598146
200000000 0.0016149400221
#Header 
#Target 47 112 0
#Product 48 113 0
#Datapoints 46
1000000 0
1000000 6.2185392696E-15
2000000 1.24638005758E-9
3000000 1.75439992546E-7
4000000 2.45337981198E-6
5000000 1.348000125E-5
6000000 4.7483094912E-5
7000000 0.000104853003276
8000000 0.000167510001204
9000000 0.000223629003826
10000000 0.000267207015087
11000000 0.00029313305399061
12000000 0.00029451201936633
13000000 0.000276473989985
14000000 0.0002470729404
15000000 0.00021939697752
16000000 0.00019640699
17000000 0.00017925897792
18000000 0.00016661800405
19000000 0.00015633795025
20000000 0.00014871605056
22000000 0.00013511799627
24000000 0.000124635997726
26000000 0.00011660999931
28000000 0.000110095996649
30000000 0.000104670004296
35000000 8.9751197844E-5
40000000 8.2822894836E-5
45000000 7.4910697596E-5
50000000 6.9699505922E-5
55000000 6.3977002264E-5
60000000 5.952530705E-5
65000000 5.5140898248E-5
70000000 5.118210383E-5
75000000 4.789930387E-5
80000000 4.3777506888E-5
90000000 3.8603901852E-5
100000000 3.2477496956E-5
110000000 2.9413404264E-5
120000000 2.6588000272E-5
130000000 2.2492402983E-5
140000000 1.895189723E-5
150000000 1.6901197908E-5
160000000 1.5755802096E-5
180000000 1.3442495668E-5
200000000 1.00099004217E-5
