#Header 
#Target 34 77 1
#Product 0 1 0
#Datapoints 45
1000000 0
2000000 0
3000000 0.008592502394256
4000000 0.051801462048
5000000 0.1448058415
6000000 0.27797861012
7000000 0.4242570776
8000000 0.56342653455
9000000 0.6816835644
10000000 0.76699391532
11000000 0.8231353580583
12000000 0.864983911
13000000 0.903191792
14000000 0.983174489
15000000 1.19195898
16000000 1.390033824
17000000 1.534719867
18000000 1.630873512
19000000 1.69214187
20000000 1.728252416
22000000 1.753884219
24000000 1.7685496
26000000 1.857154209
28000000 1.976069312
30000000 2.057330056
35000000 2.127109516
40000000 2.205161635
45000000 2.277744252
50000000 2.30899761
55000000 2.332862532
60000000 2.363580493
65000000 2.38441374
70000000 2.396603548
75000000 2.4148321
80000000 2.413851355
90000000 2.4582087036
100000000 2.5447471952
110000000 2.634530141607
120000000 2.723753491931
130000000 2.8118014945
140000000 2.903266218486
150000000 2.990685031841
160000000 3.075111283442
180000000 3.2431577967
200000000 3.4106061166
#Header 
#Target 34 77 1
#Product 1 1 0
#Datapoints 45
1000000 0
2000000 6.40003192E-6
3000000 8.045929222734E-5
4000000 0.0010032794296
5000000 0.004714739825
6000000 0.012065141283
7000000 0.022088985872
8000000 0.034054789989
9000000 0.04773621097
10000000 0.072706247412
11000000 0.1650255279597
12000000 0.34719162824
13000000 0.5546970163
14000000 0.68138488
15000000 0.631518336
16000000 0.5465925048
17000000 0.480796887
18000000 0.4435477344
19000000 0.4298901554
20000000 0.4338390272
22000000 0.4689596217
24000000 0.5932791488
26000000 0.70140456
28000000 0.7529014328
30000000 0.7797745714
35000000 0.8543011806
40000000 0.946756463
45000000 0.9808365798
50000000 1.0139981598
55000000 1.0499954751
60000000 1.0770809262
65000000 1.0996916832
70000000 1.117843659
75000000 1.135234
80000000 1.146095939
90000000 1.1797970436
100000000 1.2246213588
110000000 1.270818524667
120000000 1.315388682501
130000000 1.3579767527
140000000 1.400966978493
150000000 1.444124887508
160000000 1.487663423873
180000000 1.5735922259
200000000 1.6641926638
#Header 
#Target 34 77 1
#Product 1 2 0
#Datapoints 42
1000000 0
5000000 0
6000000 1.1228549365E-16
7000000 2.0603139088E-10
8000000 5.8810588254E-8
9000000 1.180606837E-6
10000000 7.7515534146E-6
11000000 4.754414801889E-5
12000000 0.0002650477016
13000000 0.0009299575149
14000000 0.002334991934
15000000 0.00451835964
16000000 0.007298099148
17000000 0.010471888878
18000000 0.01386255276
19000000 0.01735877302
20000000 0.02087600128
22000000 0.027754329
24000000 0.03426424032
26000000 0.04032775188
28000000 0.0443124384
30000000 0.0503104868
35000000 0.06155573466
40000000 0.0707968709
45000000 0.07839108816
50000000 0.08366968458
55000000 0.09026191746
60000000 0.09284272398
65000000 0.09502487496
70000000 0.09877511544
75000000 0.100128062
80000000 0.10290651836
90000000 0.099556982712
100000000 0.09839438812
110000000 0.0968513748537
120000000 0.0968424063902
130000000 0.09815818522
140000000 0.0999832206969
150000000 0.1035475347934
160000000 0.1077827178835
180000000 0.12068010321
200000000 0.13952579328
#Header 
#Target 34 77 1
#Product 1 3 0
#Datapoints 37
1000000 0
10000000 0
11000000 3.803014318734E-19
12000000 4.2603322396E-12
13000000 3.006292933E-9
14000000 8.94177174E-8
15000000 6.54694299E-7
16000000 3.338195694E-6
17000000 1.862082318E-5
18000000 6.695448912E-5
19000000 0.0001665950364
20000000 0.0003256954112
22000000 0.0007812985029
24000000 0.00143581456
26000000 0.002149983087
28000000 0.002968633112
30000000 0.003804247978
35000000 0.005826336292
40000000 0.007710095975
45000000 0.009260941998
50000000 0.010543989456
55000000 0.0116779806
60000000 0.01276695192
65000000 0.01383555672
70000000 0.01487670006
75000000 0.0159902946
80000000 0.01708386071
90000000 0.019740015414
100000000 0.023147060594
110000000 0.02554376565888
120000000 0.02810111414939
130000000 0.030824860601
140000000 0.03375474557076
150000000 0.03687660583099
160000000 0.04010163793042
180000000 0.047948612192
200000000 0.056510758774
#Header 
#Target 34 77 1
#Product 2 3 0
#Datapoints 36
1000000 0
11000000 0
12000000 5.7707251984E-18
13000000 1.455488129E-14
14000000 2.775394666E-12
15000000 1.003007946E-10
16000000 1.997519076E-9
17000000 2.138273406E-8
18000000 2.429368272E-7
19000000 2.080347136E-6
20000000 1.246707712E-5
22000000 0.0001474324221
24000000 0.0006913544512
26000000 0.001733580573
28000000 0.00316201116
30000000 0.004826508058
35000000 0.00927135104
40000000 0.01344627065
45000000 0.01709139642
50000000 0.02000194164
55000000 0.02211287364
60000000 0.02373692527
65000000 0.02511224388
70000000 0.02638907295
75000000 0.0276568606
80000000 0.0289740967
90000000 0.031915911924
100000000 0.034705347726
110000000 0.03611577672651
120000000 0.03757845559787
130000000 0.03909369204
140000000 0.04068692963748
150000000 0.0423046782436
160000000 0.04399507372678
180000000 0.047355021749
200000000 0.05059403212
#Header 
#Target 34 77 1
#Product 2 4 0
#Datapoints 45
1000000 0
2000000 5.948653908E-13
3000000 3.001059379194E-10
4000000 6.941145302E-8
5000000 2.849235825E-6
6000000 3.970041736E-5
7000000 0.00025783901392
8000000 0.0009598197114
9000000 0.002313251132
10000000 0.0040069466545
11000000 0.005703924336435
12000000 0.0075186926856
13000000 0.00974591737
14000000 0.01263829512
15000000 0.016211004
16000000 0.0209571207
17000000 0.02710716759
18000000 0.03296061252
19000000 0.03714242224
20000000 0.03900581888
22000000 0.04522984164
24000000 0.04964050784
26000000 0.0533968053
28000000 0.05704980432
30000000 0.06067637616
35000000 0.067983279
40000000 0.07072367555
45000000 0.07174516902
50000000 0.07179451776
55000000 0.07142378958
60000000 0.07157928819
65000000 0.07157673072
70000000 0.07082994256
75000000 0.070738409
80000000 0.0696309457
90000000 0.071146457568
100000000 0.08015872368
110000000 0.08812235972595
120000000 0.0954517574387
130000000 0.10349714546
140000000 0.1112619419769
150000000 0.1176233951583
160000000 0.1236240089403
180000000 0.13567484765
200000000 0.14406155208
#Header 
#Target 34 77 1
#Product 25 51 0
#Datapoints 8
1000000 0
120000000 0
130000000 6.2715267725E-13
140000000 4.153768005903E-11
150000000 5.6757361752E-10
160000000 8.63481747711E-9
180000000 8.8230990932E-7
200000000 1.91615000084E-5
#Header 
#Target 34 77 1
#Product 25 52 0
#Datapoints 9
1000000 0
110000000 0
120000000 1.10572655246E-12
130000000 7.727929377E-11
140000000 9.622573232547E-10
150000000 9.248244803206E-9
160000000 1.0586202106337E-7
180000000 4.17394966043E-6
200000000 5.7381697621E-5
#Header 
#Target 34 77 1
#Product 25 53 0
#Datapoints 10
1000000 0
100000000 0
110000000 7.541445674331E-13
120000000 1.155633868297E-10
130000000 1.71650984914E-9
140000000 1.4554802105796E-8
150000000 1.5304399101321E-7
160000000 1.0985203345105E-6
180000000 2.4078597851E-5
200000000 0.000228117047386
#Header 
#Target 34 77 1
#Product 25 54 0
#Datapoints 11
1000000 0
90000000 0
100000000 3.5626325238E-14
110000000 2.708577405477E-11
120000000 6.855348578835E-10
130000000 4.26893973299E-9
140000000 3.9093907183191E-8
150000000 2.9098404417484E-7
160000000 1.4060800924104E-6
180000000 1.89823957856E-5
200000000 0.000127791021176
#Header 
#Target 34 77 1
#Product 25 55 0
#Datapoints 12
1000000 0
80000000 0
90000000 2.4290721126E-15
100000000 5.535107753E-12
110000000 2.544318557619E-10
120000000 1.4972800578366E-9
130000000 1.09174012302E-8
140000000 8.884645269801E-8
150000000 4.1125602958889E-7
160000000 1.3691497840317E-6
180000000 1.18368981299E-5
200000000 5.96092022648E-5
#Header 
#Target 34 77 1
#Product 25 56 0
#Datapoints 12
1000000 0
80000000 0
90000000 2.6005731858E-13
100000000 2.8447036478E-11
110000000 2.403722844276E-10
120000000 1.4551199876436E-9
130000000 1.50887962554E-8
140000000 7.5072208596798E-8
150000000 2.2629199978487E-7
160000000 6.0497206319539E-7
180000000 3.50869956311E-6
200000000 1.28427978272E-5
#Header 
#Target 34 77 1
#Product 26 53 0
#Datapoints 8
1000000 0
120000000 0
130000000 3.755056726E-12
140000000 7.287067269495E-10
150000000 1.6771107389636E-8
160000000 1.5028998315089E-7
180000000 4.90148977432E-6
200000000 5.86714056828E-5
#Header 
#Target 34 77 1
#Product 26 54 0
#Datapoints 10
1000000 0
100000000 0
110000000 5.760284374623E-15
120000000 3.790385827332E-11
130000000 4.87949977691E-9
140000000 9.683381400948E-8
150000000 7.170320713533E-7
160000000 3.7166502983885E-6
180000000 6.13141947674E-5
200000000 0.000437044990038
#Header 
#Target 34 77 1
#Product 26 55 0
#Datapoints 11
1000000 0
90000000 0
100000000 1.0190079998E-15
110000000 1.79350564662E-11
120000000 4.1581303211548E-9
130000000 1.00920989359E-7
140000000 7.3729609000929E-7
150000000 3.3385508327182E-6
160000000 1.3597898742846E-5
180000000 0.000147326023355
200000000 0.000783346028832
#Header 
#Target 34 77 1
#Product 26 56 0
#Datapoints 12
1000000 0
80000000 0
90000000 2.2961532834E-15
100000000 2.0134236934E-11
110000000 4.1907608810886E-9
120000000 1.0477901895083E-7
130000000 6.96254038433E-7
140000000 2.6848502562984E-6
150000000 9.496341695846E-6
160000000 3.1722901987326E-5
180000000 0.000232014003152
200000000 0.00091341809774
#Header 
#Target 34 77 1
#Product 26 57 0
#Datapoints 12
1000000 0
80000000 0
90000000 6.6773969838E-13
100000000 5.1775853668E-10
110000000 2.1996506549865E-8
120000000 1.881020227322E-7
130000000 6.28862060701E-7
140000000 1.6756003170606E-6
150000000 4.8723908137428E-6
160000000 1.267320347546E-5
180000000 6.19233998883E-5
200000000 0.000193262992448
#Header 
#Target 34 77 1
#Product 26 58 0
#Datapoints 13
1000000 0
75000000 0
80000000 5.517064937E-14
90000000 9.3346840692E-11
100000000 4.80559020032E-9
110000000 5.0733703947354E-8
120000000 1.8731600775057E-7
130000000 5.02567986157E-7
140000000 1.3833201854403E-6
150000000 3.8563205583089E-6
160000000 7.7344907360303E-6
180000000 3.05485009969E-5
200000000 7.69924978658E-5
#Header 
#Target 34 77 1
#Product 26 59 0
#Datapoints 14
1000000 0
70000000 0
75000000 1.25851216E-13
80000000 4.510960867E-12
90000000 2.7762623316E-10
100000000 4.37019024218E-9
110000000 1.8781199348931E-8
120000000 4.8769104092201E-8
130000000 1.56417972061E-7
140000000 4.5073700164326E-7
150000000 9.42733541628E-7
160000000 1.7835401443035E-6
180000000 5.79911021188E-6
200000000 1.3019497334E-5
#Header 
#Target 34 77 1
#Product 27 54 0
#Datapoints 9
1000000 0
110000000 0
120000000 2.359440183442E-15
130000000 3.3895571128E-12
140000000 1.116989924265E-10
150000000 1.2678998628448E-9
160000000 1.3415503782967E-8
180000000 5.1815800328E-7
200000000 5.08457017046E-6
#Header 
#Target 34 77 1
#Product 27 55 0
#Datapoints 10
1000000 0
100000000 0
110000000 8.288344524114E-13
120000000 2.761406574433E-10
130000000 6.3501201475E-9
140000000 4.6473803615721E-8
150000000 3.5235406770732E-7
160000000 2.2323602300109E-6
180000000 3.47338994821E-5
200000000 0.000208518992786
#Header 
#Target 34 77 1
#Product 27 56 0
#Datapoints 11
1000000 0
90000000 0
100000000 4.1146093044E-13
110000000 6.791216108994E-10
120000000 2.6761804469083E-8
130000000 1.74316962015E-7
140000000 1.0069404448257E-6
150000000 6.1333605957876E-6
160000000 2.7049704062568E-5
180000000 0.000256191989799
200000000 0.00108532985914
#Header 
#Target 34 77 1
#Product 27 57 0
#Datapoints 12
1000000 0
80000000 0
90000000 3.3516175464E-12
100000000 4.14731968476E-9
110000000 1.2503205108084E-7
120000000 5.9933601042883E-7
130000000 2.72945000886E-6
140000000 1.6045901928018E-5
150000000 6.1917101436034E-5
160000000 0.00018072398009314
180000000 0.0009586863764
200000000 0.00294174034
#Header 
#Target 34 77 1
#Product 27 58 0
#Datapoints 13
1000000 0
75000000 0
80000000 1.432456612E-13
90000000 3.229363809E-10
100000000 2.2785095914E-8
110000000 1.7335104270435E-7
120000000 5.922411305999E-7
130000000 3.38105016589E-6
140000000 1.4493200902305E-5
150000000 4.0779402109924E-5
160000000 9.500184686542E-5
180000000 0.000366246965351
200000000 0.00094158288388
#Header 
#Target 34 77 1
#Product 27 59 0
#Datapoints 16
1000000 0
60000000 0
65000000 1.423132884E-15
70000000 3.146295945E-12
75000000 3.2471607E-10
80000000 4.7202000287E-9
90000000 4.15830030156E-8
100000000 2.02724996992E-7
110000000 7.0054008775983E-7
120000000 4.2357404656098E-6
130000000 1.55902040237E-5
140000000 3.7985605398912E-5
150000000 8.3309403268135E-5
160000000 0.00016189000911556
180000000 0.000513967967759
200000000 0.00109687978688
#Header 
#Target 34 77 1
#Product 27 60 0
#Datapoints 17
1000000 0
55000000 0
60000000 2.817049794E-15
65000000 1.846479744E-12
70000000 1.243896507E-10
75000000 1.646349568E-9
80000000 6.9042795282E-9
90000000 2.03427980064E-8
100000000 5.8969901683E-8
110000000 4.1564403976809E-7
120000000 2.1073003828534E-6
130000000 5.60115043363E-6
140000000 1.0951506190365E-5
150000000 2.237679777315E-5
160000000 4.1459400720067E-5
180000000 0.000105319963673
200000000 0.000211526005784
#Header 
#Target 34 77 1
#Product 27 61 0
#Datapoints 18
1000000 0
50000000 0
55000000 6.620240484E-14
60000000 8.954896078E-12
65000000 2.130560352E-10
70000000 1.4167296159E-9
75000000 4.234760322E-9
80000000 6.6099005075E-9
90000000 1.28834009082E-8
100000000 1.5667602461E-7
110000000 9.4042010371911E-7
120000000 2.4196199431181E-6
130000000 4.37975010427E-6
140000000 8.3859707068074E-6
150000000 1.4830398899803E-5
160000000 2.3173305673705E-5
180000000 4.83191013803E-5
200000000 8.4207256268E-5
#Header 
#Target 34 77 1
#Product 27 62 0
#Datapoints 19
1000000 0
45000000 0
50000000 2.95500213E-15
55000000 2.911989366E-13
60000000 4.095871454E-12
65000000 1.519451064E-11
70000000 2.216645384E-11
75000000 2.27042568E-11
80000000 1.378423753E-10
90000000 6.0086597445E-9
100000000 3.89433056894E-8
110000000 1.0732195904655E-7
120000000 1.8849103727058E-7
130000000 3.14173019528E-7
140000000 5.9076206198943E-7
150000000 9.030900144116E-7
160000000 1.2299003310099E-6
180000000 2.34920959233E-6
200000000 3.30687949058E-6
#Header 
#Target 34 77 1
#Product 28 56 0
#Datapoints 9
1000000 0
110000000 0
120000000 4.808414293438E-13
130000000 1.5667656672E-10
140000000 6.2510004081138E-9
150000000 7.0702113650765E-8
160000000 4.1122201674543E-7
180000000 5.39447980874E-6
200000000 2.614929977E-5
#Header 
#Target 34 77 1
#Product 28 57 0
#Datapoints 10
1000000 0
100000000 0
110000000 1.58274850422E-12
120000000 1.1270599335041E-9
130000000 5.40252027423E-8
140000000 5.9999607446238E-7
150000000 3.1697002802863E-6
160000000 1.1716600394334E-5
180000000 8.3213934259E-5
200000000 0.00030142799664
#Header 
#Target 34 77 1
#Product 28 58 0
#Datapoints 11
1000000 0
90000000 0
100000000 6.758964534E-11
110000000 2.6962499944068E-8
120000000 8.854211388595E-7
130000000 7.67761075459E-6
140000000 2.9716505154468E-5
150000000 8.5593410635598E-5
160000000 0.00021877003817262
180000000 0.00095906282393
200000000 0.00255656988044
#Header 
#Target 34 77 1
#Product 28 59 0
#Datapoints 12
1000000 0
80000000 0
90000000 3.506236389E-11
100000000 5.665279543E-8
110000000 2.285990517363E-6
120000000 2.0257505253292E-5
130000000 7.03025014876E-5
140000000 0.00017005906150467
150000000 0.00041892702265242
160000000 0.0009462774054657
180000000 0.00306461031214
200000000 0.00683996979056
#Header 
#Target 34 77 1
#Product 28 60 0
#Datapoints 14
1000000 0
70000000 0
75000000 1.32383308E-12
80000000 6.414211555E-10
90000000 2.9770599222E-7
100000000 7.9022599782E-6
110000000 4.845240842169E-5
120000000 0.00012512600305547
130000000 0.000265299976292
140000000 0.00059846102287317
150000000 0.0012407599339118
160000000 0.0021497403211768
180000000 0.00506757044686
200000000 0.0087585908858
#Header 
#Target 34 77 1
#Product 28 61 0
#Datapoints 16
1000000 0
60000000 0
65000000 3.48839802E-15
70000000 1.170441328E-11
75000000 1.798469866E-9
80000000 3.2974498376E-8
90000000 9.22564025244E-7
100000000 8.85125007228E-6
110000000 2.9012197833117E-5
120000000 6.4911307340364E-5
130000000 0.00017727701307
140000000 0.00042482704729779
150000000 0.00079589214618281
160000000 0.0013422601991799
180000000 0.00297891988498
200000000 0.00466707958444
#Header 
#Target 34 77 1
#Product 28 62 0
#Datapoints 18
1000000 0
50000000 0
55000000 3.151340478E-14
60000000 5.589613425E-11
65000000 3.5635704084E-9
70000000 3.0387500845E-8
75000000 2.308479824E-7
80000000 1.0834599207E-6
90000000 4.36923022914E-6
100000000 1.28622987654E-5
110000000 2.6951708049321E-5
120000000 6.9051108632962E-5
130000000 0.000156643961697
140000000 0.00027282504233238
150000000 0.00044251008761482
160000000 0.000636484100604
180000000 0.00109569998116
200000000 0.00155190987342
#Header 
#Target 34 77 1
#Product 28 63 0
#Datapoints 19
1000000 0
45000000 0
50000000 2.53467216E-14
55000000 1.290450447E-11
60000000 5.781583717E-10
65000000 6.037840224E-9
70000000 4.7460593971E-8
75000000 2.438189566E-7
80000000 6.973079917E-7
90000000 1.69227019746E-6
100000000 3.09407021336E-6
110000000 7.2649511211042E-6
120000000 1.7835600607045E-5
130000000 3.32735966314E-5
140000000 5.1214003447677E-5
150000000 7.1708309407319E-5
160000000 9.454797101222E-5
180000000 0.000139488020136
200000000 0.00017817403484
#Header 
#Target 34 77 1
#Product 28 64 0
#Datapoints 20
1000000 0
40000000 0
45000000 2.239011894E-15
50000000 3.551755626E-12
55000000 3.172062465E-10
60000000 5.0815900399E-9
65000000 4.2311101032E-8
70000000 1.5882096884E-7
75000000 3.36162043E-7
80000000 4.2987603189E-7
90000000 5.6930399964E-7
100000000 1.62839005588E-6
110000000 4.8574205350635E-6
120000000 8.4583207107459E-6
130000000 1.25699010419E-5
140000000 1.7437502280948E-5
150000000 2.3455508162675E-5
160000000 2.879330398494E-5
180000000 3.76098007194E-5
200000000 4.64330993232E-5
#Header 
#Target 34 77 1
#Product 29 58 0
#Datapoints 10
1000000 0
100000000 0
110000000 5.732453141265E-13
120000000 1.798655256749E-10
130000000 4.05305945054E-9
140000000 2.5563900266697E-8
150000000 1.3712897383E-7
160000000 5.8228210971084E-7
180000000 4.6833895378E-6
200000000 1.67267973506E-5
#Header 
#Target 34 77 1
#Product 29 59 0
#Datapoints 11
1000000 0
90000000 0
100000000 7.6433971628E-12
110000000 4.9565507215194E-9
120000000 1.0168700509398E-7
130000000 4.83901026653E-7
140000000 2.0359801341594E-6
150000000 8.796992591914E-6
160000000 2.7957199823938E-5
180000000 0.000133673027661
200000000 0.000356360018722
#Header 
#Target 34 77 1
#Product 29 60 0
#Datapoints 12
1000000 0
80000000 0
90000000 7.6883217444E-11
100000000 5.65116001702E-8
110000000 1.2856599673644E-6
120000000 5.1589909276305E-6
130000000 1.7202697562E-5
140000000 7.3283509139802E-5
150000000 0.0002257239930373
160000000 0.00050627607639697
180000000 0.00157326979402
200000000 0.00314288010842
#Header 
#Target 34 77 1
#Product 29 61 0
#Datapoints 15
1000000 0
65000000 0
70000000 4.128749508E-15
75000000 3.14898888E-11
80000000 3.6864304298E-9
90000000 2.83250045016E-7
100000000 3.92773971534E-6
110000000 1.2936198130104E-5
120000000 4.1886006788743E-5
130000000 0.000183566998058
140000000 0.00052382003151231
150000000 0.0010846901829953
160000000 0.0019765107528221
180000000 0.00476808940104
200000000 0.00787991036016
#Header 
#Target 34 77 1
#Product 29 62 0
#Datapoints 16
1000000 0
60000000 0
65000000 1.0079291376E-11
70000000 4.0784602142E-9
75000000 1.528430178E-7
80000000 1.317329605E-6
90000000 7.00321004082E-6
100000000 2.1577498509E-5
110000000 6.3224404758909E-5
120000000 0.00028489807415735
130000000 0.000799391001683
140000000 0.0015624897221739
150000000 0.0027847507507882
160000000 0.0045743306254195
180000000 0.0086485786831
200000000 0.0123964970442
#Header 
#Target 34 77 1
#Product 29 63 0
#Datapoints 19
1000000 0
45000000 0
50000000 6.056049204E-15
55000000 1.350311391E-10
60000000 5.9717600844E-8
65000000 1.6525602468E-6
70000000 8.5166606023E-6
75000000 1.701109532E-5
80000000 2.1091396258E-5
90000000 2.43862971408E-5
100000000 8.265569928E-5
110000000 0.00032958408922134
120000000 0.00077035003257943
130000000 0.00135610039201
140000000 0.0022485399727824
150000000 0.0034658001101077
160000000 0.0047152206860836
180000000 0.00723149971161
200000000 0.0088320734298
#Header 
#Target 34 77 1
#Product 29 64 0
#Datapoints 20
1000000 0
40000000 0
45000000 3.31136778E-13
50000000 5.32805454E-10
55000000 7.2352294443E-8
60000000 1.2589403153E-6
65000000 5.045149584E-6
70000000 8.6266401992E-6
75000000 9.513569856E-6
80000000 8.3996697488E-6
90000000 1.50766015716E-5
100000000 7.360609837E-5
110000000 0.00021003304107504
120000000 0.00035075801520426
130000000 0.000545065983918
140000000 0.00081039409943004
150000000 0.001130530068707
160000000 0.001399780432072
180000000 0.00187611975438
200000000 0.00209403953468
#Header 
#Target 34 77 1
#Product 29 65 0
#Datapoints 22
1000000 0
30000000 0
35000000 6.178328954E-12
40000000 6.8844908205E-9
45000000 1.16135995584E-7
50000000 4.914509634E-7
55000000 1.257010326E-6
60000000 2.0889098245E-6
65000000 2.1378005172E-6
70000000 1.7442195404E-6
75000000 2.186380276E-6
80000000 5.4484501533E-6
90000000 2.61270960048E-5
100000000 7.2382096416E-5
110000000 0.0001120559972697
120000000 0.00016087706331826
130000000 0.000234407031373
140000000 0.00032611206593982
150000000 0.00040395302381584
160000000 0.00046449305024947
180000000 0.000545165994482
200000000 0.00058791603291
#Header 
#Target 34 77 1
#Product 29 66 0
#Datapoints 24
1000000 0
26000000 0
28000000 8.784028776E-14
30000000 3.477127284E-12
35000000 1.7206597492E-9
40000000 3.6552804145E-8
45000000 1.16747010366E-7
50000000 1.5600404196E-7
55000000 1.1907798903E-7
60000000 8.8911099557E-8
65000000 2.2810101228E-7
70000000 1.02853990643E-6
75000000 3.62594057E-6
80000000 8.2388299684E-6
90000000 1.79761971438E-5
100000000 2.62905980232E-5
110000000 3.6816102011343E-5
120000000 5.4545804761526E-5
130000000 7.97287932789E-5
140000000 0.00010090904510697
150000000 0.00011758398032375
160000000 0.00013053205061501
180000000 0.000146467008318
200000000 0.000154899983462
#Header 
#Target 34 77 1
#Product 29 67 0
#Datapoints 21
1000000 0
35000000 0
40000000 1.000068934E-14
45000000 4.546397142E-12
50000000 2.861778672E-10
55000000 6.8928394392E-9
60000000 8.033920525E-8
65000000 4.6891801368E-7
70000000 1.4344498538E-6
75000000 2.64681976E-6
80000000 3.2766900627E-6
90000000 3.92925970872E-6
100000000 6.30328003648E-6
110000000 1.2053906633931E-5
120000000 1.8374199404921E-5
130000000 2.43507964556E-5
140000000 2.9650507011978E-5
150000000 3.4384401511093E-5
160000000 3.8608002455847E-5
180000000 4.42593017465E-5
200000000 4.77789028536E-5
#Header 
#Target 34 77 1
#Product 30 60 0
#Datapoints 10
1000000 0
100000000 0
110000000 5.115329883675E-13
120000000 2.786447434761E-10
130000000 1.25307031575E-8
140000000 1.3447196430096E-7
150000000 6.3142807501928E-7
160000000 1.8451102807203E-6
180000000 7.71755995364E-6
200000000 1.8818603146E-5
#Header 
#Target 34 77 1
#Product 30 61 0
#Datapoints 11
1000000 0
90000000 0
100000000 9.1898573844E-12
110000000 5.5023204549657E-9
120000000 2.600550256109E-7
130000000 2.54293041489E-6
140000000 1.0077299553153E-5
150000000 2.5870606671071E-5
160000000 5.53464064373E-5
180000000 0.000161174971207
200000000 0.000295044038058
#Header 
#Target 34 77 1
#Product 30 62 0
#Datapoints 12
1000000 0
80000000 0
90000000 4.2357106764E-10
100000000 1.85886961414E-7
110000000 6.2150907608814E-6
120000000 4.83955014323E-5
130000000 0.000150604038373
140000000 0.00031837107419631
150000000 0.00064071005199078
160000000 0.0011727802255147
180000000 0.00244688983177
200000000 0.00367628046614
#Header 
#Target 34 77 1
#Product 30 63 0
#Datapoints 14
1000000 0
70000000 0
75000000 8.72132676E-12
80000000 4.7439802933E-9
90000000 1.2056801319E-6
100000000 3.36815974082E-5
110000000 0.00023083806411027
120000000 0.00060325910914422
130000000 0.00116062025508
140000000 0.0022822104804036
150000000 0.0039933707024698
160000000 0.0058744605663612
180000000 0.0097345425511
200000000 0.012598598426
#Header 
#Target 34 77 1
#Product 30 64 0
#Datapoints 17
1000000 0
55000000 0
60000000 2.780730173E-14
65000000 6.268075488E-10
70000000 1.1293196123E-7
75000000 1.806839704E-6
80000000 1.2517197575E-5
90000000 0.00013586997105
100000000 0.000715403930402
110000000 0.0015763702780221
120000000 0.002626050076487
130000000 0.00487964977798
140000000 0.0082525910161704
150000000 0.011702498268122
160000000 0.015116104940299
180000000 0.0214677971138
200000000 0.0232850981454
#Header 
#Target 34 77 1
#Product 30 65 0
#Datapoints 18
1000000 0
50000000 0
55000000 2.905120647E-11
60000000 3.7670097845E-8
65000000 1.4347695348E-6
70000000 1.2073504751E-5
75000000 7.210849784E-5
80000000 0.00023675599914
90000000 0.000677039018724
100000000 0.0013538204897
110000000 0.0021456601322082
120000000 0.0039994907798723
130000000 0.00681499052942
140000000 0.009675803510088
150000000 0.012480096646887
160000000 0.01474379876816
180000000 0.0174131996026
200000000 0.0175171980288
#Header 
#Target 34 77 1
#Product 30 66 0
#Datapoints 21
1000000 0
35000000 0
40000000 6.27681708E-15
45000000 1.2066094488E-9
50000000 2.9627503884E-7
55000000 2.2853803401E-6
60000000 2.2611096196E-5
65000000 0.0001344619476
70000000 0.00034844599434
75000000 0.0005555989664
80000000 0.00067146398503
90000000 0.000809956048752
100000000 0.00133407018696
110000000 0.0026563999586514
120000000 0.0043443001220765
130000000 0.00592588029493
140000000 0.0073014908154819
150000000 0.0083307705398339
160000000 0.009164299492172
180000000 0.0101491999209
200000000 0.0094442626816
#Header 
#Target 34 77 1
#Product 30 67 0
#Datapoints 22
1000000 0
30000000 0
35000000 3.846243842E-13
40000000 1.203789799E-9
45000000 7.1039295768E-8
50000000 8.4183498972E-7
55000000 1.13822005869E-5
60000000 5.9723901071E-5
65000000 0.00013541894028
70000000 0.00018160796062
75000000 0.0001845630216
80000000 0.00016881001594
90000000 0.00020535299415
100000000 0.000428211959
110000000 0.00076400706081732
120000000 0.0010115598831613
130000000 0.0012252302968
140000000 0.0013829800615017
150000000 0.0015000298493216
160000000 0.0016288998634777
180000000 0.00165046979201
200000000 0.0015775499164
#Header 
#Target 34 77 1
#Product 30 68 0
#Datapoints 23
1000000 0
28000000 0
30000000 2.055608568E-13
35000000 4.347160349E-9
40000000 1.16985997685E-6
45000000 1.00842006342E-5
50000000 2.2551002406E-5
55000000 3.8444197077E-5
60000000 4.7627691451E-5
65000000 4.3960302576E-5
70000000 3.8011104469E-5
75000000 4.42299016E-5
80000000 6.5915598203E-5
90000000 0.000145302030306
100000000 0.000253919965096
110000000 0.00031883905030332
120000000 0.00038008308401499
130000000 0.00043076804285
140000000 0.00047804208094206
150000000 0.00051555201310869
160000000 0.0005508670754686
180000000 0.000555623008817
200000000 0.000612533985726
#Header 
#Target 34 77 1
#Product 30 69 0
#Datapoints 26
1000000 0
22000000 0
24000000 3.371939136E-16
26000000 9.13745007E-14
28000000 7.518681824E-12
30000000 2.483600864E-10
35000000 5.7608802818E-8
40000000 5.5585700595E-7
45000000 1.20840999972E-6
50000000 1.2104198316E-6
55000000 8.7820603299E-7
60000000 7.0699891873E-7
65000000 9.0183800556E-7
70000000 1.8053396096E-6
75000000 3.802429782E-6
80000000 6.5311500263E-6
90000000 1.23162019398E-5
100000000 1.670070192E-5
110000000 2.0184004534026E-5
120000000 2.3638700658446E-5
130000000 2.80609965742E-5
140000000 3.2102906347296E-5
150000000 3.6252101599698E-5
160000000 4.0124903333647E-5
180000000 4.56874007416E-5
200000000 4.99944990984E-5
#Header 
#Target 34 77 1
#Product 30 70 0
#Datapoints 21
1000000 0
35000000 0
40000000 1.85126026E-13
45000000 1.259972952E-10
50000000 5.022269973E-9
55000000 5.1213597435E-8
60000000 2.8148203959E-7
65000000 9.4178800152E-7
70000000 2.1189598303E-6
75000000 3.507189592E-6
80000000 4.4833202237E-6
90000000 6.36027992478E-6
100000000 8.07040999282E-6
110000000 1.0290800823342E-5
120000000 1.3146497568205E-5
130000000 1.72017005489E-5
140000000 2.0589199958628E-5
150000000 2.4593600682055E-5
160000000 2.6932302077307E-5
180000000 3.27287055925E-5
200000000 3.47675991484E-5
#Header 
#Target 34 77 1
#Product 31 62 0
#Datapoints 11
1000000 0
90000000 0
100000000 4.8212340428E-13
110000000 6.71252089743E-10
120000000 1.5598904699375E-8
130000000 7.29151967714E-8
140000000 2.3207299570251E-7
150000000 7.5133813696355E-7
160000000 1.8824304786947E-6
180000000 5.50246955824E-6
200000000 9.8990984946E-6
#Header 
#Target 34 77 1
#Product 31 63 0
#Datapoints 12
1000000 0
80000000 0
90000000 3.7210075488E-11
100000000 1.68836005436E-8
110000000 2.6308306010538E-7
120000000 8.6253711539047E-7
130000000 2.30555955998E-6
140000000 7.2834008039289E-6
150000000 1.7722997300521E-5
160000000 2.9405601280209E-5
180000000 5.75055014253E-5
200000000 8.2639168042E-5
#Header 
#Target 34 77 1
#Product 31 64 0
#Datapoints 14
1000000 0
70000000 0
75000000 1.6504271E-11
80000000 2.9559997045E-9
90000000 4.9001998707E-7
100000000 6.11231947228E-6
110000000 1.8373299599178E-5
120000000 3.9629107459672E-5
130000000 0.000120595021915
140000000 0.00028956301717194
150000000 0.0004768380696056
160000000 0.00068586314866685
180000000 0.00116316968306
200000000 0.0013434503007
#Header 
#Target 34 77 1
#Product 31 65 0
#Datapoints 17
1000000 0
55000000 0
60000000 2.146296183E-13
65000000 1.8682499736E-9
70000000 2.8334905721E-7
75000000 5.379229604E-6
80000000 2.8273898868E-5
90000000 8.66215957284E-5
100000000 0.000182676025
110000000 0.00040547707758351
120000000 0.0012413703593973
130000000 0.00259679966143
140000000 0.0040869407011689
150000000 0.0057184913086956
160000000 0.0072267708737191
180000000 0.0092664512383
200000000 0.0094422142744
#Header 
#Target 34 77 1
#Product 31 66 0
#Datapoints 19
1000000 0
45000000 0
50000000 1.72337067E-14
55000000 7.728281847E-10
60000000 5.0962298672E-7
65000000 2.0318704128E-5
70000000 0.00014068801161
75000000 0.0003380179866
80000000 0.00041729304301
90000000 0.000433083989682
100000000 0.00099609679694
110000000 0.0031779006307983
120000000 0.0063762108091968
130000000 0.009612733241
140000000 0.012976397931666
150000000 0.015700202003612
160000000 0.017925101644549
180000000 0.0205568024013
200000000 0.0196709031132
#Header 
#Target 34 77 1
#Product 31 67 0
#Datapoints 21
1000000 0
35000000 0
40000000 3.225784715E-12
45000000 2.8616099694E-7
50000000 5.624450334E-5
55000000 0.00048491800929
60000000 0.00109874997445
65000000 0.0013425096492
70000000 0.001204710325
75000000 0.0010091199768
80000000 0.00102910997768
90000000 0.00266912963532
100000000 0.00802824013978
110000000 0.013578903917613
120000000 0.017787005916951
130000000 0.0223432971056
140000000 0.026828703120237
150000000 0.029642103906648
160000000 0.031716102381029
180000000 0.0311396981311
200000000 0.0287073051612
#Header 
#Target 34 77 1
#Product 31 68 0
#Datapoints 23
1000000 0
28000000 0
30000000 2.649332058E-15
35000000 7.7011304902E-9
40000000 6.524819274E-6
45000000 0.00017999403786
50000000 0.00065515700196
55000000 0.00093810496923
60000000 0.00079026597633
65000000 0.0005462909658
70000000 0.00048008206275
75000000 0.0007352790006
80000000 0.0015414099164
90000000 0.00408157061346
100000000 0.00711560039708
110000000 0.0088263407061741
120000000 0.010452897751559
130000000 0.0125272001385
140000000 0.013689398158083
150000000 0.014932002546932
160000000 0.014994104475999
180000000 0.0139778042626
200000000 0.012924799144
#Header 
#Target 34 77 1
#Product 31 69 0
#Datapoints 29
1000000 0
18000000 0
19000000 4.019738718E-15
20000000 6.78225792E-13
22000000 8.844715626E-10
24000000 9.844239392E-8
26000000 2.1919406763E-6
28000000 1.4018003464E-5
30000000 3.5636801564E-5
35000000 0.00014706401178
40000000 0.0003227090094
45000000 0.0004111650396
50000000 0.00029671001838
55000000 0.00018869205069
60000000 0.00020808597858
65000000 0.00048804394176
70000000 0.0011274997135
75000000 0.00203611042
80000000 0.0027113400388
90000000 0.00344976037992
100000000 0.00397227008136
110000000 0.0046071812410272
120000000 0.0055698409493493
130000000 0.00616056999299
140000000 0.006530370809619
150000000 0.0065848103143824
160000000 0.0064840508163629
180000000 0.0063200304924
200000000 0.00594425984792
#Header 
#Target 34 77 1
#Product 31 70 0
#Datapoints 36
1000000 0
11000000 0
12000000 2.1789451168E-14
13000000 4.629158144E-13
14000000 5.176017242E-12
15000000 6.0625407E-11
16000000 6.184538898E-10
17000000 5.0418004926E-9
18000000 3.1455298152E-8
19000000 1.5626200752E-7
20000000 6.3012594688E-7
22000000 5.3711193213E-6
24000000 2.1500297632E-5
26000000 4.8074998545E-5
28000000 7.4016797784E-5
30000000 9.1841802514E-5
35000000 8.2332602772E-5
40000000 4.4471302515E-5
45000000 2.8496394738E-5
50000000 3.5317100322E-5
55000000 0.000106931997315
60000000 0.00036257896873
65000000 0.0007182219564
70000000 0.00092869403343
75000000 0.0009695119482
80000000 0.00095653993893
90000000 0.000988873009074
100000000 0.00114815002932
110000000 0.0014040603191484
120000000 0.0015780304069537
130000000 0.00171014962413
140000000 0.0017243006019375
150000000 0.0017440102739664
160000000 0.001785890572829
180000000 0.00176982027922
200000000 0.00177177956196
#Header 
#Target 34 77 1
#Product 31 71 0
#Datapoints 26
1000000 0
22000000 0
24000000 1.741923328E-14
26000000 7.445499714E-12
28000000 3.013243288E-10
30000000 3.4795500252E-9
35000000 2.1636995352E-7
40000000 2.179160566E-6
45000000 1.8012998346E-5
50000000 7.3274207364E-5
55000000 0.00015463501911
60000000 0.00020271596822
65000000 0.00020168396928
70000000 0.00018914703189
75000000 0.0001859449812
80000000 0.00019553704665
90000000 0.000242151958836
100000000 0.00032611904675
110000000 0.00040585502911968
120000000 0.00047224005904675
130000000 0.000516658026785
140000000 0.00055639711997442
150000000 0.0005831740956609
160000000 0.00060933404902667
180000000 0.00064013697512
200000000 0.000651935992364
#Header 
#Target 34 77 1
#Product 31 72 0
#Datapoints 25
1000000 0
24000000 0
26000000 1.489242933E-13
28000000 4.003599288E-11
30000000 2.3344098786E-9
35000000 7.5205792858E-7
40000000 6.819250356E-6
45000000 1.5465596286E-5
50000000 1.8081199152E-5
55000000 1.6372396755E-5
60000000 1.5424403504E-5
65000000 1.5739495812E-5
70000000 1.7873005652E-5
75000000 2.26100948E-5
80000000 3.0025596252E-5
90000000 5.29539999498E-5
100000000 7.7971498871E-5
110000000 0.0001002940551396
120000000 0.00011844299397541
130000000 0.000134469043038
140000000 0.00014385497925582
150000000 0.00015547705575608
160000000 0.00015861203580134
180000000 0.000167785988161
200000000 0.000173702979696
#Header 
#Target 34 77 1
#Product 31 73 0
#Datapoints 21
1000000 0
35000000 0
40000000 5.209812175E-14
45000000 1.520478708E-10
50000000 6.3282797316E-9
55000000 5.8489204059E-8
60000000 2.8621795529E-7
65000000 9.5941903608E-7
70000000 2.563690575E-6
75000000 5.117640162E-6
80000000 8.317109697E-6
90000000 1.60310023452E-5
100000000 2.27621005108E-5
110000000 2.8570003003719E-5
120000000 3.304751019226E-5
130000000 3.62368992066E-5
140000000 3.8037108622257E-5
150000000 3.9117204904842E-5
160000000 4.0772102999507E-5
180000000 4.18450016339E-5
200000000 4.25175039316E-5
#Header 
#Target 34 77 1
#Product 32 65 0
#Datapoints 12
1000000 0
80000000 0
90000000 3.3824033784E-12
100000000 1.08423035742E-8
110000000 4.24271063493E-7
120000000 3.5138605613668E-6
130000000 1.11288039358E-5
140000000 2.0339605381302E-5
150000000 3.2897405411236E-5
160000000 4.9833401680106E-5
180000000 7.7065291269E-5
200000000 8.4067932064E-5
#Header 
#Target 34 77 1
#Product 32 66 0
#Datapoints 14
1000000 0
70000000 0
75000000 9.96073144E-12
80000000 2.4379198778E-9
90000000 6.67879034256E-7
100000000 1.52671959706E-5
110000000 8.4616706334957E-5
120000000 0.00018824999145232
130000000 0.000311634049321
140000000 0.00046759410797634
150000000 0.00062418709346939
160000000 0.00076152408276527
180000000 0.0009459220628
200000000 0.0009267579432
#Header 
#Target 34 77 1
#Product 32 67 0
#Datapoints 16
1000000 0
60000000 0
65000000 5.780870172E-11
70000000 2.7854999272E-8
75000000 1.12203016E-6
80000000 1.0412798656E-5
90000000 0.00013687400898
100000000 0.00076415002356
110000000 0.0016265699948775
120000000 0.0023586902427203
130000000 0.00338795021511
140000000 0.0045180204776913
150000000 0.0053907807815651
160000000 0.0060148907791214
180000000 0.00652291992188
200000000 0.00616543011246
#Header 
#Target 34 77 1
#Product 32 68 0
#Datapoints 19
1000000 0
45000000 0
50000000 7.303884156E-13
55000000 5.4544404915E-8
60000000 3.7857396694E-6
65000000 4.7313600948E-5
70000000 0.00028695600153
75000000 0.001234009938
80000000 0.0030364392958
90000000 0.00646805932344
100000000 0.0098965692266
110000000 0.012305601469482
120000000 0.016726202374185
130000000 0.0212607025568
140000000 0.024771904933815
150000000 0.026592807716441
160000000 0.026873605350427
180000000 0.0248493014553
200000000 0.0234349001148
#Header 
#Target 34 77 1
#Product 32 69 0
#Datapoints 20
1000000 0
40000000 0
45000000 1.823880156E-8
50000000 5.2541092044E-6
55000000 8.9783991297E-5
60000000 0.00074770890438
65000000 0.004210579908
70000000 0.0105120996647
75000000 0.01580750394
80000000 0.0173660012
90000000 0.018459804582
100000000 0.0222874041572
110000000 0.030557104139715
120000000 0.039269402110085
130000000 0.0445000000658
140000000 0.046343604876945
150000000 0.045664407403243
160000000 0.043958703938017
180000000 0.04077599868
200000000 0.037885697594
#Header 
#Target 34 77 1
#Product 32 70 0
#Datapoints 23
1000000 0
28000000 0
30000000 9.664180472E-12
35000000 1.8121499004E-6
40000000 2.3667301525E-5
45000000 0.00028700495208
50000000 0.0036666402822
55000000 0.013384700901
60000000 0.022921503969
65000000 0.026867898288
70000000 0.025227396099
75000000 0.02251929724
80000000 0.021236002332
90000000 0.0260982992574
100000000 0.0390749001748
110000000 0.049551704504127
120000000 0.054430110112122
130000000 0.0544433015331
140000000 0.052192503010725
150000000 0.050413409860862
160000000 0.04878900945369
180000000 0.0452540040963
200000000 0.0432798040396
#Header 
#Target 34 77 1
#Product 32 71 0
#Datapoints 27
1000000 0
20000000 0
22000000 3.908404698E-13
24000000 3.93972976E-10
26000000 1.8224703054E-8
28000000 2.7608400224E-7
30000000 1.7516102426E-6
35000000 5.7700303038E-5
40000000 0.002983709982
45000000 0.0104068007568
50000000 0.0159532038
55000000 0.016237802295
60000000 0.013208804824
65000000 0.0106996998168
70000000 0.0099363102696
75000000 0.011280396
80000000 0.014010001767
90000000 0.0202558979988
100000000 0.0253966033328
110000000 0.026813803253064
120000000 0.026535298505207
130000000 0.0254764961023
140000000 0.025009806649314
150000000 0.024034204559879
160000000 0.023604504797247
180000000 0.0224776986365
200000000 0.0215440983402
#Header 
#Target 34 77 1
#Product 32 72 0
#Datapoints 32
1000000 0
15000000 0
16000000 1.0900099068E-14
17000000 4.435090419E-12
18000000 4.026648492E-10
19000000 1.2189095698E-8
20000000 1.5051201792E-7
22000000 6.8353895151E-6
24000000 0.00013700306144
26000000 0.0012612199731
28000000 0.0046293705504
30000000 0.007744999828
35000000 0.0081588405178
40000000 0.008927709911
45000000 0.0078168198066
50000000 0.0057957708276
55000000 0.0049417606953
60000000 0.0057762200408
65000000 0.0084105101088
70000000 0.01120210392
75000000 0.01346640386
80000000 0.014968698769
90000000 0.0171083965158
100000000 0.01779240288
110000000 0.017719105665648
120000000 0.017465798136358
130000000 0.0173713005611
140000000 0.016944005355942
150000000 0.016615501087873
160000000 0.016379603175397
180000000 0.0157394041909
200000000 0.0153027966882
#Header 
#Target 34 77 1
#Product 32 73 0
#Datapoints 38
1000000 0
9000000 0
10000000 9.997121529E-16
11000000 9.72327584268E-13
12000000 1.145863854E-10
13000000 3.6989604611E-9
14000000 4.6230600922E-8
15000000 4.288889712E-7
16000000 2.6238996288E-6
17000000 1.11243004293E-5
18000000 3.6280906524E-5
19000000 9.2263601602E-5
20000000 0.00018743401472
22000000 0.00047727399231
24000000 0.00078497797536
26000000 0.00103608002175
28000000 0.0011931499996
30000000 0.00120443996526
35000000 0.0008277239537
40000000 0.0005483889748
45000000 0.00044958095994
50000000 0.00050508206208
55000000 0.00077971798476
60000000 0.0012598904393
65000000 0.0017594198244
70000000 0.0021342398476
75000000 0.002396439828
80000000 0.0026130595461
90000000 0.00291894966522
100000000 0.0030415001666
110000000 0.0030785107614348
120000000 0.0031086805321057
130000000 0.00310061014148
140000000 0.0030811501572237
150000000 0.0030489505524271
160000000 0.0030394803226656
180000000 0.00295831000597
200000000 0.00286569972558
#Header 
#Target 34 77 1
#Product 32 74 0
#Datapoints 27
1000000 0
20000000 0
22000000 1.0306398531E-13
24000000 6.346774624E-10
26000000 1.2444700509E-7
28000000 3.3726504192E-6
30000000 2.1209099242E-5
35000000 8.50694033E-5
40000000 0.00018853995125
45000000 0.00031324305978
50000000 0.00046722496356
55000000 0.00068472997164
60000000 0.00087137500824
65000000 0.00107428004064
70000000 0.0012463702293
75000000 0.001367160296
80000000 0.0014558200428
90000000 0.00153752041512
100000000 0.0016144302202
110000000 0.0016215400498629
120000000 0.0015938498419571
130000000 0.00157706993232
140000000 0.0015026904706374
150000000 0.0014309698616294
160000000 0.0014393700093124
180000000 0.00136372979151
200000000 0.00131160976164
#Header 
#Target 34 77 1
#Product 32 75 0
#Datapoints 26
1000000 0
22000000 0
24000000 2.238760352E-13
26000000 1.501685589E-10
28000000 7.2488596472E-9
30000000 8.0266605808E-8
35000000 1.5932705502E-6
40000000 6.099429202E-6
45000000 1.3468701078E-5
50000000 2.2798194624E-5
55000000 3.2574500244E-5
60000000 4.1367403592E-5
65000000 4.873440186E-5
70000000 5.4018703044E-5
75000000 5.753460074E-5
80000000 5.9597206577E-5
90000000 6.21947072682E-5
100000000 6.03366957998E-5
110000000 5.838810227769E-5
120000000 5.6344010237426E-5
130000000 5.4231494633E-5
140000000 5.2631809204581E-5
150000000 5.0403906987565E-5
160000000 4.8532799947159E-5
180000000 4.54950967175E-5
200000000 4.31310994312E-5
#Header 
#Target 34 77 1
#Product 33 67 0
#Datapoints 14
1000000 0
70000000 0
75000000 8.28616078E-14
80000000 1.501565997E-10
90000000 4.8885802182E-8
100000000 6.00682999574E-7
110000000 1.5696806205111E-6
120000000 2.6395205539545E-6
130000000 5.27077981353E-6
140000000 9.222504652644E-6
150000000 1.2734699152878E-5
160000000 1.5228498934473E-5
180000000 1.71238003701E-5
200000000 1.60845973076E-5
#Header 
#Target 34 77 1
#Product 33 68 0
#Datapoints 16
1000000 0
60000000 0
65000000 4.67096202E-12
70000000 1.4343104435E-8
75000000 8.018139756E-7
80000000 5.9054296106E-6
90000000 2.18642977944E-5
100000000 4.43407991166E-5
110000000 6.4473310186047E-5
120000000 0.00012327997394236
130000000 0.000219289977431
140000000 0.00029702301014856
150000000 0.00033845007334626
160000000 0.00034961109975385
180000000 0.000334050978719
200000000 0.000315604031182
#Header 
#Target 34 77 1
#Product 33 69 0
#Datapoints 18
1000000 0
50000000 0
55000000 5.4614505231E-9
60000000 3.6783903617E-6
65000000 8.3865095856E-5
70000000 0.0003325389549
75000000 0.0005346390342
80000000 0.00052660200411
90000000 0.000459894051378
100000000 0.000697327956262
110000000 0.0014037300702333
120000000 0.0022743801994554
130000000 0.00283840018723
140000000 0.0030095100106434
150000000 0.0030081202488737
160000000 0.0029304801595894
180000000 0.00270228995214
200000000 0.0024703303116
#Header 
#Target 34 77 1
#Product 33 70 0
#Datapoints 20
1000000 0
40000000 0
45000000 3.491519976E-8
50000000 5.2565895486E-5
55000000 0.00115330008222
60000000 0.0037410996768
65000000 0.0047246095332
70000000 0.0037853095322
75000000 0.00283435026
80000000 0.0024371100589
90000000 0.00382947962868
100000000 0.00834532990984
110000000 0.012751399869663
120000000 0.014591698511248
130000000 0.0148293033864
140000000 0.014054000446461
150000000 0.013318601773283
160000000 0.012904799601606
180000000 0.0115262998323
200000000 0.010978202659
#Header 
#Target 34 77 1
#Product 33 71 0
#Datapoints 23
1000000 0
28000000 0
30000000 1.56566802E-11
35000000 3.0840595954E-5
40000000 0.0036206296615
45000000 0.016325403654
50000000 0.022394495178
55000000 0.017656997787
60000000 0.011497801165
65000000 0.0085504505328
70000000 0.0092429709741
75000000 0.01470319528
80000000 0.023250999733
90000000 0.0388030024044
100000000 0.0497404023914
110000000 0.0511500057564
120000000 0.049267305226476
130000000 0.0458012009644
140000000 0.043482008246688
150000000 0.041880799851468
160000000 0.03950690699571
180000000 0.0367506028602
200000000 0.035146400037
#Header 
#Target 34 77 1
#Product 33 72 0
#Datapoints 27
1000000 0
20000000 0
22000000 7.943087289E-10
24000000 1.502430032E-6
26000000 0.000108444996894
28000000 0.0018209694696
30000000 0.0094650498792
35000000 0.037071395942
40000000 0.04127739679
45000000 0.026692700076
50000000 0.015684197364
55000000 0.01185589548
60000000 0.014796100076
65000000 0.028842094944
70000000 0.049110098802
75000000 0.06468679712
80000000 0.070533100545
90000000 0.0750899027484
100000000 0.0726352974844
110000000 0.068116002763605
120000000 0.062965105606741
130000000 0.0596435961133
140000000 0.056955903524814
150000000 0.054261908956728
160000000 0.052109205166359
180000000 0.0490518028973
200000000 0.0462317051296
#Header 
#Target 34 77 1
#Product 33 73 0
#Datapoints 38
1000000 0
9000000 0
10000000 9.286979044E-11
11000000 8.7466615050582E-8
12000000 5.5069502004E-6
13000000 6.3897406897E-5
14000000 0.00036207500098
15000000 0.001134719661
16000000 0.0032810804538
17000000 0.0078074095476
18000000 0.014264497836
19000000 0.02098749897
20000000 0.02633750656
22000000 0.03517999542
24000000 0.041330397312
26000000 0.044984905065
28000000 0.044419396848
30000000 0.038090694102
35000000 0.0189778001
40000000 0.0117141999145
45000000 0.012743394888
50000000 0.03123460323
55000000 0.061111699506
60000000 0.084666092568
65000000 0.094927208436
70000000 0.095000295182
75000000 0.09255259156
80000000 0.089792304872
90000000 0.085177900134
100000000 0.079309703585
110000000 0.073609303001052
120000000 0.069415008877406
130000000 0.0660268961382
140000000 0.062974405429842
150000000 0.059932404258323
160000000 0.058034503240879
180000000 0.0539740995
200000000 0.0504583983004
#Header 
#Target 34 77 1
#Product 33 74 0
#Datapoints 46
1000000 0
1000000 0
2000000 5.9487092092E-13
3000000 3.0010699713552E-10
4000000 6.9411080718E-8
5000000 2.8492208E-6
6000000 3.9700300916E-5
7000000 0.000257838028848
8000000 0.00095979812544
9000000 0.0023131199787
10000000 0.00400642040681
11000000 0.0057022405778889
12000000 0.00750951965048
13000000 0.0096743603151
14000000 0.012260598944
15000000 0.01504740243
16000000 0.017619901278
17000000 0.019193198259
18000000 0.018525799368
19000000 0.015906003272
20000000 0.012316400384
22000000 0.0093218293884
24000000 0.0070480800064
26000000 0.0055719706185
28000000 0.0044613594936
30000000 0.0037361504696
35000000 0.0050952998782
40000000 0.012534796575
45000000 0.028946204742
50000000 0.043833601152
55000000 0.048663993807
60000000 0.048683403636
65000000 0.048062097648
70000000 0.047650300049
75000000 0.04713489452
80000000 0.04713809614
90000000 0.0456777985428
100000000 0.0431257011066
110000000 0.041024903327469
120000000 0.039281702239425
130000000 0.0372964995794
140000000 0.03542690411553
150000000 0.034154807934189
160000000 0.032282406354407
180000000 0.0296735970487
200000000 0.0274624994858
#Header 
#Target 34 77 1
#Product 33 75 0
#Datapoints 35
1000000 0
12000000 0
13000000 1.455578192E-14
14000000 2.783958804E-12
15000000 1.009078995E-10
16000000 2.012590275E-9
17000000 2.1541198014E-8
18000000 2.4406602228E-7
19000000 2.0866705308E-6
20000000 1.2508202496E-5
22000000 0.00014884005969
24000000 0.00072190209216
26000000 0.0019986204345
28000000 0.0041893396096
30000000 0.0072422696368
35000000 0.016178900248
40000000 0.02453280248
45000000 0.028686002436
50000000 0.031110906294
55000000 0.033208101927
60000000 0.035025201471
65000000 0.03638489706
70000000 0.037293703388
75000000 0.03784189862
80000000 0.037967099293
90000000 0.0377682985872
100000000 0.0361687012442
110000000 0.034446307303473
120000000 0.032751104612769
130000000 0.0311344017312
140000000 0.029352308195136
150000000 0.027771900326354
160000000 0.026567205023513
180000000 0.0241797982488
200000000 0.0221002977952
#Header 
#Target 34 77 1
#Product 33 76 0
#Datapoints 36
1000000 0
11000000 0
12000000 6.0209502092E-15
13000000 6.071156837E-11
14000000 1.587419691E-8
15000000 5.748409956E-7
16000000 6.3518497308E-6
17000000 3.287529648E-5
18000000 0.00010355699124
19000000 0.00023407305082
20000000 0.00044207902208
22000000 0.00102196997622
24000000 0.001872540192
26000000 0.0030487994154
28000000 0.00448132936
30000000 0.006006619727
35000000 0.0097733398742
40000000 0.01306040359
45000000 0.01562470119
50000000 0.017314403886
55000000 0.018706104846
60000000 0.019430001867
65000000 0.019981695492
70000000 0.020305196651
75000000 0.02052389866
80000000 0.020705503554
90000000 0.0203846987232
100000000 0.019415098283
110000000 0.018390705881028
120000000 0.01727810183431
130000000 0.0161634955383
140000000 0.01528460586462
150000000 0.014502103647105
160000000 0.013588701784768
180000000 0.0122173012675
200000000 0.0111662009198
#Header 
#Target 34 77 1
#Product 34 70 0
#Datapoints 16
1000000 0
60000000 0
65000000 2.900409516E-12
70000000 9.5087097006E-9
75000000 3.272659558E-7
80000000 2.10469962E-6
90000000 2.0110594869E-5
100000000 7.7255795981E-5
110000000 0.00013742099570958
120000000 0.00016149399741747
130000000 0.000165660014035
140000000 0.00015372200996061
150000000 0.00014378999424294
160000000 0.0001378400490566
180000000 0.000118593021595
200000000 0.000112450971114
#Header 
#Target 34 77 1
#Product 34 71 0
#Datapoints 18
1000000 0
50000000 0
55000000 1.665229995E-11
60000000 4.271689638E-7
65000000 1.5828099696E-5
70000000 8.7667497121E-5
75000000 0.000366716025
80000000 0.00089924198552
90000000 0.00169314979266
100000000 0.00231943966702
110000000 0.0022657399549707
120000000 0.0020635899456115
130000000 0.00179389962274
140000000 0.0016289002429107
150000000 0.0015149702372663
160000000 0.0013657602186844
180000000 0.00119905020183
200000000 0.00111119018718
#Header 
#Target 34 77 1
#Product 34 72 0
#Datapoints 20
1000000 0
40000000 0
45000000 8.9265194634E-7
50000000 0.000114917003874
55000000 0.00065185799679
60000000 0.004032620342
65000000 0.012748802508
70000000 0.021219404009
75000000 0.02510629768
80000000 0.024621097179
90000000 0.023787002943
100000000 0.0215121996936
110000000 0.019510597828854
120000000 0.017466605906046
130000000 0.0162083970562
140000000 0.015209100112551
150000000 0.014355904930028
160000000 0.01358650065751
180000000 0.0125368994034
200000000 0.0117055010154
#Header 
#Target 34 77 1
#Product 34 73 0
#Datapoints 22
1000000 0
30000000 0
35000000 1.2236499366E-6
40000000 0.00027003894835
45000000 0.0020125398762
50000000 0.017618296464
55000000 0.047367798192
60000000 0.067835596032
65000000 0.069249301092
70000000 0.060427200009
75000000 0.05328330282
80000000 0.047743801275
90000000 0.040967296371
100000000 0.0352199956892
110000000 0.031219107378075
120000000 0.028277299733384
130000000 0.0259002985266
140000000 0.023986007159625
150000000 0.022503401686765
160000000 0.021297501611837
180000000 0.0191745003673
200000000 0.0175221971178
#Header 
#Target 34 77 1
#Product 34 74 0
#Datapoints 28
1000000 0
19000000 0
20000000 2.752705024E-12
22000000 3.3918101874E-7
24000000 3.63326E-5
26000000 0.00028795993626
28000000 0.00083700511368
30000000 0.0017619796762
35000000 0.058800697018
40000000 0.2271349552
45000000 0.3150909489
50000000 0.31251103272
55000000 0.26545201254
60000000 0.22553500584
65000000 0.20070199908
70000000 0.1845230408
75000000 0.1718409948
80000000 0.16140603149
90000000 0.144056003742
100000000 0.12792402805
110000000 0.11555306042538
120000000 0.10529305420683
130000000 0.096903116387
140000000 0.08993837390193
150000000 0.083640808394592
160000000 0.078285112896507
180000000 0.0695259031834
200000000 0.062653704366
#Header 
#Target 34 77 1
#Product 34 75 0
#Datapoints 36
1000000 0
11000000 0
12000000 4.260303532E-12
13000000 3.0063499729E-9
14000000 8.9417696588E-8
15000000 6.547310247E-7
16000000 3.3376698384E-6
17000000 1.8608795577E-5
18000000 6.6889593252E-5
19000000 0.00016655902456
20000000 0.00033892002304
22000000 0.014974905393
24000000 0.1249909904
26000000 0.24965198367
28000000 0.32942407176
30000000 0.3817260402
35000000 0.43584600598
40000000 0.3660899489
45000000 0.2908009902
50000000 0.25485103692
55000000 0.23328104085
60000000 0.21841597555
65000000 0.20335204764
70000000 0.19098000716
75000000 0.1803550382
80000000 0.17122101582
90000000 0.154064997486
100000000 0.13466295871
110000000 0.12018002649315
120000000 0.10825004201697
130000000 0.098056867132
140000000 0.09015874954194
150000000 0.083476903321071
160000000 0.076584110758628
180000000 0.0669262047398
200000000 0.059400394788
#Header 
#Target 34 77 1
#Product 34 76 0
#Datapoints 41
1000000 0
6000000 0
7000000 2.0603273416E-10
8000000 5.88156009936E-8
9000000 7.1736297706E-5
10000000 0.0106783996201
11000000 0.090096616947267
12000000 0.264210013832
13000000 0.46969505655
14000000 0.59858600296
15000000 0.5520629841
16000000 0.47059106088
17000000 0.40809998349
18000000 0.37439101836
19000000 0.36423500346
20000000 0.37165307904
22000000 0.40027005534
24000000 0.42244702912
26000000 0.41186596176
28000000 0.38350003256
30000000 0.35878101018
35000000 0.32164806772
40000000 0.2970589313
45000000 0.27475200522
50000000 0.2523029607
55000000 0.23522906979
60000000 0.21540600534
65000000 0.20008397124
70000000 0.18802094249
75000000 0.1748559774
80000000 0.16668903699
90000000 0.14557600422
100000000 0.127284008684
110000000 0.11202297237819
120000000 0.10003199515368
130000000 0.090488100567
140000000 0.081693505285236
150000000 0.074719204287293
160000000 0.069900012453667
180000000 0.0608027995235
200000000 0.0540791043412
#Header 
#Target 34 77 1
#Product 34 77 0
#Datapoints 46
1000000 0
1000000 3.44515044E-14
2000000 1.16612005448E-6
3000000 1.7690701044603E-5
4000000 0.00036997298506
5000000 0.0020477797875
6000000 0.0052294097959
7000000 0.009213288864
8000000 0.013714699647
9000000 0.018588899407
10000000 0.0233969973171
11000000 0.027104703552189
12000000 0.0284725038944
13000000 0.027888798503
14000000 0.026617798768
15000000 0.02566149591
16000000 0.025042497294
17000000 0.024688504245
18000000 0.02426490342
19000000 0.023943597194
20000000 0.02354469888
22000000 0.022495098852
24000000 0.021332498592
26000000 0.019948299399
28000000 0.018609306496
30000000 0.017070401588
35000000 0.014196806624
40000000 0.0118603998855
45000000 0.0100133996802
50000000 0.0086575008654
55000000 0.0072685896426
60000000 0.0063218298789
65000000 0.0054505800468
70000000 0.0047910802784
75000000 0.00413058012
80000000 0.00372413004
90000000 0.0029105905122
100000000 0.00226460008236
110000000 0.0018241999781223
120000000 0.0015118502035839
130000000 0.00128814002699
140000000 0.0010947003513354
150000000 0.0009628065206652
160000000 0.0008587510304065
180000000 0.000697938955983
200000000 0.000579949029478
#Header 
#Target 34 77 1
#Product 35 72 0
#Datapoints 17
1000000 0
55000000 0
60000000 4.6280506107E-8
65000000 3.5626995108E-6
70000000 1.6926301645E-5
75000000 2.68304039E-5
80000000 2.5749804305E-5
90000000 2.1194995815E-5
100000000 1.79494994224E-5
110000000 1.43710026474E-5
120000000 1.1538402524216E-5
130000000 9.5717389366E-6
140000000 8.0767416530136E-6
150000000 6.9729104318642E-6
160000000 6.0564903779974E-6
180000000 4.82159979696E-6
200000000 3.96169024362E-6
#Header 
#Target 34 77 1
#Product 35 73 0
#Datapoints 20
1000000 0
40000000 0
45000000 1.7848006512E-8
50000000 0.00012022397964
55000000 0.00084639401847
60000000 0.001365599652
65000000 0.0011335196448
70000000 0.00076763396226
75000000 0.0005497768982
80000000 0.00042558399172
90000000 0.000296389997856
100000000 0.00021479700298
110000000 0.00016606703123418
120000000 0.00013333202516545
130000000 0.000111164984588
140000000 9.465807818256E-5
150000000 8.2401302805305E-5
160000000 7.2789811003888E-5
180000000 5.92067035468E-5
200000000 4.94031028054E-5
#Header 
#Target 34 77 1
#Product 35 74 0
#Datapoints 22
1000000 0
30000000 0
35000000 2.13338993E-7
40000000 0.001360749858
45000000 0.0044449101102
50000000 0.0037870704234
55000000 0.0021931495443
60000000 0.0014181901465
65000000 0.0010759099896
70000000 0.00088057392067
75000000 0.0007457050616
80000000 0.00063931303411
90000000 0.00050091797169
100000000 0.000400700998026
110000000 0.00033190307640381
120000000 0.00028376600329802
130000000 0.000246539962232
140000000 0.00021713001173166
150000000 0.00019476706222567
160000000 0.00017474007060675
180000000 0.000146063968468
200000000 0.000123655026924
#Header 
#Target 34 77 1
#Product 35 75 0
#Datapoints 26
1000000 0
22000000 0
24000000 0.0075490896
26000000 0.068667995601
28000000 0.14557299616
30000000 0.19110504106
35000000 0.16939900152
40000000 0.080902894665
45000000 0.041826601236
50000000 0.02882780343
55000000 0.022796896122
60000000 0.018876396283
65000000 0.01598080518
70000000 0.013961595721
75000000 0.01220229488
80000000 0.010963703626
90000000 0.00892766038626
100000000 0.00722773008664
110000000 0.006020390678268
120000000 0.005089720087284
130000000 0.00434082976676
140000000 0.0037772807649762
150000000 0.0033136207333003
160000000 0.0029584506856179
180000000 0.00241762996967
200000000 0.0020235702627
#Header 
#Target 34 77 1
#Product 35 76 0
#Datapoints 34
1000000 0
13000000 0
14000000 0.018883497644
15000000 0.09616839945
16000000 0.16999402764
17000000 0.21942797061
18000000 0.2456810352
19000000 0.25568205018
20000000 0.25550601728
22000000 0.23625402201
24000000 0.17427399168
26000000 0.106852989162
28000000 0.06460899612
30000000 0.043608506172
35000000 0.02645419875
40000000 0.02072600026
45000000 0.017055200904
50000000 0.014328394488
55000000 0.012194304408
60000000 0.0105304007436
65000000 0.0091671101352
70000000 0.0080274093404
75000000 0.007086380316
80000000 0.0063938997209
90000000 0.00509439949776
100000000 0.00403693981376
110000000 0.0032817606215169
120000000 0.0027232899422805
130000000 0.00230537991798
140000000 0.0019875204032598
150000000 0.0017414002322851
160000000 0.0015445804796444
180000000 0.00125316972808
200000000 0.00104651010412
#Header 
#Target 34 77 1
#Product 35 77 0
#Datapoints 45
1000000 0
2000000 0
3000000 0.0053204902354854
4000000 0.0319153017456
5000000 0.08463200865
6000000 0.153952009728
7000000 0.2238329852
8000000 0.28384398141
9000000 0.32930798515
10000000 0.347605030424
11000000 0.30242103960555
12000000 0.213458996096
13000000 0.13500303602
14000000 0.083983194306
15000000 0.05402209383
16000000 0.03790620108
17000000 0.029510901687
18000000 0.0250347933
19000000 0.022472999216
20000000 0.020816105984
22000000 0.018521606133
24000000 0.016653096224
26000000 0.015061998147
28000000 0.01365719848
30000000 0.0124164005514
35000000 0.0098794096478
40000000 0.0080034706165
45000000 0.0066172297632
50000000 0.005536600362
55000000 0.0047607496794
60000000 0.004035120073
65000000 0.0035448803712
70000000 0.0030375796864
75000000 0.002708529726
80000000 0.0023810199903
90000000 0.00186653000106
100000000 0.00146926012366
110000000 0.0011989004724633
120000000 0.0009971338508697
130000000 0.000843666018108
140000000 0.00072747109016427
150000000 0.00061727607039159
160000000 0.00054926810155118
180000000 0.000446767928604
200000000 0.000372407988558
#Header 
#Target 34 77 1
#Product 35 78 0
#Datapoints 46
1000000 0
1000000 3.2909897979E-8
2000000 0.000234043983428
3000000 0.00015395203176543
4000000 0.000381963024156
5000000 0.0007300440155
6000000 0.00103519996884
7000000 0.00116945016504
8000000 0.00117879968184
9000000 0.0010466297112
10000000 0.00094478056756
11000000 0.00089697500124354
12000000 0.000911168984956
13000000 0.00095524100096
14000000 0.0010061400107
15000000 0.0010254400251
16000000 0.00104906994048
17000000 0.00103921004679
18000000 0.00099201398256
19000000 0.00088966800572
20000000 0.00077319003648
22000000 0.00058673204871
24000000 0.0004663120384
26000000 0.00038894199867
28000000 0.000338462048
30000000 0.00030493792874
35000000 0.00025031804546
40000000 0.00020317604885
45000000 0.00019490205084
50000000 0.00016681495014
55000000 0.00016235995347
60000000 0.00014100597997
65000000 0.00013765796496
70000000 0.00012037603897
75000000 0.00010288099916
80000000 0.00010499701245
90000000 9.07416996084E-5
100000000 7.63448063714E-5
110000000 6.9064108822773E-5
120000000 5.9282107251908E-5
130000000 4.93426004777E-5
140000000 3.7045506357222E-5
150000000 3.4622103282533E-5
160000000 3.2928906437185E-5
180000000 2.81536049678E-5
200000000 2.02007984186E-5
