#Header 
#Target 71 170 0
#Product 0 1 0
#Datapoints 45
1000000 0
2000000 7.036759347E-14
3000000 8.410112946E-8
4000000 1.1232682697E-5
5000000 0.00027170566649
6000000 0.0026510883346
7000000 0.014601822444
8000000 0.053264025864
9000000 0.13750191015
10000000 0.26201816618
11000000 0.39766779785
12000000 0.611801674419
13000000 1.0160993052
14000000 1.3207136019
15000000 1.5730885104
16000000 1.787810507472
17000000 1.96482958
18000000 2.106158325
19000000 2.21674585
20000000 2.337059754
22000000 2.808944852
24000000 3.289561637
26000000 3.559442768
28000000 3.721899764
30000000 3.824822487
35000000 4.303175681
40000000 4.729180092
45000000 5.065984242
50000000 5.310673836
55000000 5.46285762
60000000 5.630567668
65000000 5.758516218
70000000 5.89462934
75000000 5.988163856
80000000 6.095107216
90000000 6.318508672
100000000 6.523804804
110000000 6.752251989
120000000 6.971086368
130000000 7.1765088
140000000 7.376199183
150000000 7.5757264
160000000 7.771798854
180000000 8.3603868
200000000 8.973097896
#Header 
#Target 71 170 0
#Product 1 1 0
#Datapoints 45
1000000 0
2000000 0
3000000 6.392121828E-14
4000000 1.91033337E-10
5000000 3.547516254E-8
6000000 1.0320944662E-6
7000000 1.0463914188E-5
8000000 6.259054416E-5
9000000 0.000293339805
10000000 0.0010207358155
11000000 0.0025895332715
12000000 0.00538578787877
13000000 0.009675622748
14000000 0.016133957268
15000000 0.025011756088
16000000 0.03602248107117
17000000 0.0485150981
18000000 0.0620225035
19000000 0.07648742893
20000000 0.09270597771
22000000 0.12849615268
24000000 0.1694168684
26000000 0.2138377276
28000000 0.261054068
30000000 0.3106557103
35000000 0.4417959861
40000000 0.5704692588
45000000 0.6927125535
50000000 0.8073798476
55000000 0.9117198
60000000 1.0091668796
65000000 1.0930801856
70000000 1.1690087145
75000000 1.2370834952
80000000 1.2987468637
90000000 1.4034125952
100000000 1.4866326332
110000000 1.5599884167
120000000 1.625565126
130000000 1.68374208
140000000 1.737388773
150000000 1.784997312
160000000 1.837150047
180000000 1.979796
200000000 2.16650176
#Header 
#Target 71 170 0
#Product 1 2 0
#Datapoints 40
1000000 0
7000000 0
8000000 2.2119563376E-15
9000000 3.368699664E-12
10000000 5.092171628E-10
11000000 3.321520467E-8
12000000 8.81338839004E-7
13000000 1.1314537172E-5
14000000 8.178361026E-5
15000000 0.00036682042848
16000000 0.001103086813235
17000000 0.002447024195
18000000 0.004392730425
19000000 0.006824439556
20000000 0.009594113751
22000000 0.01564668392
24000000 0.02187086054
26000000 0.0278697216
28000000 0.03254603066
30000000 0.03798195655
35000000 0.05010554864
40000000 0.06051417764
45000000 0.06957525861
50000000 0.0760050502
55000000 0.08570821248
60000000 0.08960424022
65000000 0.09744381114
70000000 0.10083056285
75000000 0.10755970056
80000000 0.11075312281
90000000 0.1098967296
100000000 0.10995853462
110000000 0.10753539363
120000000 0.10474853484
130000000 0.1021636032
140000000 0.09974753694
150000000 0.09722734144
160000000 0.09483648489
180000000 0.09445582
200000000 0.09833470344
#Header 
#Target 71 170 0
#Product 1 3 0
#Datapoints 37
1000000 0
10000000 0
11000000 2.0497044939E-17
12000000 1.833385559278E-13
13000000 3.3922817452E-11
14000000 3.4559731701E-9
15000000 1.0537444808E-7
16000000 1.422243343774E-6
17000000 1.0603960185E-5
18000000 4.598327175E-5
19000000 0.0001339892851
20000000 0.0002948062032
22000000 0.0008517107648
24000000 0.001669204852
26000000 0.002652456898
28000000 0.003720668226
30000000 0.00485115834
35000000 0.007543817442
40000000 0.010026980908
45000000 0.012099275397
50000000 0.013894736128
55000000 0.015543930888
60000000 0.01724424493
65000000 0.018972096
70000000 0.02082103975
75000000 0.0227592204
80000000 0.02488805264
90000000 0.02954361984
100000000 0.03482617864
110000000 0.03838606884
120000000 0.04212210462
130000000 0.04580275968
140000000 0.0492130152
150000000 0.05243560576
160000000 0.05572075473
180000000 0.062031092
200000000 0.06843703736
#Header 
#Target 71 170 0
#Product 2 3 0
#Datapoints 38
1000000 0
9000000 0
10000000 2.0374354557E-18
11000000 1.8120457407E-16
12000000 8.33175422365E-15
13000000 2.1824423032E-13
14000000 3.8162080935E-12
15000000 4.5680149064E-11
16000000 4.934050983312E-10
17000000 4.07937145E-9
18000000 2.650703675E-8
19000000 1.398693131E-7
20000000 6.180113592E-7
22000000 6.836345908E-6
24000000 5.288028785E-5
26000000 0.0002568436976
28000000 0.0007045309018
30000000 0.0014381207985
35000000 0.004177207846
40000000 0.007447953688
45000000 0.010694374515
50000000 0.013783169416
55000000 0.016359128496
60000000 0.0186265475
65000000 0.02054573794
70000000 0.02233325885
75000000 0.02404706952
80000000 0.02576305589
90000000 0.02933167104
100000000 0.03329917338
110000000 0.03592497573
120000000 0.0385529043
130000000 0.04121023488
140000000 0.04389752574
150000000 0.04659788736
160000000 0.04931369073
180000000 0.053850688
200000000 0.05802653656
#Header 
#Target 71 170 0
#Product 2 4 0
#Datapoints 45
1000000 0
2000000 2.64527433E-11
3000000 3.692041275E-10
4000000 5.778323965E-9
5000000 1.0617342893E-7
6000000 1.0749052705E-6
7000000 5.808351852E-6
8000000 2.1482555256E-5
9000000 7.557133023E-5
10000000 0.00024281272068
11000000 0.0005925790121
12000000 0.000961808350906
13000000 0.0009959961832
14000000 0.0013352275365
15000000 0.001924262384
16000000 0.002750529810116
17000000 0.003882799235
18000000 0.005555350275
19000000 0.008654684742
20000000 0.01701191556
22000000 0.03531436972
24000000 0.01999531956
26000000 0.02074833446
28000000 0.02218239848
30000000 0.02477630013
35000000 0.03128857228
40000000 0.03644272163
45000000 0.04164808428
50000000 0.04680684332
55000000 0.0518024268
60000000 0.05587584024
65000000 0.05944284658
70000000 0.0636018213
75000000 0.06707116104
80000000 0.06969344294
90000000 0.07712331648
100000000 0.08253938902
110000000 0.08577634779
120000000 0.08952930966
130000000 0.09503739648
140000000 0.10020716442
150000000 0.10470601472
160000000 0.10713532779
180000000 0.1253375
200000000 0.14015947976
#Header 
#Target 71 170 0
#Product 64 143 0
#Datapoints 9
1000000 0
110000000 0
120000000 7.33881585E-13
130000000 4.759222272E-10
140000000 1.32920002791E-8
150000000 1.07728014848E-7
160000000 1.25820003735E-6
180000000 3.62514012E-5
200000000 0.00046685202528
#Header 
#Target 71 170 0
#Product 64 144 0
#Datapoints 10
1000000 0
100000000 0
110000000 3.314896452E-13
120000000 5.291650146E-10
130000000 2.5785397248E-8
140000000 1.5675700653E-7
150000000 1.41721003968E-6
160000000 8.6805502164E-6
180000000 0.0001340550108
200000000 0.00111474009832
#Header 
#Target 71 170 0
#Product 64 145 0
#Datapoints 11
1000000 0
90000000 0
100000000 4.665434906E-14
110000000 6.071686236E-11
120000000 6.2120499918E-9
130000000 6.4697905536E-8
140000000 3.6146398311E-7
150000000 1.770940288E-6
160000000 5.5596104091E-6
180000000 6.92737088E-5
200000000 0.00027496004
#Header 
#Target 71 170 0
#Product 65 144 0
#Datapoints 8
1000000 0
120000000 0
130000000 5.308735104E-13
140000000 6.205095036E-10
150000000 3.9838997952E-8
160000000 3.319660035E-7
180000000 1.028429948E-5
200000000 0.000124157998696
#Header 
#Target 71 170 0
#Product 65 145 0
#Datapoints 9
1000000 0
110000000 0
120000000 5.722010382E-13
130000000 1.5814501632E-9
140000000 8.8458006744E-8
150000000 5.9269996224E-7
160000000 2.4930294021E-6
180000000 6.93259972E-5
200000000 0.00034431501752
#Header 
#Target 71 170 0
#Product 65 146 0
#Datapoints 10
1000000 0
100000000 0
110000000 3.829208292E-13
120000000 2.7822899754E-9
130000000 3.6552592896E-7
140000000 3.4454708667E-6
150000000 1.32200987712E-5
160000000 5.2565789484E-5
180000000 0.000513480968
200000000 0.0022772104656
#Header 
#Target 71 170 0
#Product 65 147 0
#Datapoints 11
1000000 0
90000000 0
100000000 1.3817590644E-12
110000000 5.759819415E-9
120000000 3.7136097678E-7
130000000 2.5989596928E-6
140000000 6.3921203109E-6
150000000 1.2486499552E-5
160000000 2.1519393768E-5
180000000 6.77270052E-5
200000000 0.00017468104384
#Header 
#Target 71 170 0
#Product 66 145 0
#Datapoints 8
1000000 0
120000000 0
130000000 6.314099712E-12
140000000 1.4078293569E-9
150000000 1.47842004288E-8
160000000 1.05708003174E-7
180000000 8.0062006E-6
200000000 5.9365407872E-5
#Header 
#Target 71 170 0
#Product 66 146 0
#Datapoints 9
1000000 0
110000000 0
120000000 1.1631496662E-10
130000000 3.2919507456E-8
140000000 3.1385997423E-7
150000000 1.6634598848E-6
160000000 1.5572293497E-5
180000000 0.000218557964
200000000 0.0017383499056
#Header 
#Target 71 170 0
#Product 66 147 0
#Datapoints 11
1000000 0
90000000 0
100000000 7.53252093E-15
110000000 1.2872889225E-9
120000000 1.53114001626E-7
130000000 1.6068704256E-6
140000000 6.6485301066E-6
150000000 3.5059701568E-5
160000000 0.000140656995972
180000000 0.001036380064
200000000 0.0051228802592
#Header 
#Target 71 170 0
#Product 66 148 0
#Datapoints 11
1000000 0
90000000 0
100000000 1.4806388586E-9
110000000 2.1378304962E-6
120000000 4.2250392774E-5
130000000 0.00015745905024
140000000 0.00049205494305
150000000 0.0011788000064
160000000 0.0018233703261
180000000 0.00755973048
200000000 0.0117577002216
#Header 
#Target 71 170 0
#Product 66 149 0
#Datapoints 12
1000000 0
80000000 0
90000000 1.81211968E-10
100000000 6.0014504286E-7
110000000 2.3802505335E-5
120000000 0.000145192996806
130000000 0.00038140595712
140000000 0.00080670003669
150000000 0.00122224997696
160000000 0.0016918698708
180000000 0.00338959072
200000000 0.0035923896664
#Header 
#Target 71 170 0
#Product 66 150 0
#Datapoints 13
1000000 0
75000000 0
80000000 2.075594774E-12
90000000 3.593579136E-8
100000000 9.2828413414E-6
110000000 0.000122437987119
120000000 0.0003570649587
130000000 0.00069486206976
140000000 0.00119081990187
150000000 0.0016097999872
160000000 0.0019139396157
180000000 0.00238623064
200000000 0.0022476495328
#Header 
#Target 71 170 0
#Product 67 147 0
#Datapoints 8
1000000 0
120000000 0
130000000 2.359206912E-11
140000000 2.1907607292E-8
150000000 1.12561000192E-6
160000000 9.0539505819E-6
180000000 0.000169561972
200000000 0.00132215004536
#Header 
#Target 71 170 0
#Product 67 148 0
#Datapoints 9
1000000 0
110000000 0
120000000 5.734645428E-12
130000000 3.857429568E-7
140000000 1.794640617E-5
150000000 8.641329888E-5
160000000 0.00017565797061
180000000 0.00192485988
200000000 0.0038542907416
#Header 
#Target 71 170 0
#Product 67 149 0
#Datapoints 10
1000000 0
100000000 0
110000000 9.129589938E-10
120000000 4.315789014E-6
130000000 0.000139013001984
140000000 0.00064075001535
150000000 0.00118634001664
160000000 0.002272679289
180000000 0.00720679044
200000000 0.0097956598824
#Header 
#Target 71 170 0
#Product 67 150 0
#Datapoints 11
1000000 0
90000000 0
100000000 1.5803297026E-14
110000000 1.838289537E-9
120000000 8.479348944E-7
130000000 1.4841900288E-5
140000000 5.102159661E-5
150000000 0.000104565000896
160000000 0.00020732095557
180000000 0.000491312048
200000000 0.0008936979832
#Header 
#Target 71 170 0
#Product 67 151 0
#Datapoints 12
1000000 0
80000000 0
90000000 6.525946112E-14
100000000 5.6489002372E-8
110000000 1.62978014178E-5
120000000 0.00026746406646
130000000 0.000900604032
140000000 0.00148116009906
150000000 0.0021041804736
160000000 0.0026350199136
180000000 0.0039584006
200000000 0.0051962994648
#Header 
#Target 71 170 0
#Product 67 152 0
#Datapoints 12
1000000 0
80000000 0
90000000 6.190215808E-14
100000000 3.2592094502E-9
110000000 7.9750300203E-7
120000000 9.7110193134E-6
130000000 2.5519701504E-5
140000000 4.0747092606E-5
150000000 5.689400736E-5
160000000 7.5952797075E-5
180000000 0.000159384012
200000000 0.00018952903152
#Header 
#Target 71 170 0
#Product 67 153 0
#Datapoints 13
1000000 0
75000000 0
80000000 6.683509899E-15
90000000 2.5897096064E-9
100000000 1.23443011956E-6
110000000 3.5061202701E-5
120000000 0.00017514399702
130000000 0.0002777060544
140000000 0.00034201107189
150000000 0.00042318097152
160000000 0.00055519702875
180000000 0.000779037072
200000000 0.00074177306592
#Header 
#Target 71 170 0
#Product 67 154 0
#Datapoints 14
1000000 0
70000000 0
75000000 4.449700072E-16
80000000 1.1760983982E-12
90000000 8.2206989312E-9
100000000 9.4794101688E-7
110000000 1.10926000962E-5
120000000 2.7515607108E-5
130000000 3.4202596224E-5
140000000 4.4367604938E-5
150000000 6.127019296E-5
160000000 7.9425803538E-5
180000000 0.000102741008
200000000 0.000113580004376
#Header 
#Target 71 170 0
#Product 68 149 0
#Datapoints 9
1000000 0
110000000 0
120000000 6.597816042E-11
130000000 4.0714802688E-7
140000000 4.268580876E-6
150000000 8.9852895104E-6
160000000 4.6364295528E-5
180000000 0.000230911968
200000000 0.00033307796312
#Header 
#Target 71 170 0
#Product 68 150 0
#Datapoints 10
1000000 0
100000000 0
110000000 9.390025575E-10
120000000 2.4703100316E-6
130000000 4.7103591936E-5
140000000 0.00015515497836
150000000 0.00059677298112
160000000 0.0017099501823
180000000 0.00422656032
200000000 0.0087037200032
#Header 
#Target 71 170 0
#Product 68 151 0
#Datapoints 11
1000000 0
90000000 0
100000000 1.93777617E-12
110000000 1.7534607174E-6
120000000 6.8376192864E-5
130000000 0.00031288098432
140000000 0.00094087497447
150000000 0.0025472092288
160000000 0.0038402098074
180000000 0.00888545972
200000000 0.0141477992824
#Header 
#Target 71 170 0
#Product 68 152 0
#Datapoints 12
1000000 0
80000000 0
90000000 4.553119872E-15
100000000 2.660759618E-7
110000000 3.5515696419E-5
120000000 0.00033116007174
130000000 0.0009442881216
140000000 0.0023528895156
150000000 0.0042150896576
160000000 0.0054788496696
180000000 0.01152309944
200000000 0.013910300456
#Header 
#Target 71 170 0
#Product 68 153 0
#Datapoints 12
1000000 0
80000000 0
90000000 6.131270208E-9
100000000 4.6380190912E-6
110000000 0.000122855996025
120000000 0.00058601599572
130000000 0.00135037012224
140000000 0.0027641398077
150000000 0.0040854805312
160000000 0.0057002605749
180000000 0.00975555912
200000000 0.00991566004
#Header 
#Target 71 170 0
#Product 68 154 0
#Datapoints 14
1000000 0
70000000 0
75000000 1.648909964E-11
80000000 7.6500393596E-9
90000000 4.5593200128E-5
100000000 0.0009341220273
110000000 0.0022024898721
120000000 0.0028201390644
130000000 0.0044640395904
140000000 0.0061661600604
150000000 0.0071334792704
160000000 0.0078782195826
180000000 0.00880037008
200000000 0.0083444602272
#Header 
#Target 71 170 0
#Product 68 155 0
#Datapoints 15
1000000 0
65000000 0
70000000 1.790621875E-13
75000000 1.4258887968E-10
80000000 6.8759305142E-8
90000000 2.4935001728E-5
100000000 0.0003376939907
110000000 0.00084380297904
120000000 0.00108473999772
130000000 0.001970330112
140000000 0.002780730747
150000000 0.0031952303872
160000000 0.0036023702229
180000000 0.00397670968
200000000 0.0040767602624
#Header 
#Target 71 170 0
#Product 68 156 0
#Datapoints 17
1000000 0
55000000 0
60000000 4.945708218E-15
65000000 2.675352992E-11
70000000 1.824670828E-8
75000000 1.25372992232E-6
80000000 1.7667908907E-5
90000000 0.00035214297216
100000000 0.00089546009938
110000000 0.00101757005469
120000000 0.001755110379
130000000 0.002466029952
140000000 0.0028862605341
150000000 0.0030969107584
160000000 0.00327666924
180000000 0.00341066
200000000 0.003493600504
#Header 
#Target 71 170 0
#Product 68 157 0
#Datapoints 18
1000000 0
50000000 0
55000000 3.043178748E-14
60000000 2.325498428E-10
65000000 4.3090696428E-8
70000000 1.6008499447E-6
75000000 1.8276998352E-5
80000000 0.000104939009175
90000000 0.00051161307904
100000000 0.0004669190383
110000000 0.00057065003541
120000000 0.00103098996756
130000000 0.00129151999488
140000000 0.00138041003457
150000000 0.00152133006464
160000000 0.0015945504975
180000000 0.00164549064
200000000 0.0017209398928
#Header 
#Target 71 170 0
#Product 68 158 0
#Datapoints 20
1000000 0
40000000 0
45000000 2.372620437E-14
50000000 5.984390352E-10
55000000 7.8861906504E-8
60000000 2.0972704874E-6
65000000 2.1251406488E-5
70000000 0.00010127800033
75000000 0.00029401010824
80000000 0.00048976709276
90000000 0.00047301405312
100000000 0.00050575400128
110000000 0.00096179789601
120000000 0.0011970000594
130000000 0.00134453004288
140000000 0.00143153010063
150000000 0.00151488998976
160000000 0.0016398804753
180000000 0.00172390992
200000000 0.0019409297528
#Header 
#Target 71 170 0
#Product 68 159 0
#Datapoints 21
1000000 0
35000000 0
40000000 4.490066049E-12
45000000 3.6538093845E-9
50000000 1.9871896316E-7
55000000 3.7135093572E-6
60000000 3.6249099194E-5
65000000 0.000156460001152
70000000 0.0002999439784
75000000 0.00032209803768
80000000 0.00024913092534
90000000 0.00021621995136
100000000 0.00044681199794
110000000 0.00062725207671
120000000 0.00070090603662
130000000 0.00076648703616
140000000 0.00084232302723
150000000 0.00091318098944
160000000 0.00095426297442
180000000 0.001198969904
200000000 0.0013839199384
#Header 
#Target 71 170 0
#Product 68 160 0
#Datapoints 24
1000000 0
26000000 0
28000000 9.262029436E-14
30000000 1.2739999923E-11
35000000 1.1611200062E-8
40000000 3.070209324E-7
45000000 3.4494206373E-6
50000000 2.038259722E-5
55000000 8.3811999078E-5
60000000 0.000171797006612
65000000 0.00018560997988
70000000 0.000146013010985
75000000 0.000113943991592
80000000 0.000118216996304
90000000 0.00027027506688
100000000 0.00044697903756
110000000 0.00051358703886
120000000 0.00058346192286
130000000 0.00061371403008
140000000 0.0006923891007
150000000 0.00075073395136
160000000 0.00085760092962
180000000 0.001054530044
200000000 0.0013229099508
#Header 
#Target 71 170 0
#Product 68 161 0
#Datapoints 28
1000000 0
19000000 0
20000000 4.859487171E-15
22000000 6.859930644E-13
24000000 3.642708168E-11
26000000 5.68088017E-10
28000000 4.15899979E-9
30000000 2.2426103235E-8
35000000 5.4784807231E-7
40000000 5.2399698687E-6
45000000 2.7337502214E-5
50000000 6.1443700236E-5
55000000 6.873029739E-5
60000000 5.2544408664E-5
65000000 4.020179956E-5
70000000 4.0387193895E-5
75000000 5.9466600392E-5
80000000 9.9910900947E-5
90000000 0.00018113093376
100000000 0.0002247099239
110000000 0.00026736301935
120000000 0.00028821692934
130000000 0.00035176394112
140000000 0.00042063900525
150000000 0.00051065696
160000000 0.00062794606716
180000000 0.000857646976
200000000 0.00099614508184
#Header 
#Target 71 170 0
#Product 68 162 0
#Datapoints 38
1000000 0
9000000 0
10000000 1.5211477363E-15
11000000 6.194333124E-14
12000000 6.77117213877E-13
13000000 2.9827242296E-12
14000000 2.5058160303E-11
15000000 1.5722594712E-10
16000000 7.010097522219E-10
17000000 2.313299793E-9
18000000 6.0589899275E-9
19000000 1.374209485E-8
20000000 2.7976802004E-8
22000000 9.4365504772E-8
24000000 2.4364300729E-7
26000000 4.9673501318E-7
28000000 8.2626299514E-7
30000000 1.38478013594E-6
35000000 5.4362897344E-6
40000000 1.43204010383E-5
45000000 1.80890001765E-5
50000000 1.52083003036E-5
55000000 1.25398996776E-5
60000000 1.32098008284E-5
65000000 1.982790641E-5
70000000 3.5654898365E-5
75000000 5.7904101688E-5
80000000 7.5198998215E-5
90000000 0.00010057600448
100000000 0.000121026999522
110000000 0.000138538003653
120000000 0.0001908380373
130000000 0.0002587069824
140000000 0.00035646700743
150000000 0.0004662060192
160000000 0.00056354902956
180000000 0.000737891
200000000 0.00089319201016
#Header 
#Target 71 170 0
#Product 68 163 0
#Datapoints 42
1000000 0
5000000 0
6000000 8.766930842E-15
7000000 2.753985006E-13
8000000 3.6697197576E-12
9000000 2.512739229E-11
10000000 1.0639790444E-10
11000000 3.1768472849E-10
12000000 7.708613711903E-10
13000000 1.62635967884E-9
14000000 3.19542004287E-9
15000000 6.06347058152E-9
16000000 1.1217297623565E-8
17000000 2.008750555E-8
18000000 3.56724955E-8
19000000 6.7195699978E-8
20000000 1.4714900298E-7
22000000 5.2026795884E-7
24000000 6.0492393196E-7
26000000 1.20016011542E-6
28000000 1.6602395766E-6
30000000 2.0360595946E-6
35000000 1.9087100641E-6
40000000 1.9243104524E-6
45000000 1.71203004918E-6
50000000 1.630320028E-6
55000000 2.97055053E-6
60000000 6.5356902292E-6
65000000 1.20739999952E-5
70000000 1.7810107955E-5
75000000 2.3037796568E-5
80000000 2.610330591E-5
90000000 3.1363689728E-5
100000000 4.2717693194E-5
110000000 7.3050703173E-5
120000000 0.000130748000484
130000000 0.00019693004544
140000000 0.00027220305492
150000000 0.00033582505664
160000000 0.0003872979522
180000000 0.00048849102
200000000 0.0005342919596
#Header 
#Target 71 170 0
#Product 68 164 0
#Datapoints 28
1000000 0
19000000 0
20000000 5.21834643E-15
22000000 3.073225232E-13
24000000 8.20257096E-12
26000000 1.1958099496E-10
28000000 1.01465936E-9
30000000 5.0730903484E-9
35000000 3.7010806399E-8
40000000 1.13857003778E-7
45000000 3.5268997995E-7
50000000 9.3735488496E-7
55000000 2.054590596E-6
60000000 3.4470800298E-6
65000000 4.7553899978E-6
70000000 5.741990948E-6
75000000 6.5476897504E-6
80000000 7.2575398918E-6
90000000 1.2328499904E-5
100000000 3.477729915E-5
110000000 7.8070008177E-5
120000000 0.000129103010376
130000000 0.00018066507648
140000000 0.00022370599791
150000000 0.00025539302912
160000000 0.00029080001286
180000000 0.000321190932
200000000 0.00034475201408
#Header 
#Target 71 170 0
#Product 69 151 0
#Datapoints 8
1000000 0
120000000 0
130000000 3.2650395264E-8
140000000 1.18860007482E-5
150000000 6.533709344E-5
160000000 0.000115329992868
180000000 0.000501149016
200000000 0.00103435004816
#Header 
#Target 71 170 0
#Product 69 152 0
#Datapoints 9
1000000 0
110000000 0
120000000 3.451969833E-8
130000000 1.5615898944E-5
140000000 5.0470803477E-5
150000000 9.5557905408E-5
160000000 0.000110949993963
180000000 0.000178277988
200000000 0.000272046002
#Header 
#Target 71 170 0
#Product 69 153 0
#Datapoints 10
1000000 0
100000000 0
110000000 4.1166404055E-8
120000000 5.321380137E-5
130000000 0.00048526802304
140000000 0.00139619011284
150000000 0.0020197893824
160000000 0.0029078898183
180000000 0.00570361956
200000000 0.0057324999192
#Header 
#Target 71 170 0
#Product 69 154 0
#Datapoints 11
1000000 0
90000000 0
100000000 4.346877194E-11
110000000 1.10469010743E-6
120000000 6.87489027E-5
130000000 0.00042206704128
140000000 0.00082845899388
150000000 0.00141004003968
160000000 0.0020452693167
180000000 0.00283187048
200000000 0.0028482804224
#Header 
#Target 71 170 0
#Product 69 155 0
#Datapoints 12
1000000 0
80000000 0
90000000 1.2291787648E-12
100000000 8.5974293174E-7
110000000 0.000145292001561
120000000 0.0017058304968
130000000 0.0045787503744
140000000 0.0067264899984
150000000 0.0085659313152
160000000 0.0105892009821
180000000 0.01286639924
200000000 0.0135023002112
#Header 
#Target 71 170 0
#Product 69 156 0
#Datapoints 12
1000000 0
80000000 0
90000000 2.0433805056E-8
100000000 3.0834098262E-5
110000000 0.00096998805099
120000000 0.0046750695096
130000000 0.0078669398784
140000000 0.0090556088337
150000000 0.010640800064
160000000 0.0118403993376
180000000 0.01311410092
200000000 0.0127782989208
#Header 
#Target 71 170 0
#Product 69 157 0
#Datapoints 14
1000000 0
70000000 0
75000000 4.814449792E-14
80000000 6.516327686E-10
90000000 5.697149696E-6
100000000 0.00051159905566
110000000 0.0041058891342
120000000 0.0077812794672
130000000 0.0079765606272
140000000 0.0085891303611
150000000 0.0096274201792
160000000 0.0101096005086
180000000 0.01146969956
200000000 0.011595899444
#Header 
#Target 71 170 0
#Product 69 158 0
#Datapoints 15
1000000 0
65000000 0
70000000 3.37521324E-13
75000000 1.4746594352E-9
80000000 1.9682401464E-7
90000000 8.115579136E-5
100000000 0.00140109002836
110000000 0.0034410203352
120000000 0.0033319993506
130000000 0.0034053295872
140000000 0.0037815494256
150000000 0.0040281006464
160000000 0.0044133201711
180000000 0.00425772912
200000000 0.0041888193936
#Header 
#Target 71 170 0
#Product 69 159 0
#Datapoints 17
1000000 0
55000000 0
60000000 1.6868690278E-13
65000000 2.5272107458E-9
70000000 3.700740734E-7
75000000 8.9976897608E-6
80000000 0.000117245002644
90000000 0.0024269993216
100000000 0.0061942904254
110000000 0.0060929195481
120000000 0.005984559912
130000000 0.0069593502336
140000000 0.0077936507244
150000000 0.0084195700096
160000000 0.0085161304476
180000000 0.00884015988
200000000 0.009247199368
#Header 
#Target 71 170 0
#Product 69 160 0
#Datapoints 18
1000000 0
50000000 0
55000000 7.161040386E-12
60000000 9.514739212E-9
65000000 5.280719431E-7
70000000 1.1105300737E-5
75000000 0.000124704997536
80000000 0.00072765705595
90000000 0.003161109952
100000000 0.0032543897826
110000000 0.0028518102018
120000000 0.003165999828
130000000 0.0034795294848
140000000 0.0037402604874
150000000 0.00382878
160000000 0.0039092897439
180000000 0.00397563076
200000000 0.0042334401912
#Header 
#Target 71 170 0
#Product 69 161 0
#Datapoints 20
1000000 0
40000000 0
45000000 2.055120012E-11
50000000 4.2221407748E-8
55000000 1.66447988802E-6
60000000 2.522410231E-5
65000000 0.00021474705902
70000000 0.00095801500105
75000000 0.00244649954
80000000 0.0037506400503
90000000 0.003819240768
100000000 0.0034734098674
110000000 0.0040086006534
120000000 0.0046957900242
130000000 0.005483139264
140000000 0.0061481300715
150000000 0.0070684391488
160000000 0.0078276203991
180000000 0.00872080972
200000000 0.00909369032
#Header 
#Target 71 170 0
#Product 69 162 0
#Datapoints 22
1000000 0
30000000 0
35000000 2.610143704E-15
40000000 2.624080795E-10
45000000 4.9911501618E-8
50000000 1.28073012504E-6
55000000 1.938869514E-5
60000000 0.00017780399802
65000000 0.00069772991158
70000000 0.001357100085
75000000 0.00159661983856
80000000 0.00146198990784
90000000 0.00117283000576
100000000 0.00135756013624
110000000 0.0016644498507
120000000 0.0019944300006
130000000 0.0023047499904
140000000 0.0025129605231
150000000 0.0027027206016
160000000 0.0029400006933
180000000 0.00347102032
200000000 0.003509389424
#Header 
#Target 71 170 0
#Product 69 163 0
#Datapoints 25
1000000 0
24000000 0
26000000 2.081365412E-13
28000000 4.397486324E-11
30000000 2.2119894667E-9
35000000 5.1167007542E-7
40000000 6.5059592675E-6
45000000 6.1021697517E-5
50000000 0.00025349993068
55000000 0.00076743004176
60000000 0.00136550002094
65000000 0.00155043992896
70000000 0.0014169500085
75000000 0.00126389009048
80000000 0.0012387799743
90000000 0.00150699988992
100000000 0.0022231707718
110000000 0.0031951394622
120000000 0.0041847896898
130000000 0.00507866016
140000000 0.0060137898291
150000000 0.0063904806592
160000000 0.0069996902202
180000000 0.00762103948
200000000 0.0081547399824
#Header 
#Target 71 170 0
#Product 69 164 0
#Datapoints 30
1000000 0
17000000 0
18000000 2.1542243E-15
19000000 5.452157139E-14
20000000 8.345028654E-13
22000000 5.799553648E-11
24000000 1.0236191561E-9
26000000 6.2642187062E-9
28000000 2.2487100174E-8
30000000 6.8755209123E-8
35000000 1.15369007131E-6
40000000 1.74080001501E-5
45000000 0.000103880993832
50000000 0.00022499997188
55000000 0.00026262097938
60000000 0.0002573469151
65000000 0.00024600897698
70000000 0.00022643692625
75000000 0.00023456391552
80000000 0.00028314304172
90000000 0.00052155901056
100000000 0.00091103891714
110000000 0.00132975995229
120000000 0.0016968898806
130000000 0.0019875005184
140000000 0.0021826397133
150000000 0.0023706000832
160000000 0.0025047494937
180000000 0.00264941016
200000000 0.0027453905064
#Header 
#Target 71 170 0
#Product 69 165 0
#Datapoints 35
1000000 0
12000000 0
13000000 6.9028396E-15
14000000 1.1990174493E-13
15000000 9.29593632E-13
16000000 9.900058461832E-12
17000000 1.483179215E-10
18000000 1.608280285E-9
19000000 1.18027010266E-8
20000000 6.241669695E-8
22000000 7.2639198464E-7
24000000 3.1407606346E-6
26000000 7.0573893152E-6
28000000 1.27448013066E-5
30000000 2.227459722E-5
35000000 7.2830094057E-5
40000000 0.000157592998129
45000000 0.00020373001308
50000000 0.00019338393988
55000000 0.000175864980654
60000000 0.000174625000858
65000000 0.00018554099044
70000000 0.00024320906965
75000000 0.00039955703832
80000000 0.0006542499425
90000000 0.00143461009664
100000000 0.0022622593752
110000000 0.0029268896139
120000000 0.0034580599572
130000000 0.0038162495616
140000000 0.0041318897724
150000000 0.0042690401792
160000000 0.0044573793138
180000000 0.00458916032
200000000 0.0046394700952
#Header 
#Target 71 170 0
#Product 69 166 0
#Datapoints 40
1000000 0
7000000 0
8000000 7.926603696E-15
9000000 4.89033336E-13
10000000 1.2089491814E-11
11000000 1.3764462938E-10
12000000 7.777009067139E-10
13000000 2.58064007428E-9
14000000 6.84077983644E-9
15000000 1.64046978568E-8
16000000 3.8438304447686E-8
17000000 8.287560344E-8
18000000 1.65410933E-7
19000000 3.0465697427E-7
20000000 5.113339722E-7
22000000 1.31005006916E-6
24000000 2.7724805199E-6
26000000 5.1815800862E-6
28000000 8.5642208124E-6
30000000 1.22391007707E-5
35000000 1.851059623E-5
40000000 2.1652498343E-5
45000000 2.0811595761E-5
50000000 2.0603108116E-5
55000000 2.4370506828E-5
60000000 4.603350917E-5
65000000 0.000117105999166
70000000 0.00026258106255
75000000 0.0004759239908
80000000 0.00068981094523
90000000 0.0011089799616
100000000 0.00143720988972
110000000 0.0016636307373
120000000 0.0018197604984
130000000 0.0019288493952
140000000 0.0019837205694
150000000 0.00204453984
160000000 0.0020666906703
180000000 0.00208822968
200000000 0.0020844401216
#Header 
#Target 71 170 0
#Product 69 167 0
#Datapoints 26
1000000 0
22000000 0
24000000 3.008807261E-15
26000000 1.975078126E-13
28000000 6.033992404E-12
30000000 1.0230486915E-10
35000000 1.42559992253E-8
40000000 1.8035097738E-7
45000000 1.18207011582E-6
50000000 9.2154705108E-6
55000000 5.0332701726E-5
60000000 0.00014547501078
65000000 0.00028488290948
70000000 0.00043394406535
75000000 0.00058303098968
80000000 0.00069228289471
90000000 0.00087527397888
100000000 0.00097991586418
110000000 0.00104746997817
120000000 0.0010907399631
130000000 0.00111106998144
140000000 0.00113285008377
150000000 0.00112883990528
160000000 0.00113103991458
180000000 0.001120579928
200000000 0.00110779995848
#Header 
#Target 71 170 0
#Product 70 152 0
#Datapoints 8
1000000 0
120000000 0
130000000 8.899894272E-10
140000000 3.8141404875E-6
150000000 1.20015001024E-5
160000000 2.2729799979E-5
180000000 0.00043339802
200000000 0.00075726003192
#Header 
#Target 71 170 0
#Product 70 153 0
#Datapoints 9
1000000 0
110000000 0
120000000 6.153315444E-10
130000000 3.2570998272E-6
140000000 2.1341307159E-5
150000000 4.0043597248E-5
160000000 0.00021049804332
180000000 0.000951625052
200000000 0.001093430004
#Header 
#Target 71 170 0
#Product 70 154 0
#Datapoints 10
1000000 0
100000000 0
110000000 2.7901009395E-9
120000000 6.0518299218E-6
130000000 6.1378204416E-5
140000000 0.000144883001997
150000000 0.00055546705088
160000000 0.00105829994277
180000000 0.0016180396
200000000 0.00137554002368
#Header 
#Target 71 170 0
#Product 70 155 0
#Datapoints 11
1000000 0
90000000 0
100000000 1.647438661E-10
110000000 8.3633990958E-6
120000000 0.00020061602556
130000000 0.00065201398656
140000000 0.0017415493011
150000000 0.0032386802048
160000000 0.0044678603034
180000000 0.00555047952
200000000 0.0062449704272
#Header 
#Target 71 170 0
#Product 70 156 0
#Datapoints 12
1000000 0
80000000 0
90000000 1.911216384E-10
100000000 1.08213994812E-5
110000000 0.00071018894016
120000000 0.0025278803616
130000000 0.0044342598144
140000000 0.0069142503051
150000000 0.0098890108416
160000000 0.0104944006125
180000000 0.01142339924
200000000 0.012232600376
#Header 
#Target 71 170 0
#Product 70 157 0
#Datapoints 12
1000000 0
80000000 0
90000000 6.4486894976E-7
100000000 0.00021110094126
110000000 0.0028364607999
120000000 0.0065974493214
130000000 0.0094605696
140000000 0.014642500257
150000000 0.016689205568
160000000 0.016762194081
180000000 0.0186178968
200000000 0.01912620292
#Header 
#Target 71 170 0
#Product 70 158 0
#Datapoints 15
1000000 0
65000000 0
70000000 1.85263745E-14
75000000 8.028684544E-10
80000000 2.8559792646E-5
90000000 0.0025674200832
100000000 0.010276000966
110000000 0.0136016994519
120000000 0.0138592986846
130000000 0.021953402112
140000000 0.026418298959
150000000 0.027039305152
160000000 0.027179808147
180000000 0.0262336956
200000000 0.02379150136
#Header 
#Target 71 170 0
#Product 70 159 0
#Datapoints 16
1000000 0
60000000 0
65000000 9.801117742E-13
70000000 5.905420228E-9
75000000 1.07643004008E-5
80000000 0.00034230492813
90000000 0.0079952092416
100000000 0.0136172996476
110000000 0.0118208000673
120000000 0.018597602676
130000000 0.024317505408
140000000 0.024858992574
150000000 0.024433799808
160000000 0.025800793398
180000000 0.0263405072
200000000 0.024996203232
#Header 
#Target 71 170 0
#Product 70 160 0
#Datapoints 18
1000000 0
50000000 0
55000000 1.3767897078E-15
60000000 2.7337199252E-5
65000000 0.00035585992806
70000000 0.0013775799946
75000000 0.0051547402392
80000000 0.0129249994995
90000000 0.021925396864
100000000 0.0155295002698
110000000 0.023091704181
120000000 0.032100895728
130000000 0.032821705728
140000000 0.033301794231
150000000 0.034121001344
160000000 0.034656096285
180000000 0.0320455076
200000000 0.031458702776
#Header 
#Target 71 170 0
#Product 70 161 0
#Datapoints 19
1000000 0
45000000 0
50000000 5.759945664E-11
55000000 6.5935393956E-6
60000000 0.00027269193116
65000000 0.0027983697872
70000000 0.011130398805
75000000 0.019552592304
80000000 0.020550596231
90000000 0.0111788998272
100000000 0.0145408005864
110000000 0.023665099878
120000000 0.025811092962
130000000 0.028266604416
140000000 0.028667108592
150000000 0.029482703488
160000000 0.029310292926
180000000 0.0297897952
200000000 0.026774501288
#Header 
#Target 71 170 0
#Product 70 162 0
#Datapoints 21
1000000 0
35000000 0
40000000 7.1867089721E-9
45000000 2.2106399634E-5
50000000 0.00085239007712
55000000 0.0048876297588
60000000 0.0155306985218
65000000 0.025348606686
70000000 0.02508080685
75000000 0.018471302632
80000000 0.0129543003546
90000000 0.0168820011136
100000000 0.029106895268
110000000 0.033241694031
120000000 0.037533100752
130000000 0.038048398848
140000000 0.039764894733
150000000 0.039383804288
160000000 0.039993905925
180000000 0.0395585944
200000000 0.037007394928
#Header 
#Target 71 170 0
#Product 70 163 0
#Datapoints 22
1000000 0
30000000 0
35000000 4.973900218E-6
40000000 0.00048435091145
45000000 0.0030675994272
50000000 0.0133489989784
55000000 0.022727700576
60000000 0.020229308726
65000000 0.0132730993434
70000000 0.0092876998625
75000000 0.0086551402072
80000000 0.011523000511
90000000 0.0220133088
100000000 0.02816641058
110000000 0.03291399972
120000000 0.03487000458
130000000 0.037299094656
140000000 0.037856897946
150000000 0.0383486016
160000000 0.03992129757
180000000 0.0377985932
200000000 0.038948398896
#Header 
#Target 71 170 0
#Product 70 164 0
#Datapoints 27
1000000 0
20000000 0
22000000 2.351515544E-10
24000000 3.3811099837E-7
26000000 2.313690302E-5
28000000 0.00026018591368
30000000 0.00101724005469
35000000 0.0045537901192
40000000 0.0131472987289
45000000 0.021172504518
50000000 0.018552801156
55000000 0.0125047993752
60000000 0.0095949795722
65000000 0.0095847298482
70000000 0.0125461992565
75000000 0.017717997176
80000000 0.023838501478
90000000 0.03340219456
100000000 0.039541392352
110000000 0.043585105599
120000000 0.045280802064
130000000 0.047831909376
140000000 0.048785394168
150000000 0.0492252048
160000000 0.049725495702
180000000 0.0485803044
200000000 0.049561507192
#Header 
#Target 71 170 0
#Product 70 165 0
#Datapoints 34
1000000 0
13000000 0
14000000 1.9048489119E-11
15000000 4.244970422E-9
16000000 2.0639901342467E-7
17000000 3.580050376E-6
18000000 2.609299455E-5
19000000 0.000103360997487
20000000 0.00024728496939
22000000 0.00051800407568
24000000 0.00104304997953
26000000 0.002273000632
28000000 0.0046325005606
30000000 0.0077446595945
35000000 0.014227100314
40000000 0.0131443992414
45000000 0.0100597994145
50000000 0.0081660404348
55000000 0.0076430799288
60000000 0.009632690749
65000000 0.0138197005206
70000000 0.01930230768
75000000 0.024650706976
80000000 0.029223802575
90000000 0.035763099904
100000000 0.040336104578
110000000 0.042315300342
120000000 0.044266395234
130000000 0.044338205568
140000000 0.04539860334
150000000 0.045567196992
160000000 0.044754203367
180000000 0.0452335064
200000000 0.04345860212
#Header 
#Target 71 170 0
#Product 70 166 0
#Datapoints 43
1000000 0
4000000 0
5000000 1.176109899E-12
6000000 7.5500195363E-10
7000000 8.4358499832E-8
8000000 2.6476800924E-6
9000000 3.0096899052E-5
10000000 0.000152078999039
11000000 0.00042921287917
12000000 0.0006811284341498
13000000 0.000514998028568
14000000 0.000541451975097
15000000 0.000682742039848
16000000 0.00090830510150655
17000000 0.0012463401195
18000000 0.00173568956
19000000 0.0025530500985
20000000 0.0044864400915
22000000 0.011695800522
24000000 0.0102603005888
26000000 0.0118955995452
28000000 0.0122438004524
30000000 0.0119416002972
35000000 0.0099447609093
40000000 0.0078774989328
45000000 0.0071510099859
50000000 0.00917138108
55000000 0.0133787000916
60000000 0.01900269965
65000000 0.025236409016
70000000 0.030806401485
75000000 0.035822701248
80000000 0.038855507504
90000000 0.043746300416
100000000 0.046286195736
110000000 0.046936796886
120000000 0.047333204346
130000000 0.047053903872
140000000 0.046884297996
150000000 0.046293604032
160000000 0.045939600873
180000000 0.0437223968
200000000 0.042035401968
#Header 
#Target 71 170 0
#Product 70 167 0
#Datapoints 46
1000000 0
1000000 0
2000000 2.63228002794E-11
3000000 3.6738704253E-10
4000000 5.7609097866E-9
5000000 1.0604899123E-7
6000000 1.07346014187E-6
7000000 5.7209101641E-6
8000000 1.88225994024E-5
9000000 4.5431498343E-5
10000000 9.0594393186E-5
11000000 0.000162991006785
12000000 0.00027978106879151
13000000 0.000478920985568
14000000 0.00078959537712
15000000 0.0012343502248
16000000 0.0018290800099649
17000000 0.0026129300995
18000000 0.003761080235
19000000 0.0059402698751
20000000 0.0121487995188
22000000 0.022802904796
24000000 0.0085336996278
26000000 0.0063919502976
28000000 0.0048747104978
30000000 0.0039116496862
35000000 0.0032622496228
40000000 0.0053327606059
45000000 0.008811130482
50000000 0.0139761000592
55000000 0.020063003832
60000000 0.02563040095
65000000 0.030167590934
70000000 0.033725493285
75000000 0.036258006224
80000000 0.038130499836
90000000 0.040567102464
100000000 0.041367103756
110000000 0.041092308558
120000000 0.040645501722
130000000 0.039666504192
140000000 0.038687003163
150000000 0.037886494144
160000000 0.036822696354
180000000 0.034371298
200000000 0.032250098744
#Header 
#Target 71 170 0
#Product 70 168 0
#Datapoints 36
1000000 0
11000000 0
12000000 8.3250937224E-15
13000000 2.1821396048E-13
14000000 3.8137191015E-12
15000000 4.5621046592E-11
16000000 4.925025863406E-10
17000000 4.069339834E-9
18000000 2.654640485E-8
19000000 1.4285799792E-7
20000000 6.6147905952E-7
22000000 8.0992191E-6
24000000 6.002500164E-5
26000000 0.00027361803336
28000000 0.00073746990504
30000000 0.0015029100102
35000000 0.0044297798573
40000000 0.0091308501347
45000000 0.0158177987055
50000000 0.022508702524
55000000 0.027927797274
60000000 0.032098298694
65000000 0.035348697878
70000000 0.03771500772
75000000 0.039515891208
80000000 0.040615892152
90000000 0.041455891456
100000000 0.041184392722
110000000 0.040190092677
120000000 0.039037199688
130000000 0.037677391488
140000000 0.036343306197
150000000 0.034977791488
160000000 0.033750599832
180000000 0.0308712016
200000000 0.028437096392
#Header 
#Target 71 170 0
#Product 70 169 0
#Datapoints 38
1000000 0
9000000 0
10000000 8.731557415E-14
11000000 5.160580904E-12
12000000 8.02318652174E-11
13000000 6.3108799768E-10
14000000 3.63842950647E-9
15000000 1.5762798656E-8
16000000 5.2833799042299E-8
17000000 1.4285898515E-7
18000000 3.2596705075E-7
19000000 6.4517507813E-7
20000000 2.6445398058E-6
22000000 2.0652600024E-5
24000000 0.000114984001752
26000000 0.00041492901072
28000000 0.00106409009652
30000000 0.0021533494714
35000000 0.0065378502756
40000000 0.0116625987576
45000000 0.0160528993911
50000000 0.01931810582
55000000 0.02175880266
60000000 0.02353970113
65000000 0.024768304886
70000000 0.02554810355
75000000 0.026031297432
80000000 0.026218997882
90000000 0.026061803264
100000000 0.025380795924
110000000 0.024450600258
120000000 0.023431700814
130000000 0.02242189632
140000000 0.021465998946
150000000 0.020512501952
160000000 0.019650102624
180000000 0.0177759988
200000000 0.016158497144
#Header 
#Target 71 170 0
#Product 71 156 0
#Datapoints 9
1000000 0
110000000 0
120000000 6.3770998842E-8
130000000 2.8834096896E-5
140000000 9.5251499388E-5
150000000 0.0001862869248
160000000 0.00021280307526
180000000 0.000242653992
200000000 0.00036084899992
#Header 
#Target 71 170 0
#Product 71 157 0
#Datapoints 10
1000000 0
100000000 0
110000000 1.37054005137E-7
120000000 3.294199905E-5
130000000 0.00024277106304
140000000 0.00064361291769
150000000 0.00077674602304
160000000 0.00071998203042
180000000 0.00078031298
200000000 0.000801254948
#Header 
#Target 71 170 0
#Product 71 158 0
#Datapoints 11
1000000 0
90000000 0
100000000 2.280990129E-8
110000000 9.0866305404E-5
120000000 0.00149993001138
130000000 0.0054238599552
140000000 0.0070758704619
150000000 0.0058763698624
160000000 0.0056615597928
180000000 0.00630486068
200000000 0.0050671097192
#Header 
#Target 71 170 0
#Product 71 159 0
#Datapoints 12
1000000 0
80000000 0
90000000 9.9276698752E-9
100000000 7.5728702412E-5
110000000 0.0022314199131
120000000 0.0111838989564
130000000 0.0149300997504
140000000 0.012697999992
150000000 0.0123533004544
160000000 0.0131110002171
180000000 0.01295960076
200000000 0.012378600592
#Header 
#Target 71 170 0
#Product 71 160 0
#Datapoints 13
1000000 0
75000000 0
80000000 4.961277134E-12
90000000 2.5074496384E-5
100000000 0.0022823907304
110000000 0.018672995313
120000000 0.030892094952
130000000 0.025119504768
140000000 0.022450507362
150000000 0.02189760064
160000000 0.020823501996
180000000 0.0192537936
200000000 0.017871704104
#Header 
#Target 71 170 0
#Product 71 161 0
#Datapoints 15
1000000 0
65000000 0
70000000 1.4918491635E-13
75000000 1.60345015784E-8
80000000 9.2521398376E-6
90000000 0.002353210496
100000000 0.027554692506
110000000 0.047996602353
120000000 0.039810099384
130000000 0.035539293312
140000000 0.033360999957
150000000 0.032506692096
160000000 0.031948703748
180000000 0.0282841024
200000000 0.023099102648
#Header 
#Target 71 170 0
#Product 71 162 0
#Datapoints 16
1000000 0
60000000 0
65000000 5.412239534E-11
70000000 1.03963995425E-6
75000000 8.4306910312E-5
80000000 0.00105973985656
90000000 0.025829391616
100000000 0.052505199032
110000000 0.045076805739
120000000 0.037128795294
130000000 0.032164692864
140000000 0.029727105084
150000000 0.02986230432
160000000 0.028868296176
180000000 0.024349996
200000000 0.022469102912
#Header 
#Target 71 170 0
#Product 71 163 0
#Datapoints 18
1000000 0
50000000 0
55000000 5.37268653E-11
60000000 2.0713589908E-6
65000000 0.000151276001682
70000000 0.002323190635
75000000 0.0174960993992
80000000 0.051872891675
90000000 0.09407190016
100000000 0.07933099592
110000000 0.070628313987
120000000 0.0679449999
130000000 0.066374704512
140000000 0.064686302982
150000000 0.060340395008
160000000 0.056226399012
180000000 0.052804994
200000000 0.05221890612
#Header 
#Target 71 170 0
#Product 71 164 0
#Datapoints 19
1000000 0
45000000 0
50000000 3.7096004588E-8
55000000 5.7116006226E-5
60000000 0.00106859004736
65000000 0.0122692993982
70000000 0.049758503565
75000000 0.088769200104
80000000 0.102514005143
90000000 0.09061219776
100000000 0.08151999768
110000000 0.075118997142
120000000 0.072773493138
130000000 0.071516191104
140000000 0.06828740055
150000000 0.066026392384
160000000 0.063532401291
180000000 0.0609403024
200000000 0.058399402456
#Header 
#Target 71 170 0
#Product 71 165 0
#Datapoints 21
1000000 0
35000000 0
40000000 6.5590903686E-8
45000000 8.9005505589E-5
50000000 0.00172128004412
55000000 0.021114102114
60000000 0.072371800402
65000000 0.120329009736
70000000 0.137027995175
75000000 0.132203998224
80000000 0.125918000032
90000000 0.119435991808
100000000 0.115641995238
110000000 0.112437004113
120000000 0.107698986228
130000000 0.103914005376
140000000 0.101282993559
150000000 0.098129606592
160000000 0.095650801569
180000000 0.0905567008
200000000 0.086144987808
#Header 
#Target 71 170 0
#Product 71 166 0
#Datapoints 23
1000000 0
28000000 0
30000000 4.15895957E-11
35000000 1.71269006825E-5
40000000 0.00073365098786
45000000 0.0109178006058
50000000 0.05452700118
55000000 0.099738797688
60000000 0.113522012736
65000000 0.113281989964
70000000 0.110601993095
75000000 0.107850003656
80000000 0.106240996598
90000000 0.099755294464
100000000 0.09536030438
110000000 0.089423507313
120000000 0.084884000568
130000000 0.081167389056
140000000 0.077652992763
150000000 0.074764293568
160000000 0.071772097149
180000000 0.0661044072
200000000 0.060953496736
#Header 
#Target 71 170 0
#Product 71 167 0
#Datapoints 29
1000000 0
18000000 0
19000000 8.719649169E-15
20000000 1.0397399526E-11
22000000 3.6379595E-8
24000000 4.9913703184E-6
26000000 8.3030197894E-5
28000000 0.0003976580223
30000000 0.00115055991048
35000000 0.0172072998916
40000000 0.068964194208
45000000 0.130615997094
50000000 0.160642005616
55000000 0.170626013028
60000000 0.175968991132
65000000 0.17647301126
70000000 0.175377003155
75000000 0.17421698556
80000000 0.171958999399
90000000 0.16466200128
100000000 0.155601003294
110000000 0.147343994847
120000000 0.139756003596
130000000 0.133249989504
140000000 0.127019992473
150000000 0.121394990848
160000000 0.116424014157
180000000 0.1044709948
200000000 0.095308993392
#Header 
#Target 71 170 0
#Product 71 168 0
#Datapoints 36
1000000 0
11000000 0
12000000 6.32758275552E-14
13000000 1.3911689444E-11
14000000 1.47989008497E-9
15000000 4.6808801248E-8
16000000 6.5579599340805E-7
17000000 5.2290897785E-6
18000000 2.339210005E-5
19000000 7.0462895536E-5
20000000 0.00015992904978
22000000 0.00055059194932
24000000 0.0022676402581
26000000 0.0079453599064
28000000 0.018690300508
30000000 0.033717395887
35000000 0.078718297084
40000000 0.108610001983
45000000 0.125119009422
50000000 0.13092798026
55000000 0.132574995918
60000000 0.13271200085
65000000 0.132358001308
70000000 0.129857001665
75000000 0.126700987592
80000000 0.122611010137
90000000 0.115018008448
100000000 0.107288998344
110000000 0.1000640025
120000000 0.093043293708
130000000 0.086942004864
140000000 0.081757897254
150000000 0.077656996608
160000000 0.073363406337
180000000 0.0654201884
200000000 0.058670404352
#Header 
#Target 71 170 0
#Product 71 169 0
#Datapoints 40
1000000 0
7000000 0
8000000 9.165937488E-16
9000000 5.115810249E-12
10000000 1.94867018018E-8
11000000 4.1907585197E-6
12000000 5.534903180755E-5
13000000 0.000175122013668
14000000 0.000587736025833
15000000 0.00151657032296
16000000 0.0031972104880067
17000000 0.005899859399
18000000 0.00988950022
19000000 0.015354704882
20000000 0.023035399758
22000000 0.0427372043
24000000 0.067362504834
26000000 0.092014600566
28000000 0.113403009918
30000000 0.132292004053
35000000 0.164449994261
40000000 0.177926006622
45000000 0.18124192449
50000000 0.178682011488
55000000 0.178886012436
60000000 0.174141009372
65000000 0.16976100349
70000000 0.16252799884
75000000 0.15664200056
80000000 0.149934009632
90000000 0.136788997632
100000000 0.125363001654
110000000 0.115555003326
120000000 0.106935999198
130000000 0.099553295232
140000000 0.093061802439
150000000 0.087108899776
160000000 0.082442200914
180000000 0.0727988024
200000000 0.064999403848
#Header 
#Target 71 170 0
#Product 71 170 0
#Datapoints 45
1000000 0
2000000 0
3000000 6.293820861E-14
4000000 1.8630995366E-10
5000000 3.4178000804E-8
6000000 9.8384296791E-7
7000000 9.9101193048E-6
8000000 5.9200200648E-5
9000000 0.00027713995353
10000000 0.00095765996533
11000000 0.00238950983574
12000000 0.0047936810401272
13000000 0.0084377310608
14000000 0.0135675965073
15000000 0.0202660058744
16000000 0.028320806342026
17000000 0.03687820584
18000000 0.045229895675
19000000 0.052931900879
20000000 0.059556196629
22000000 0.070160202392
24000000 0.077075210162
26000000 0.080509600234
28000000 0.082318191098
30000000 0.082461189648
35000000 0.07778899604
40000000 0.072107292187
45000000 0.066635394903
50000000 0.06504069772
55000000 0.05944240215
60000000 0.055116492706
65000000 0.04994359357
70000000 0.04577710365
75000000 0.041476401144
80000000 0.037871603352
90000000 0.03153040576
100000000 0.026216793416
110000000 0.021939006033
120000000 0.01843219407
130000000 0.0155812999296
140000000 0.0133076003211
150000000 0.0113742004352
160000000 0.0098549393589
180000000 0.0075087504
200000000 0.00594893036
#Header 
#Target 71 170 0
#Product 72 159 0
#Datapoints 10
1000000 0
100000000 0
110000000 6.5684801448E-6
120000000 0.00020666595462
130000000 0.0004137310656
140000000 0.00027154199151
150000000 0.00018194301376
160000000 0.00017416893267
180000000 0.0001352729916
200000000 0.000117653007312
#Header 
#Target 71 170 0
#Product 72 160 0
#Datapoints 11
1000000 0
90000000 0
100000000 8.3059193668E-5
110000000 0.0016552193238
120000000 0.0023599799772
130000000 0.0015226699392
140000000 0.00108650989539
150000000 0.00103197003136
160000000 0.00092999002401
180000000 0.000679551028
200000000 0.00053043597064
#Header 
#Target 71 170 0
#Product 72 161 0
#Datapoints 12
1000000 0
80000000 0
90000000 0.000149046005248
100000000 0.0053031298892
110000000 0.0093194007039
120000000 0.005569260843
130000000 0.0033857597952
140000000 0.002719369548
150000000 0.0022524797824
160000000 0.0019352899476
180000000 0.001358460032
200000000 0.00110810991608
#Header 
#Target 71 170 0
#Product 72 162 0
#Datapoints 14
1000000 0
70000000 0
75000000 1.00671996808E-6
80000000 0.00058447309129
90000000 0.01828709568
100000000 0.025862296372
110000000 0.0142765004088
120000000 0.0084425199468
130000000 0.0066394699392
140000000 0.005134429728
150000000 0.0043133098624
160000000 0.0035611504371
180000000 0.00273408984
200000000 0.001997509384
#Header 
#Target 71 170 0
#Product 72 163 0
#Datapoints 15
1000000 0
65000000 0
70000000 0.0006683830472
75000000 0.0123238004624
80000000 0.040959102382
90000000 0.0551752096
100000000 0.025216504214
110000000 0.0142732011114
120000000 0.010651399827
130000000 0.0083033997696
140000000 0.0066088290852
150000000 0.0054726197056
160000000 0.004697299683
180000000 0.00346630948
200000000 0.0027101703008
#Header 
#Target 71 170 0
#Product 72 164 0
#Datapoints 17
1000000 0
55000000 0
60000000 0.0047524393422
65000000 0.05187439959
70000000 0.12358399724
75000000 0.147366000512
80000000 0.117427995861
90000000 0.048397904128
100000000 0.027577991452
110000000 0.020018903058
120000000 0.0150630998898
130000000 0.0117475005312
140000000 0.0096501503151
150000000 0.0081685595904
160000000 0.0069585898113
180000000 0.00519293076
200000000 0.004119329228
#Header 
#Target 71 170 0
#Product 72 165 0
#Datapoints 19
1000000 0
45000000 0
50000000 0.004197101096
55000000 0.088827913818
60000000 0.21909002346
65000000 0.2309870654
70000000 0.154643016545
75000000 0.087826802336
80000000 0.054021098659
90000000 0.03175299456
100000000 0.022390003988
110000000 0.016419992904
120000000 0.012793400439
130000000 0.010497500928
140000000 0.0087556600341
150000000 0.0074225201344
160000000 0.006450100128
180000000 0.00500081048
200000000 0.004093790468
#Header 
#Target 71 170 0
#Product 72 166 0
#Datapoints 21
1000000 0
35000000 0
40000000 0.023171401561
45000000 0.25912002303
50000000 0.4601789948
55000000 0.4098180501
60000000 0.23998199368
65000000 0.130186001738
70000000 0.08276269432
75000000 0.062178302824
80000000 0.050564200247
90000000 0.035779204608
100000000 0.02678429512
110000000 0.02116869678
120000000 0.017662897524
130000000 0.0148849003008
140000000 0.0129825007182
150000000 0.0113641004864
160000000 0.0100461992859
180000000 0.0082304502
200000000 0.006873229744
#Header 
#Target 71 170 0
#Product 72 167 0
#Datapoints 23
1000000 0
28000000 0
30000000 0.0062814196095
35000000 0.36742103916
40000000 0.67595992968
45000000 0.47762789184
50000000 0.22284804196
55000000 0.118753997076
60000000 0.082195500398
65000000 0.064862991154
70000000 0.054317902875
75000000 0.045984401304
80000000 0.039559097182
90000000 0.030866503808
100000000 0.025333098868
110000000 0.021430503045
120000000 0.018111898056
130000000 0.0156441011712
140000000 0.0138915985932
150000000 0.0125424997376
160000000 0.0114357992904
180000000 0.00943745088
200000000 0.0078668795944
#Header 
#Target 71 170 0
#Product 72 168 0
#Datapoints 29
1000000 0
18000000 0
19000000 5.3365305884E-5
20000000 0.039649499451
22000000 0.3912390538
24000000 0.73441804275
26000000 0.9216519095
28000000 1.01267994256
30000000 1.04075998357
35000000 0.66468501652
40000000 0.2715240682
45000000 0.155531999205
50000000 0.117898987976
55000000 0.096860092464
60000000 0.082050996412
65000000 0.070624597524
70000000 0.06188310902
75000000 0.054629594752
80000000 0.048507707534
90000000 0.038994595584
100000000 0.03217960823
110000000 0.027208499598
120000000 0.023378005872
130000000 0.020443694208
140000000 0.018128597913
150000000 0.016222799936
160000000 0.0146808004077
180000000 0.01224540012
200000000 0.0103257004752
#Header 
#Target 71 170 0
#Product 72 169 0
#Datapoints 36
1000000 0
11000000 0
12000000 0.08515019247644
13000000 0.368614990644
14000000 0.55966307397
15000000 0.706695924088
16000000 0.82704007288364
17000000 0.92333895605
18000000 0.99799592875
19000000 1.05375994141
20000000 1.05133990428
22000000 0.7467000072
24000000 0.45714603258
26000000 0.28713596016
28000000 0.20114598196
30000000 0.160492999202
35000000 0.121678998672
40000000 0.101719998905
45000000 0.086918191668
50000000 0.07504190858
55000000 0.065036394558
60000000 0.05742010098
65000000 0.050368992518
70000000 0.044273906615
75000000 0.039012408056
80000000 0.034570795072
90000000 0.02771839168
100000000 0.02274070392
110000000 0.019123703487
120000000 0.016449292548
130000000 0.0143924988288
140000000 0.0127953002142
150000000 0.0114516991488
160000000 0.0104121000621
180000000 0.00860094008
200000000 0.0072477196432
#Header 
#Target 71 170 0
#Product 72 170 0
#Datapoints 46
1000000 0
1000000 0
2000000 7.0346406819E-14
3000000 8.4101900364E-8
4000000 1.12323001052E-5
5000000 0.000271690994417
6000000 0.00265089991111
7000000 0.0146003991921
8000000 0.0532545982512
9000000 0.137444002674
10000000 0.261799985992
11000000 0.397094983635
12000000 0.44044205663133
13000000 0.277627010196
14000000 0.199241009484
15000000 0.155840025352
16000000 0.12742801886705
17000000 0.108350998945
18000000 0.09541559535
19000000 0.087210895288
20000000 0.082203403113
22000000 0.076552895384
24000000 0.071892405112
26000000 0.067707502786
28000000 0.063728700772
30000000 0.059996299555
35000000 0.051318394351
40000000 0.044109305597
45000000 0.037596289698
50000000 0.032444204488
55000000 0.02827350468
60000000 0.02456649239
65000000 0.02153629335
70000000 0.018627806
75000000 0.0164971007152
80000000 0.0144019005075
90000000 0.0114872998016
100000000 0.0094565792002
110000000 0.0079349799438
120000000 0.0067843903518
130000000 0.00591439104
140000000 0.0052492295997
150000000 0.0047374801792
160000000 0.0042660105876
180000000 0.00351266012
200000000 0.002951829544
#Header 
#Target 71 170 0
#Product 72 171 0
#Datapoints 46
1000000 0
1000000 0
2000000 2.9487405414E-14
3000000 1.1567896335E-8
4000000 6.7648094147E-7
5000000 9.8097509017E-6
6000000 5.1751594895E-5
7000000 0.000133043999625
8000000 0.000212217980088
9000000 0.00028272606153
10000000 0.00035809706516
11000000 0.0004491569188
12000000 0.0005525269431747
13000000 0.00066313520372
14000000 0.000775206047682
15000000 0.000866591020856
16000000 0.00091225403973297
17000000 0.00090424296515
18000000 0.00085903097225
19000000 0.0007910799435
20000000 0.00071907902055
22000000 0.0005889680034
24000000 0.00049527991275
26000000 0.00043407492884
28000000 0.00039363697076
30000000 0.00036726491535
35000000 0.0003209050103
40000000 0.00029133300994
45000000 0.00026741905839
50000000 0.00025277290764
55000000 0.00023393692782
60000000 0.00022172100632
65000000 0.0002019010097
70000000 0.00019608292705
75000000 0.00017848595712
80000000 0.00016329998465
90000000 0.000149458003072
100000000 0.000136445006258
110000000 0.000108511003377
120000000 9.0498092604E-5
130000000 8.7211699584E-5
140000000 8.3456999244E-5
150000000 7.6961303936E-5
160000000 6.9330990654E-5
180000000 5.2735804E-5
200000000 3.1425000344E-5
