#Header 
#Target 77 197 0
#Product 0 1 0
#Datapoints 45
1000000 0
2000000 1.0096236472E-14
3000000 1.4628087696E-8
4000000 3.2977146315E-6
5000000 0.0001295928516
6000000 0.0022331934
7000000 0.016917608826
8000000 0.06988359934
9000000 0.187025067207
10000000 0.3733398781
11000000 0.6177899232
12000000 0.899922656
13000000 1.194542343
14000000 1.5482659764
15000000 1.97790246
16000000 2.407351128
17000000 2.784710094
18000000 3.090715488
19000000 3.338528529
20000000 3.534851932
22000000 3.925078225
24000000 4.478858999
26000000 4.986961812
28000000 5.346136445
30000000 5.604349289
35000000 6.406683201
40000000 6.99079384
45000000 7.47937700336
50000000 7.87081219764
55000000 8.2024301655
60000000 8.46532819914
65000000 8.69754408051
70000000 8.8976388825
75000000 9.07018322988
80000000 9.23622203784
90000000 9.5932981827
100000000 9.92256560708
110000000 10.28077242124
120000000 10.63463677632
130000000 10.99034650854
140000000 11.33959192886
150000000 11.67282870936
160000000 11.9982778315
180000000 12.6310952428
200000000 13.2759610322
#Header 
#Target 77 197 0
#Product 1 1 0
#Datapoints 45
1000000 0
2000000 0
3000000 3.017870418E-18
4000000 2.3948293572E-13
5000000 4.017487272E-10
6000000 7.34040696E-8
7000000 3.1462724832E-6
8000000 4.722031134E-5
9000000 0.0003249099269037
10000000 0.0013260526286
11000000 0.003865385664
12000000 0.0086462752
13000000 0.015393453086
14000000 0.022932563654
15000000 0.030330083295
16000000 0.0374605686
17000000 0.04474869476
18000000 0.0527483592
19000000 0.06179439672
20000000 0.0721966124
22000000 0.09547716425
24000000 0.12190229912
26000000 0.15136126068
28000000 0.183367808
30000000 0.2174448661
35000000 0.3109338306
40000000 0.4096653555
45000000 0.508854681698
50000000 0.602362298958
55000000 0.691751244771
60000000 0.774383179342
65000000 0.84967024882
70000000 0.917239679172
75000000 0.978960547194
80000000 1.03448210445
90000000 1.13276720871
100000000 1.213587003972
110000000 1.283390073835
120000000 1.342778074608
130000000 1.395401417694
140000000 1.445346295354
150000000 1.494029219304
160000000 1.540609523948
180000000 1.639743658536
200000000 1.75272947926
#Header 
#Target 77 197 0
#Product 1 2 0
#Datapoints 41
1000000 0
6000000 0
7000000 3.992299134E-20
8000000 2.2945040698E-14
9000000 9.011922329583E-11
10000000 1.1654163731E-8
11000000 4.516006896E-7
12000000 6.96008248E-6
13000000 5.7466640925E-5
14000000 0.00029804154666
15000000 0.0010329285708
16000000 0.002507532846
17000000 0.00468704641
18000000 0.00740474208
19000000 0.010497447681
20000000 0.01382123308
22000000 0.020724622
24000000 0.02752612384
26000000 0.03347585864
28000000 0.0395903105
30000000 0.04525015726
35000000 0.05763240585
40000000 0.0675256263
45000000 0.0764588131884
50000000 0.0834578495016
55000000 0.0894422990001
60000000 0.0959175296458
65000000 0.1010127649149
70000000 0.1061764265892
75000000 0.1109499270756
80000000 0.1156974200962
90000000 0.1137611163375
100000000 0.112735010808
110000000 0.1092464140325
120000000 0.1062985921536
130000000 0.1031525380412
140000000 0.1013501432424
150000000 0.1005683972988
160000000 0.098869379596
180000000 0.095449811934
200000000 0.0954161906996
#Header 
#Target 77 197 0
#Product 1 3 0
#Datapoints 40
1000000 0
7000000 0
8000000 2.9594014142E-17
9000000 3.200608025883E-14
10000000 8.066843757E-12
11000000 9.876495168E-10
12000000 3.99843268E-8
13000000 7.073714959E-7
14000000 6.6427585224E-6
15000000 3.6671766741E-5
16000000 0.0001300231023
17000000 0.000329315706
18000000 0.0006578715456
19000000 0.0011155116399
20000000 0.00168634718
22000000 0.00307673115
24000000 0.004654306139
26000000 0.00630312382
28000000 0.007914831145
30000000 0.009470878263
35000000 0.01299236166
40000000 0.015667381565
45000000 0.0176372040471
50000000 0.01933161385134
55000000 0.0209392890123
60000000 0.022660498211
65000000 0.0245351147044
70000000 0.0266006229948
75000000 0.0288733295919
80000000 0.0313992112882
90000000 0.0371121013575
100000000 0.0435527704332
110000000 0.0481301458763
120000000 0.0525242912736
130000000 0.0564306731976
140000000 0.0601680752582
150000000 0.0637203784164
160000000 0.0671871560911
180000000 0.0735160667804
200000000 0.0781858366176
#Header 
#Target 77 197 0
#Product 2 3 0
#Datapoints 34
1000000 0
13000000 0
14000000 3.508844339E-18
15000000 6.9065174169E-16
16000000 4.825783053E-14
17000000 1.543021386E-12
18000000 2.748971952E-11
19000000 3.142938561E-10
20000000 2.55288428E-9
22000000 7.97712455E-8
24000000 1.0896252525E-6
26000000 1.0333921332E-5
28000000 6.809400065E-5
30000000 0.0002211389796
35000000 0.001217518506
40000000 0.0028396913
45000000 0.00468922801968
50000000 0.0065614638789
55000000 0.00837206476041
60000000 0.00993513969976
65000000 0.01139461633413
70000000 0.012685217058
75000000 0.01395727077309
80000000 0.01516866121304
90000000 0.01769241684195
100000000 0.02046647526
110000000 0.0224803168893
120000000 0.0245119182672
130000000 0.0265834081294
140000000 0.0286735177274
150000000 0.0308466701268
160000000 0.0329350158242
180000000 0.037258125288
200000000 0.0410185682642
#Header 
#Target 77 197 0
#Product 2 4 0
#Datapoints 45
1000000 0
2000000 1.3292312752E-12
3000000 3.872847324E-11
4000000 4.22944317E-10
5000000 3.328432656E-9
6000000 2.02019916E-8
7000000 1.0284083811E-7
8000000 4.29176636E-7
9000000 1.567381062528E-6
10000000 5.11518287E-6
11000000 1.5087373632E-5
12000000 4.020400568E-5
13000000 9.80818918E-5
14000000 0.000207452531
15000000 0.0003926612445
16000000 0.0006843336591
17000000 0.001131983274
18000000 0.001864762992
19000000 0.003341396604
20000000 0.0076433016
22000000 0.0188118825
24000000 0.010247066833
26000000 0.008838343948
28000000 0.009014757635
30000000 0.009550649955
35000000 0.011096101494
40000000 0.01260489174
45000000 0.01419922089227
50000000 0.01575391949292
55000000 0.01758751450257
60000000 0.01954664332482
65000000 0.0218200595925
70000000 0.0242212356204
75000000 0.0267701602524
80000000 0.0293262918626
90000000 0.034686722106
100000000 0.0398621400912
110000000 0.0446863263853
120000000 0.0510707005248
130000000 0.0536905693842
140000000 0.0529338381676
150000000 0.0556432457724
160000000 0.058306460114
180000000 0.0658751642416
200000000 0.066590050224
#Header 
#Target 77 197 0
#Product 74 174 0
#Datapoints 10
1000000 0
100000000 0
110000000 1.56627524631E-11
120000000 1.992567366624E-7
130000000 2.32416983658E-5
140000000 0.0001891936364188
150000000 0.000270545594664
160000000 0.0003194165710725
180000000 0.0003443914496708
200000000 0.0003507728631092
#Header 
#Target 77 197 0
#Product 74 175 0
#Datapoints 11
1000000 0
90000000 0
100000000 1.754894264788E-14
110000000 4.106960791258E-9
120000000 2.607542857152E-6
130000000 6.933725126142E-5
140000000 0.00016479724757782
150000000 0.0001882694569956
160000000 0.0002235398140755
180000000 0.0001786998898596
200000000 0.0002653346271022
#Header 
#Target 77 197 0
#Product 74 176 0
#Datapoints 11
1000000 0
90000000 0
100000000 6.5043772822E-11
110000000 2.459638693416E-7
120000000 1.6370323325472E-5
130000000 9.226368075562E-5
140000000 0.000137730173048
150000000 0.00013460389007784
160000000 0.00013148937010598
180000000 0.0001536400134036
200000000 0.0002101599908664
#Header 
#Target 77 197 0
#Product 74 177 0
#Datapoints 12
1000000 0
80000000 0
90000000 4.99123885815E-14
100000000 6.371407212632E-9
110000000 2.214481226087E-6
120000000 3.493789328592E-5
130000000 9.509022925962E-5
140000000 9.460542073112E-5
150000000 8.653204856832E-5
160000000 9.118665890635E-5
180000000 0.00012757924356772
200000000 0.00014081587643336
#Header 
#Target 77 197 0
#Product 74 178 0
#Datapoints 12
1000000 0
80000000 0
90000000 1.537862053365E-10
100000000 2.107632253412E-7
110000000 1.0180257187936E-5
120000000 5.7832553688E-5
130000000 7.971052646132E-5
140000000 6.71338722132E-5
150000000 7.18944911928E-5
160000000 8.450561632343E-5
180000000 9.193053793656E-5
200000000 0.00010532493499038
#Header 
#Target 77 197 0
#Product 74 179 0
#Datapoints 13
1000000 0
75000000 0
80000000 2.38619188198E-13
90000000 5.40189206046E-9
100000000 1.6462494017676E-6
110000000 2.696615954827E-5
120000000 6.145988119344E-5
130000000 5.048285765824E-5
140000000 4.629692356406E-5
150000000 6.18971860152E-5
160000000 7.339441447831E-5
180000000 9.396328237328E-5
200000000 0.00014185874065126
#Header 
#Target 77 197 0
#Product 74 180 0
#Datapoints 14
1000000 0
70000000 0
75000000 7.85268295017E-13
80000000 1.22762208872E-10
90000000 1.669050255762E-7
100000000 8.661032806972E-6
110000000 4.315129422462E-5
120000000 4.493887929984E-5
130000000 3.643982123096E-5
140000000 5.034777849062E-5
150000000 6.569333609412E-5
160000000 7.28542772548E-5
180000000 9.41026744294E-5
200000000 0.00012394079591998
#Header 
#Target 77 197 0
#Product 74 181 0
#Datapoints 15
1000000 0
65000000 0
70000000 2.7773607501E-13
75000000 9.15292672395E-11
80000000 7.572717704414E-9
90000000 2.148869385225E-6
100000000 2.5062869783E-5
110000000 4.180007161769E-5
120000000 2.901202415712E-5
130000000 3.296802360538E-5
140000000 4.469578352746E-5
150000000 5.23418307204E-5
160000000 5.721776523198E-5
180000000 7.397765960552E-5
200000000 0.00010753367708196
#Header 
#Target 77 197 0
#Product 74 182 0
#Datapoints 17
1000000 0
55000000 0
60000000 2.26692585846E-15
65000000 4.93999811603E-12
70000000 7.17116767014E-10
75000000 1.9312312033128E-8
80000000 3.202756981252E-7
90000000 1.096193933523E-5
100000000 2.942501526804E-5
110000000 2.312596496625E-5
120000000 2.161874857152E-5
130000000 3.049986111176E-5
140000000 4.106517387882E-5
150000000 4.951607850408E-5
160000000 5.50686344478E-5
180000000 8.434697970876E-5
200000000 0.00011963330481032
#Header 
#Target 77 197 0
#Product 74 183 0
#Datapoints 17
1000000 0
55000000 0
60000000 1.315595078362E-12
65000000 2.47466311432E-10
70000000 1.285000889838E-8
75000000 2.59302563133E-7
80000000 1.8904145366928E-6
90000000 1.042745250141E-5
100000000 9.2733682713E-6
110000000 7.559216459999E-6
120000000 1.1204995552032E-5
130000000 1.6185842497474E-5
140000000 2.025002519436E-5
150000000 2.443186898952E-5
160000000 2.755331372526E-5
180000000 4.340203602344E-5
200000000 7.922871707064E-5
#Header 
#Target 77 197 0
#Product 74 184 0
#Datapoints 19
1000000 0
45000000 0
50000000 2.58063754074E-14
55000000 1.395917355873E-11
60000000 1.243785897764E-9
65000000 4.717798908776E-8
70000000 6.40429489368E-7
75000000 3.248998206063E-6
80000000 7.646377344986E-6
90000000 9.07054418952E-6
100000000 6.874706627488E-6
110000000 1.0736525713584E-5
120000000 1.6528813562304E-5
130000000 2.145727304566E-5
140000000 2.646954475308E-5
150000000 3.051194379636E-5
160000000 3.801669782409E-5
180000000 8.093470441996E-5
200000000 0.00013740126931828
#Header 
#Target 77 197 0
#Product 74 185 0
#Datapoints 20
1000000 0
40000000 0
45000000 1.079908141823E-14
50000000 7.08623376636E-12
55000000 1.044337039566E-9
60000000 3.793329372536E-8
65000000 3.840522595907E-7
70000000 1.4102700129522E-6
75000000 2.494896562203E-6
80000000 2.59210432213E-6
90000000 1.813896784953E-6
100000000 2.835276080028E-6
110000000 5.001402587746E-6
120000000 7.144006342512E-6
130000000 9.244677516926E-6
140000000 1.1272886109836E-5
150000000 1.5028100970564E-5
160000000 2.346463678405E-5
180000000 4.69687861598E-5
200000000 8.930046216702E-5
#Header 
#Target 77 197 0
#Product 74 186 0
#Datapoints 21
1000000 0
35000000 0
40000000 2.67296422E-13
45000000 5.49091911273E-11
50000000 3.58106655753E-9
55000000 6.957208898016E-8
60000000 4.5216469237E-7
65000000 1.1562447102452E-6
70000000 1.5793287884238E-6
75000000 1.4745956352981E-6
80000000 1.2913224936414E-6
90000000 1.91802461166E-6
100000000 4.259672407508E-6
110000000 6.951907879006E-6
120000000 9.731511966384E-6
130000000 1.1717344603044E-5
140000000 1.6836187001166E-5
150000000 2.76349915242E-5
160000000 4.541866436997E-5
180000000 9.870710081448E-5
200000000 0.000165216090453
#Header 
#Target 77 197 0
#Product 74 187 0
#Datapoints 22
1000000 0
30000000 0
35000000 2.394868491E-13
40000000 6.58069776E-11
45000000 3.218578456203E-9
50000000 4.290965202384E-8
55000000 1.8988572965712E-7
60000000 3.530358885016E-7
65000000 3.979711503387E-7
70000000 3.712723010406E-7
75000000 3.739614327483E-7
80000000 5.261999074566E-7
90000000 1.4939143627635E-6
100000000 3.029708520664E-6
110000000 4.337618634826E-6
120000000 5.604897252528E-6
130000000 9.01350723053E-6
140000000 1.6705300842386E-5
150000000 3.055525249872E-5
160000000 5.223369291461E-5
180000000 9.848882938956E-5
200000000 0.00015523021301208
#Header 
#Target 77 197 0
#Product 74 188 0
#Datapoints 25
1000000 0
24000000 0
26000000 4.133210228E-15
28000000 5.84570363E-14
30000000 6.352781974E-13
35000000 6.736240449E-11
40000000 1.813929595E-9
45000000 1.5320893012893E-8
50000000 4.779444656826E-8
55000000 7.281058756023E-8
60000000 7.879275133252E-8
65000000 8.10375326889E-8
70000000 1.1251620438636E-7
75000000 2.295277639224E-7
80000000 4.417500498522E-7
90000000 1.1978015052375E-6
100000000 2.0004567926E-6
110000000 2.670397904701E-6
120000000 4.48130761368E-6
130000000 1.0484155858212E-5
140000000 2.23999819329E-5
150000000 4.152433609968E-5
160000000 6.454994321258E-5
180000000 0.00011640860478884
200000000 0.0001667199514712
#Header 
#Target 77 197 0
#Product 74 189 0
#Datapoints 27
1000000 0
20000000 0
22000000 7.169867475E-15
24000000 7.942829787E-14
26000000 6.325197368E-13
28000000 3.799141515E-12
30000000 1.788427025E-11
35000000 3.557292876E-10
40000000 2.3003604865E-9
45000000 5.688356352508E-9
50000000 7.958431679058E-9
55000000 8.384467656759E-9
60000000 1.109226559268E-8
65000000 2.931136582455E-8
70000000 7.631155696782E-8
75000000 1.607764343382E-7
80000000 2.803461455708E-7
90000000 5.674875270705E-7
100000000 8.246706556704E-7
110000000 1.5017097124538E-6
120000000 4.761108680112E-6
130000000 1.253227080008E-5
140000000 2.52402824024E-5
150000000 4.08986011962E-5
160000000 5.586682432232E-5
180000000 8.950163094612E-5
200000000 0.00012678748160272
#Header 
#Target 77 197 0
#Product 75 175 0
#Datapoints 8
1000000 0
120000000 0
130000000 1.4842262304648E-7
140000000 5.611975963022E-5
150000000 0.0011475026735976
160000000 0.003202744449903
180000000 0.002560033214796
200000000 0.002612000239984
#Header 
#Target 77 197 0
#Product 75 176 0
#Datapoints 9
1000000 0
110000000 0
120000000 1.673829178368E-9
130000000 4.64078233814E-6
140000000 0.0003576425853702
150000000 0.001716475054452
160000000 0.002030343707635
180000000 0.001982854061052
200000000 0.001725022589336
#Header 
#Target 77 197 0
#Product 75 177 0
#Datapoints 10
1000000 0
100000000 0
110000000 2.76821726455E-11
120000000 5.923885014864E-7
130000000 0.0001049695423137
140000000 0.0008480187987934
150000000 0.001312522976076
160000000 0.0012780984210142
180000000 0.0011602465368552
200000000 0.0010529493245166
#Header 
#Target 77 197 0
#Product 75 178 0
#Datapoints 11
1000000 0
90000000 0
100000000 2.50751811408E-15
110000000 1.4501526303344E-8
120000000 1.3031863556256E-5
130000000 0.0003170984129828
140000000 0.0008316994005112
150000000 0.0009349581861324
160000000 0.0008485076995408
180000000 0.0007675140805408
200000000 0.0008154836140356
#Header 
#Target 77 197 0
#Product 75 179 0
#Datapoints 11
1000000 0
90000000 0
100000000 5.61690426136E-10
110000000 1.914476803322E-6
120000000 8.046492955872E-5
130000000 0.0004336579439002
140000000 0.0006988787107926
150000000 0.0006376007379924
160000000 0.0006001761039209
180000000 0.0005915299182384
200000000 0.0007856539795566
#Header 
#Target 77 197 0
#Product 75 180 0
#Datapoints 12
1000000 0
80000000 0
90000000 7.23597621075E-13
100000000 8.628053178724E-8
110000000 1.4631817776654E-5
120000000 0.000192761214696
130000000 0.0005501024490224
140000000 0.0005663269794338
150000000 0.0004864777396188
160000000 0.0004749659195579
180000000 0.0005940695698824
200000000 0.0008071915162806
#Header 
#Target 77 197 0
#Product 75 181 0
#Datapoints 12
1000000 0
80000000 0
90000000 1.032595435809E-8
100000000 2.567105085832E-6
110000000 6.896721443209E-5
120000000 0.0003296823681984
130000000 0.0004704946041246
140000000 0.000431123667585
150000000 0.0004251731720928
160000000 0.0004900499499995
180000000 0.0006408118666412
200000000 0.000831439671979
#Header 
#Target 77 197 0
#Product 75 182 0
#Datapoints 14
1000000 0
70000000 0
75000000 1.42637548572E-14
80000000 6.6504557093E-11
90000000 2.207027080485E-7
100000000 1.5035848321816E-5
110000000 0.00013430282408686
120000000 0.0002983936223232
130000000 0.0003455807987982
140000000 0.000363460861205
150000000 0.0004146723883368
160000000 0.0004686088279503
180000000 0.0006136102007968
200000000 0.0007353886873054
#Header 
#Target 77 197 0
#Product 75 183 0
#Datapoints 15
1000000 0
65000000 0
70000000 1.469309053626E-12
75000000 8.57894365854E-10
80000000 3.723529752584E-8
90000000 4.040873096445E-6
100000000 6.540898508564E-5
110000000 0.0002294997979943
120000000 0.0003102237902496
130000000 0.0003331459141668
140000000 0.0003675284029508
150000000 0.0004380795403632
160000000 0.000566092372354
180000000 0.0009243437577928
200000000 0.0014226070648252
#Header 
#Target 77 197 0
#Product 75 184 0
#Datapoints 16
1000000 0
60000000 0
65000000 1.766960401853E-13
70000000 1.098640445466E-10
75000000 8.075470830801E-9
80000000 1.7332465730284E-7
90000000 7.321226410935E-6
100000000 4.61039984958E-5
110000000 8.299327216651E-5
120000000 9.483109101888E-5
130000000 0.00010932814323078
140000000 0.0001371462207453
150000000 0.0001873385159004
160000000 0.0002532139322416
180000000 0.0004401396170416
200000000 0.0007066610941296
#Header 
#Target 77 197 0
#Product 75 185 0
#Datapoints 17
1000000 0
55000000 0
60000000 3.46528523712E-12
65000000 7.00691774327E-10
70000000 2.590850905992E-8
75000000 4.634494859841E-7
80000000 3.867368443032E-6
90000000 5.467309072875E-5
100000000 0.00015146744959948
110000000 0.0001880949940718
120000000 0.00020288144364
130000000 0.0002498895071554
140000000 0.0003602972752054
150000000 0.000532072377894
160000000 0.0007428330927865
180000000 0.0013552625746452
200000000 0.002009519065126
#Header 
#Target 77 197 0
#Product 75 186 0
#Datapoints 18
1000000 0
50000000 0
55000000 7.69187053326E-13
60000000 3.01906366184E-10
65000000 1.7287422728787E-8
70000000 2.399642833344E-7
75000000 1.5129352726128E-6
80000000 6.202256340978E-6
90000000 2.64215709E-5
100000000 4.095620324992E-5
110000000 4.791934127994E-5
120000000 5.785585321104E-5
130000000 9.871829363624E-5
140000000 0.0001614186330835
150000000 0.0002576682011256
160000000 0.0003568898645443
180000000 0.0006472659482168
200000000 0.000938803464556
#Header 
#Target 77 197 0
#Product 75 187 0
#Datapoints 20
1000000 0
40000000 0
45000000 6.77602826039E-15
50000000 2.07317628588E-11
55000000 2.105027069541E-9
60000000 7.845975758602E-8
65000000 8.446192045736E-7
70000000 5.180842763502E-6
75000000 2.084109306477E-5
80000000 4.949913183196E-5
90000000 9.81524693808E-5
100000000 0.00011389381504676
110000000 0.00012541230543705
120000000 0.0001974257542512
130000000 0.0003651050247798
140000000 0.0006383292225232
150000000 0.00091641538029
160000000 0.0012188658814589
180000000 0.001823374169024
200000000 0.002364929008922
#Header 
#Target 77 197 0
#Product 75 188 0
#Datapoints 21
1000000 0
35000000 0
40000000 2.93136029E-15
45000000 7.99768374026E-12
50000000 1.139998269984E-9
55000000 2.503126725894E-8
60000000 1.973973987791E-7
65000000 1.1054449180461E-6
70000000 3.581884225818E-6
75000000 7.055921745534E-6
80000000 9.896947740384E-6
90000000 1.3693474287135E-5
100000000 1.762665230858E-5
110000000 3.635515155382E-5
120000000 9.11206553448E-5
130000000 0.0001784528773218
140000000 0.0002959980893662
150000000 0.0004190047925292
160000000 0.0005243987568602
180000000 0.0007305026595548
200000000 0.0008587606526252
#Header 
#Target 77 197 0
#Product 75 189 0
#Datapoints 22
1000000 0
30000000 0
35000000 1.99928412E-13
40000000 9.54562752E-11
45000000 5.528406223701E-9
50000000 8.104152460068E-8
55000000 7.036639703571E-7
60000000 4.081256969846E-6
65000000 1.2777842741296E-5
70000000 2.311994332962E-5
75000000 2.924352246471E-5
80000000 3.188446814294E-5
90000000 3.513855364785E-5
100000000 6.628316554272E-5
110000000 0.0001897468292615
120000000 0.0004302031421328
130000000 0.0007332179039664
140000000 0.001080953494296
150000000 0.0014403775602576
160000000 0.001774335538243
180000000 0.002258230518552
200000000 0.002722728765326
#Header 
#Target 77 197 0
#Product 75 190 0
#Datapoints 24
1000000 0
26000000 0
28000000 9.746184305E-15
30000000 3.415670797E-13
35000000 1.0397396844E-10
40000000 2.838010895E-9
45000000 3.742097810457E-8
50000000 4.104565155768E-7
55000000 2.181457399608E-6
60000000 5.643472493E-6
65000000 9.118269686095E-6
70000000 1.0991822160876E-5
75000000 1.1101891570581E-5
80000000 1.1125650278544E-5
90000000 2.039732043795E-5
100000000 7.918559811036E-5
110000000 0.0002003382534441
120000000 0.000370487373744
130000000 0.0005320011412238
140000000 0.0006934484121422
150000000 0.000863286800376
160000000 0.0010210808098744
180000000 0.0012141998600948
200000000 0.0014010394930922
#Header 
#Target 77 197 0
#Product 75 191 0
#Datapoints 28
1000000 0
19000000 0
20000000 6.035340006E-15
22000000 7.78059695E-14
24000000 8.327562535E-13
26000000 5.49159632E-12
28000000 1.96055717E-11
30000000 5.175849756E-11
35000000 1.2724484454E-9
40000000 3.5985602665E-8
45000000 3.710997436244E-7
50000000 1.3878586846152E-6
55000000 2.714546532969E-6
60000000 3.518928588462E-6
65000000 3.619123507017E-6
70000000 3.66427424865E-6
75000000 4.676764764417E-6
80000000 1.1226847874218E-5
90000000 8.44561922904E-5
100000000 0.0002704590554148
110000000 0.0005035780874357
120000000 0.0007737434676576
130000000 0.0010310270521956
140000000 0.0012554347456768
150000000 0.0014246195670396
160000000 0.001612456043542
180000000 0.001869328827232
200000000 0.002054194923378
#Header 
#Target 77 197 0
#Product 75 192 0
#Datapoints 27
1000000 0
20000000 0
22000000 1.3116294875E-14
24000000 3.733834134E-13
26000000 5.947810372E-12
28000000 6.155516315E-11
30000000 4.128520088E-10
35000000 1.24111998414E-8
40000000 9.744560431E-8
45000000 3.009768412198E-7
50000000 4.736045747454E-7
55000000 5.638292441352E-7
60000000 5.772301750764E-7
65000000 6.579010877319E-7
70000000 2.241363641982E-6
75000000 1.1192490533643E-5
80000000 3.518082291568E-5
90000000 0.00014259360833325
100000000 0.0002982120031604
110000000 0.0004522148903567
120000000 0.0006060664089408
130000000 0.0007450148863982
140000000 0.0008343622091922
150000000 0.0009505162536996
160000000 0.0010029632335197
180000000 0.0011263506859172
200000000 0.0012142108595684
#Header 
#Target 77 197 0
#Product 75 193 0
#Datapoints 34
1000000 0
13000000 0
14000000 1.1650654158E-15
15000000 3.4591376238E-15
16000000 9.965808216E-15
17000000 3.47455931E-14
18000000 1.404933696E-13
19000000 5.083529094E-13
20000000 1.453802826E-12
22000000 7.586109175E-12
24000000 3.09346771E-11
26000000 1.1049199616E-10
28000000 3.53993003E-10
30000000 1.0115893403E-9
35000000 6.4317600747E-9
40000000 1.53694998405E-8
45000000 2.133558166975E-8
50000000 2.252348486262E-8
55000000 3.06008599836E-8
60000000 4.079857301064E-7
65000000 4.204930959416E-6
70000000 1.9055163772902E-5
75000000 4.957512056517E-5
80000000 9.014438567166E-5
90000000 0.0001991122401195
100000000 0.000311561587946
110000000 0.0004206844264318
120000000 0.0005132861750976
130000000 0.0005760020147718
140000000 0.0006511079403296
150000000 0.000685624822326
160000000 0.0007397934841602
180000000 0.0007917001782148
200000000 0.0008238606215728
#Header 
#Target 77 197 0
#Product 75 194 0
#Datapoints 21
1000000 0
35000000 0
40000000 1.445928626E-13
45000000 2.51088192544E-11
50000000 8.017002500178E-9
55000000 4.134884647119E-7
60000000 4.102248019588E-6
65000000 1.5397531270073E-5
70000000 3.469724339802E-5
75000000 5.840352212295E-5
80000000 8.293078427924E-5
90000000 0.00012810993819075
100000000 0.00016781282280084
110000000 0.0002009912539032
120000000 0.000225738864024
130000000 0.0002428620623078
140000000 0.000261299869831
150000000 0.0002766718756464
160000000 0.000285467903283
180000000 0.0003019307514536
200000000 0.000314593990079
#Header 
#Target 77 197 0
#Product 75 195 0
#Datapoints 21
1000000 0
35000000 0
40000000 7.47343706E-12
45000000 5.158936851249E-9
50000000 2.282738068212E-7
55000000 2.120207001714E-6
60000000 7.878675844058E-6
65000000 1.7450421099069E-5
70000000 2.88080040942E-5
75000000 3.927222098097E-5
80000000 4.886604634134E-5
90000000 6.636971983095E-5
100000000 7.539703230556E-5
110000000 8.381212784369E-5
120000000 9.032731282464E-5
130000000 9.737892696454E-5
140000000 0.00010079514239834
150000000 0.00010105989397332
160000000 0.00010745941899777
180000000 0.00011055032647904
200000000 0.00011453487015014
#Header 
#Target 77 197 0
#Product 76 176 0
#Datapoints 8
1000000 0
120000000 0
130000000 4.24967710004E-6
140000000 0.002023261286124
150000000 0.010348961273508
160000000 0.010061626620023
180000000 0.011993017255872
200000000 0.01405049085618
#Header 
#Target 77 197 0
#Product 76 177 0
#Datapoints 9
1000000 0
110000000 0
120000000 4.916117358528E-8
130000000 0.0009393902444894
140000000 0.005704855558974
150000000 0.007570964528712
160000000 0.008451851642985
180000000 0.008882811995068
200000000 0.01090865032824
#Header 
#Target 77 197 0
#Product 76 178 0
#Datapoints 10
1000000 0
100000000 0
110000000 1.538116530377E-9
120000000 0.0002711465504064
130000000 0.004923105788002
140000000 0.0091080494271
150000000 0.008128627560348
160000000 0.007343821758118
180000000 0.007626667948104
200000000 0.009518539194936
#Header 
#Target 77 197 0
#Product 76 179 0
#Datapoints 10
1000000 0
100000000 0
110000000 3.353991535157E-5
120000000 0.0016353325547952
130000000 0.007574546806672
140000000 0.008070260553836
150000000 0.005735093125668
160000000 0.005466588504175
180000000 0.008215284610324
200000000 0.008526473106582
#Header 
#Target 77 197 0
#Product 76 180 0
#Datapoints 11
1000000 0
90000000 0
100000000 2.881133573668E-6
110000000 0.002351575014438
120000000 0.01079542487736
130000000 0.011981521681648
140000000 0.006746633031164
150000000 0.0054677449779
160000000 0.006785922469019
180000000 0.01005675647888
200000000 0.009328502010694
#Header 
#Target 77 197 0
#Product 76 181 0
#Datapoints 12
1000000 0
80000000 0
90000000 6.726620108565E-9
100000000 8.769587510124E-6
110000000 0.0001826932624453
120000000 0.000326125581024
130000000 0.0002080052134456
140000000 0.0001773399488094
150000000 0.0002961555080808
160000000 0.0004038588825656
180000000 0.0004527570156576
200000000 0.0005278584644162
#Header 
#Target 77 197 0
#Product 76 182 0
#Datapoints 13
1000000 0
75000000 0
80000000 4.97213185418E-10
90000000 1.275059652714E-5
100000000 0.00160210105783
110000000 0.008172613902654
120000000 0.00773312417568
130000000 0.005501305040944
140000000 0.006807766212624
150000000 0.009057925617804
160000000 0.009105809570477
180000000 0.01010665015494
200000000 0.008188770829984
#Header 
#Target 77 197 0
#Product 76 183 0
#Datapoints 15
1000000 0
65000000 0
70000000 2.62994645796E-13
75000000 2.111909328066E-9
80000000 4.863745410982E-7
90000000 0.0004403324886435
100000000 0.006586767110196
110000000 0.008952652632888
120000000 0.006085113435888
130000000 0.006271144983834
140000000 0.00754570710894
150000000 0.00799676185062
160000000 0.008948037563969
180000000 0.008537194944828
200000000 0.00856466952046
#Header 
#Target 77 197 0
#Product 76 184 0
#Datapoints 16
1000000 0
60000000 0
65000000 4.90284410487E-12
70000000 8.685978772308E-9
75000000 2.449386666324E-6
80000000 0.00011339247415336
90000000 0.00470621852451
100000000 0.01006982981102
110000000 0.006741419162768
120000000 0.005538462415104
130000000 0.00661098483818
140000000 0.008294637813124
150000000 0.009818004422796
160000000 0.009862453018707
180000000 0.01069827842486
200000000 0.0135813440156
#Header 
#Target 77 197 0
#Product 76 185 0
#Datapoints 17
1000000 0
55000000 0
60000000 1.22119607984E-11
65000000 3.049486763633E-8
70000000 9.530842142532E-6
75000000 0.0002790031909488
80000000 0.002109062388742
90000000 0.008895207394305
100000000 0.007245184079336
110000000 0.004972653865838
120000000 0.005997739333152
130000000 0.008267745553184
140000000 0.009383299028688
150000000 0.009590121564408
160000000 0.010715645174647
180000000 0.014075960654912
200000000 0.013173991364888
#Header 
#Target 77 197 0
#Product 76 186 0
#Datapoints 19
1000000 0
45000000 0
50000000 2.05095359322E-15
55000000 5.19993973053E-10
60000000 5.585562441516E-7
65000000 5.40022461461E-5
70000000 0.000788382406872
75000000 0.003760203761091
80000000 0.007792585306706
90000000 0.007845942177405
100000000 0.004865770734328
110000000 0.00579197065538
120000000 0.008049081395616
130000000 0.009507164277442
140000000 0.011198693678536
150000000 0.012962448011988
160000000 0.014034325541804
180000000 0.013279757586872
200000000 0.01512296796944
#Header 
#Target 77 197 0
#Product 76 187 0
#Datapoints 20
1000000 0
40000000 0
45000000 6.12480569096E-15
50000000 4.070896881114E-9
55000000 3.051834690768E-6
60000000 0.00019442940411336
65000000 0.0017984018847726
70000000 0.005578729644618
75000000 0.008166800399238
80000000 0.00740323956288
90000000 0.004264367835015
100000000 0.005001527058556
110000000 0.007066033188601
120000000 0.008793398653104
130000000 0.011456267609896
140000000 0.013769016613976
150000000 0.014725637152008
160000000 0.014824425062376
180000000 0.01734285037572
200000000 0.01984262057828
#Header 
#Target 77 197 0
#Product 76 188 0
#Datapoints 21
1000000 0
35000000 0
40000000 4.19819251E-11
45000000 1.9328190118731E-7
50000000 2.7718680885E-5
55000000 0.0006501439863384
60000000 0.003295640602356
65000000 0.00635276156597
70000000 0.006722512399788
75000000 0.005310458745915
80000000 0.004205194112936
90000000 0.0045499910643
100000000 0.00685578786578
110000000 0.009632755243375
120000000 0.013028563830384
130000000 0.014990450948394
140000000 0.01642533194575
150000000 0.01812732522948
160000000 0.02030912929041
180000000 0.02236103040388
200000000 0.02280488422268
#Header 
#Target 77 197 0
#Product 76 189 0
#Datapoints 22
1000000 0
30000000 0
35000000 2.639984157E-10
40000000 5.54382993E-7
45000000 5.577386308838E-5
50000000 0.0007594711654698
55000000 0.002411105494272
60000000 0.003348459682182
65000000 0.003094836046551
70000000 0.00255958114809
75000000 0.002278847785551
80000000 0.002429627878842
90000000 0.003678311689065
100000000 0.005539525989088
110000000 0.007323018006475
120000000 0.00891787907352
130000000 0.010191281947836
140000000 0.011082706465506
150000000 0.011893576966092
160000000 0.012474822245803
180000000 0.013861385669032
200000000 0.014575230063148
#Header 
#Target 77 197 0
#Product 76 190 0
#Datapoints 26
1000000 0
22000000 0
24000000 3.162176688E-14
26000000 6.930387324E-11
28000000 7.080239569E-9
30000000 9.1606591307E-8
35000000 1.81168014906E-5
40000000 0.00043871299085
45000000 0.002248629748563
50000000 0.004246545680538
55000000 0.004730161826964
60000000 0.00436237735867
65000000 0.003959472865858
70000000 0.003942981421944
75000000 0.004614384703359
80000000 0.005814411650124
90000000 0.009821515918815
100000000 0.014286373588256
110000000 0.01837812334632
120000000 0.02133776381088
130000000 0.02380045019352
140000000 0.0256359465791
150000000 0.02787745889916
160000000 0.0292669059295
180000000 0.0307429039506
200000000 0.031470195376
#Header 
#Target 77 197 0
#Product 76 191 0
#Datapoints 30
1000000 0
17000000 0
18000000 1.474649712E-14
19000000 2.025103143E-12
20000000 6.60197582E-11
22000000 6.12255088E-9
24000000 1.8138701082E-7
26000000 2.2010302272E-6
28000000 1.46777003295E-5
30000000 6.633129041E-5
35000000 0.00088638903261
40000000 0.0029516004785
45000000 0.004429416671564
50000000 0.004532456438118
55000000 0.004100333294076
60000000 0.00378715928213
65000000 0.004145522170889
70000000 0.005125653321552
75000000 0.006782293472208
80000000 0.008815421709692
90000000 0.013327783114275
100000000 0.01756125400568
110000000 0.02074139681769
120000000 0.02322834094704
130000000 0.02502203816608
140000000 0.02670982804048
150000000 0.02771037695928
160000000 0.02864108235943
180000000 0.02967892357764
200000000 0.0308614588017
#Header 
#Target 77 197 0
#Product 76 192 0
#Datapoints 38
1000000 0
9000000 0
10000000 6.539194228E-15
11000000 1.7307789984E-12
12000000 1.046437856E-10
13000000 1.7711400632E-9
14000000 6.13055964664E-9
15000000 1.91833993047E-8
16000000 7.8813204015E-8
17000000 3.0543497218E-7
18000000 9.90796896E-7
19000000 2.7764393664E-6
20000000 7.4369001384E-6
22000000 5.4919499875E-5
24000000 0.00019465891457
26000000 0.00059251401972
28000000 0.00136464000075
30000000 0.0024170099723
35000000 0.0048471203169
40000000 0.005384040798
45000000 0.004674998716903
50000000 0.003930205551048
55000000 0.004102954720134
60000000 0.005076704194996
65000000 0.006757728404668
70000000 0.009192813445116
75000000 0.011929784357316
80000000 0.014745802242834
90000000 0.0198519361236
100000000 0.02350902832208
110000000 0.02614781218393
120000000 0.02819497209936
130000000 0.02967853134454
140000000 0.03061430190468
150000000 0.03114347364624
160000000 0.03146292169576
180000000 0.03196464306116
200000000 0.03208141592672
#Header 
#Target 77 197 0
#Product 76 193 0
#Datapoints 42
1000000 0
5000000 0
6000000 6.07038156E-14
7000000 4.5281179623E-12
8000000 1.45309986042E-10
9000000 2.0382600069243E-9
10000000 1.64904992084E-8
11000000 8.988999768E-8
12000000 3.7316900184E-7
13000000 1.31528016587E-6
14000000 4.20398995874E-6
15000000 1.26400991529E-5
16000000 3.5890994412E-5
17000000 9.6578203404E-5
18000000 0.000247257
19000000 0.00062970893832
20000000 0.0018322795686
22000000 0.0070197202125
24000000 0.0053847197912
26000000 0.0053717006308
28000000 0.0055058704155
30000000 0.0053729002943
35000000 0.0042607401354
40000000 0.0030657907585
45000000 0.002856118340193
50000000 0.003667185957456
55000000 0.004980521980482
60000000 0.006972048852242
65000000 0.009611845672624
70000000 0.012310111670838
75000000 0.014727056079
80000000 0.017056069399166
90000000 0.0207540116451
100000000 0.0231653470496
110000000 0.02481857410733
120000000 0.02579774175408
130000000 0.0262888298734
140000000 0.02650994896654
150000000 0.02656902817788
160000000 0.02647915251405
180000000 0.0261199623664
200000000 0.02560226378524
#Header 
#Target 77 197 0
#Product 76 194 0
#Datapoints 45
1000000 0
2000000 1.32316004288E-12
3000000 3.853709337E-11
4000000 4.2078585849E-10
5000000 3.3106098852E-9
6000000 2.009229408E-8
7000000 1.0225600011E-7
8000000 4.2664502666E-7
9000000 1.5566902801758E-6
10000000 5.069250774E-6
11000000 1.49120003664E-5
12000000 3.9599198448E-5
13000000 9.6210610612E-5
14000000 0.000202058995996
15000000 0.000377772992427
16000000 0.00064454804232
17000000 0.00102873011032
18000000 0.0016059101616
19000000 0.002689769964
20000000 0.0057598094868
22000000 0.0116281985125
24000000 0.0046062598928
26000000 0.0028188594672
28000000 0.0020746201385
30000000 0.00163932995919
35000000 0.00131069007144
40000000 0.0022252792185
45000000 0.003655898534213
50000000 0.005686984011996
55000000 0.008601228070803
60000000 0.011869464037538
65000000 0.015088632108312
70000000 0.018048571256886
75000000 0.02055409179066
80000000 0.02264909502966
90000000 0.02579518311435
100000000 0.02768557777412
110000000 0.02870847442349
120000000 0.02895492517296
130000000 0.02896219768428
140000000 0.02864961031764
150000000 0.02826171497736
160000000 0.02768770386786
180000000 0.02662911384024
200000000 0.02563306184582
#Header 
#Target 77 197 0
#Product 76 195 0
#Datapoints 32
1000000 0
15000000 0
16000000 4.820732553E-14
17000000 1.541082736E-12
18000000 2.74429872E-11
19000000 3.136463085E-10
20000000 2.5466198968E-9
22000000 7.95006972E-8
24000000 1.0835799883E-6
26000000 1.02348007468E-5
28000000 6.6904000605E-5
30000000 0.00021115094308
35000000 0.00090754793631
40000000 0.0018566099505
45000000 0.00373316780499
50000000 0.006229663360452
55000000 0.008754637355112
60000000 0.011062267286082
65000000 0.013080039921513
70000000 0.014788895082756
75000000 0.016299540950034
80000000 0.01753956280607
90000000 0.0190213387002
100000000 0.01987436374644
110000000 0.02005682650042
120000000 0.01987397617824
130000000 0.01943064478206
140000000 0.01906424185406
150000000 0.01861897529964
160000000 0.01792653352542
180000000 0.01690071336144
200000000 0.01600246609109
#Header 
#Target 77 197 0
#Product 76 196 0
#Datapoints 32
1000000 0
15000000 0
16000000 1.873361763E-15
17000000 5.527567504E-15
18000000 3.541389552E-14
19000000 2.367283611E-13
20000000 2.789118318E-10
22000000 2.51292939E-8
24000000 7.1836800199E-7
26000000 8.1301709468E-6
28000000 4.928560299E-5
30000000 0.00018428900721
35000000 0.00146589000507
40000000 0.0042922700805
45000000 0.007726605967863
50000000 0.011012088285282
55000000 0.013838579980074
60000000 0.016223550897192
65000000 0.01821031767135
70000000 0.0198248535207
75000000 0.02105209189707
80000000 0.02199559676212
90000000 0.02326075345935
100000000 0.02352563477012
110000000 0.02338044815879
120000000 0.02298495273888
130000000 0.02249916828206
140000000 0.02168787278554
150000000 0.0209062917756
160000000 0.02036291902919
180000000 0.01898705616424
200000000 0.0176765769049
#Header 
#Target 77 197 0
#Product 77 177 0
#Datapoints 6
1000000 0
140000000 0
150000000 0.00010812107024964
160000000 0.007262030704789
180000000 0.01665123673016
200000000 0.014752610332246
#Header 
#Target 77 197 0
#Product 77 178 0
#Datapoints 7
1000000 0
130000000 0
140000000 2.50538944318E-5
150000000 0.005934839814888
160000000 0.01737509607814
180000000 0.02195138574884
200000000 0.014269465553958
#Header 
#Target 77 197 0
#Product 77 179 0
#Datapoints 8
1000000 0
120000000 0
130000000 7.351628218328E-6
140000000 0.003578564392234
150000000 0.016807786959468
160000000 0.02631987156559
180000000 0.02013831540364
200000000 0.012441974878512
#Header 
#Target 77 197 0
#Product 77 180 0
#Datapoints 9
1000000 0
110000000 0
120000000 3.239287943184E-8
130000000 0.002059044145854
140000000 0.015139571065372
150000000 0.02711775847008
160000000 0.02380648960418
180000000 0.01564726573474
200000000 0.01235988514013
#Header 
#Target 77 197 0
#Product 77 181 0
#Datapoints 9
1000000 0
110000000 0
120000000 0.0008928908465184
130000000 0.010337568107012
140000000 0.02192124641694
150000000 0.0222339310398
160000000 0.01969671105286
180000000 0.01272492538736
200000000 0.013414864019498
#Header 
#Target 77 197 0
#Product 77 182 0
#Datapoints 10
1000000 0
100000000 0
110000000 0.0002319696537758
120000000 0.005905115261376
130000000 0.01723874584275
140000000 0.022375193542
150000000 0.02254789782696
160000000 0.01928136467605
180000000 0.014306831326292
200000000 0.01840158955188
#Header 
#Target 77 197 0
#Product 77 183 0
#Datapoints 11
1000000 0
90000000 0
100000000 3.117474616788E-5
110000000 0.002530695382239
120000000 0.01224282084096
130000000 0.02007619198878
140000000 0.02223010804014
150000000 0.01980272945352
160000000 0.016778178177338
180000000 0.01810156099064
200000000 0.02058854408558
#Header 
#Target 77 197 0
#Product 77 184 0
#Datapoints 12
1000000 0
80000000 0
90000000 2.60410851594E-6
100000000 0.0009446173451512
110000000 0.008046091205972
120000000 0.01883164785984
130000000 0.02551970007452
140000000 0.02580571682702
150000000 0.02322851428164
160000000 0.02281951357696
180000000 0.02952674250252
200000000 0.02426091651844
#Header 
#Target 77 197 0
#Product 77 185 0
#Datapoints 13
1000000 0
75000000 0
80000000 9.901107470728E-8
90000000 0.000238103334738
100000000 0.00390462580788
110000000 0.016391324518284
120000000 0.03168063066096
130000000 0.0346931650515
140000000 0.03213014223796
150000000 0.03325781097216
160000000 0.03817577668211
180000000 0.03553091464068
200000000 0.02983867745198
#Header 
#Target 77 197 0
#Product 77 186 0
#Datapoints 15
1000000 0
65000000 0
70000000 1.88020550649E-12
75000000 3.051430822977E-7
80000000 2.652943272472E-5
90000000 0.0017962172009055
100000000 0.011971460650128
110000000 0.02980750124566
120000000 0.03275335353696
130000000 0.02860202316306
140000000 0.02838674972926
150000000 0.03125635579332
160000000 0.02974574238621
180000000 0.02377496784256
200000000 0.02355749660766
#Header 
#Target 77 197 0
#Product 77 187 0
#Datapoints 16
1000000 0
60000000 0
65000000 1.125483327935E-9
70000000 1.6461682645242E-6
75000000 9.000851702214E-5
80000000 0.0008709362091538
90000000 0.009183100459545
100000000 0.0293796206074
110000000 0.03966149057563
120000000 0.03896821162368
130000000 0.04160135830868
140000000 0.04784834862574
150000000 0.046657414401
160000000 0.04293716217547
180000000 0.03968239522768
200000000 0.0448927597224
#Header 
#Target 77 197 0
#Product 77 188 0
#Datapoints 17
1000000 0
55000000 0
60000000 4.897114545202E-9
65000000 5.633484864099E-6
70000000 0.0001965966852312
75000000 0.0014449959865494
80000000 0.005363358737656
90000000 0.0254897852859
100000000 0.04429957924868
110000000 0.0490374842957
120000000 0.05084105671776
130000000 0.05394294229126
140000000 0.05154174977328
150000000 0.04842710581176
160000000 0.04667179350667
180000000 0.0473015481832
200000000 0.04475937181216
#Header 
#Target 77 197 0
#Product 77 189 0
#Datapoints 19
1000000 0
45000000 0
50000000 3.8588303208E-12
55000000 2.003846806692E-7
60000000 4.729405156606E-5
65000000 0.0006558550424798
70000000 0.003239646780576
75000000 0.010829494610847
80000000 0.02459616138924
90000000 0.0534786202692
100000000 0.06303818783976
110000000 0.06538640463071
120000000 0.06924853560192
130000000 0.06812265952244
140000000 0.06409669837012
150000000 0.06211686561564
160000000 0.06208004437751
180000000 0.06444932888976
200000000 0.0609937162903
#Header 
#Target 77 197 0
#Product 77 190 0
#Datapoints 20
1000000 0
40000000 0
45000000 7.46879810873E-11
50000000 3.069136890162E-6
55000000 0.00019412070928872
60000000 0.001438135781577
65000000 0.005885383514389
70000000 0.017388875098932
75000000 0.03444397152396
80000000 0.04921323719264
90000000 0.0628197984549
100000000 0.06831700185128
110000000 0.0695618859928
120000000 0.06800291136864
130000000 0.06622603144872
140000000 0.065904298928
150000000 0.06651904778028
160000000 0.06582127732975
180000000 0.06209133082144
200000000 0.05948837787436
#Header 
#Target 77 197 0
#Product 77 191 0
#Datapoints 21
1000000 0
35000000 0
40000000 5.0936610195E-8
45000000 2.732719572832E-5
50000000 0.0003280696128486
55000000 0.0016034776417518
60000000 0.006042640907078
65000000 0.013872137296963
70000000 0.02275833699492
75000000 0.02944131195183
80000000 0.03368984127596
90000000 0.0377670085641
100000000 0.0395508386154
110000000 0.03922581200966
120000000 0.038447332692
130000000 0.03803867978424
140000000 0.03780283162084
150000000 0.0370247647476
160000000 0.03713679604833
180000000 0.03606864750924
200000000 0.03421227805172
#Header 
#Target 77 197 0
#Product 77 192 0
#Datapoints 23
1000000 0
28000000 0
30000000 2.927078E-12
35000000 3.2147802072E-6
40000000 0.00029437894925
45000000 0.0015429191737919
50000000 0.006456653145264
55000000 0.018351971418009
60000000 0.03346819103126
65000000 0.04774478580705
70000000 0.05701719045708
75000000 0.0623149884726
80000000 0.0658635225815
90000000 0.07110919778355
100000000 0.0733120066672
110000000 0.07300919105756
120000000 0.07192393408608
130000000 0.07029647170752
140000000 0.06890747726356
150000000 0.0680789450874
160000000 0.06615294142353
180000000 0.06397098657524
200000000 0.06258933831978
#Header 
#Target 77 197 0
#Product 77 193 0
#Datapoints 27
1000000 0
20000000 0
22000000 3.19964895E-13
24000000 2.1721997817E-9
26000000 4.2155003492E-7
28000000 1.07046000945E-5
30000000 6.6887805523E-5
35000000 0.00045903608172
40000000 0.0016032098984
45000000 0.005318047760482
50000000 0.011273388952602
55000000 0.016636074498309
60000000 0.02106724508238
65000000 0.02396699105614
70000000 0.0258832093941
75000000 0.02727232968015
80000000 0.02841371725434
90000000 0.0297560941047
100000000 0.02978050803868
110000000 0.02928502826226
120000000 0.02902571507808
130000000 0.02823495761478
140000000 0.02713717298994
150000000 0.02646983233068
160000000 0.02567035289143
180000000 0.02413291185692
200000000 0.0226895010827
#Header 
#Target 77 197 0
#Product 77 194 0
#Datapoints 33
1000000 0
14000000 0
15000000 3.2283733545E-15
16000000 6.249953346E-12
17000000 9.936844142E-10
18000000 3.9111294528E-8
19000000 7.8106796355E-7
20000000 7.1502897944E-6
22000000 0.0001411049971
24000000 0.00063300108426
26000000 0.00141483997172
28000000 0.0023721004905
30000000 0.0036331597456
35000000 0.0135111997701
40000000 0.037140794185
45000000 0.06158876823665
50000000 0.07710542217756
55000000 0.08816685751806
60000000 0.0950810135167
65000000 0.0995426464456
70000000 0.1024562748735
75000000 0.10368299480808
80000000 0.10504258723738
90000000 0.10243656267615
100000000 0.09979982817728
110000000 0.09602686723486
120000000 0.09248425681104
130000000 0.089236170264
140000000 0.0859572434591
150000000 0.08181300214332
160000000 0.07965792137132
180000000 0.07410794257972
200000000 0.06888500090898
#Header 
#Target 77 197 0
#Product 77 195 0
#Datapoints 39
1000000 0
8000000 0
9000000 2.710292452191E-14
10000000 4.998839664E-12
11000000 5.3458805232E-10
12000000 2.0498598824E-8
13000000 3.45906964092E-7
14000000 3.08864006308E-6
15000000 1.60243962531E-5
16000000 5.2720300815E-5
17000000 0.00012304101962
18000000 0.00022733397216
19000000 0.00036432404652
20000000 0.00054816908024
22000000 0.0011853698965
24000000 0.0024221697363
26000000 0.0045436401584
28000000 0.0077596991485
30000000 0.0117344000235
35000000 0.022408792101
40000000 0.03049170201
45000000 0.03570908837355
50000000 0.03908235524634
55000000 0.04094783212422
60000000 0.04242127294052
65000000 0.04331759622565
70000000 0.04354418465958
75000000 0.04385907842208
80000000 0.04344811333072
90000000 0.0421287979095
100000000 0.04028731699832
110000000 0.03857293862877
120000000 0.03681575997072
130000000 0.03479286576362
140000000 0.0331411285556
150000000 0.0320373611724
160000000 0.03033606540232
180000000 0.02783035751648
200000000 0.02575125366502
#Header 
#Target 77 197 0
#Product 77 196 0
#Datapoints 40
1000000 0
7000000 0
8000000 2.2106799218E-14
9000000 8.849260343565E-11
10000000 1.21506008505E-8
11000000 4.7022115392E-7
12000000 7.203518424E-6
13000000 5.89026002568E-5
14000000 0.00030344500615
15000000 0.00106024015218
16000000 0.0026710801572
17000000 0.0053270401948
18000000 0.0092059407504
19000000 0.014395199847
20000000 0.02135889391
22000000 0.038921695375
24000000 0.059741596336
26000000 0.080145108148
28000000 0.09931090663
30000000 0.114745001833
35000000 0.140711000715
40000000 0.151947995285
45000000 0.15586693157969
50000000 0.15530385466134
55000000 0.15510876240339
60000000 0.15299353383326
65000000 0.14801631235538
70000000 0.14294898958314
75000000 0.13731266280528
80000000 0.1323042173951
90000000 0.1212031165428
100000000 0.11170989125296
110000000 0.10342846496019
120000000 0.09648027653952
130000000 0.08968482346854
140000000 0.08377208202324
150000000 0.07899464700564
160000000 0.07423940513056
180000000 0.06688774100916
200000000 0.0612974757597
#Header 
#Target 77 197 0
#Product 77 197 0
#Datapoints 44
1000000 0
3000000 0
4000000 9.8891498055E-14
5000000 1.46899974E-10
6000000 2.554600428E-8
7000000 1.07645964591E-6
8000000 1.61434990498E-5
9000000 0.00011203904667222
10000000 0.00046139508121
11000000 0.00134948014704
12000000 0.0030197599824
13000000 0.00537751974482
14000000 0.0080044595488
15000000 0.0105320970597
16000000 0.012831997269
17000000 0.014957305118
18000000 0.01696610304
19000000 0.018895795884
20000000 0.020638301318
22000000 0.02331449535
24000000 0.024951507427
26000000 0.025928496748
28000000 0.026285904515
30000000 0.026258499344
35000000 0.025119504945
40000000 0.023755190145
45000000 0.02296888814066
50000000 0.0226231786074
55000000 0.02191216924932
60000000 0.02102943610632
65000000 0.0201814013391
70000000 0.019086164218122
75000000 0.018166224045192
80000000 0.01705337020494
90000000 0.01485684553716
100000000 0.0127176326074
110000000 0.010690728542103
120000000 0.00889227099024
130000000 0.00736175609932
140000000 0.006091713379102
150000000 0.005005800825624
160000000 0.00415964436739
180000000 0.002911450703976
200000000 0.0021475843192
#Header 
#Target 77 197 0
#Product 78 178 0
#Datapoints 5
1000000 0
150000000 0
160000000 0.0011415955912727
180000000 0.002053855394148
200000000 0.0006643268301198
#Header 
#Target 77 197 0
#Product 78 179 0
#Datapoints 6
1000000 0
140000000 0
150000000 0.0013354501701888
160000000 0.009834086257279
180000000 0.00190943354062
200000000 0.001747649503954
#Header 
#Target 77 197 0
#Product 78 180 0
#Datapoints 7
1000000 0
130000000 0
140000000 0.001941730800152
150000000 0.015732616465956
160000000 0.007826159431701
180000000 0.002379526525336
200000000 0.002941662875254
#Header 
#Target 77 197 0
#Product 78 181 0
#Datapoints 8
1000000 0
120000000 0
130000000 0.0015755379500242
140000000 0.02461585678968
150000000 0.015986886783216
160000000 0.00641579888042
180000000 0.004078645886148
200000000 0.002980578505834
#Header 
#Target 77 197 0
#Product 78 182 0
#Datapoints 9
1000000 0
110000000 0
120000000 0.000911247554904
130000000 0.0274935321995
140000000 0.02530267659608
150000000 0.011250353255256
160000000 0.005788867181104
180000000 0.00497494489296
200000000 0.0028798703089
#Header 
#Target 77 197 0
#Product 78 183 0
#Datapoints 10
1000000 0
100000000 0
110000000 4.490510060083E-5
120000000 0.003238066812864
130000000 0.004574758233072
140000000 0.002404781396992
150000000 0.0012565195914288
160000000 0.0011672523199003
180000000 0.0006942940589228
200000000 0.0006527523117596
#Header 
#Target 77 197 0
#Product 78 184 0
#Datapoints 11
1000000 0
90000000 0
100000000 8.162659786568E-5
110000000 0.01881460068961
120000000 0.04377035563056
130000000 0.02723633732694
140000000 0.013276370233074
150000000 0.010344461668068
160000000 0.008069540316767
180000000 0.006820426737796
200000000 0.004646857488108
#Header 
#Target 77 197 0
#Product 78 185 0
#Datapoints 12
1000000 0
80000000 0
90000000 4.11116241285E-7
100000000 0.012773031866168
110000000 0.05860286085673
120000000 0.04710161697024
130000000 0.0213429836961
140000000 0.013496347768904
150000000 0.010356960003936
160000000 0.009473171256396
180000000 0.006329506629364
200000000 0.005273905676814
#Header 
#Target 77 197 0
#Product 78 186 0
#Datapoints 12
1000000 0
80000000 0
90000000 0.008880427946205
100000000 0.0737381832936
110000000 0.07487529826335
120000000 0.03422683890528
130000000 0.01977211007714
140000000 0.015582022250262
150000000 0.012956949630492
160000000 0.010258701848937
180000000 0.008136553759164
200000000 0.005821422785202
#Header 
#Target 77 197 0
#Product 78 187 0
#Datapoints 14
1000000 0
70000000 0
75000000 1.1686886320203E-5
80000000 0.002775032129818
90000000 0.0712304005977
100000000 0.10083629639748
110000000 0.04714078754936
120000000 0.02344441862016
130000000 0.01839304547856
140000000 0.014836002238668
150000000 0.011920774013064
160000000 0.010568263984929
180000000 0.0069992650791
200000000 0.00624425401839
#Header 
#Target 77 197 0
#Product 78 188 0
#Datapoints 16
1000000 0
60000000 0
65000000 2.997926660939E-7
70000000 0.0010091527557024
75000000 0.02077420857804
80000000 0.08464206184228
90000000 0.16678703568555
100000000 0.07879520773152
110000000 0.03692413516208
120000000 0.027533814708
130000000 0.02133277866366
140000000 0.0173071336074
150000000 0.014354581620828
160000000 0.01147984848942
180000000 0.009356563464316
200000000 0.00702330532886
#Header 
#Target 77 197 0
#Product 78 189 0
#Datapoints 17
1000000 0
55000000 0
60000000 8.956082337218E-5
65000000 0.011814345752742
70000000 0.08421360387276
75000000 0.18854717326377
80000000 0.2183731091916
90000000 0.09932864507595
100000000 0.04402937734328
110000000 0.03204128202104
120000000 0.024226066812
130000000 0.01943064478206
140000000 0.015593920677894
150000000 0.012910554266976
160000000 0.011427855671469
180000000 0.008685356142492
200000000 0.00666844575631
#Header 
#Target 77 197 0
#Product 78 190 0
#Datapoints 19
1000000 0
45000000 0
50000000 6.531782558238E-6
55000000 0.007750397760249
60000000 0.09549330855422
65000000 0.2645518092399
70000000 0.3275315967546
75000000 0.247889533035
80000000 0.14711702486758
90000000 0.0631464960762
100000000 0.04365679677828
110000000 0.03248157171063
120000000 0.02503559599392
130000000 0.02002059034296
140000000 0.016775293930252
150000000 0.014378279542812
160000000 0.012438727209132
180000000 0.009377570459396
200000000 0.007766540296976
#Header 
#Target 77 197 0
#Product 78 191 0
#Datapoints 20
1000000 0
40000000 0
45000000 0.0015025292692944
50000000 0.08943861870426
55000000 0.3347044371843
60000000 0.4400606434464
65000000 0.3164975135316
70000000 0.1744087603599
75000000 0.10129701299862
80000000 0.07142202978176
90000000 0.0485845439976
100000000 0.03593937122972
110000000 0.02731724033444
120000000 0.0221307141432
130000000 0.01835734539944
140000000 0.015814197056346
150000000 0.013684261422384
160000000 0.011875598829898
180000000 0.009598163710088
200000000 0.008067465110932
#Header 
#Target 77 197 0
#Product 78 192 0
#Datapoints 22
1000000 0
30000000 0
35000000 0.000166751004726
40000000 0.081596507225
45000000 0.4334068719964
50000000 0.6133524848598
55000000 0.4302933219414
60000000 0.2239292852734
65000000 0.1309363995321
70000000 0.09341662761036
75000000 0.0752402742828
80000000 0.06295584020106
90000000 0.04645719175005
100000000 0.03570499259852
110000000 0.02903934977427
120000000 0.02440773891552
130000000 0.02104370621554
140000000 0.01835873142818
150000000 0.016148966320836
160000000 0.014578654457857
180000000 0.012180793058712
200000000 0.010378011271396
#Header 
#Target 77 197 0
#Product 78 193 0
#Datapoints 24
1000000 0
26000000 0
28000000 0.000277233034
30000000 0.0133344008105
35000000 0.160444005876
40000000 0.19662805205
45000000 0.10708394484264
50000000 0.05088035691606
55000000 0.03220904701527
60000000 0.02492342217152
65000000 0.0207797076702
70000000 0.01809897204414
75000000 0.015840044721027
80000000 0.013831612748536
90000000 0.011142435707595
100000000 0.009256369340876
110000000 0.007977663220693
120000000 0.006943921019904
130000000 0.006131186996836
140000000 0.005482489009582
150000000 0.004909442797764
160000000 0.00446392520655
180000000 0.003786171747892
200000000 0.00334025829145
#Header 
#Target 77 197 0
#Product 78 194 0
#Datapoints 29
1000000 0
18000000 0
19000000 4.648869141E-5
20000000 0.0045382493764
22000000 0.117375008475
24000000 0.42649495301
26000000 0.75636105216
28000000 0.9789161135
30000000 1.06182998922
35000000 0.63097003836
40000000 0.2649739864
45000000 0.16589891508731
50000000 0.13050687095922
55000000 0.10859283380226
60000000 0.09274561737458
65000000 0.080287124649
70000000 0.0705901957884
75000000 0.06282728896155
80000000 0.05630073470042
90000000 0.04598901209745
100000000 0.03834428852436
110000000 0.03272614280279
120000000 0.02854614065664
130000000 0.0251530378179
140000000 0.0224379850409
150000000 0.02025678054792
160000000 0.01839046581218
180000000 0.015562876361496
200000000 0.01340936517758
#Header 
#Target 77 197 0
#Product 78 195 0
#Datapoints 35
1000000 0
12000000 0
13000000 0.00409076994016
14000000 0.0655988983364
15000000 0.185094034419
16000000 0.30706797576
17000000 0.39709999396
18000000 0.4507989624
19000000 0.47617795176
20000000 0.4782059386
22000000 0.3920840085
24000000 0.23925798412
26000000 0.120970998064
28000000 0.06219379816
30000000 0.039288704455
35000000 0.026399393802
40000000 0.02263509398
45000000 0.01980889154472
50000000 0.017468882684904
55000000 0.015426876891654
60000000 0.013748558201756
65000000 0.012175145661649
70000000 0.010809623285466
75000000 0.009632065521999
80000000 0.008600014820088
90000000 0.007003252821915
100000000 0.005829355716352
110000000 0.004968854227359
120000000 0.004322430537024
130000000 0.00380319816358
140000000 0.003397973623018
150000000 0.003076211504124
160000000 0.002786017121753
180000000 0.002360587225844
200000000 0.002043385567166
#Header 
#Target 77 197 0
#Product 78 196 0
#Datapoints 43
1000000 0
4000000 0
5000000 1.00622994684E-5
6000000 0.0007108079256
7000000 0.00718418020863
8000000 0.0324513031854
9000000 0.089581816206027
10000000 0.180923015287
11000000 0.300908000736
12000000 0.43948201616
13000000 0.577822963835
14000000 0.628284049822
15000000 0.55462199403
16000000 0.43032805452
17000000 0.31396204112
18000000 0.23508795168
19000000 0.18601403919
20000000 0.16034599102
22000000 0.139227008
24000000 0.130655000411
26000000 0.124091997232
28000000 0.117488994545
30000000 0.111219001355
35000000 0.096686898723
40000000 0.08423379664
45000000 0.07351285698381
50000000 0.06414794107344
55000000 0.05601500706678
60000000 0.04960165343194
65000000 0.04344818980219
70000000 0.03815582762856
75000000 0.03366216532428
80000000 0.02988579102886
90000000 0.02405283359985
100000000 0.01989356205928
110000000 0.01686779882047
120000000 0.014625850421088
130000000 0.012848842479086
140000000 0.011455966082626
150000000 0.010310165811756
160000000 0.009326889775489
180000000 0.007916371407276
200000000 0.006801551175114
#Header 
#Target 77 197 0
#Product 78 197 0
#Datapoints 46
1000000 0
1000000 0
2000000 7.835449818E-15
3000000 1.39698995088E-8
4000000 3.10715994621E-6
5000000 0.000101115995232
6000000 0.0007068580224
7000000 0.00201484976205
8000000 0.00337933000286
9000000 0.0043784303698926
10000000 0.0053406206231
11000000 0.0065590012368
12000000 0.008002740056
13000000 0.0094173405165
14000000 0.0106500967144
15000000 0.0114904006821
16000000 0.0120616041
17000000 0.012416698754
18000000 0.012612897792
19000000 0.012674699016
20000000 0.0124888006586
22000000 0.0122339003325
24000000 0.0116912000762
26000000 0.0111801008508
28000000 0.0106450000865
30000000 0.0100972994045
35000000 0.0087604895007
40000000 0.0075058804655
45000000 0.006682327227954
50000000 0.005759383833714
55000000 0.005005882382346
60000000 0.004385407186268
65000000 0.003810013132052
70000000 0.003319147097988
75000000 0.002860711647606
80000000 0.002590765336574
90000000 0.002074541234985
100000000 0.0017088771863296
110000000 0.0014456627756348
120000000 0.0012496402367616
130000000 0.001095751330709
140000000 0.0009685226812092
150000000 0.0008708468192736
160000000 0.0007877092958929
180000000 0.0006628390128884
200000000 0.000550053037256
#Header 
#Target 77 197 0
#Product 78 198 0
#Datapoints 45
1000000 0
2000000 0
3000000 1.5169104714E-11
4000000 2.73456986844E-9
5000000 1.04398007568E-7
6000000 1.530199632E-6
7000000 1.06252003218E-5
8000000 4.2325416352E-5
9000000 0.00011187998678097
10000000 0.00021981301104
11000000 0.00035007185808
12000000 0.00046616201144
13000000 0.000531908994446
14000000 0.0005488510027
15000000 0.000541443971877
16000000 0.00052420099095
17000000 0.00050495894692
18000000 0.00048503594448
19000000 0.00046842994275
20000000 0.00045326003894
22000000 0.00042358903225
24000000 0.00040132407411
26000000 0.00038594505684
28000000 0.00037246705665
30000000 0.00036013092577
35000000 0.00032507900829
40000000 0.000311635936
45000000 0.000290119782731
50000000 0.0002789347817928
55000000 0.0002577865298505
60000000 0.0002483952168436
65000000 0.0002264990512641
70000000 0.0002182254422748
75000000 0.0002001321001944
80000000 0.00018932345097312
90000000 0.0001715439201237
100000000 0.00014407071177996
110000000 0.00012872911933417
120000000 0.00011862748039872
130000000 0.00010233778368148
140000000 8.553259327548E-5
150000000 7.536798206496E-5
160000000 7.050068146795E-5
180000000 6.158808704928E-5
200000000 4.740826478428E-5
