#Header 
#Target 95 232 0
#Product 0 1 0
#Datapoints 44
1000000 0
3000000 0
4000000 3.007884078E-14
5000000 6.05735428662E-11
6000000 5.71282131321E-9
7000000 9.9034787033E-8
8000000 7.40090494755E-7
9000000 3.3021648E-6
10000000 1.295855986033E-5
11000000 4.23218082364E-5
12000000 0.00011070903168
13000000 0.0002354192619922
14000000 0.0004329094265096
15000000 0.0007298617157595
16000000 0.001160787636795
17000000 0.001765708656
18000000 0.0025813287417
19000000 0.0034269936696
20000000 0.00455219029948
22000000 0.00730536220424
24000000 0.01070912711375
26000000 0.01426882413375
28000000 0.0183637367658
30000000 0.023629137966
35000000 0.0389753244353
40000000 0.05507429348288
45000000 0.07010159641982
50000000 0.0842368914427
55000000 0.10178555478
60000000 0.1159543542276
65000000 0.134520399
70000000 0.1507438824
75000000 0.170464099
80000000 0.1862819868
90000000 0.2165757016
100000000 0.2453075472
110000000 0.273238529006
120000000 0.298394272
130000000 0.323786332977
140000000 0.348293807
150000000 0.371776806004
160000000 0.3955971838
180000000 0.44716546219
200000000 0.4980122268
#Header 
#Target 95 232 0
#Product 1 1 0
#Datapoints 44
1000000 0
3000000 0
4000000 4.58889156E-20
5000000 2.7122317209E-17
6000000 2.390167138656E-14
7000000 4.078306047205E-12
8000000 2.038119021585E-10
9000000 4.17791088E-9
10000000 5.15871995109E-8
11000000 4.12060913075E-7
12000000 2.157166485084E-6
13000000 7.75709968924E-6
14000000 2.100848015858E-5
15000000 4.71855642351E-5
16000000 9.325957128066E-5
17000000 0.0001672353004
18000000 0.000275728562315
19000000 0.00039937101474
20000000 0.000568026614526
22000000 0.00102398274718
24000000 0.00168999321522
26000000 0.002475683102067
28000000 0.00340111648429
30000000 0.00473538263076
35000000 0.00958052154834
40000000 0.01646314602996
45000000 0.0248067642226
50000000 0.03386642954304
55000000 0.04494973132
60000000 0.0542733655401
65000000 0.06537863985
70000000 0.07441156921
75000000 0.0845345501
80000000 0.09206360631
90000000 0.10599121256
100000000 0.11895502488
110000000 0.1307534808762
120000000 0.14101434688
130000000 0.1502863926052
140000000 0.15775118315
150000000 0.1641294812747
160000000 0.1702804922
180000000 0.181242251217
200000000 0.1894287132
#Header 
#Target 95 232 0
#Product 1 2 0
#Datapoints 39
1000000 0
8000000 0
9000000 3.91615488E-19
10000000 1.742626764067E-15
11000000 1.007887113828E-12
12000000 8.64259983522E-11
13000000 2.462657504626E-9
14000000 3.316193064022E-8
15000000 2.65333641958E-7
16000000 1.451359816476E-6
17000000 5.802810449E-6
18000000 1.72426153413E-5
19000000 2.58950871195E-5
20000000 5.1520295632E-5
22000000 0.0001322144650304
24000000 0.0002505169978215
26000000 0.000380569978878
28000000 0.000498448466935
30000000 0.000681681441924
35000000 0.001277618873192
40000000 0.002081145044258
45000000 0.003123299234776
50000000 0.00434256780032
55000000 0.006182843264
60000000 0.00753863085612
65000000 0.009332801595
70000000 0.010425337873
75000000 0.0117560248
80000000 0.012471453969
90000000 0.013355117656
100000000 0.014112824064
110000000 0.01458661761634
120000000 0.015062170816
130000000 0.01552684382599
140000000 0.015794084305
150000000 0.0160640927654
160000000 0.016286755394
180000000 0.0165795346649
200000000 0.0171171898
#Header 
#Target 95 232 0
#Product 1 3 0
#Datapoints 37
1000000 0
10000000 0
11000000 3.12114435402E-21
12000000 3.76861967352E-17
13000000 1.475636109024E-14
14000000 1.335323965876E-12
15000000 2.87997602522E-11
16000000 6.121794735189E-10
17000000 7.288187071E-9
18000000 5.58615650371E-8
19000000 2.80042344615E-7
20000000 1.02866017455E-6
22000000 5.87580524732E-6
24000000 1.73205713226E-5
26000000 3.47598292545E-5
28000000 5.74672908865E-5
30000000 8.85857713785E-5
35000000 0.0002044348957166
40000000 0.0003947248495428
45000000 0.0007037093955116
50000000 0.001188558240602
55000000 0.001916293236
60000000 0.00267181256727
65000000 0.00345026709
70000000 0.004024512884
75000000 0.00448628947
80000000 0.004756466676
90000000 0.005387275
100000000 0.006115308432
110000000 0.00669041349529
120000000 0.007393558656
130000000 0.00808833402106
140000000 0.008680967
150000000 0.00926105952982
160000000 0.009785882288
180000000 0.01077273192528
200000000 0.011682048264
#Header 
#Target 95 232 0
#Product 2 3 0
#Datapoints 38
1000000 0
9000000 0
10000000 1.321978955939E-21
11000000 1.7398611531E-19
12000000 1.011934700712E-17
13000000 3.317411175958E-16
14000000 6.95975314362E-15
15000000 9.92464900445E-14
16000000 1.015035524787E-12
17000000 7.89583019E-12
18000000 4.90704552297E-11
19000000 2.3821887489E-10
20000000 1.02417243946E-9
22000000 1.295211556508E-8
24000000 1.03576935701E-7
26000000 6.62614364631E-7
28000000 2.997783427025E-6
30000000 9.7907806998E-6
35000000 6.03644623572E-5
40000000 0.0001650357786476
45000000 0.000313313038576
50000000 0.0004956002162944
55000000 0.000728849446
60000000 0.000970734345588
65000000 0.001263461451
70000000 0.00151475542
75000000 0.001752402015
80000000 0.001922594232
90000000 0.002272518504
100000000 0.002695004136
110000000 0.00305027787278
120000000 0.00339837696
130000000 0.00374634386552
140000000 0.004082207475
150000000 0.00441378443315
160000000 0.004755441236
180000000 0.00541886580135
200000000 0.005998518896
#Header 
#Target 95 232 0
#Product 2 4 0
#Datapoints 45
1000000 0
2000000 2.0095979904E-16
3000000 2.285093304E-11
4000000 2.072727468E-10
5000000 1.69575650712E-10
6000000 5.42780385972E-9
7000000 9.0740004914E-8
8000000 6.34756505985E-7
9000000 2.2386672E-6
10000000 6.59720774697E-6
11000000 1.65443032321E-5
12000000 3.38723006778E-5
13000000 5.7156861773E-5
14000000 8.45161173626E-5
15000000 0.0001164371072395
16000000 0.0001541140213419
17000000 0.0001998483287
18000000 0.000255877091013
19000000 0.000294972734925
20000000 0.000355616902922
22000000 0.000523609637208
24000000 0.001240986562865
26000000 0.001553891562285
28000000 0.0010771392817
30000000 0.001213861790025
35000000 0.00209725277676
40000000 0.00341481699916
45000000 0.005036328039782
50000000 0.006720578614076
55000000 0.008676379972
60000000 0.01004468348583
65000000 0.01170316158
70000000 0.012899530079
75000000 0.014252223245
80000000 0.01509864369
90000000 0.01666519672
100000000 0.01826540256
110000000 0.0199989819917
120000000 0.02101851136
130000000 0.0221870961493
140000000 0.0234455136
150000000 0.02421441472
160000000 0.02473828903
180000000 0.0257860085083
200000000 0.02637479296
#Header 
#Target 95 232 0
#Product 86 205 0
#Datapoints 16
1000000 0
60000000 0
65000000 1.678196505E-15
70000000 5.23012837E-13
75000000 7.23129459E-11
80000000 2.2925449248E-9
90000000 1.916679932E-7
100000000 3.1602290232E-6
110000000 1.3560367832614E-5
120000000 2.3078020416E-5
130000000 2.825271668921E-5
140000000 3.609658494E-5
150000000 3.739490298245E-5
160000000 3.7369009496E-5
180000000 3.866437052157E-5
200000000 3.6814071172E-5
#Header 
#Target 95 232 0
#Product 86 206 0
#Datapoints 17
1000000 0
55000000 0
60000000 4.10075095311E-15
65000000 4.701373365E-13
70000000 3.040444475E-11
75000000 9.6648963775E-10
80000000 1.32180925344E-8
90000000 3.8412380624E-7
100000000 2.0606768016E-6
110000000 3.542173132672E-6
120000000 3.7362424704E-6
130000000 4.409934281963E-6
140000000 5.0046563635E-6
150000000 5.14393457701E-6
160000000 5.2014446211E-6
180000000 5.355338592523E-6
200000000 5.4262900924E-6
#Header 
#Target 95 232 0
#Product 86 209 0
#Datapoints 23
1000000 0
28000000 0
30000000 7.30658841417E-16
35000000 5.028179462288E-12
40000000 9.57614065226E-12
45000000 1.053825060632E-11
50000000 4.0962404245818E-10
55000000 2.1239773958E-8
60000000 3.857879386557E-7
65000000 2.901337881E-6
70000000 9.104527259E-6
75000000 1.57911429E-5
80000000 1.8249110373E-5
90000000 1.46632067616E-5
100000000 1.7424333336E-5
110000000 2.455937760848E-5
120000000 2.7966352832E-5
130000000 2.982680552519E-5
140000000 3.187295429E-5
150000000 3.270135322923E-5
160000000 3.4718084401E-5
180000000 3.63043479873E-5
200000000 3.8190631128E-5
#Header 
#Target 95 232 0
#Product 86 210 0
#Datapoints 27
1000000 0
20000000 0
22000000 1.953527234768E-16
24000000 9.0872038432E-15
26000000 3.79225394313E-14
28000000 5.258689722E-14
30000000 5.36538854988E-14
35000000 9.68862958838E-14
40000000 8.12909922678E-12
45000000 4.7682957285732E-10
50000000 1.4365304105554E-8
55000000 1.703833079E-7
60000000 9.979662836871E-7
65000000 2.58993009E-6
70000000 3.9631304944E-6
75000000 4.0141046985E-6
80000000 3.3780704334E-6
90000000 3.9555405912E-6
100000000 6.5161386384E-6
110000000 8.40922823175E-6
120000000 8.7318938432E-6
130000000 9.048206186971E-6
140000000 8.8252153515E-6
150000000 8.736241700782E-6
160000000 8.829921919E-6
180000000 8.54016943831E-6
200000000 8.3659045284E-6
#Header 
#Target 95 232 0
#Product 86 211 0
#Datapoints 35
1000000 0
12000000 0
13000000 5.7342081863E-15
14000000 2.129032008974E-13
15000000 1.93014975911E-12
16000000 7.444404890526E-12
17000000 1.5040682357E-11
18000000 2.216482981074E-11
19000000 2.795202161955E-11
20000000 3.539135743856E-11
22000000 5.382421803752E-11
24000000 7.576105125625E-11
26000000 9.398494650399E-11
28000000 1.0847804534205E-10
30000000 1.2794720036706E-10
35000000 1.9117173480432E-10
40000000 1.0323334901376E-9
45000000 1.510770877244E-8
50000000 1.2079827547912E-7
55000000 4.0576018314E-7
60000000 7.07023491741E-7
65000000 8.5222049655E-7
70000000 6.7134017977E-7
75000000 6.2671524175E-7
80000000 8.8949752164E-7
90000000 2.0780777328E-6
100000000 2.9721211416E-6
110000000 3.207157350448E-6
120000000 3.3681351616E-6
130000000 3.513746950972E-6
140000000 3.4981913935E-6
150000000 3.544215519537E-6
160000000 3.2665550736E-6
180000000 3.651258769459E-6
200000000 3.6588182592E-6
#Header 
#Target 95 232 0
#Product 87 204 0
#Datapoints 11
1000000 0
90000000 0
100000000 7.025961336E-16
110000000 1.413444613168E-11
120000000 3.7484350464E-9
130000000 1.0510437486591E-7
140000000 7.0787862335E-7
150000000 1.849377569241E-6
160000000 2.8846090546E-6
180000000 4.053964913986E-6
200000000 4.90869814E-6
#Header 
#Target 95 232 0
#Product 87 205 0
#Datapoints 12
1000000 0
80000000 0
90000000 2.440090408E-16
100000000 8.65494036E-12
110000000 4.63804510332E-9
120000000 2.3673610752E-7
130000000 2.846923203753E-6
140000000 1.1002177373E-5
150000000 2.036072022733E-5
160000000 2.466054591E-5
180000000 2.810142827052E-5
200000000 2.846798912E-5
#Header 
#Target 95 232 0
#Product 87 206 0
#Datapoints 12
1000000 0
80000000 0
90000000 3.149433384E-13
100000000 5.481971568E-10
110000000 5.469555285811E-8
120000000 9.276340128E-7
130000000 5.332742593923E-6
140000000 1.2916710245E-5
150000000 1.651882039183E-5
160000000 1.7834667032E-5
180000000 1.934812188895E-5
200000000 1.943586724E-5
#Header 
#Target 95 232 0
#Product 87 207 0
#Datapoints 13
1000000 0
75000000 0
80000000 9.360836862E-15
90000000 5.092315496E-11
100000000 2.1766872144E-8
110000000 6.37396064347E-7
120000000 4.6233519552E-6
130000000 1.297360883462E-5
140000000 2.158372393E-5
150000000 2.44289228504E-5
160000000 2.4007487231E-5
180000000 2.569658860707E-5
200000000 2.3778972308E-5
#Header 
#Target 95 232 0
#Product 87 208 0
#Datapoints 15
1000000 0
65000000 0
70000000 9.875740487E-16
75000000 6.015178585E-14
80000000 3.012648639E-12
90000000 3.1721449912E-9
100000000 2.6472938664E-7
110000000 2.677849883269E-6
120000000 8.5369761664E-6
130000000 1.3576083408713E-5
140000000 1.48648001E-5
150000000 1.4679990569001E-5
160000000 1.45504402225E-5
180000000 1.5440998204618E-5
200000000 1.50225990448E-5
#Header 
#Target 95 232 0
#Product 87 209 0
#Datapoints 16
1000000 0
60000000 0
65000000 4.93728198E-15
70000000 1.1450967848E-13
75000000 5.3773551E-12
80000000 1.8804949878E-10
90000000 5.03264928E-8
100000000 1.2442964628E-6
110000000 6.150276052341E-6
120000000 1.09750493248E-5
130000000 1.1816128778444E-5
140000000 1.1700553115E-5
150000000 1.1725756303115E-5
160000000 1.18372399236E-5
180000000 1.2101050295058E-5
200000000 1.18884157696E-5
#Header 
#Target 95 232 0
#Product 87 210 0
#Datapoints 19
1000000 0
45000000 0
50000000 1.243374993436E-16
55000000 1.1028228016E-13
60000000 1.47006506997E-12
65000000 8.57813871E-12
70000000 1.2458402604E-10
75000000 1.6075201415E-9
80000000 1.8525825474E-8
90000000 6.5003741184E-7
100000000 4.4690134152E-6
110000000 9.138440734693E-6
120000000 1.05192526208E-5
130000000 9.460990931338E-6
140000000 1.02425105855E-5
150000000 9.747315245416E-6
160000000 9.2916304026E-6
180000000 9.801054352792E-6
200000000 9.30159156E-6
#Header 
#Target 95 232 0
#Product 87 211 0
#Datapoints 20
1000000 0
40000000 0
45000000 7.253142788596E-15
50000000 4.327150284804E-12
55000000 4.2262263576E-10
60000000 8.710693153785E-9
65000000 4.524491235E-8
70000000 1.5910914465E-7
75000000 4.1516245615E-7
80000000 1.11350387226E-6
90000000 6.496485364E-6
100000000 1.715903772E-5
110000000 2.082545151634E-5
120000000 1.9398048384E-5
130000000 2.086918659788E-5
140000000 2.274396919E-5
150000000 2.327191139705E-5
160000000 2.5512376617E-5
180000000 2.808216910684E-5
200000000 3.0936813632E-5
#Header 
#Target 95 232 0
#Product 87 212 0
#Datapoints 22
1000000 0
30000000 0
35000000 2.31776185843E-13
40000000 1.803559585338E-11
45000000 6.5099719638512E-10
50000000 3.754028934062E-8
55000000 6.85263709E-7
60000000 4.398922425555E-6
65000000 1.7231168835E-5
70000000 4.7755765917E-5
75000000 8.919190956E-5
80000000 0.000116951100279
90000000 0.000130386304104
100000000 0.000127410241272
110000000 0.00013157639906462
120000000 0.000140455415232
130000000 0.00015552538660593
140000000 0.000164292592545
150000000 0.0001756568257822
160000000 0.00018529611464
180000000 0.0002020022445872
200000000 0.0002127474528
#Header 
#Target 95 232 0
#Product 87 213 0
#Datapoints 25
1000000 0
24000000 0
26000000 5.61186323445E-16
28000000 6.73281853665E-15
30000000 2.378037384738E-14
35000000 6.11760826578E-13
40000000 8.182064930368E-11
45000000 2.501153763807E-9
50000000 3.6757621984542E-8
55000000 3.9942005246E-7
60000000 2.493674859438E-6
65000000 7.133230344E-6
70000000 1.24517695321E-5
75000000 1.5186078115E-5
80000000 1.66301031E-5
90000000 1.8660025512E-5
100000000 1.7130890808E-5
110000000 1.705551615469E-5
120000000 1.7997148928E-5
130000000 1.899608011716E-5
140000000 1.9728360345E-5
150000000 2.009117036347E-5
160000000 2.1441206605E-5
180000000 2.337389719144E-5
200000000 2.361338042E-5
#Header 
#Target 95 232 0
#Product 87 214 0
#Datapoints 35
1000000 0
12000000 0
13000000 2.46233645647E-15
14000000 2.548299771398E-13
15000000 7.56680787547E-12
16000000 1.6287494376111E-10
17000000 1.9437217869E-9
18000000 1.469391359812E-8
19000000 7.094303432595E-8
20000000 2.415926028752E-7
22000000 9.511319854976E-7
24000000 1.639746927194E-6
26000000 2.0096980023225E-6
28000000 2.151558645406E-6
30000000 2.2598588005164E-6
35000000 2.4272641789864E-6
40000000 2.6262386758244E-6
45000000 4.000594324002E-6
50000000 1.117147730526E-5
55000000 2.5456378844E-5
60000000 3.391610274612E-5
65000000 3.571203636E-5
70000000 3.2857787408E-5
75000000 3.198382629E-5
80000000 3.2186100492E-5
90000000 3.7726699704E-5
100000000 5.0836300752E-5
110000000 6.792292053176E-5
120000000 8.3122975936E-5
130000000 9.795678301577E-5
140000000 0.00011046509142
150000000 0.00012223765550856
160000000 0.000129285392054
180000000 0.00014361584738592
200000000 0.000148693972228
#Header 
#Target 95 232 0
#Product 87 216 0
#Datapoints 42
1000000 0
5000000 0
6000000 3.291187238262E-16
7000000 6.2212500927785E-14
8000000 3.258574877583E-12
9000000 6.82943184E-11
10000000 8.437596104563E-10
11000000 6.609684844672E-9
12000000 3.315043567368E-8
13000000 1.1054317759386E-7
14000000 2.6583596166892E-7
15000000 5.0592499093875E-7
16000000 8.2148513787237E-7
17000000 1.20073887785E-6
18000000 1.63049513341E-6
19000000 1.956933769875E-6
20000000 2.313629432674E-6
22000000 2.9046222546E-6
24000000 3.44282022552E-6
26000000 3.756092345829E-6
28000000 3.954399151745E-6
30000000 4.304771548722E-6
35000000 5.0626158150422E-6
40000000 5.611806221126E-6
45000000 5.795070765789E-6
50000000 6.3830322343356E-6
55000000 6.3935351142E-6
60000000 6.317753967945E-6
65000000 6.120242724E-6
70000000 6.0813166683E-6
75000000 5.9840708655E-6
80000000 6.0657913056E-6
90000000 6.0896124208E-6
100000000 6.26613576E-6
110000000 6.395870148366E-6
120000000 6.4514141824E-6
130000000 6.486015720228E-6
140000000 6.473368495E-6
150000000 6.37015122243E-6
160000000 6.2732290621E-6
180000000 6.169053098112E-6
200000000 6.054832194E-6
#Header 
#Target 95 232 0
#Product 88 205 0
#Datapoints 11
1000000 0
90000000 0
100000000 5.701975104E-16
110000000 3.0245546807E-12
120000000 6.575579296E-10
130000000 4.401932770073E-8
140000000 4.570951505E-7
150000000 1.76100647052E-6
160000000 4.2300245715E-6
180000000 1.0560711287997E-5
200000000 1.50618301808E-5
#Header 
#Target 95 232 0
#Product 88 206 0
#Datapoints 11
1000000 0
90000000 0
100000000 6.024739944E-13
110000000 4.397710824183E-10
120000000 4.2454824896E-8
130000000 6.511969090389E-7
140000000 3.1750990155E-6
150000000 8.05165479462E-6
160000000 1.36748632748E-5
180000000 2.362057278104E-5
200000000 2.8470139664E-5
#Header 
#Target 95 232 0
#Product 88 207 0
#Datapoints 13
1000000 0
75000000 0
80000000 1.1349605631E-16
90000000 6.511398104E-13
100000000 1.4348139144E-10
110000000 1.4583837336002E-8
120000000 3.5147294336E-7
130000000 2.617577619292E-6
140000000 7.9006332E-6
150000000 1.4940764352526E-5
160000000 2.1220775212E-5
180000000 2.863896999652E-5
200000000 3.1664609856E-5
#Header 
#Target 95 232 0
#Product 88 208 0
#Datapoints 15
1000000 0
65000000 0
70000000 1.622496422E-15
75000000 2.52508698E-13
80000000 2.729104716E-11
90000000 9.2023261384E-9
100000000 3.7148062512E-7
110000000 2.920476533939E-6
120000000 1.0305625088E-5
130000000 1.712654077262E-5
140000000 2.572116944E-5
150000000 3.1500124149E-5
160000000 3.7088656605E-5
180000000 3.879461721156E-5
200000000 4.2014591616E-5
#Header 
#Target 95 232 0
#Product 88 209 0
#Datapoints 16
1000000 0
60000000 0
65000000 4.67602368E-15
70000000 1.530722653E-12
75000000 2.104189867E-10
80000000 6.4603109766E-9
90000000 5.253319692E-7
100000000 8.377326552E-6
110000000 3.473069248874E-5
120000000 5.7119919296E-5
130000000 6.978779584873E-5
140000000 8.786604606E-5
150000000 9.286264235142E-5
160000000 9.4205209189E-5
180000000 0.00010062546966778
200000000 9.8928950372E-5
#Header 
#Target 95 232 0
#Product 88 210 0
#Datapoints 17
1000000 0
55000000 0
60000000 2.31569862174E-14
65000000 2.70537837E-12
70000000 1.7702779082E-10
75000000 5.6480767655E-9
80000000 7.8279481293E-8
90000000 2.3130521704E-6
100000000 1.27776072768E-5
110000000 2.242787200804E-5
120000000 2.3891474112E-5
130000000 2.812264712272E-5
140000000 3.2601435665E-5
150000000 3.401148137566E-5
160000000 3.3867521961E-5
180000000 3.363532140563E-5
200000000 3.3343761128E-5
#Header 
#Target 95 232 0
#Product 88 211 0
#Datapoints 19
1000000 0
45000000 0
50000000 1.319558517458E-13
55000000 3.48444967E-12
60000000 8.3956034673E-11
65000000 5.2997929995E-9
70000000 2.0930264357E-7
75000000 2.2283206985E-6
80000000 1.21331420067E-5
90000000 6.5121471736E-5
100000000 0.00010690631292
110000000 0.00011111030438092
120000000 0.000131309898368
130000000 0.00016420280535
140000000 0.00017273530135
150000000 0.0001804784882133
160000000 0.00019526732862
180000000 0.0002177779400146
200000000 0.00022407902756
#Header 
#Target 95 232 0
#Product 88 212 0
#Datapoints 21
1000000 0
35000000 0
40000000 2.724840767292E-16
45000000 3.229102351938E-14
50000000 5.087362117022E-13
55000000 1.2612588326E-10
60000000 7.705393354512E-9
65000000 2.2098150495E-7
70000000 2.0616489662E-6
75000000 9.2741430665E-6
80000000 2.2774195275E-5
90000000 4.11828092E-5
100000000 3.7882076304E-5
110000000 4.387448742268E-5
120000000 5.5233842752E-5
130000000 5.967331211442E-5
140000000 6.000885254E-5
150000000 6.163340051709E-5
160000000 6.1139116675E-5
180000000 6.558681808808E-5
200000000 6.418217108E-5
#Header 
#Target 95 232 0
#Product 88 213 0
#Datapoints 23
1000000 0
28000000 0
30000000 7.354246122E-15
35000000 4.431527841306E-11
40000000 8.147209900368E-11
45000000 7.162458022174E-11
50000000 1.6943450990838E-9
55000000 8.0360848204E-8
60000000 1.366901319357E-6
65000000 9.7855427595E-6
70000000 2.9726710663E-5
75000000 5.1058333105E-5
80000000 5.9110519728E-5
90000000 4.839401528E-5
100000000 5.8648918128E-5
110000000 8.396534604315E-5
120000000 9.6999600896E-5
130000000 0.00010444316199482
140000000 0.00011191784681
150000000 0.00011512411188422
160000000 0.000123852465646
180000000 0.00013013543863953
200000000 0.00013795316168
#Header 
#Target 95 232 0
#Product 88 214 0
#Datapoints 27
1000000 0
20000000 0
22000000 4.86950516152E-14
24000000 1.993872801775E-12
26000000 7.54478854911E-12
28000000 9.95538336875E-12
30000000 9.75941354781E-12
35000000 1.248172662286E-11
40000000 3.3215093867494E-10
45000000 1.5259491946266E-8
50000000 3.6473729725318E-7
55000000 3.4398621166E-6
60000000 1.557771067755E-5
65000000 3.2245496535E-5
70000000 3.9986283627E-5
75000000 3.5497834645E-5
80000000 2.7230282469E-5
90000000 3.2301971224E-5
100000000 5.3832802824E-5
110000000 7.119840431132E-5
120000000 7.9360521856E-5
130000000 8.884896801967E-5
140000000 9.4612958695E-5
150000000 0.0001005301236125
160000000 0.000107783885118
180000000 0.00011629101850838
200000000 0.00012355844654
#Header 
#Target 95 232 0
#Product 88 215 0
#Datapoints 35
1000000 0
12000000 0
13000000 7.603589278648E-12
14000000 2.725396249627E-10
15000000 2.381406179284E-9
16000000 8.9445714538791E-9
17000000 1.7707017616E-8
18000000 2.572223027415E-8
19000000 3.202207632375E-8
20000000 4.035035041296E-8
22000000 6.117880768912E-8
24000000 8.64874866017E-8
26000000 1.0769479437858E-7
28000000 1.248113435763E-7
30000000 1.4653335398085E-7
35000000 1.9947839588086E-7
40000000 3.1053029385588E-7
45000000 1.182415501982E-6
50000000 5.138115489348E-6
55000000 1.1991058742E-5
60000000 1.474501883652E-5
65000000 1.30803730005E-5
70000000 9.258904684E-6
75000000 8.8377160105E-6
80000000 1.33927359618E-5
90000000 3.1413995744E-5
100000000 4.6558894776E-5
110000000 5.404620222819E-5
120000000 6.3971224064E-5
130000000 7.121142680776E-5
140000000 7.836871974E-5
150000000 8.638026916077E-5
160000000 8.9194928641E-5
180000000 0.00010408890377323
200000000 0.000109892488852
#Header 
#Target 95 232 0
#Product 88 216 0
#Datapoints 43
1000000 0
4000000 0
5000000 6.098307421518E-16
6000000 8.032741088691E-14
7000000 1.823187765672E-12
8000000 1.496877207921E-11
9000000 5.555837232E-11
10000000 1.5977442992496E-10
11000000 3.836658363223E-10
12000000 7.461094296786E-10
13000000 1.1882272141696E-9
14000000 1.6101702219816E-9
15000000 1.986481850287E-9
16000000 2.3148410079948E-9
17000000 2.608295226E-9
18000000 2.893246904194E-9
19000000 2.97357535122E-9
20000000 3.147735780084E-9
22000000 3.361682423708E-9
24000000 3.605143592815E-9
26000000 3.554902311918E-9
28000000 3.499020593055E-9
30000000 3.675591905391E-9
35000000 5.934024397786E-9
40000000 2.4557222922596E-8
45000000 8.58084648579E-8
50000000 1.5761852990532E-7
55000000 1.63024888E-7
60000000 1.279979777223E-7
65000000 1.630722741E-7
70000000 3.1427736715E-7
75000000 6.781366891E-7
80000000 1.27972552929E-6
90000000 2.5610887952E-6
100000000 2.7607199664E-6
110000000 2.70976551792E-6
120000000 3.188739136E-6
130000000 3.2256401613E-6
140000000 3.32105332E-6
150000000 3.454135264777E-6
160000000 3.6770980428E-6
180000000 3.975444248366E-6
200000000 4.2163142072E-6
#Header 
#Target 95 232 0
#Product 89 207 0
#Datapoints 10
1000000 0
100000000 0
110000000 9.28647226613E-14
120000000 5.6460823936E-10
130000000 6.927461912911E-8
140000000 1.0019167153E-6
150000000 4.312350381488E-6
160000000 9.073280944E-6
180000000 1.595481554303E-5
200000000 1.9265990556E-5
#Header 
#Target 95 232 0
#Product 89 208 0
#Datapoints 11
1000000 0
90000000 0
100000000 6.623896176E-15
110000000 1.357931789066E-10
120000000 3.610605504E-8
130000000 1.0084896139628E-6
140000000 6.8348053715E-6
150000000 1.725612629004E-5
160000000 2.6198327883E-5
180000000 3.502559228378E-5
200000000 4.1013757764E-5
#Header 
#Target 95 232 0
#Product 89 209 0
#Datapoints 12
1000000 0
80000000 0
90000000 4.4497938E-16
100000000 1.204636116E-11
110000000 5.531463714511E-9
120000000 2.5529052032E-7
130000000 2.844535840594E-6
140000000 1.05140726645E-5
150000000 1.781840408185E-5
160000000 2.0911153354E-5
180000000 2.391884248293E-5
200000000 2.5822673372E-5
#Header 
#Target 95 232 0
#Product 89 210 0
#Datapoints 12
1000000 0
80000000 0
90000000 5.07544236E-13
100000000 7.548238572E-10
110000000 7.208223911382E-8
120000000 1.171102592E-6
130000000 6.442532657454E-6
140000000 1.50741902175E-5
150000000 1.928092512092E-5
160000000 2.1699175407E-5
180000000 2.358231827784E-5
200000000 2.4418514768E-5
#Header 
#Target 95 232 0
#Product 89 211 0
#Datapoints 14
1000000 0
70000000 0
75000000 2.67827014E-16
80000000 4.217063643E-14
90000000 1.4777358256E-10
100000000 5.19902928E-8
110000000 1.3647325979273E-6
120000000 8.8205466624E-6
130000000 2.399479967905E-5
140000000 3.564672612E-5
150000000 3.94892360056E-5
160000000 4.0480661403E-5
180000000 4.420528797494E-5
200000000 4.43806299E-5
#Header 
#Target 95 232 0
#Product 89 212 0
#Datapoints 15
1000000 0
65000000 0
70000000 1.2254981981E-14
75000000 6.123427245E-13
80000000 1.884651405E-11
90000000 1.5574362208E-8
100000000 1.21130956704E-6
110000000 1.1687841026466E-5
120000000 3.6664128512E-5
130000000 5.825907352313E-5
140000000 6.412618161E-5
150000000 6.438403958921E-5
160000000 6.6157550368E-5
180000000 7.500077314431E-5
200000000 7.5592908668E-5
#Header 
#Target 95 232 0
#Product 89 213 0
#Datapoints 17
1000000 0
55000000 0
60000000 5.40716483727E-16
65000000 6.160815375E-14
70000000 1.1006415876E-12
75000000 3.776309875E-11
80000000 1.19354003106E-9
90000000 2.6560940096E-7
100000000 5.6016884088E-6
110000000 2.577169501432E-5
120000000 4.1779132736E-5
130000000 4.574605069399E-5
140000000 4.502677228E-5
150000000 4.792554138405E-5
160000000 5.1691301662E-5
180000000 5.577158648449E-5
200000000 5.8233261324E-5
#Header 
#Target 95 232 0
#Product 89 214 0
#Datapoints 19
1000000 0
45000000 0
50000000 3.357771566484E-15
55000000 2.931478394E-12
60000000 3.86212460508E-11
65000000 1.715251509E-10
70000000 1.8078029687E-9
75000000 1.808422291E-8
80000000 1.8125615118E-7
90000000 5.206193908E-6
100000000 3.3796150824E-5
110000000 6.95762755033E-5
120000000 7.7663600256E-5
130000000 7.509273277976E-5
140000000 8.5394172755E-5
150000000 8.958553715926E-5
160000000 9.5455111024E-5
180000000 0.00011161227840989
200000000 0.000121625759164
#Header 
#Target 95 232 0
#Product 89 215 0
#Datapoints 21
1000000 0
35000000 0
40000000 3.942076008976E-17
45000000 2.605398592862E-13
50000000 9.593203934118E-11
55000000 7.7282470356E-9
60000000 1.384490718954E-7
65000000 6.415830312E-7
70000000 1.9238769134E-6
75000000 4.457215399E-6
80000000 8.0384384379E-6
90000000 2.2536819208E-5
100000000 4.4693315568E-5
110000000 5.349609704831E-5
120000000 5.2274689984E-5
130000000 5.933680681377E-5
140000000 6.6737325105E-5
150000000 7.366010152815E-5
160000000 8.2341856142E-5
180000000 9.202768762853E-5
200000000 0.000106108134216
#Header 
#Target 95 232 0
#Product 89 216 0
#Datapoints 22
1000000 0
30000000 0
35000000 3.131563759838E-13
40000000 2.44034007042E-11
45000000 8.552822637882E-10
50000000 4.8088368252106E-8
55000000 8.5289101326E-7
60000000 5.249535041457E-6
65000000 1.9892372715E-5
70000000 5.2973502834E-5
75000000 9.400155349E-5
80000000 0.000118894993932
90000000 0.000124096926568
100000000 0.00011926211772
110000000 0.00012889923545308
120000000 0.000140297073664
130000000 0.00016009665525759
140000000 0.00017455366975
150000000 0.0001903860002361
160000000 0.00020543339453
180000000 0.0002263711875761
200000000 0.00024211557492
#Header 
#Target 95 232 0
#Product 89 217 0
#Datapoints 26
1000000 0
22000000 0
24000000 1.864929205615E-15
26000000 9.19192009623E-14
28000000 1.075365274095E-12
30000000 3.68640397863E-12
35000000 2.137223591564E-11
40000000 1.1971301632794E-9
45000000 3.3340110370646E-8
50000000 4.3620613336518E-7
55000000 4.0811321902E-6
60000000 1.911531646332E-5
65000000 4.304694864E-5
70000000 5.9475769951E-5
75000000 6.110068653E-5
80000000 5.8323786222E-5
90000000 5.3077485232E-5
100000000 5.5404939504E-5
110000000 6.291404873963E-5
120000000 7.3277284608E-5
130000000 8.523413366552E-5
140000000 9.713430135E-5
150000000 0.00010653131756064
160000000 0.000115285206764
180000000 0.00013205195627183
200000000 0.000136071712644
#Header 
#Target 95 232 0
#Product 89 218 0
#Datapoints 35
1000000 0
12000000 0
13000000 1.322191554464E-15
14000000 1.35161471367E-13
15000000 3.90900497227E-12
16000000 8.3582341359222E-11
17000000 9.9040213563E-10
18000000 7.431778302406E-9
19000000 3.562242501105E-8
20000000 1.2028992771162E-7
22000000 4.667593737204E-7
24000000 8.004513890255E-7
26000000 9.792695934867E-7
28000000 1.0470073709535E-6
30000000 1.0990411749459E-6
35000000 1.1808362573466E-6
40000000 1.27816880513E-6
45000000 1.856533470872E-6
50000000 4.5868236296796E-6
55000000 9.673215305E-6
60000000 1.231490536983E-5
65000000 1.2735594921E-5
70000000 1.16228583432E-5
75000000 1.13634378715E-5
80000000 1.14547458402E-5
90000000 1.38334939456E-5
100000000 1.9290633456E-5
110000000 2.65491177063E-5
120000000 3.3058753024E-5
130000000 3.926523513834E-5
140000000 4.443067483E-5
150000000 4.942726279695E-5
160000000 5.2324792793E-5
180000000 5.825471596742E-5
200000000 6.0310116608E-5
#Header 
#Target 95 232 0
#Product 89 219 0
#Datapoints 38
1000000 0
9000000 0
10000000 3.03163421593E-17
11000000 1.85760706887E-14
12000000 1.61179915416E-12
13000000 4.651419772164E-11
14000000 6.345137504004E-10
15000000 5.103907450821E-9
16000000 2.7790177277115E-8
17000000 1.10204961551E-7
18000000 3.187940271599E-7
19000000 4.427018703405E-7
20000000 7.866765629026E-7
22000000 1.6534029957616E-6
24000000 2.76326738092E-6
26000000 3.90046981812E-6
28000000 4.671282094435E-6
30000000 6.36831505377E-6
35000000 1.190425040898E-5
40000000 1.8678308664568E-5
45000000 2.5920927550096E-5
50000000 3.0870959870176E-5
55000000 4.0074381724E-5
60000000 4.198002968817E-5
65000000 4.894628208E-5
70000000 4.9763126291E-5
75000000 5.5177812105E-5
80000000 5.5140254442E-5
90000000 5.81875282E-5
100000000 6.0934789032E-5
110000000 6.303207467941E-5
120000000 6.4415759232E-5
130000000 6.546843573602E-5
140000000 6.5127286765E-5
150000000 6.461600118022E-5
160000000 6.4304332274E-5
180000000 6.291741225918E-5
200000000 6.1279653528E-5
#Header 
#Target 95 232 0
#Product 89 220 0
#Datapoints 42
1000000 0
5000000 0
6000000 3.5474481632205E-15
7000000 6.655401584585E-13
8000000 3.46710541851E-11
9000000 7.235501328E-10
10000000 8.908780182462E-9
11000000 6.958208523021E-8
12000000 3.479239401378E-7
13000000 1.1567937184958E-6
14000000 2.7748528670006E-6
15000000 5.2689800999755E-6
16000000 8.5458919423311E-6
17000000 1.248902948E-5
18000000 1.694713237735E-5
19000000 2.03394730875E-5
20000000 2.403822853994E-5
22000000 3.01612783248E-5
24000000 3.573972395725E-5
26000000 3.899783616342E-5
28000000 4.10621129967E-5
30000000 4.468613030883E-5
35000000 5.2596629680226E-5
40000000 5.8243821693918E-5
45000000 6.0098510091678E-5
50000000 6.6300867413226E-5
55000000 6.6387436856E-5
60000000 6.570690907851E-5
65000000 6.3547213905E-5
70000000 6.309257515E-5
75000000 6.1945991445E-5
80000000 6.2651855175E-5
90000000 6.2720406176E-5
100000000 6.425543508E-5
110000000 6.530262629077E-5
120000000 6.55213328E-5
130000000 6.565206143424E-5
140000000 6.531909965E-5
150000000 6.413794743961E-5
160000000 6.2942394697E-5
180000000 6.143765552376E-5
200000000 5.9920786684E-5
#Header 
#Target 95 232 0
#Product 89 221 0
#Datapoints 22
1000000 0
30000000 0
35000000 1.046455587576E-14
40000000 1.747436016032E-12
45000000 8.285776820174E-11
50000000 2.1220139533496E-9
55000000 2.7700313108E-8
60000000 1.409860810008E-7
65000000 4.2748316985E-7
70000000 8.0494534863E-7
75000000 1.25151670865E-6
80000000 1.6821723984E-6
90000000 2.4008504504E-6
100000000 3.0195508824E-6
110000000 3.50502487605E-6
120000000 3.8362070208E-6
130000000 4.114919029469E-6
140000000 4.340190957E-6
150000000 4.477656531978E-6
160000000 4.6266907232E-6
180000000 4.822060924509E-6
200000000 4.9153599388E-6
#Header 
#Target 95 232 0
#Product 89 222 0
#Datapoints 23
1000000 0
28000000 0
30000000 2.715905862459E-17
35000000 1.327072091508E-13
40000000 5.042560842172E-11
45000000 2.4386980832388E-9
50000000 2.7812614730504E-8
55000000 1.2588775576E-7
60000000 3.037309855587E-7
65000000 5.4345817605E-7
70000000 7.8018210942E-7
75000000 9.962738188E-7
80000000 1.14897191643E-6
90000000 1.38805434496E-6
100000000 1.5366544884E-6
110000000 1.642966513246E-6
120000000 1.707090176E-6
130000000 1.764614815517E-6
140000000 1.785074377E-6
150000000 1.784255269653E-6
160000000 1.8120998896E-6
180000000 1.806918480632E-6
200000000 1.7765953532E-6
#Header 
#Target 95 232 0
#Product 90 210 0
#Datapoints 12
1000000 0
80000000 0
90000000 7.575641408E-17
100000000 6.238459008E-13
110000000 1.909271938118E-10
120000000 1.6391145408E-8
130000000 2.54091364484E-7
140000000 1.4154587871E-6
150000000 3.231055034166E-6
160000000 5.7693268178E-6
180000000 8.938143236967E-6
200000000 1.16158440928E-5
#Header 
#Target 95 232 0
#Product 90 211 0
#Datapoints 13
1000000 0
75000000 0
80000000 1.0320168105E-16
90000000 5.1016064E-13
100000000 8.658435216E-11
110000000 5.771057332085E-9
120000000 1.44102274624E-7
130000000 9.049507046266E-7
140000000 3.193343509E-6
150000000 5.204080748573E-6
160000000 7.2142024682E-6
180000000 9.727506772588E-6
200000000 1.09270004116E-5
#Header 
#Target 95 232 0
#Product 90 212 0
#Datapoints 15
1000000 0
65000000 0
70000000 1.888878279E-15
75000000 2.88975219E-13
80000000 3.007224012E-11
90000000 8.739315692E-9
100000000 3.2839077456E-7
110000000 2.503728828223E-6
120000000 7.9616161152E-6
130000000 1.2425109285313E-5
140000000 1.7402018965E-5
150000000 2.173070996015E-5
160000000 2.4133210374E-5
180000000 2.708408933154E-5
200000000 2.8554287844E-5
#Header 
#Target 95 232 0
#Product 90 213 0
#Datapoints 16
1000000 0
60000000 0
65000000 5.094444765E-15
70000000 1.862114941E-12
75000000 2.4344019115E-10
80000000 6.8530524933E-9
90000000 5.0604746984E-7
100000000 7.2228141936E-6
110000000 2.706418943428E-5
120000000 4.0244600704E-5
130000000 4.997343432749E-5
140000000 6.0167105155E-5
150000000 6.754170125876E-5
160000000 7.0723328039E-5
180000000 7.764219712324E-5
200000000 8.1348350924E-5
#Header 
#Target 95 232 0
#Product 90 214 0
#Datapoints 18
1000000 0
50000000 0
55000000 1.75760507E-16
60000000 1.2469350348E-13
65000000 1.32539256E-11
70000000 8.2683036E-10
75000000 2.6917606365E-8
80000000 3.6608959998E-7
90000000 1.05032083096E-5
100000000 5.5025050224E-5
110000000 9.397830652142E-5
120000000 0.000100218003776
130000000 0.00012163486027326
140000000 0.00013820855474
150000000 0.00013873688393848
160000000 0.000142051948857
180000000 0.0001501452974778
200000000 0.0001533887727
#Header 
#Target 95 232 0
#Product 90 215 0
#Datapoints 19
1000000 0
45000000 0
50000000 1.349052049662E-13
55000000 3.476762354E-12
60000000 6.35163257106E-11
65000000 3.512021922E-9
70000000 1.35455552492E-7
75000000 1.3496630784E-6
80000000 7.0715068047E-6
90000000 3.703882192E-5
100000000 5.9048773536E-5
110000000 6.341123581043E-5
120000000 7.735962784E-5
130000000 9.433656523133E-5
140000000 0.00010588962029
150000000 0.00011228370510753
160000000 0.000119210822549
180000000 0.00013565338690197
200000000 0.000145304747468
#Header 
#Target 95 232 0
#Product 90 216 0
#Datapoints 21
1000000 0
35000000 0
40000000 1.609263706106E-13
45000000 1.232745251736E-11
50000000 3.934159175242E-11
55000000 2.5334849774E-9
60000000 9.808867200132E-8
65000000 2.046794343E-6
70000000 1.30206334958E-5
75000000 4.4758545195E-5
80000000 8.7729358899E-5
90000000 0.000123917729592
100000000 0.000108348889176
110000000 0.00013264215186484
120000000 0.000169639536
130000000 0.000191587938886
140000000 0.0002049490518
150000000 0.000224241601317
160000000 0.00023604408919
180000000 0.0002681851733648
200000000 0.00027567334776
#Header 
#Target 95 232 0
#Product 90 217 0
#Datapoints 23
1000000 0
28000000 0
30000000 5.53863234564E-14
35000000 3.1809375981246E-10
40000000 5.7447969822922E-10
45000000 4.313814456512E-10
50000000 4.803800372002E-9
55000000 1.7660902532E-7
60000000 2.324499949044E-6
65000000 1.29395039985E-5
70000000 3.0923290428E-5
75000000 4.353181885E-5
80000000 4.2764714382E-5
90000000 2.9623338E-5
100000000 3.8053527984E-5
110000000 5.712081155318E-5
120000000 6.9890371584E-5
130000000 8.33297738357E-5
140000000 9.751845304E-5
150000000 0.00010752553971503
160000000 0.000120348342751
180000000 0.00013463631178715
200000000 0.000150873630032
#Header 
#Target 95 232 0
#Product 90 218 0
#Datapoints 27
1000000 0
20000000 0
22000000 2.148897539476E-12
24000000 7.788974535495E-11
26000000 2.6932146294912E-10
28000000 3.3703648626335E-10
30000000 3.1885469701641E-10
35000000 3.534231108974E-10
40000000 2.5637568519458E-9
45000000 6.9308279968252E-8
50000000 1.067108852141E-6
55000000 6.6414801908E-6
60000000 1.963086409116E-5
65000000 2.999108472E-5
70000000 2.9373079774E-5
75000000 2.213630016E-5
80000000 1.6156593765E-5
90000000 2.288804284E-5
100000000 4.0257324624E-5
110000000 5.688688727595E-5
120000000 6.9624741824E-5
130000000 8.370195049815E-5
140000000 9.4548500625E-5
150000000 0.00010423410656416
160000000 0.000116296756758
180000000 0.00013295693909667
200000000 0.000149168281224
#Header 
#Target 95 232 0
#Product 90 219 0
#Datapoints 35
1000000 0
12000000 0
13000000 8.928448002408E-12
14000000 3.2089610244648E-10
15000000 2.8079408917205E-9
16000000 1.05585906666E-8
17000000 2.0914268632E-8
18000000 3.038623942937E-8
19000000 3.78241820403E-8
20000000 4.766362201156E-8
22000000 7.22536760228E-8
24000000 1.0216691541855E-7
26000000 1.2717012813792E-7
28000000 1.4738131706865E-7
30000000 1.7300202198174E-7
35000000 2.3470638892826E-7
40000000 3.3740554357762E-7
45000000 9.526571115628E-7
50000000 3.2706839900318E-6
55000000 6.4367846712E-6
60000000 6.808208654961E-6
65000000 5.386817271E-6
70000000 3.6623207525E-6
75000000 3.7080021875E-6
80000000 5.8234242924E-6
90000000 1.38744425752E-5
100000000 2.182278984E-5
110000000 2.65059257793E-5
120000000 3.2951302912E-5
130000000 3.831870046188E-5
140000000 4.3555494645E-5
150000000 4.883027548404E-5
160000000 5.1602028842E-5
180000000 6.141968250286E-5
200000000 6.5820315388E-5
#Header 
#Target 95 232 0
#Product 90 220 0
#Datapoints 43
1000000 0
4000000 0
5000000 2.403306898902E-12
6000000 2.9637602747676E-10
7000000 6.2742506840325E-9
8000000 4.80800537775E-8
9000000 1.742472864E-7
10000000 5.010333401739E-7
11000000 1.2081649622616E-6
12000000 2.3546534976354E-6
13000000 3.7271871638716E-6
14000000 5.0172840012178E-6
15000000 6.137674887021E-6
16000000 7.1278110141111E-6
17000000 8.0834656523E-6
18000000 9.013060563448E-6
19000000 9.234981592395E-6
20000000 9.738152989554E-6
22000000 1.0468813992164E-5
24000000 1.121431999901E-5
26000000 1.0696844052357E-5
28000000 1.0552311390295E-5
30000000 1.0879381429812E-5
35000000 1.1996660643206E-5
40000000 1.2942550985756E-5
45000000 1.32032188795E-5
50000000 1.2785105975224E-5
55000000 1.2439926278E-5
60000000 1.1229164523801E-5
65000000 1.10545135245E-5
70000000 1.18704907353E-5
75000000 1.470056809E-5
80000000 1.952924844E-5
90000000 2.7964675168E-5
100000000 3.1819551168E-5
110000000 3.632082727676E-5
120000000 4.1864237888E-5
130000000 4.667358791584E-5
140000000 5.348925239E-5
150000000 6.012011474716E-5
160000000 6.4867294583E-5
180000000 7.515916657437E-5
200000000 8.1308109684E-5
#Header 
#Target 95 232 0
#Product 90 221 0
#Datapoints 45
1000000 0
2000000 0
3000000 3.44863168416E-12
4000000 2.8529318412E-11
5000000 1.589068859508E-11
6000000 9.265644188328E-11
7000000 3.877457549355E-10
8000000 1.5072433255935E-9
9000000 6.887000736E-9
10000000 3.6072407027107E-8
11000000 1.352936547004E-7
12000000 2.993686535736E-7
13000000 4.145600170382E-7
14000000 4.5824803563974E-7
15000000 4.97685845829E-7
16000000 5.4664831931442E-7
17000000 5.9704807183E-7
18000000 6.552328568187E-7
19000000 6.925897270245E-7
20000000 7.821458698596E-7
22000000 1.2882020548688E-6
24000000 5.472838293495E-6
26000000 5.168017415043E-6
28000000 1.474929671826E-6
30000000 9.668335243068E-7
35000000 9.351685663586E-7
40000000 9.442694684402E-7
45000000 8.4076687341654E-7
50000000 9.259564426689E-7
55000000 8.9787604348E-7
60000000 1.1856055449042E-6
65000000 1.8074720055E-6
70000000 3.542979095E-6
75000000 5.5108554995E-6
80000000 7.1416116096E-6
90000000 8.6361454664E-6
100000000 1.0027392252E-5
110000000 1.2735624385353E-5
120000000 1.61911531584E-5
130000000 2.071777966635E-5
140000000 2.491444103E-5
150000000 2.869059404108E-5
160000000 3.3381512164E-5
180000000 3.886342585029E-5
200000000 4.2177853748E-5
#Header 
#Target 95 232 0
#Product 90 222 0
#Datapoints 35
1000000 0
12000000 0
13000000 3.358892244114E-17
14000000 7.79345611896E-16
15000000 1.13529539225E-14
16000000 1.133532698241E-13
17000000 8.380103598E-13
18000000 4.92205510133E-12
19000000 2.221934495835E-11
20000000 8.84626728136E-11
22000000 9.61623472516E-10
24000000 5.79095212612E-9
26000000 3.161832333084E-8
28000000 1.103404809269E-7
30000000 2.434807622241E-7
35000000 5.3280647933566E-7
40000000 7.416404486358E-7
45000000 1.023018253747E-6
50000000 1.8188984047606E-6
55000000 2.2780711018E-6
60000000 3.22534182663E-6
65000000 3.8807184225E-6
70000000 4.6125113966E-6
75000000 5.020728817E-6
80000000 5.3691879033E-6
90000000 5.8358715776E-6
100000000 6.6807635952E-6
110000000 8.109349881991E-6
120000000 9.7920828544E-6
130000000 1.1529774467143E-5
140000000 1.3132633275E-5
150000000 1.4489737978346E-5
160000000 1.5543122686E-5
180000000 1.720013153427E-5
200000000 1.7994546584E-5
#Header 
#Target 95 232 0
#Product 90 223 0
#Datapoints 34
1000000 0
13000000 0
14000000 1.091450707128E-16
15000000 2.75219217847E-15
16000000 4.501528863225E-14
17000000 5.467486779E-13
18000000 4.91046469333E-12
19000000 3.32979944013E-11
20000000 1.933511872558E-10
22000000 3.888589668768E-9
24000000 4.159170807515E-8
26000000 2.4692374418523E-7
28000000 9.08468273019E-7
30000000 2.488053460644E-6
35000000 1.1845978987398E-5
40000000 2.7646424231496E-5
45000000 4.6287457498376E-5
50000000 6.4316761483596E-5
55000000 8.4024470608E-5
60000000 9.819949594329E-5
65000000 0.0001131711495
70000000 0.000122484149235
75000000 0.000132874374945
80000000 0.000137300753343
90000000 0.00014362845108
100000000 0.000146986136472
110000000 0.00014758823829289
120000000 0.000146247050752
130000000 0.00014412413212823
140000000 0.00014116261451
150000000 0.00013701779209344
160000000 0.000133249055849
180000000 0.00012504915616988
200000000 0.000116629019056
#Header 
#Target 95 232 0
#Product 91 212 0
#Datapoints 11
1000000 0
90000000 0
100000000 2.49153456E-15
110000000 3.16012934045E-11
120000000 6.495453184E-9
130000000 1.879633685409E-7
140000000 1.23414408705E-6
150000000 3.32681712238E-6
160000000 4.5138709616E-6
180000000 6.087622122227E-6
200000000 6.1348242848E-6
#Header 
#Target 95 232 0
#Product 91 213 0
#Datapoints 12
1000000 0
80000000 0
90000000 2.876106888E-16
100000000 5.663030184E-12
110000000 1.832460694902E-9
120000000 6.9801801344E-8
130000000 8.570496291526E-7
140000000 2.2143187765E-6
150000000 3.555661436495E-6
160000000 4.0351957009E-6
180000000 4.76479624168E-6
200000000 5.4270998048E-6
#Header 
#Target 95 232 0
#Product 91 214 0
#Datapoints 12
1000000 0
80000000 0
90000000 3.92086828E-13
100000000 4.6236490392E-10
110000000 4.12734055907E-8
120000000 6.5876536704E-7
130000000 3.607714808499E-6
140000000 8.2612680485E-6
150000000 1.0187874478233E-5
160000000 1.08087544474E-5
180000000 1.1674026158583E-5
200000000 1.15533137676E-5
#Header 
#Target 95 232 0
#Product 91 215 0
#Datapoints 14
1000000 0
70000000 0
75000000 5.3405378E-16
80000000 6.879831231E-14
90000000 1.0136955992E-10
100000000 2.6317143312E-8
110000000 6.219661483515E-7
120000000 3.8220843584E-6
130000000 1.1405687217109E-5
140000000 1.4596594048E-5
150000000 1.681682877299E-5
160000000 1.8778142383E-5
180000000 1.887737714246E-5
200000000 1.9902176864E-5
#Header 
#Target 95 232 0
#Product 91 216 0
#Datapoints 15
1000000 0
65000000 0
70000000 1.1495376285E-14
75000000 5.34569802E-13
80000000 1.2010951914E-11
90000000 7.453494244E-9
100000000 4.9693138056E-7
110000000 4.465752506517E-6
120000000 1.39027847552E-5
130000000 2.099344729582E-5
140000000 2.314748131E-5
150000000 2.391416913748E-5
160000000 2.7504082879E-5
180000000 2.851604442697E-5
200000000 3.1209297332E-5
#Header 
#Target 95 232 0
#Product 91 217 0
#Datapoints 17
1000000 0
55000000 0
60000000 3.37994345493E-15
65000000 3.377690955E-13
70000000 3.253932294E-12
75000000 5.473529425E-11
80000000 1.19456731056E-9
90000000 2.3033005352E-7
100000000 4.3660436736E-6
110000000 1.922485468378E-5
120000000 2.9552116352E-5
130000000 3.290182417944E-5
140000000 3.117403948E-5
150000000 3.426823313174E-5
160000000 3.6404961866E-5
180000000 4.127014526088E-5
200000000 4.3001626144E-5
#Header 
#Target 95 232 0
#Product 91 219 0
#Datapoints 21
1000000 0
35000000 0
40000000 2.61106000736E-17
45000000 1.644361354146E-13
50000000 5.219665008682E-11
55000000 3.85951449E-9
60000000 6.481806419088E-8
65000000 2.836652115E-7
70000000 8.104670406E-7
75000000 1.7971495295E-6
80000000 2.7263569281E-6
90000000 4.3742018456E-6
100000000 5.0549534496E-6
110000000 6.401721854624E-6
120000000 6.259657184E-6
130000000 7.732153837186E-6
140000000 9.273984531E-6
150000000 9.812195729857E-6
160000000 1.07129475817E-5
180000000 1.3013266848585E-5
200000000 1.39266166544E-5
#Header 
#Target 95 232 0
#Product 91 220 0
#Datapoints 22
1000000 0
30000000 0
35000000 3.557056917428E-14
40000000 2.542890539686E-12
45000000 6.101893048754E-11
50000000 2.852993748425E-9
55000000 4.4549609884E-8
60000000 2.46086509221E-7
65000000 9.3802819365E-7
70000000 2.4637316742E-6
75000000 4.096260909E-6
80000000 5.6454359247E-6
90000000 6.473860716E-6
100000000 6.2434395696E-6
110000000 7.010544059709E-6
120000000 7.830111168E-6
130000000 8.063170984282E-6
140000000 9.5000660345E-6
150000000 1.0379829644923E-5
160000000 1.10085229709E-5
180000000 1.1723120536957E-5
200000000 1.28866429016E-5
#Header 
#Target 95 232 0
#Product 91 221 0
#Datapoints 26
1000000 0
22000000 0
24000000 2.33608711854E-15
26000000 1.151591860437E-13
28000000 1.34761244887E-12
30000000 4.61410414173E-12
35000000 2.287160047096E-11
40000000 9.69949260343E-10
45000000 2.536116005644E-8
50000000 3.1644217292446E-7
55000000 2.782870025E-6
60000000 1.1729586979089E-5
65000000 2.342126724E-5
70000000 2.9519466706E-5
75000000 2.8931396715E-5
80000000 2.6246680824E-5
90000000 2.3677952752E-5
100000000 2.7552410352E-5
110000000 3.433340674539E-5
120000000 4.315726624E-5
130000000 5.219927821478E-5
140000000 6.0908849575E-5
150000000 6.770384900733E-5
160000000 7.3392025343E-5
180000000 8.574619926903E-5
200000000 8.86227778E-5
#Header 
#Target 95 232 0
#Product 91 222 0
#Datapoints 35
1000000 0
12000000 0
13000000 7.84843377362E-16
14000000 7.92038403122E-14
15000000 2.22286410034E-12
16000000 4.7206289400003E-11
17000000 5.5539347393E-10
18000000 4.137132388356E-9
19000000 1.96875460254E-8
20000000 6.590159461752E-8
22000000 2.519933645924E-7
24000000 4.30520696498E-7
26000000 5.26718593596E-7
28000000 5.634673779105E-7
30000000 5.923422323379E-7
35000000 6.401761771022E-7
40000000 6.9584226370694E-7
45000000 9.660347404662E-7
50000000 2.0625719458608E-6
55000000 3.8982693204E-6
60000000 4.744415492271E-6
65000000 4.8532886205E-6
70000000 4.3346732906E-6
75000000 4.353471785E-6
80000000 4.6857809778E-6
90000000 5.8354215256E-6
100000000 8.3203870416E-6
110000000 1.2013664926744E-5
120000000 1.53752463744E-5
130000000 1.833954706693E-5
140000000 2.0628801125E-5
150000000 2.313141186164E-5
160000000 2.46867348E-5
180000000 2.759076363082E-5
200000000 2.8542639064E-5
#Header 
#Target 95 232 0
#Product 91 223 0
#Datapoints 38
1000000 0
9000000 0
10000000 1.998776723034E-16
11000000 1.209631091235E-13
12000000 1.0472715896214E-11
13000000 3.0162338428134E-10
14000000 4.0973070833292E-9
15000000 3.2810223268385E-8
16000000 1.7807413411671E-7
17000000 7.0284937691E-7
18000000 2.022230640596E-6
19000000 2.745439567605E-6
20000000 4.881694250972E-6
22000000 1.0268683231008E-5
24000000 1.72828426535E-5
26000000 2.4615668187339E-5
28000000 2.978726295041E-5
30000000 4.091510159181E-5
35000000 7.733305064186E-5
40000000 0.00012150031255628
45000000 0.000167480075977
50000000 0.00019918273246958
55000000 0.00025923971606
60000000 0.0002730418995906
65000000 0.00031941931755
70000000 0.00032520054987
75000000 0.00035924306535
80000000 0.00035754396483
90000000 0.00037376788088
100000000 0.00038638986888
110000000 0.0003938513452731
120000000 0.00039503719552
130000000 0.0003956356553666
140000000 0.0003896357208
150000000 0.0003820649712582
160000000 0.00037623074671
180000000 0.0003600395120312
200000000 0.00034231007156
#Header 
#Target 95 232 0
#Product 91 224 0
#Datapoints 42
1000000 0
5000000 0
6000000 1.5580506029253E-15
7000000 2.8868291146045E-13
8000000 1.4930501902425E-11
9000000 3.10002264E-10
10000000 3.8034807686992E-9
11000000 2.962204172571E-8
12000000 1.4773796874954E-7
13000000 4.900730129306E-7
14000000 1.1733200923878E-6
15000000 2.226098701786E-6
16000000 3.6114647861727E-6
17000000 5.284100999E-6
18000000 7.180495359364E-6
19000000 8.63117771556E-6
20000000 1.0217909236656E-5
22000000 1.2863413745668E-5
24000000 1.52959996146E-5
26000000 1.6745935277355E-5
28000000 1.768626335098E-5
30000000 1.931010434892E-5
35000000 2.2899118881152E-5
40000000 2.5543013794074E-5
45000000 2.649275594032E-5
50000000 2.9425611535078E-5
55000000 2.9576970722E-5
60000000 2.944009038159E-5
65000000 2.8569726435E-5
70000000 2.850061696E-5
75000000 2.805150673E-5
80000000 2.8482514008E-5
90000000 2.8668419192E-5
100000000 2.951437236E-5
110000000 3.01428460028E-5
120000000 3.0370476224E-5
130000000 3.057228789778E-5
140000000 3.054931226E-5
150000000 3.013120366683E-5
160000000 2.9691662273E-5
180000000 2.917936432125E-5
200000000 2.864272082E-5
#Header 
#Target 95 232 0
#Product 91 225 0
#Datapoints 23
1000000 0
28000000 0
30000000 3.406139846199E-17
35000000 2.596715161746E-14
40000000 4.174210508776E-12
45000000 2.116290385402E-10
50000000 6.5805319690364E-9
55000000 9.0254031686E-8
60000000 4.617272221758E-7
65000000 1.393922217E-6
70000000 2.6257035058E-6
75000000 4.075967909E-6
80000000 5.4647662836E-6
90000000 7.825572828E-6
100000000 9.822614064E-6
110000000 1.1377263876419E-5
120000000 1.24141489472E-5
130000000 1.3274370776226E-5
140000000 1.392126675E-5
150000000 1.4293663729152E-5
160000000 1.470316757E-5
180000000 1.5125964126261E-5
200000000 1.5311946594E-5
#Header 
#Target 95 232 0
#Product 91 226 0
#Datapoints 23
1000000 0
28000000 0
30000000 8.79086951514E-17
35000000 4.354702012852E-13
40000000 1.675652081747E-10
45000000 8.1998944527636E-9
50000000 9.4398920042908E-8
55000000 4.3050224672E-7
60000000 1.0461087246393E-6
65000000 1.8838131015E-6
70000000 2.7226222721E-6
75000000 3.4926876595E-6
80000000 4.0522392339E-6
90000000 4.9432048776E-6
100000000 5.5247153808E-6
110000000 5.961432948992E-6
120000000 6.24379712E-6
130000000 6.502997252006E-6
140000000 6.6169200025E-6
150000000 6.650906833102E-6
160000000 6.7871802635E-6
180000000 6.828771792608E-6
200000000 6.7642966596E-6
#Header 
#Target 95 232 0
#Product 92 217 0
#Datapoints 16
1000000 0
60000000 0
65000000 1.34275716E-15
70000000 6.890308012E-13
75000000 6.91118701E-11
80000000 1.8474978834E-9
90000000 1.28919195608E-7
100000000 1.8954233976E-6
110000000 9.234958694528E-6
120000000 1.39485077248E-5
130000000 1.947646536474E-5
140000000 1.893690005E-5
150000000 2.25878377312E-5
160000000 2.4967993596E-5
180000000 2.250957626526E-5
200000000 2.3455331728E-5
#Header 
#Target 95 232 0
#Product 92 218 0
#Datapoints 18
1000000 0
50000000 0
55000000 1.472826992E-16
60000000 6.88149561078E-14
65000000 6.100644405E-12
70000000 3.540792368E-10
75000000 1.10988403435E-8
80000000 1.6189156308E-7
90000000 4.4211293016E-6
100000000 2.092987764E-5
110000000 3.357772399E-5
120000000 3.6921451776E-5
130000000 4.239726251943E-5
140000000 4.9280889855E-5
150000000 4.872315301892E-5
160000000 5.0843111046E-5
180000000 5.507326042198E-5
200000000 5.727379286E-5
#Header 
#Target 95 232 0
#Product 92 219 0
#Datapoints 19
1000000 0
45000000 0
50000000 1.107008721268E-13
55000000 2.790955154E-12
60000000 4.90940302419E-11
65000000 2.2345964385E-9
70000000 3.7900421129E-8
75000000 3.993589925E-7
80000000 1.08403957467E-6
90000000 3.618738456E-6
100000000 4.4337435792E-6
110000000 4.117284838584E-6
120000000 5.9196948096E-6
130000000 6.936173579435E-6
140000000 7.532449756E-6
150000000 9.07882631904E-6
160000000 9.7118352604E-6
180000000 1.1826679764262E-5
200000000 1.11144936352E-5
#Header 
#Target 95 232 0
#Product 92 220 0
#Datapoints 21
1000000 0
35000000 0
40000000 1.175611364858E-13
45000000 7.481759279004E-12
50000000 1.722669194266E-11
55000000 2.9441960834E-10
60000000 1.1452023433746E-8
65000000 1.537324872E-7
70000000 8.4782995323E-7
75000000 1.947440937E-6
80000000 3.3335323242E-6
90000000 3.1538133816E-6
100000000 2.933281224E-6
110000000 4.202116982614E-6
120000000 5.4089392192E-6
130000000 7.495086548306E-6
140000000 7.2672200825E-6
150000000 8.838386392876E-6
160000000 1.00432136623E-5
180000000 1.0991067853393E-5
200000000 1.2166955206E-5
#Header 
#Target 95 232 0
#Product 92 221 0
#Datapoints 23
1000000 0
28000000 0
30000000 5.60234564937E-14
35000000 3.2262738549158E-10
40000000 5.7955640305878E-10
45000000 3.9298936523766E-10
50000000 1.5527275394746E-9
55000000 3.427769722E-8
60000000 3.984676821783E-7
65000000 1.5313853895E-6
70000000 2.9662979261E-6
75000000 3.701950525E-6
80000000 3.3995280111E-6
90000000 2.50587428E-6
100000000 3.6938026368E-6
110000000 5.668676468085E-6
120000000 6.6544521472E-6
130000000 7.733664143009E-6
140000000 9.4081319315E-6
150000000 9.552048691713E-6
160000000 1.1315609942E-5
180000000 1.2173763531356E-5
200000000 1.333878989E-5
#Header 
#Target 95 232 0
#Product 92 222 0
#Datapoints 27
1000000 0
20000000 0
22000000 3.89744339648E-12
24000000 1.2349666288395E-10
26000000 3.869587647111E-10
28000000 4.575560593875E-10
30000000 4.165671348243E-10
35000000 4.2667111402628E-10
40000000 1.0962980469924E-9
45000000 1.4998983337202E-8
50000000 1.5943042821366E-7
55000000 7.8633611394E-7
60000000 1.801134274716E-6
65000000 2.582863224E-6
70000000 2.3620626217E-6
75000000 2.1322478385E-6
80000000 1.8521672013E-6
90000000 2.7845876696E-6
100000000 5.3574042432E-6
110000000 7.353176018394E-6
120000000 8.5846470336E-6
130000000 1.0454554534839E-5
140000000 1.06424793195E-5
150000000 1.204693452336E-5
160000000 1.31117197848E-5
180000000 1.5528810427373E-5
200000000 1.6505213404E-5
#Header 
#Target 95 232 0
#Product 92 223 0
#Datapoints 35
1000000 0
12000000 0
13000000 1.9241333857526E-11
14000000 6.384862001602E-10
15000000 5.1806857342795E-9
16000000 1.8359095359054E-8
17000000 3.4794608191E-8
18000000 4.899288642416E-8
19000000 5.97876856851E-8
20000000 7.458708947478E-8
22000000 1.1236031873684E-7
24000000 1.5891836855875E-7
26000000 1.9797493130115E-7
28000000 2.297683072979E-7
30000000 2.6979122386539E-7
35000000 3.6406926884042E-7
40000000 4.4987380249994E-7
45000000 6.1978413661152E-7
50000000 9.969309656258E-7
55000000 1.5073056128E-6
60000000 1.479907518138E-6
65000000 1.3471496145E-6
70000000 1.37295181278E-6
75000000 1.418437215E-6
80000000 1.6545363627E-6
90000000 4.4221361976E-6
100000000 6.726179484E-6
110000000 6.377851116302E-6
120000000 8.3519161792E-6
130000000 9.512360964932E-6
140000000 1.02637939105E-5
150000000 1.0335172802776E-5
160000000 1.1302828446E-5
180000000 1.3193152054279E-5
200000000 1.35965472512E-5
#Header 
#Target 95 232 0
#Product 92 224 0
#Datapoints 43
1000000 0
4000000 0
5000000 5.905693604304E-12
6000000 6.871114190985E-10
7000000 1.368458368693E-8
8000000 1.0046774172105E-7
9000000 3.573649728E-7
10000000 1.0280827342887E-6
11000000 2.478929324669E-6
12000000 4.830957569022E-6
13000000 7.624938981022E-6
14000000 1.0228931732684E-5
15000000 1.2486392759165E-5
16000000 1.450574937036E-5
17000000 1.6449632172E-5
18000000 1.835103503436E-5
19000000 1.87416537315E-5
20000000 1.977498988432E-5
22000000 2.1282679932664E-5
24000000 2.279875769589E-5
26000000 2.1437645201493E-5
28000000 2.1168762859775E-5
30000000 2.1879359964828E-5
35000000 2.4036121702264E-5
40000000 2.5337522479206E-5
45000000 2.4418231054588E-5
50000000 2.2615395524676E-5
55000000 2.305006964E-5
60000000 2.07708432372E-5
65000000 2.0116639155E-5
70000000 1.8364848502E-5
75000000 1.785499898E-5
80000000 1.719133767E-5
90000000 1.5943572664E-5
100000000 1.519063452E-5
110000000 1.4827814134316E-5
120000000 1.39824607296E-5
130000000 1.4269842306693E-5
140000000 1.4935625089E-5
150000000 1.5326286786886E-5
160000000 1.50342742004E-5
180000000 1.658413509869E-5
200000000 1.6973852784E-5
#Header 
#Target 95 232 0
#Product 92 225 0
#Datapoints 45
1000000 0
2000000 0
3000000 2.28808470384E-12
4000000 1.886450211E-11
5000000 1.0469263766598E-11
6000000 6.110118075468E-11
7000000 2.6118772549155E-10
8000000 1.0863695410785E-9
9000000 5.418339696E-9
10000000 2.9528893758831E-8
11000000 1.1032070321909E-7
12000000 2.405012067861E-7
13000000 3.281639002576E-7
14000000 3.5827793054576E-7
15000000 3.836978383587E-7
16000000 4.1649548995656E-7
17000000 4.5017823221E-7
18000000 4.895626073488E-7
19000000 5.142877883805E-7
20000000 5.76229755551E-7
22000000 9.172513751724E-7
24000000 3.71240275926E-6
26000000 3.516994300182E-6
28000000 1.0550520357665E-6
30000000 7.212984290073E-7
35000000 7.260470089062E-7
40000000 7.272313792338E-7
45000000 6.69307968473E-7
50000000 7.3789269407218E-7
55000000 7.0663657662E-7
60000000 8.069261481477E-7
65000000 8.363991096E-7
70000000 1.23960822598E-6
75000000 1.565674526E-6
80000000 2.0423528502E-6
90000000 2.3409157288E-6
100000000 2.7108579312E-6
110000000 3.139331627749E-6
120000000 3.9500756416E-6
130000000 5.157632206107E-6
140000000 5.9086438165E-6
150000000 6.804640401557E-6
160000000 7.8855225449E-6
180000000 9.071789960819E-6
200000000 9.9054773488E-6
#Header 
#Target 95 232 0
#Product 92 226 0
#Datapoints 35
1000000 0
12000000 0
13000000 1.136477544224E-16
14000000 2.413282335874E-15
15000000 3.331647257395E-14
16000000 3.21535673589E-13
17000000 2.324240051E-12
18000000 1.332847660766E-11
19000000 5.953787327025E-11
20000000 2.345721765562E-10
22000000 2.513200935976E-9
24000000 1.438479492573E-8
26000000 7.842430115817E-8
28000000 2.73116813052E-7
30000000 6.008771521584E-7
35000000 1.3189661485058E-6
40000000 1.9251283531732E-6
45000000 2.9396763075312E-6
50000000 5.7270655541598E-6
55000000 7.2128662866E-6
60000000 1.0192437093447E-5
65000000 1.19127825585E-5
70000000 1.4123272019E-5
75000000 1.5269192445E-5
80000000 1.6455376899E-5
90000000 1.7552363632E-5
100000000 1.837847604E-5
110000000 1.923646851304E-5
120000000 1.9916419072E-5
130000000 2.064393340222E-5
140000000 2.1135262085E-5
150000000 2.162324204482E-5
160000000 2.1888707204E-5
180000000 2.253300714847E-5
200000000 2.2408472976E-5
#Header 
#Target 95 232 0
#Product 92 227 0
#Datapoints 34
1000000 0
13000000 0
14000000 1.612443048794E-16
15000000 4.076864008405E-15
16000000 6.684003878061E-14
17000000 8.146292753E-13
18000000 7.33859721729E-12
19000000 4.977279834165E-11
20000000 2.895440980118E-10
22000000 5.78500269618E-9
24000000 6.203343951415E-8
26000000 3.691107182853E-7
28000000 1.361348920041E-6
30000000 3.7399783693491E-6
35000000 1.7882166023022E-5
40000000 4.2032858777014E-5
45000000 7.081925354964E-5
50000000 9.888187861188E-5
55000000 0.00012979719298
60000000 0.0001522293428313
65000000 0.0001766279754
70000000 0.00019203809008
75000000 0.0002088946925
80000000 0.00021663299658
90000000 0.00022766345728
100000000 0.00023429671344
110000000 0.0002359451795033
120000000 0.00023398767744
130000000 0.0002309156152705
140000000 0.00022605241355
150000000 0.000219696463554
160000000 0.00021424900315
180000000 0.0002015446745597
200000000 0.00018831173368
#Header 
#Target 95 232 0
#Product 93 224 0
#Datapoints 22
1000000 0
30000000 0
35000000 6.11863426616E-14
40000000 4.139501869902E-12
45000000 6.102061968874E-11
50000000 2.282599139866E-9
55000000 3.2891190046E-8
60000000 1.739775623796E-7
65000000 7.554877035E-7
70000000 1.8144910526E-6
75000000 3.450073809E-6
80000000 5.5853186415E-6
90000000 5.076960332E-6
100000000 6.0168083448E-6
110000000 5.157898337589E-6
120000000 5.8408397696E-6
130000000 7.110668718075E-6
140000000 7.2982263535E-6
150000000 6.953542602075E-6
160000000 7.3568413282E-6
180000000 8.202218933855E-6
200000000 8.306199236E-6
#Header 
#Target 95 232 0
#Product 93 225 0
#Datapoints 27
1000000 0
20000000 0
22000000 1.833179199196E-17
24000000 6.00177949225E-15
26000000 2.767083941793E-13
28000000 3.07078332922E-12
30000000 1.014298564986E-11
35000000 3.464322683082E-11
40000000 4.5289663983172E-10
45000000 9.164980706756E-9
50000000 1.0909748939716E-7
55000000 9.158820684E-7
60000000 3.25438235073E-6
65000000 7.208753199E-6
70000000 8.3726311074E-6
75000000 8.635344068E-6
80000000 8.2890029937E-6
90000000 7.9944735296E-6
100000000 9.3127004688E-6
110000000 1.1868927179666E-5
120000000 1.57037755776E-5
130000000 1.726294282398E-5
140000000 2.005326386E-5
150000000 2.32557081372E-5
160000000 2.3773549618E-5
180000000 2.835821162325E-5
200000000 2.8938306576E-5
#Header 
#Target 95 232 0
#Product 93 226 0
#Datapoints 36
1000000 0
11000000 0
12000000 3.92224851096E-18
13000000 1.702361963192E-15
14000000 1.679305075016E-13
15000000 4.47527772974E-12
16000000 9.3800578867659E-11
17000000 1.0879981922E-9
18000000 7.988464149845E-9
19000000 3.7462028997E-8
20000000 1.2324839623478E-7
22000000 4.57223584398E-7
24000000 7.71902907739E-7
26000000 9.398596653366E-7
28000000 1.0021777561245E-6
30000000 1.0517402146248E-6
35000000 1.1341386600512E-6
40000000 1.2316610415004E-6
45000000 1.6328376235596E-6
50000000 3.1019769030024E-6
55000000 5.785797875E-6
60000000 7.311503832633E-6
65000000 7.968330792E-6
70000000 7.8644164984E-6
75000000 7.913577139E-6
80000000 7.8471841227E-6
90000000 9.7923748224E-6
100000000 1.31840590296E-5
110000000 1.757874635777E-5
120000000 2.1223599232E-5
130000000 2.474504368755E-5
140000000 2.7449720565E-5
150000000 3.035439740251E-5
160000000 3.1747457196E-5
180000000 3.506005431468E-5
200000000 3.6082723292E-5
#Header 
#Target 95 232 0
#Product 93 227 0
#Datapoints 38
1000000 0
9000000 0
10000000 5.88545289359E-16
11000000 3.47165598276E-13
12000000 2.987030456046E-11
13000000 8.530014892806E-10
14000000 1.1462748642836E-8
15000000 9.08357494834E-8
16000000 4.8831607933362E-7
17000000 1.8990850615E-6
18000000 5.387079655902E-6
19000000 6.83834444268E-6
20000000 1.214326275414E-5
22000000 2.584963915328E-5
24000000 4.435436393495E-5
26000000 6.433055120778E-5
28000000 7.94468024618E-5
30000000 0.00011092435271406
35000000 0.00021457928547378
40000000 0.00034092450740642
45000000 0.0004721722762288
50000000 0.00056835553034044
55000000 0.00074206288884
60000000 0.0007880701719996
65000000 0.00092401811865
70000000 0.00094552122554
75000000 0.00104320529495
80000000 0.00103789048428
90000000 0.00107363138872
100000000 0.00109533817752
110000000 0.0011023661168276
120000000 0.0010920265312
130000000 0.0010806424701879
140000000 0.00105660006905
150000000 0.0010293024587154
160000000 0.00100356897095
180000000 0.0009495283800253
200000000 0.00089030745772
#Header 
#Target 95 232 0
#Product 93 228 0
#Datapoints 43
1000000 0
4000000 0
5000000 8.1305945721E-18
6000000 8.681433630375E-15
7000000 1.5500548032125E-12
8000000 7.78919366223E-11
9000000 1.5773164704E-9
10000000 1.8949854632366E-8
11000000 1.447140748438E-7
12000000 7.0820186502E-7
13000000 2.3075566708612E-6
14000000 5.4306504093886E-6
15000000 1.0168991916275E-5
16000000 1.6356681498747E-5
17000000 2.3829945897E-5
18000000 3.226120524352E-5
19000000 3.86800922151E-5
20000000 4.570912654996E-5
22000000 5.737709184252E-5
24000000 6.8149114815E-5
26000000 7.457031996501E-5
28000000 7.8682174539E-5
30000000 8.597548392507E-5
35000000 0.00010202472178692
40000000 0.00011400285618316
45000000 0.00011769686727126
50000000 0.00013163321155666
55000000 0.00013148829044
60000000 0.0001315932187059
65000000 0.000126849679035
70000000 0.000126408320231
75000000 0.000122709553265
80000000 0.000123443610186
90000000 0.0001209606286
100000000 0.000120886802616
110000000 0.00012039712858127
120000000 0.000118697868608
130000000 0.00011733606846412
140000000 0.00011528255149
150000000 0.00011228281680699
160000000 0.000109165258475
180000000 0.00010479844236254
200000000 0.000100815091504
#Header 
#Target 95 232 0
#Product 93 229 0
#Datapoints 23
1000000 0
28000000 0
30000000 5.45251952763E-17
35000000 3.084869942544E-14
40000000 4.63512645449E-12
45000000 3.3446420248168E-10
50000000 1.4285854323516E-8
55000000 1.9136474994E-7
60000000 9.29026850976E-7
65000000 2.6999045745E-6
70000000 5.0058196906E-6
75000000 7.665387951E-6
80000000 1.01501984298E-5
90000000 1.44117222808E-5
100000000 1.8005654832E-5
110000000 2.078869038736E-5
120000000 2.2743898496E-5
130000000 2.445782377302E-5
140000000 2.549121092E-5
150000000 2.620771178173E-5
160000000 2.7119320319E-5
180000000 2.783966523677E-5
200000000 2.8189738052E-5
#Header 
#Target 95 232 0
#Product 93 230 0
#Datapoints 23
1000000 0
28000000 0
30000000 1.562107665096E-16
35000000 7.80062688912E-13
40000000 3.0433237242128E-10
45000000 1.5016897315928E-8
50000000 1.7352598412372E-7
55000000 7.9396224518E-7
60000000 1.937036697498E-6
65000000 3.4994891535E-6
70000000 5.0826123167E-6
75000000 6.550971765E-6
80000000 7.6339238547E-6
90000000 9.3979156864E-6
100000000 1.05923380752E-5
110000000 1.1494224415333E-5
120000000 1.20995885824E-5
130000000 1.2646384633242E-5
140000000 1.2926512079E-5
150000000 1.3057185567494E-5
160000000 1.33699521228E-5
180000000 1.355653850556E-5
200000000 1.35108138596E-5
#Header 
#Target 95 232 0
#Product 94 228 0
#Datapoints 43
1000000 0
4000000 0
5000000 2.2881757743E-11
6000000 2.3356415963958E-9
7000000 4.0744055019395E-8
8000000 2.7453009271095E-7
9000000 9.364278528E-7
10000000 2.7011461283993E-6
11000000 6.519786416815E-6
12000000 1.2677833732044E-5
13000000 1.9836841142888E-5
14000000 2.6391446473316E-5
15000000 3.207360570998E-5
16000000 3.7208014354626E-5
17000000 4.2187657709E-5
18000000 4.69986697997E-5
19000000 4.7548666683E-5
20000000 5.015808980238E-5
22000000 5.398639362532E-5
24000000 5.7841161936E-5
26000000 5.245650945927E-5
28000000 5.17358502703E-5
30000000 5.359275675441E-5
35000000 5.884857379576E-5
40000000 6.2054208428548E-5
45000000 5.9044769491106E-5
50000000 5.1540900185078E-5
55000000 5.5889297464E-5
60000000 4.744914362685E-5
65000000 4.844181414E-5
70000000 4.1336085565E-5
75000000 4.089917897E-5
80000000 3.5193014103E-5
90000000 2.9740854968E-5
100000000 2.566869864E-5
110000000 2.251870303082E-5
120000000 2.0125393024E-5
130000000 1.813424038046E-5
140000000 1.6500263385E-5
150000000 1.5021931991868E-5
160000000 1.38703723977E-5
180000000 1.1857341078357E-5
200000000 1.02617328836E-5
#Header 
#Target 95 232 0
#Product 94 229 0
#Datapoints 45
1000000 0
2000000 0
3000000 2.10879066528E-12
4000000 1.7148656205E-11
5000000 9.430089163794E-12
6000000 5.579518752126E-11
7000000 2.7050577249475E-10
8000000 1.538494644798E-9
9000000 1.0121634864E-8
10000000 6.044777389601E-8
11000000 2.212663473363E-7
12000000 4.603096520802E-7
13000000 6.029420197746E-7
14000000 6.350546196884E-7
15000000 6.539261065682E-7
16000000 6.848318388825E-7
17000000 7.1484873503E-7
18000000 7.568122066914E-7
19000000 7.770552426135E-7
20000000 8.433785016654E-7
22000000 1.1672479176212E-6
24000000 3.69216250219E-6
26000000 3.5370301557E-6
28000000 1.345383532597E-6
30000000 1.0801954297584E-6
35000000 1.2844763357318E-6
40000000 1.2080934644156E-6
45000000 1.2515241014764E-6
50000000 1.3302817591766E-6
55000000 1.3429516932E-6
60000000 1.409613784803E-6
65000000 1.17372238215E-6
70000000 1.3337370587E-6
75000000 1.1320534121E-6
80000000 1.40036627757E-6
90000000 1.26489738632E-6
100000000 1.03174997784E-6
110000000 1.0255956659871E-6
120000000 1.02909761856E-6
130000000 9.803141470438E-7
140000000 9.079433575E-7
150000000 8.032602393038E-7
160000000 6.866726958E-7
180000000 4.89143183848E-7
200000000 3.6158024916E-7
#Header 
#Target 95 232 0
#Product 94 230 0
#Datapoints 35
1000000 0
12000000 0
13000000 1.492104233026E-16
14000000 2.545530755804E-15
15000000 3.04058750336E-14
16000000 2.682992633724E-13
17000000 1.83373731E-12
18000000 1.010864677725E-11
19000000 4.39473830328E-11
20000000 1.7059705419094E-10
22000000 1.7863222878428E-9
24000000 9.68551719901E-9
26000000 5.277546964608E-8
28000000 1.839600259318E-7
30000000 4.057346983905E-7
35000000 9.054037553346E-7
40000000 1.356693702217E-6
45000000 2.1483142617516E-6
50000000 4.588042643832E-6
55000000 5.4867186998E-6
60000000 8.048622224349E-6
65000000 9.1703544465E-6
70000000 1.1114308161E-5
75000000 1.18863826835E-5
80000000 1.30172911713E-5
90000000 1.39336160224E-5
100000000 1.45083884784E-5
110000000 1.4821136982342E-5
120000000 1.49959957312E-5
130000000 1.5147043637181E-5
140000000 1.5169478704E-5
150000000 1.5154287127327E-5
160000000 1.51643407461E-5
180000000 1.5169407720908E-5
200000000 1.49757237024E-5
#Header 
#Target 95 232 0
#Product 94 231 0
#Datapoints 35
1000000 0
12000000 0
13000000 9.50269613744E-18
14000000 2.801344291986E-16
15000000 6.76752574006E-15
16000000 1.10550269124E-13
17000000 1.353054504E-12
18000000 1.22703303093E-11
19000000 8.379526003005E-11
20000000 4.910647911294E-10
22000000 9.835497472268E-9
24000000 1.067949563948E-7
26000000 6.418969438335E-7
28000000 2.3890873676995E-6
30000000 6.610437355941E-6
35000000 3.207066587802E-5
40000000 7.635057060554E-5
45000000 0.0001298776126644
50000000 0.00018314628050156
55000000 0.00024259522014
60000000 0.000286603462845
65000000 0.00033468122235
70000000 0.00036633811088
75000000 0.00040077906765
80000000 0.00041824687125
90000000 0.00044312394528
100000000 0.00045891110856
110000000 0.0004649750115537
120000000 0.00046343430848
130000000 0.0004593982145841
140000000 0.0004507578145
150000000 0.0004397831213452
160000000 0.00042996178407
180000000 0.0004071880223351
200000000 0.00038253730044
#Header 
#Target 95 232 0
#Product 95 230 0
#Datapoints 36
1000000 0
11000000 0
12000000 2.32188126768E-17
13000000 8.30164675384E-15
14000000 6.78796835454E-13
15000000 9.919607562715E-12
16000000 2.0318252551224E-10
17000000 2.298166015E-9
18000000 1.644468819055E-8
19000000 7.502604955035E-8
20000000 2.38614976933E-7
22000000 8.320108043028E-7
24000000 1.373135730896E-6
26000000 1.6593947765526E-6
28000000 1.9160633920985E-6
30000000 2.0054974350708E-6
35000000 2.1537913377002E-6
40000000 2.3155569717182E-6
45000000 2.6391539004416E-6
50000000 2.994346896671E-6
55000000 4.1022969624E-6
60000000 4.143416423517E-6
65000000 5.1587582445E-6
70000000 5.2179487132E-6
75000000 5.8919203525E-6
80000000 5.8594381989E-6
90000000 6.126145964E-6
100000000 6.3139933464E-6
110000000 6.419624108515E-6
120000000 6.480848E-6
130000000 6.543832779762E-6
140000000 6.5938354015E-6
150000000 6.593678893313E-6
160000000 6.6146580682E-6
180000000 6.6427625686E-6
200000000 6.6370773192E-6
#Header 
#Target 95 232 0
#Product 95 231 0
#Datapoints 38
1000000 0
9000000 0
10000000 9.14505953833E-16
11000000 5.14387454084E-13
12000000 4.375611522282E-11
13000000 1.2295769818618E-9
14000000 1.6204461505522E-8
15000000 1.2593094213205E-7
16000000 6.636381318039E-7
17000000 2.5183217283E-6
18000000 6.937015658508E-6
19000000 7.73358109146E-6
20000000 1.3434997432862E-5
22000000 2.79881930684E-5
24000000 4.751669252675E-5
26000000 6.802222404345E-5
28000000 8.23360173044E-5
30000000 0.00011535013646388
35000000 0.00022415797102144
40000000 0.000357570781764
45000000 0.00049653300687454
50000000 0.00059899993244478
55000000 0.00080851928742
60000000 0.0008345417585652
65000000 0.00100342564515
70000000 0.00100590322192
75000000 0.00113107311525
80000000 0.00110597029218
90000000 0.00114087922648
100000000 0.00115904579784
110000000 0.0011626762842585
120000000 0.00114766499584
130000000 0.0011310842302246
140000000 0.0011030701959
150000000 0.0010742351675301
160000000 0.00104388536707
180000000 0.0009853390470532
200000000 0.00091979679232
#Header 
#Target 95 232 0
#Product 95 232 0
#Datapoints 43
1000000 0
4000000 0
5000000 1.40296060827E-17
6000000 9.406483478601E-15
7000000 1.4306984998085E-12
8000000 6.74339574375E-11
9000000 1.3171523904E-9
10000000 1.5425288547295E-8
11000000 1.1540964460354E-7
12000000 5.549555954748E-7
13000000 1.7766109348702E-6
14000000 4.1184850554614E-6
15000000 7.640456425685E-6
16000000 1.2253076700609E-5
17000000 1.7834170713E-5
18000000 2.413827062886E-5
19000000 2.89691806545E-5
20000000 3.42723119029E-5
22000000 4.3155160584E-5
24000000 5.164271288355E-5
26000000 5.678325894948E-5
28000000 6.018894543305E-5
30000000 6.609442692195E-5
35000000 7.946702343222E-5
40000000 8.963019761542E-5
45000000 9.275707845416E-5
50000000 0.00010517671604718
55000000 0.000105065629422
60000000 0.00010660905332217
65000000 0.000102066132615
70000000 0.000101375962317
75000000 9.517715597E-5
80000000 9.2840451327E-5
90000000 8.3140516408E-5
100000000 7.518281544E-5
110000000 6.821125064E-5
120000000 6.1565076672E-5
130000000 5.616572092781E-5
140000000 5.0925901875E-5
150000000 4.645431828969E-5
160000000 4.262810097E-5
180000000 3.618105965953E-5
200000000 3.0748575864E-5
#Header 
#Target 95 232 0
#Product 96 232 0
#Datapoints 44
1000000 0
3000000 0
4000000 3.004136955E-14
5000000 2.914306645536E-11
6000000 2.3648348960973E-9
7000000 3.633168008964E-8
8000000 2.25059887134E-7
9000000 7.53222096E-7
10000000 2.1844109223647E-6
11000000 5.301467845443E-6
12000000 1.0272847987662E-5
13000000 1.5905750532738E-5
14000000 2.0978097414228E-5
15000000 2.540519984132E-5
16000000 2.9485683654396E-5
17000000 3.3444565937E-5
18000000 3.724776096537E-5
19000000 3.7844074182E-5
20000000 3.992353115994E-5
22000000 4.302400009124E-5
24000000 4.615715003675E-5
26000000 4.143311063556E-5
28000000 4.086363525525E-5
30000000 4.240200641211E-5
35000000 4.6698779895838E-5
40000000 4.9377385220506E-5
45000000 4.6852959830106E-5
50000000 3.908257554755E-5
55000000 4.466162506E-5
60000000 3.622695726384E-5
65000000 3.878741226E-5
70000000 3.1660685029E-5
75000000 3.284546707E-5
80000000 2.7072022302E-5
90000000 2.2990151248E-5
100000000 1.9964121984E-5
110000000 1.763216037416E-5
120000000 1.57919215872E-5
130000000 1.4331799207757E-5
140000000 1.30796451915E-5
150000000 1.1987244017074E-5
160000000 1.10944488837E-5
180000000 9.61236731356E-6
200000000 8.3924067248E-6
#Header 
#Target 95 232 0
#Product 96 233 0
#Datapoints 44
1000000 0
3000000 0
4000000 3.7890768564E-15
5000000 5.614720094646E-14
6000000 3.8967694948644E-12
7000000 1.0905475404785E-10
8000000 1.620686567277E-9
9000000 1.4932733904E-8
10000000 9.1238241554E-8
11000000 2.985434686157E-7
12000000 5.579830462596E-7
13000000 6.876435785318E-7
14000000 7.03668004181E-7
15000000 7.0424629789625E-7
16000000 7.1652811585767E-7
17000000 7.2332580898E-7
18000000 7.445889624146E-7
19000000 7.43930957871E-7
20000000 7.716169669792E-7
22000000 8.19428503174E-7
24000000 8.918579624365E-7
26000000 9.291270986088E-7
28000000 9.5387129069E-7
30000000 1.0342122031008E-6
35000000 1.2514299434924E-6
40000000 1.3158422128558E-6
45000000 1.4519959660906E-6
50000000 1.5916232286818E-6
55000000 1.6681655016E-6
60000000 1.748448015993E-6
65000000 1.4448412755E-6
70000000 1.680657859E-6
75000000 1.40401048645E-6
80000000 1.7511848874E-6
90000000 1.568263404E-6
100000000 1.27877862408E-6
110000000 1.2551735556001E-6
120000000 1.2433707264E-6
130000000 1.1742023978756E-6
140000000 1.0766558639E-6
150000000 9.396694797273E-7
160000000 7.9344776511E-7
180000000 5.477767842872E-7
200000000 3.4642803748E-7
