#Header 
#Target 80 185 0
#Product 0 1 0
#Datapoints 40
1000000 0
7000000 0
8000000 0.003837299466
9000000 0.015621826762
10000000 0.05895309455
11000000 0.129109514103
12000000 0.2216183828352
13000000 0.3292073931
14000000 0.4419044874218
15000000 0.5555084348463
16000000 0.6665395493564
17000000 0.7701967478963
18000000 0.862252535881
19000000 0.945527349036
20000000 1.044512038692
22000000 1.245564845272
24000000 1.42840062285
26000000 1.59838090645
28000000 1.7850833627
30000000 1.9563291807
35000000 2.4355030128
40000000 2.7989727571
45000000 3.07569616137
50000000 3.28586552421
55000000 3.46701708
60000000 3.62370672909
65000000 3.79764101026
70000000 3.92789437062
75000000 4.0746149307
80000000 4.19307747012
90000000 4.41692782875
100000000 4.63262494474
110000000 4.85527498048
120000000 5.0574165952
130000000 5.24986176368
140000000 5.43213118672
150000000 5.60289637542
160000000 5.77297350084
180000000 6.29079076299
200000000 6.89935961034
#Header 
#Target 80 185 0
#Product 1 1 0
#Datapoints 45
1000000 0
2000000 2.0391787962E-20
3000000 4.4096536372E-13
4000000 3.218129684E-9
5000000 7.0933694E-7
6000000 2.171500700204E-5
7000000 0.00026378556444
8000000 0.0016406269594
9000000 0.008395730372
10000000 0.0242564681
11000000 0.0526962672
12000000 0.0862258703136
13000000 0.124302653176
14000000 0.1828230138904
15000000 0.2613284114288
16000000 0.3505433220864
17000000 0.4465970851449
18000000 0.550821907328
19000000 0.66203553792
20000000 0.761472614264
22000000 0.916491185192
24000000 0.979977854295
26000000 1.007005281095
28000000 1.09515247501
30000000 1.218797003715
35000000 1.424939975316
40000000 1.56610068524
45000000 1.765062214792
50000000 1.88539874101
55000000 2.0268855
60000000 2.13673607595
65000000 2.23509135456
70000000 2.31269401308
75000000 2.38712672035
80000000 2.45583814707
90000000 2.58029573213
100000000 2.67251019464
110000000 2.75366924416
120000000 2.828065792
130000000 2.89632896328
140000000 2.95588400114
150000000 3.01520926906
160000000 3.07401591966
180000000 3.24315943831
200000000 3.46369478157
#Header 
#Target 80 185 0
#Product 1 2 0
#Datapoints 40
1000000 0
7000000 0
8000000 3.072941014E-18
9000000 1.1055924712E-13
10000000 5.76430317E-11
11000000 2.53261675662E-9
12000000 3.117905037984E-8
13000000 2.98424817574E-7
14000000 2.616314370618E-6
15000000 1.6900057386E-5
16000000 7.852601472364E-5
17000000 0.000274073636948
18000000 0.000745843155365
19000000 0.001644086678
20000000 0.00303239409728
22000000 0.00701288445572
24000000 0.01193460724935
26000000 0.017224000608
28000000 0.0232631725986
30000000 0.028496707521
35000000 0.0405627474304
40000000 0.0512386728685
45000000 0.0607513418375
50000000 0.0727580943858
55000000 0.0757865142
60000000 0.086998128672
65000000 0.0896660277474
70000000 0.098682720081
75000000 0.1015144664915
80000000 0.1058097173427
90000000 0.1073429222428
100000000 0.1089489202061
110000000 0.1076850495264
120000000 0.10642063552
130000000 0.1047738313168
140000000 0.1036427674114
150000000 0.102355338781
160000000 0.1007242005042
180000000 0.1017079063981
200000000 0.1042695963756
#Header 
#Target 80 185 0
#Product 1 3 0
#Datapoints 35
1000000 0
12000000 0
13000000 2.41851010222E-19
14000000 1.02485599047E-15
15000000 2.615043612826E-13
16000000 7.900492009144E-12
17000000 1.76427929779E-10
18000000 4.35787556996E-9
19000000 7.38363353656E-8
20000000 7.59480913776E-7
22000000 2.16045737776E-5
24000000 0.000146212996245
26000000 0.000442822214435
28000000 0.000904799368473
30000000 0.001492403534655
35000000 0.00326071847712
40000000 0.0051764391536
45000000 0.00709358001313
50000000 0.00886959831284
55000000 0.01053450216
60000000 0.01217163190866
65000000 0.01382287048628
70000000 0.01555701154293
75000000 0.0173739454904
80000000 0.0192871364112
90000000 0.0236652258735
100000000 0.0287423644092
110000000 0.0323869168704
120000000 0.036255083776
130000000 0.040326710572
140000000 0.0444644291511
150000000 0.0483792481204
160000000 0.0522009884802
180000000 0.05959202703
200000000 0.066744801738
#Header 
#Target 80 185 0
#Product 2 3 0
#Datapoints 39
1000000 0
8000000 0
9000000 2.8749949418E-20
10000000 1.64030148E-17
11000000 1.308504426342E-15
12000000 2.750652682608E-14
13000000 2.42152457876E-13
14000000 1.49872010301E-12
15000000 1.194204186285E-11
16000000 1.208039860216E-10
17000000 1.058692629821E-9
18000000 7.26227885823E-9
19000000 3.98332881872E-8
20000000 1.81382020016E-7
22000000 2.42700095484E-6
24000000 2.0391202857E-5
26000000 0.000116241636268
28000000 0.000383798397257
30000000 0.00095587483278
35000000 0.00360271317588
40000000 0.0071984588299
45000000 0.01100769499406
50000000 0.01464742958647
55000000 0.01790793432
60000000 0.0208373177019
65000000 0.023313502316
70000000 0.025679334747
75000000 0.027828937376
80000000 0.0300370286097
90000000 0.0345204367239
100000000 0.0394807821941
110000000 0.0429010468896
120000000 0.046311409856
130000000 0.0497915259312
140000000 0.0532745933209
150000000 0.0567402494596
160000000 0.0602122775478
180000000 0.0661527236925
200000000 0.0714614506434
#Header 
#Target 80 185 0
#Product 2 4 0
#Datapoints 45
1000000 0
2000000 9.918732096E-14
3000000 1.141046242E-9
4000000 2.547532344E-7
5000000 9.22405705E-6
6000000 0.000120905684619
7000000 0.0008492896602
8000000 0.002894160984
9000000 0.008565206482
10000000 0.0150107984
11000000 0.02154211204926
12000000 0.02561902838712
13000000 0.0283653882528
14000000 0.0327210383097
15000000 0.04016728162426
16000000 0.05172597388916
17000000 0.06815653045622
18000000 0.0900009978978
19000000 0.118031699128
20000000 0.158133071212
22000000 0.245313786784
24000000 0.34063509909
26000000 0.42896160251
28000000 0.472950900257
30000000 0.51061479123
35000000 0.5437807102
40000000 0.57068149541
45000000 0.583187273246
50000000 0.602825529042
55000000 0.627918282
60000000 0.621614288211
65000000 0.612175525512
70000000 0.602096032956
75000000 0.59640376654
80000000 0.588133039725
90000000 0.562870218518
100000000 0.528390168748
110000000 0.501016421472
120000000 0.48097442688
130000000 0.469018728424
140000000 0.45830129149
150000000 0.446316206288
160000000 0.435243293688
180000000 0.431638877624
200000000 0.431710020864
#Header 
#Target 80 185 0
#Product 71 156 0
#Datapoints 10
1000000 0
100000000 0
110000000 3.4704747232E-13
120000000 9.4753864576E-11
130000000 4.01728538088E-9
140000000 3.562891792579E-8
150000000 1.5820438063568E-7
160000000 8.851610528376E-7
180000000 2.911343786011E-5
200000000 0.0004571732526057
#Header 
#Target 80 185 0
#Product 71 157 0
#Datapoints 11
1000000 0
90000000 0
100000000 1.408896573578E-11
110000000 1.065554546624E-9
120000000 1.309765628672E-8
130000000 6.019193147336E-8
140000000 2.688580132784E-7
150000000 1.1063030857272E-6
160000000 2.936919367578E-6
180000000 4.02903413304E-5
200000000 0.000374167879173
#Header 
#Target 80 185 0
#Product 71 158 0
#Datapoints 11
1000000 0
90000000 0
100000000 3.40591735107E-14
110000000 1.596692932864E-11
120000000 8.1089655552E-10
130000000 1.0071298052408E-8
140000000 6.867879317285E-8
150000000 5.131622075382E-7
160000000 2.244179604198E-6
180000000 6.578961332359E-5
200000000 0.0007370773145325
#Header 
#Target 80 185 0
#Product 71 159 0
#Datapoints 12
1000000 0
80000000 0
90000000 1.572204470301E-15
100000000 2.39202024282E-12
110000000 1.82185940736E-10
120000000 2.67452794112E-9
130000000 2.062430227528E-8
140000000 2.353023615593E-7
150000000 9.840771110262E-7
160000000 2.846905682208E-6
180000000 5.16930256607E-5
200000000 0.0003001838851143
#Header 
#Target 80 185 0
#Product 72 157 0
#Datapoints 9
1000000 0
110000000 0
120000000 9.495744E-14
130000000 1.436697396016E-9
140000000 1.1019691423657E-7
150000000 8.66822149673E-7
160000000 2.7090178878E-6
180000000 5.710387024124E-5
200000000 0.0005440362482925
#Header 
#Target 80 185 0
#Product 72 158 0
#Datapoints 10
1000000 0
100000000 0
110000000 1.672507136992E-15
120000000 2.8351959296E-10
130000000 5.177732794544E-8
140000000 8.079905309973E-7
150000000 2.969500417172E-6
160000000 7.511994628656E-6
180000000 0.00015276867443141
200000000 0.0012276825316569
#Header 
#Target 80 185 0
#Product 72 159 0
#Datapoints 10
1000000 0
100000000 0
110000000 2.6327271744E-13
120000000 3.1501880832E-10
130000000 2.274695151504E-8
140000000 3.767031833838E-7
150000000 1.70488139412E-6
160000000 6.53491932954E-6
180000000 0.0001911394526838
200000000 0.0014347931108355
#Header 
#Target 80 185 0
#Product 72 160 0
#Datapoints 11
1000000 0
90000000 0
100000000 4.18863383302E-14
110000000 5.32645077664E-10
120000000 5.2217929216E-8
130000000 8.598654270832E-7
140000000 4.252922109296E-6
150000000 1.2444349933404E-5
160000000 3.890404274232E-5
180000000 0.0004163070520571
200000000 0.001932989722731
#Header 
#Target 80 185 0
#Product 72 161 0
#Datapoints 12
1000000 0
80000000 0
90000000 1.626269251473E-14
100000000 2.09129551176E-11
110000000 2.967492315168E-9
120000000 8.99952140736E-8
130000000 9.140267803368E-7
140000000 3.656153428347E-6
150000000 1.3572550012666E-5
160000000 3.81376432143E-5
180000000 0.0003522232508307
200000000 0.0014608600529193
#Header 
#Target 80 185 0
#Product 72 162 0
#Datapoints 13
1000000 0
75000000 0
80000000 1.514920455027E-14
90000000 5.52882283661E-10
100000000 1.7117400863004E-7
110000000 3.852252364992E-6
120000000 1.643741273856E-5
130000000 3.561252622544E-5
140000000 9.183962875017E-5
150000000 0.0001866533170356
160000000 0.0002474762779524
180000000 0.0008466916947864
200000000 0.001659882010338
#Header 
#Target 80 185 0
#Product 73 159 0
#Datapoints 10
1000000 0
100000000 0
110000000 1.72920381664E-15
120000000 7.7012649536E-12
130000000 2.566193028E-10
140000000 2.22075468923E-9
150000000 7.844518147808E-9
160000000 3.881623221672E-8
180000000 9.413090943986E-7
200000000 7.551677546676E-6
#Header 
#Target 80 185 0
#Product 73 160 0
#Datapoints 11
1000000 0
90000000 0
100000000 2.10016980914E-12
110000000 9.109249581952E-9
120000000 2.28897907776E-7
130000000 9.603307769512E-7
140000000 2.484579201083E-6
150000000 8.589157450366E-6
160000000 2.435650771134E-5
180000000 0.0002361274850616
200000000 0.0012207009406959
#Header 
#Target 80 185 0
#Product 73 161 0
#Datapoints 12
1000000 0
80000000 0
90000000 4.54045215619E-14
100000000 9.68557045313E-10
110000000 7.191922884128E-8
120000000 8.25294102528E-7
130000000 3.28067562376E-6
140000000 1.4184124915534E-5
150000000 5.2052600325E-5
160000000 0.0001099657845258
180000000 0.0007726700057164
200000000 0.002924943855084
#Header 
#Target 80 185 0
#Product 73 162 0
#Datapoints 13
1000000 0
75000000 0
80000000 9.1513698507E-12
90000000 2.107346857678E-7
100000000 5.587000379415E-6
110000000 2.086511705024E-5
120000000 2.95208187456E-5
130000000 6.933973300928E-5
140000000 0.0002168543313496
150000000 0.0003620683838186
160000000 0.0005517544368882
180000000 0.00221006066262
200000000 0.004922457310467
#Header 
#Target 80 185 0
#Product 73 163 0
#Datapoints 14
1000000 0
70000000 0
75000000 3.0953747716E-14
80000000 1.614990611619E-12
90000000 5.13307314559E-10
100000000 3.283837060517E-8
110000000 4.333598751968E-7
120000000 1.87920440576E-6
130000000 9.857588055848E-6
140000000 4.527555110295E-5
150000000 0.00010500366007864
160000000 0.0002134376964048
180000000 0.0012233704359303
200000000 0.002967525009468
#Header 
#Target 80 185 0
#Product 73 164 0
#Datapoints 15
1000000 0
65000000 0
70000000 6.63203965083E-15
75000000 4.3604879509E-13
80000000 2.40846787125E-11
90000000 6.983283058818E-9
100000000 2.254924433918E-7
110000000 1.5874202555648E-6
120000000 4.63209389184E-6
130000000 2.181859489632E-5
140000000 6.612952964485E-5
150000000 0.00014051469076652
160000000 0.0002896123797672
180000000 0.0010681202776547
200000000 0.002600404226037
#Header 
#Target 80 185 0
#Product 73 165 0
#Datapoints 17
1000000 0
55000000 0
60000000 6.61363816113E-14
65000000 9.36762005514E-12
70000000 3.26354418621E-10
75000000 5.82824979334E-9
80000000 4.343423327334E-8
90000000 5.659130790527E-7
100000000 1.885589643795E-6
110000000 5.044402887552E-6
120000000 1.66774085056E-5
130000000 4.643393832848E-5
140000000 9.242510205852E-5
150000000 0.0001710772302904
160000000 0.0002595949201482
180000000 0.0006688707272707
200000000 0.0012894576532308
#Header 
#Target 80 185 0
#Product 74 161 0
#Datapoints 9
1000000 0
110000000 0
120000000 5.9935470208E-13
130000000 6.798074148E-9
140000000 4.417121531879E-7
150000000 2.359093330062E-6
160000000 4.867113169716E-6
180000000 5.51886577373E-5
200000000 0.0002696690160639
#Header 
#Target 80 185 0
#Product 74 162 0
#Datapoints 10
1000000 0
100000000 0
110000000 5.6161117792E-14
120000000 7.63379019584E-9
130000000 8.973164268104E-7
140000000 1.026416638597E-5
150000000 2.731833874634E-5
160000000 5.251769072298E-5
180000000 0.0004981876428991
200000000 0.0014383631214
#Header 
#Target 80 185 0
#Product 74 163 0
#Datapoints 10
1000000 0
100000000 0
110000000 8.0305466528E-10
120000000 2.44252859008E-7
130000000 4.817109272296E-6
140000000 2.673080739938E-5
150000000 6.2353704107E-5
160000000 0.00015013695210444
180000000 0.001026119278214
200000000 0.002975129657532
#Header 
#Target 80 185 0
#Product 74 164 0
#Datapoints 12
1000000 0
80000000 0
90000000 2.06302880793E-14
100000000 5.700921150626E-9
110000000 2.837866008224E-6
120000000 4.88420422912E-5
130000000 0.0001735673236088
140000000 0.0003178587080627
150000000 0.0006858765290468
160000000 0.0012181914733338
180000000 0.003511634757592
200000000 0.008176896307449
#Header 
#Target 80 185 0
#Product 74 165 0
#Datapoints 13
1000000 0
75000000 0
80000000 1.009121551641E-14
90000000 8.300142884631E-9
100000000 3.871548626868E-6
110000000 7.42589562256E-5
120000000 0.000271041352384
130000000 0.000424597098776
140000000 0.000865704660282
150000000 0.00177048324438
160000000 0.002419712213142
180000000 0.006476832767251
200000000 0.012212350331661
#Header 
#Target 80 185 0
#Product 74 166 0
#Datapoints 14
1000000 0
70000000 0
75000000 1.163667407885E-12
80000000 5.40004983147E-10
90000000 1.2609036223923E-6
100000000 6.080330167444E-5
110000000 0.0003566497913312
120000000 0.000587383067776
130000000 0.0009283925405016
140000000 0.002044103343653
150000000 0.002933765218876
160000000 0.003792827196648
180000000 0.007946232192282
200000000 0.011646513939915
#Header 
#Target 80 185 0
#Product 74 167 0
#Datapoints 15
1000000 0
65000000 0
70000000 1.277036406459E-13
75000000 3.2250435255E-11
80000000 2.352275375373E-9
90000000 6.455774672065E-7
100000000 1.6504350933161E-5
110000000 8.513352276352E-5
120000000 0.0001568753716672
130000000 0.0003104376768512
140000000 0.0006763998446072
150000000 0.0009893473020354
160000000 0.0015095066823942
180000000 0.003127017689605
200000000 0.00470191794651
#Header 
#Target 80 185 0
#Product 74 168 0
#Datapoints 18
1000000 0
50000000 0
55000000 5.10586038E-13
60000000 6.59642656743E-11
65000000 2.5176814932E-9
70000000 4.321822714605E-8
75000000 3.980825307125E-7
80000000 2.287012854357E-6
90000000 2.883361683563E-5
100000000 0.00011999609102611
110000000 0.0002083235625696
120000000 0.000346440724992
130000000 0.0007297992169656
140000000 0.0011044338078718
150000000 0.0014945356981176
160000000 0.001810463518752
180000000 0.002639361687274
200000000 0.002984147990172
#Header 
#Target 80 185 0
#Product 74 169 0
#Datapoints 20
1000000 0
40000000 0
45000000 2.9991087716E-14
50000000 1.624062692249E-11
55000000 8.28333828E-10
60000000 2.015986567245E-8
65000000 2.561137920436E-7
70000000 1.5188627254218E-6
75000000 5.929604938005E-6
80000000 1.5548382623592E-5
90000000 4.287552997603E-5
100000000 6.660046233568E-5
110000000 0.0001054568749312
120000000 0.000212444615488
130000000 0.0003145777031872
140000000 0.0003816166623766
150000000 0.0004558898914528
160000000 0.0004959503740716
180000000 0.0006094818302471
200000000 0.0005813902734894
#Header 
#Target 80 185 0
#Product 74 170 0
#Datapoints 22
1000000 0
30000000 0
35000000 4.269976165E-14
40000000 5.5902075086E-12
45000000 2.11459484284E-10
50000000 4.66259683553E-9
55000000 6.617402478E-8
60000000 4.426159345818E-7
65000000 2.08170868907E-6
70000000 6.381065148843E-6
75000000 1.4777896923275E-5
80000000 2.605569878646E-5
90000000 4.166606201739E-5
100000000 5.39239601576E-5
110000000 0.00013021598427488
120000000 0.000190093799808
130000000 0.0002031668716472
140000000 0.0002391508436569
150000000 0.0002647057819102
160000000 0.0002882710581954
180000000 0.0003137643308766
200000000 0.0003030734076399
#Header 
#Target 80 185 0
#Product 75 164 0
#Datapoints 11
1000000 0
90000000 0
100000000 1.83623715535E-11
110000000 6.70018388544E-8
120000000 1.24877196608E-6
130000000 3.691835679848E-6
140000000 7.20925579017E-6
150000000 2.356697353062E-5
160000000 5.259975250194E-5
180000000 0.0002267259099788
200000000 0.0007577497093959
#Header 
#Target 80 185 0
#Product 75 165 0
#Datapoints 12
1000000 0
80000000 0
90000000 2.75091635032E-13
100000000 5.416328994414E-9
110000000 2.39525803056E-7
120000000 1.432653550208E-6
130000000 2.959808820344E-6
140000000 1.1177071242792E-5
150000000 3.0947237591E-5
160000000 4.747858263456E-5
180000000 0.0002025227839266
200000000 0.0005247205640793
#Header 
#Target 80 185 0
#Product 75 166 0
#Datapoints 14
1000000 0
70000000 0
75000000 4.39769929445E-15
80000000 6.42468793176E-11
90000000 1.3546009445806E-6
100000000 3.065795228587E-5
110000000 9.34270709632E-5
120000000 0.0001116373140672
130000000 0.0002606409020752
140000000 0.0007299863021465
150000000 0.0010673601534236
160000000 0.0014957169553578
180000000 0.003934889877711
200000000 0.006527386903014
#Header 
#Target 80 185 0
#Product 75 167 0
#Datapoints 15
1000000 0
65000000 0
70000000 1.644566972004E-11
75000000 4.37789553704E-9
80000000 1.6121203823214E-7
90000000 1.3534032022779E-5
100000000 9.054395547821E-5
110000000 0.00016915104308736
120000000 0.000401962506752
130000000 0.0013735342739304
140000000 0.002312926094276
150000000 0.003193487528358
160000000 0.004833565126824
180000000 0.009274234863544
200000000 0.014292751708881
#Header 
#Target 80 185 0
#Product 75 168 0
#Datapoints 17
1000000 0
55000000 0
60000000 1.290919496643E-11
65000000 7.863641385238E-9
70000000 1.1486479591785E-7
75000000 9.6677716844E-7
80000000 6.746505927273E-6
90000000 6.419418096215E-5
100000000 0.0001851294110107
110000000 0.0003303386203392
120000000 0.001017514615808
130000000 0.002414581786216
140000000 0.003461783407208
150000000 0.005264665886238
160000000 0.007151830913682
180000000 0.012355698481668
200000000 0.01570170927708
#Header 
#Target 80 185 0
#Product 75 169 0
#Datapoints 19
1000000 0
45000000 0
50000000 6.806386874E-12
55000000 1.597293306E-9
60000000 1.869739840647E-8
65000000 1.707335674348E-7
70000000 1.4026432152579E-6
75000000 7.3944540367E-6
80000000 2.326367174481E-5
90000000 0.00010591962832111
100000000 0.0001764622956707
110000000 0.0005753715585056
120000000 0.001663980369344
130000000 0.002388383489608
140000000 0.003360050646379
150000000 0.004774313220008
160000000 0.005538866849208
180000000 0.008468311918411
200000000 0.008507310039648
#Header 
#Target 80 185 0
#Product 75 170 0
#Datapoints 21
1000000 0
35000000 0
40000000 4.916499484E-10
45000000 5.403400400736E-8
50000000 2.564214751208E-7
55000000 3.325517946E-7
60000000 5.57755574166E-7
65000000 2.731017899206E-6
70000000 1.2941375600736E-5
75000000 4.28205593638E-5
80000000 9.32138568522E-5
90000000 0.00015551402957512
100000000 0.0002783884353276
110000000 0.001193754665904
120000000 0.0019315592736
130000000 0.00220729506348
140000000 0.00305986030798
150000000 0.003685274586152
160000000 0.004205111828274
180000000 0.005165404080124
200000000 0.005258973650868
#Header 
#Target 80 185 0
#Product 75 171 0
#Datapoints 23
1000000 0
28000000 0
30000000 3.167850312E-11
35000000 3.347481978672E-8
40000000 2.339573454725E-7
45000000 1.1459571568729E-6
50000000 4.514939648041E-6
55000000 1.4362209378E-5
60000000 3.477543284397E-5
65000000 6.717286169912E-5
70000000 0.00010063664927283
75000000 0.00011894791750595
80000000 0.00012530718280647
90000000 0.0003179193292615
100000000 0.0011139420349837
110000000 0.0016641740656832
120000000 0.001657468288064
130000000 0.00236318575404
140000000 0.002941338964564
150000000 0.003073629577592
160000000 0.00314537776497
180000000 0.003211562813534
200000000 0.00310372315947
#Header 
#Target 80 185 0
#Product 75 172 0
#Datapoints 29
1000000 0
18000000 0
19000000 4.42023960752E-11
20000000 4.57877973796E-10
22000000 1.984633371468E-9
24000000 4.51955263869E-9
26000000 7.54260804171E-9
28000000 9.877282447241E-9
30000000 1.4095343152755E-8
35000000 2.027987351156E-8
40000000 1.792514370855E-7
45000000 1.366467562182E-6
50000000 6.206650283705E-6
55000000 1.8130653486E-5
60000000 3.508124399913E-5
65000000 4.515123158064E-5
70000000 4.637001951813E-5
75000000 4.497843665735E-5
80000000 6.340421634057E-5
90000000 0.0003107666791381
100000000 0.0006209680821084
110000000 0.000605230657312
120000000 0.000704329985408
130000000 0.0009330610598984
140000000 0.0009968806060829
150000000 0.0010100244238136
160000000 0.0009721318508034
180000000 0.0009498269300938
200000000 0.0008468438283909
#Header 
#Target 80 185 0
#Product 75 173 0
#Datapoints 36
1000000 0
11000000 0
12000000 2.82216379464E-15
13000000 7.1729788912E-14
14000000 1.2663503606E-13
15000000 2.898463341613E-13
16000000 8.35400982876E-13
17000000 3.49825774073E-12
18000000 1.77726869166E-11
19000000 8.46558888816E-11
20000000 3.10005652196E-10
22000000 2.6238152182E-9
24000000 1.32923409309E-8
26000000 4.886736578315E-8
28000000 1.5004375639374E-7
30000000 3.7886750307E-7
35000000 2.057774153084E-6
40000000 6.08382420009E-6
45000000 1.3536520243218E-5
50000000 1.880551824556E-5
55000000 1.973940822E-5
60000000 1.7683870577583E-5
65000000 1.983380282998E-5
70000000 3.80191993071E-5
75000000 9.77263045922E-5
80000000 0.0002020105232775
90000000 0.0003516209067395
100000000 0.0002993246984247
110000000 0.0003540229960128
120000000 0.000462966997824
130000000 0.0004904046544824
140000000 0.0005143011381053
150000000 0.0005239353187892
160000000 0.0005328833863794
180000000 0.0005257015403361
200000000 0.0005029592664843
#Header 
#Target 80 185 0
#Product 76 166 0
#Datapoints 10
1000000 0
100000000 0
110000000 1.93619169472E-12
120000000 5.0192253792E-8
130000000 3.485736508248E-6
140000000 2.166126689314E-5
150000000 3.51252624177E-5
160000000 5.389219393404E-5
180000000 0.0002112107719671
200000000 0.0004743578987226
#Header 
#Target 80 185 0
#Product 76 167 0
#Datapoints 11
1000000 0
90000000 0
100000000 3.53459466308E-13
110000000 4.314040575328E-8
120000000 7.66915934336E-6
130000000 5.823891833648E-5
140000000 0.0001441019735792
150000000 0.0002374713502784
160000000 0.0004562394852624
180000000 0.0012477398437103
200000000 0.002592383698782
#Header 
#Target 80 185 0
#Product 76 168 0
#Datapoints 12
1000000 0
80000000 0
90000000 2.08299411399E-12
100000000 6.214827568261E-7
110000000 5.973919638304E-5
120000000 0.000372007932416
130000000 0.0006803081873992
140000000 0.000912578111116
150000000 0.001780332307168
160000000 0.0025922267301
180000000 0.005293335729734
200000000 0.007636088835513
#Header 
#Target 80 185 0
#Product 76 169 0
#Datapoints 13
1000000 0
75000000 0
80000000 3.35887218828E-12
90000000 9.942931930351E-7
100000000 0.00016102017223617
110000000 0.0012789110347872
120000000 0.00223211289856
130000000 0.002205938565152
140000000 0.003857470839621
150000000 0.006103653971102
160000000 0.007202336179836
180000000 0.01203008046211
200000000 0.013537149489945
#Header 
#Target 80 185 0
#Product 76 170 0
#Datapoints 15
1000000 0
65000000 0
70000000 1.705949119281E-13
75000000 1.63849901437E-9
80000000 3.057225167304E-7
90000000 0.00015768473722949
100000000 0.002095465050315
110000000 0.005141536182144
120000000 0.00501279326208
130000000 0.007619196867456
140000000 0.013342089908301
150000000 0.014880715119034
160000000 0.0173245744896
180000000 0.02420540197529
200000000 0.02711078361954
#Header 
#Target 80 185 0
#Product 76 171 0
#Datapoints 17
1000000 0
55000000 0
60000000 1.398571537755E-10
65000000 7.834969938542E-8
70000000 8.39131264818E-6
75000000 0.0001507214929278
80000000 0.000987194393262
90000000 0.00700042786926
100000000 0.011224439226468
110000000 0.009474272272768
120000000 0.01326105305216
130000000 0.02263283834856
140000000 0.02518164454022
150000000 0.02559817101896
160000000 0.0276323614938
180000000 0.0294750619119
200000000 0.02924003937645
#Header 
#Target 80 185 0
#Product 76 172 0
#Datapoints 19
1000000 0
45000000 0
50000000 3.88124876277E-12
55000000 3.935821374E-9
60000000 5.043950069235E-7
65000000 1.7011062814886E-5
70000000 0.000212227901292
75000000 0.001147658373751
80000000 0.003215657012085
90000000 0.008162318890893
100000000 0.008358424459502
110000000 0.010070022129376
120000000 0.01902522288
130000000 0.02298219817792
140000000 0.02219716220204
150000000 0.02334325317154
160000000 0.02459804982978
180000000 0.02522015402403
200000000 0.02227566246255
#Header 
#Target 80 185 0
#Product 76 173 0
#Datapoints 21
1000000 0
35000000 0
40000000 7.93143782795E-12
45000000 1.833526256151E-8
50000000 2.543553429619E-6
55000000 4.902020496E-5
60000000 0.0002826872864886
65000000 0.0009460456107918
70000000 0.002054014065378
75000000 0.00336406496
80000000 0.004454630347104
90000000 0.004477244532481
100000000 0.00452231777361
110000000 0.009185519691584
120000000 0.0117531822144
130000000 0.010866537405944
140000000 0.011589328888137
150000000 0.012378225760158
160000000 0.01262777741505
180000000 0.011879688393271
200000000 0.011047254876189
#Header 
#Target 80 185 0
#Product 76 174 0
#Datapoints 25
1000000 0
24000000 0
26000000 1.51912606225E-15
28000000 6.27935488367E-13
30000000 4.0424792541E-11
35000000 2.859005327256E-8
40000000 2.476213736945E-6
45000000 4.643511550548E-5
50000000 0.0003396407384253
55000000 0.0012676166946
60000000 0.002668964820879
65000000 0.004230899859058
70000000 0.005331556020945
75000000 0.005376437381355
80000000 0.004681731134934
90000000 0.00505778950475
100000000 0.010687302522598
110000000 0.013173325135072
120000000 0.01182592294528
130000000 0.012588652219808
140000000 0.013216582353478
150000000 0.013324577574392
160000000 0.01328261335443
180000000 0.013061355402834
200000000 0.012198704010075
#Header 
#Target 80 185 0
#Product 76 175 0
#Datapoints 31
1000000 0
16000000 0
17000000 8.564858870539E-14
18000000 3.66799846292E-12
19000000 7.46180563304E-11
20000000 8.53273870856E-10
22000000 2.944854589732E-8
24000000 4.82376118668E-7
26000000 9.322003597705E-6
28000000 6.179782486372E-5
30000000 0.0002170559598375
35000000 0.001158570197174
40000000 0.002867158557835
45000000 0.005031257389957
50000000 0.006284121459018
55000000 0.006202021194
60000000 0.005217350398281
65000000 0.004255509578846
70000000 0.003852547359804
75000000 0.004578940106705
80000000 0.006052901298444
90000000 0.008612492527321
100000000 0.008793330638768
110000000 0.007944277128768
120000000 0.00799534814528
130000000 0.008315196968464
140000000 0.00819026933361
150000000 0.008201360586326
160000000 0.008077529158692
180000000 0.007628361600712
200000000 0.007227206469144
#Header 
#Target 80 185 0
#Product 76 176 0
#Datapoints 36
1000000 0
11000000 0
12000000 1.378328604168E-14
13000000 2.33730610368E-12
14000000 6.31837312587E-11
15000000 8.022877155071E-10
16000000 3.9782989885296E-9
17000000 1.7185567507192E-8
18000000 8.470178552143E-8
19000000 4.124367523144E-7
20000000 1.634010828776E-6
22000000 1.3034748484252E-5
24000000 5.4561465558E-5
26000000 0.000163518678421
28000000 0.0004013478328607
30000000 0.0008220261844545
35000000 0.0026220369539
40000000 0.004081548976505
45000000 0.004646110802539
50000000 0.004174962287386
55000000 0.003561443154
60000000 0.003543075039378
65000000 0.005114421204884
70000000 0.007366736989821
75000000 0.00862121035033
80000000 0.008705566712493
90000000 0.007676332706796
100000000 0.006353371924926
110000000 0.005799401045152
120000000 0.0055858547488
130000000 0.005622662605864
140000000 0.005552071124117
150000000 0.00544555256583
160000000 0.005284168945188
180000000 0.00499729232437
200000000 0.004764424741254
#Header 
#Target 80 185 0
#Product 76 177 0
#Datapoints 41
1000000 0
6000000 0
7000000 2.8041084279E-15
8000000 1.2846986152E-13
9000000 3.5818181438E-12
10000000 3.827276915E-11
11000000 2.89494018825E-10
12000000 1.5678704875824E-9
13000000 6.15981480138E-9
14000000 1.9560704889635E-8
15000000 5.544409071619E-8
16000000 1.4588587360356E-7
17000000 3.5178773037624E-7
18000000 7.769343382471E-7
19000000 1.524651919044E-6
20000000 2.702602694952E-6
22000000 6.674058749468E-6
24000000 1.3262570813865E-5
26000000 2.327748620705E-5
28000000 3.68758213593E-5
30000000 5.262421068585E-5
35000000 9.159046711672E-5
40000000 0.0001070246778705
45000000 0.00010637084828579
50000000 9.116652410219E-5
55000000 7.783153182E-5
60000000 0.00011284748096643
65000000 0.0002425303903704
70000000 0.0004268361728961
75000000 0.0005606284944705
80000000 0.0005908161582288
90000000 0.000532885286639
100000000 0.0005452433917918
110000000 0.000628908931648
120000000 0.000654936290368
130000000 0.0006850321477192
140000000 0.0007267833854512
150000000 0.0007786569048086
160000000 0.0007985287044336
180000000 0.0008099197447635
200000000 0.0008033104172952
#Header 
#Target 80 185 0
#Product 76 178 0
#Datapoints 27
1000000 0
20000000 0
22000000 1.107531506708E-14
24000000 5.4493609395E-13
26000000 1.34871616614E-11
28000000 2.46430030924E-10
30000000 3.57769905384E-9
35000000 5.194311980624E-7
40000000 7.82083808402E-6
45000000 4.492394588383E-5
50000000 7.93868349321E-5
55000000 0.0001201047156
60000000 0.00015659602087563
65000000 0.00018016544599814
70000000 0.0001856677874832
75000000 0.00017077847960265
80000000 0.00015652036975428
90000000 0.00016780572130862
100000000 0.0001981278395486
110000000 0.0002145172676416
120000000 0.000232199594624
130000000 0.000249524340868
140000000 0.0002687481814297
150000000 0.000285235471237
160000000 0.0002964358577502
180000000 0.0002982978078207
200000000 0.0002975544013356
#Header 
#Target 80 185 0
#Product 77 169 0
#Datapoints 12
1000000 0
80000000 0
90000000 2.1335059862E-12
100000000 1.260276263701E-8
110000000 1.81656310736E-7
120000000 4.61734883392E-7
130000000 6.069590258736E-7
140000000 2.394002703295E-6
150000000 4.825413020146E-6
160000000 6.087968492214E-6
180000000 1.3404586280264E-5
200000000 1.820169162711E-5
#Header 
#Target 80 185 0
#Product 77 170 0
#Datapoints 14
1000000 0
70000000 0
75000000 5.91982993675E-15
80000000 8.59571184654E-11
90000000 1.5977919290807E-6
100000000 3.198362383398E-5
110000000 8.9128678624E-5
120000000 9.31751388288E-5
130000000 0.0002203533938128
140000000 0.0005539222900638
150000000 0.0006722386279628
160000000 0.0008858104716888
180000000 0.001721118067032
200000000 0.002074291152183
#Header 
#Target 80 185 0
#Product 77 171 0
#Datapoints 16
1000000 0
60000000 0
65000000 5.5122384484E-15
70000000 5.320276637775E-9
75000000 8.541884756055E-7
80000000 1.0433270926953E-5
90000000 0.00012714155144877
100000000 0.0002548988262392
110000000 0.0002464926831872
120000000 0.000645339425024
130000000 0.0016206676019656
140000000 0.001895007013431
150000000 0.002266022402156
160000000 0.002960577671058
180000000 0.00396869894745
200000000 0.004279104388926
#Header 
#Target 80 185 0
#Product 77 172 0
#Datapoints 17
1000000 0
55000000 0
60000000 3.065279347557E-9
65000000 1.6954714179214E-6
70000000 1.8037026156237E-5
75000000 6.74037903153E-5
80000000 0.0002119681574892
90000000 0.0008250185604256
100000000 0.0009853588181502
110000000 0.001857616635328
120000000 0.00565026254784
130000000 0.007150671858496
140000000 0.00685164717293
150000000 0.008308230744434
160000000 0.009280178011062
180000000 0.01092232521608
200000000 0.010152515932308
#Header 
#Target 80 185 0
#Product 77 173 0
#Datapoints 19
1000000 0
45000000 0
50000000 7.082100999107E-8
55000000 1.6100668098E-5
60000000 0.00010711465073967
65000000 0.0002876021181578
70000000 0.0007001036353377
75000000 0.001166162906073
80000000 0.0012646053589428
90000000 0.0009224811210213
100000000 0.001972133034937
110000000 0.005861041503072
120000000 0.0063615820672
130000000 0.005569642712328
140000000 0.006877875794825
150000000 0.008010971461952
160000000 0.008465143138872
180000000 0.008755539605357
200000000 0.008858529918333
#Header 
#Target 80 185 0
#Product 77 174 0
#Datapoints 21
1000000 0
35000000 0
40000000 8.02400730235E-6
45000000 0.0009291100323255
50000000 0.004532628489974
55000000 0.005769030618
60000000 0.005967798092109
65000000 0.006454780037216
70000000 0.005218445927772
75000000 0.003833005827735
80000000 0.003074591275623
90000000 0.007347947437334
100000000 0.016012941032036
110000000 0.01686601226848
120000000 0.01418184535232
130000000 0.015246349015312
140000000 0.01685592131839
150000000 0.01681924739824
160000000 0.01693375447764
180000000 0.01630249902355
200000000 0.01530467413587
#Header 
#Target 80 185 0
#Product 77 175 0
#Datapoints 24
1000000 0
26000000 0
28000000 8.51736424319E-12
30000000 1.122972774867E-6
35000000 0.0012499388065892
40000000 0.005370815346585
45000000 0.012154102309916
50000000 0.02100415497022
55000000 0.02156496786
60000000 0.014678672647002
65000000 0.010028458972392
70000000 0.009347594109381
75000000 0.01911145966675
80000000 0.04013806654494
90000000 0.06682859781494
100000000 0.05999814047149
110000000 0.04827325769824
120000000 0.0507731934144
130000000 0.055084985912
140000000 0.05293007070743
150000000 0.05174276855254
160000000 0.05093727498804
180000000 0.04837104496762
200000000 0.04621196252547
#Header 
#Target 80 185 0
#Product 77 176 0
#Datapoints 30
1000000 0
17000000 0
18000000 3.85827775487E-14
19000000 0.000182507232186
20000000 0.001898742022116
22000000 0.008318685952588
24000000 0.0193459624215
26000000 0.03318793605605
28000000 0.04456700779311
30000000 0.04935248420115
35000000 0.04113244545176
40000000 0.039473501067
45000000 0.03281031581146
50000000 0.02201513079352
55000000 0.016132276944
60000000 0.016528091702829
65000000 0.03316320848008
70000000 0.0592683140907
75000000 0.0752812486788
80000000 0.07569703635543
90000000 0.0649214005096
100000000 0.05371790035365
110000000 0.05183133746048
120000000 0.052963844896
130000000 0.05138579692864
140000000 0.05015147051509
150000000 0.04921622677922
160000000 0.04772655260982
180000000 0.04511594854494
200000000 0.04298435916156
#Header 
#Target 80 185 0
#Product 77 177 0
#Datapoints 40
1000000 0
7000000 0
8000000 3.01934919E-13
9000000 3.00078989768E-7
10000000 6.132159338E-6
11000000 4.189360561326E-5
12000000 0.00017515032717168
13000000 0.000539418693602
14000000 0.0013243435350496
15000000 0.0027097896519569
16000000 0.0048380252826612
17000000 0.0077809122680641
18000000 0.01152954373516
19000000 0.0158153879262
20000000 0.01986888616688
22000000 0.02612807276816
24000000 0.02958873665955
26000000 0.031990082654
28000000 0.03353777959829
30000000 0.0335861859507
35000000 0.02586349350988
40000000 0.01677283287277
45000000 0.013398050169347
50000000 0.02247961771091
55000000 0.06253341768
60000000 0.09737918111607
65000000 0.1023642638671
70000000 0.0909213344754
75000000 0.0799179669637
80000000 0.07233701492619
90000000 0.06196507390725
100000000 0.05979425607896
110000000 0.06054770835584
120000000 0.0580564124032
130000000 0.0557507690696
140000000 0.05461918425215
150000000 0.05407886210072
160000000 0.05337257988678
180000000 0.05038392089232
200000000 0.04745122157997
#Header 
#Target 80 185 0
#Product 77 178 0
#Datapoints 45
1000000 0
2000000 0
3000000 8.7031016366E-12
4000000 1.9867299312E-9
5000000 7.92488177E-8
6000000 1.2146401405807E-6
7000000 1.05232020372E-5
8000000 4.7603005164E-5
9000000 0.00017444399943
10000000 0.00038575299265
11000000 0.0006849192450036
12000000 0.0009634371638016
13000000 0.001163138477628
14000000 0.0013327067495781
15000000 0.001506249034144
16000000 0.0016913859090672
17000000 0.0018748071969638
18000000 0.002058408586267
19000000 0.002233431920692
20000000 0.00239701876234
22000000 0.002781117086044
24000000 0.004439744989575
26000000 0.005971021323045
28000000 0.003466627823758
30000000 0.00245039124057
35000000 0.001630391139442
40000000 0.004415999191695
45000000 0.014497577661644
50000000 0.02155350913948
55000000 0.02347872228
60000000 0.02304797109531
65000000 0.02216027383388
70000000 0.02026674814923
75000000 0.01767743997587
80000000 0.015856968186864
90000000 0.015486964668112
100000000 0.016242263926044
110000000 0.015420312187872
120000000 0.01473774619712
130000000 0.014343131082656
140000000 0.014084944653339
150000000 0.013827352582708
160000000 0.013651359126888
180000000 0.01277887464119
200000000 0.0119969721351
#Header 
#Target 80 185 0
#Product 77 179 0
#Datapoints 35
1000000 0
12000000 0
13000000 1.38467250608E-15
14000000 3.43912150998E-14
15000000 6.932268989849E-13
16000000 9.49944533044E-12
17000000 9.099750722853E-11
18000000 6.61561397277E-10
19000000 4.627801722544E-9
20000000 4.639477231792E-8
22000000 3.239974083896E-6
24000000 5.104371973215E-5
26000000 0.000323272901506
28000000 0.0012417836299968
30000000 0.00332605148529
35000000 0.012294480941132
40000000 0.01866974762705
45000000 0.01978016131783
50000000 0.018434511007103
55000000 0.017443752048
60000000 0.0162688425354
65000000 0.01496474785943
70000000 0.013951969942647
75000000 0.01360336880567
80000000 0.013611417791517
90000000 0.013554125853296
100000000 0.012803879422789
110000000 0.01219626032144
120000000 0.01181365177856
130000000 0.01150520535936
140000000 0.011181525983754
150000000 0.010869800104176
160000000 0.010572297260658
180000000 0.009766452001537
200000000 0.009076202305596
#Header 
#Target 80 185 0
#Product 77 180 0
#Datapoints 37
1000000 0
10000000 0
11000000 6.39400892496E-14
12000000 1.37210386356E-12
13000000 1.2520896317E-11
14000000 8.26259701202E-11
15000000 5.491387544247E-10
16000000 3.5692992532376E-9
17000000 1.9611723287415E-8
18000000 8.782549768828E-8
19000000 3.111128075796E-7
20000000 9.094902794244E-7
22000000 4.94296666798E-6
24000000 1.73099368311E-5
26000000 4.410752232075E-5
28000000 9.286983391851E-5
30000000 0.00016187314572705
35000000 0.0003810096498832
40000000 0.0005847028690295
45000000 0.000706312431598
50000000 0.0006605500487696
55000000 0.0005900625684
60000000 0.0005713096116693
65000000 0.0006389230835198
70000000 0.000820137295428
75000000 0.001013285004005
80000000 0.001143031467438
90000000 0.0012627149369315
100000000 0.0013857862802745
110000000 0.0015106367861664
120000000 0.00161156686112
130000000 0.001665601158008
140000000 0.001722868640724
150000000 0.001776739938986
160000000 0.00176255150589
180000000 0.001731576475517
200000000 0.001641834681489
#Header 
#Target 80 185 0
#Product 77 181 0
#Datapoints 24
1000000 0
26000000 0
28000000 2.03203579601E-15
30000000 8.6881083864E-14
35000000 9.2343569344E-11
40000000 1.915240572635E-8
45000000 9.106149185103E-7
50000000 9.595413884763E-6
55000000 3.788977158E-5
60000000 8.339711163525E-5
65000000 0.00013222167590126
70000000 0.00016792941270303
75000000 0.0001875790658965
80000000 0.0002131412811129
90000000 0.0002847026235021
100000000 0.0003428111727105
110000000 0.0003810585313632
120000000 0.000404238653248
130000000 0.0004205203866304
140000000 0.0004301848234887
150000000 0.0004378438718842
160000000 0.0004415876041626
180000000 0.0004280466349346
200000000 0.0004102113517398
#Header 
#Target 80 185 0
#Product 78 171 0
#Datapoints 11
1000000 0
90000000 0
100000000 1.569858026971E-12
110000000 1.339799502848E-7
120000000 1.211243453056E-5
130000000 5.1349284652E-5
140000000 6.407308598936E-5
150000000 9.055593474182E-5
160000000 0.00015120408688938
180000000 0.0002541755551653
200000000 0.0002857838015367
#Header 
#Target 80 185 0
#Product 78 172 0
#Datapoints 12
1000000 0
80000000 0
90000000 3.61852685943E-11
100000000 1.776478948946E-6
110000000 0.0001076986080544
120000000 0.000445541807808
130000000 0.000487977719868
140000000 0.0004720043917295
150000000 0.000714630489292
160000000 0.0008997584471904
180000000 0.0012607110570763
200000000 0.0013083947807445
#Header 
#Target 80 185 0
#Product 78 173 0
#Datapoints 13
1000000 0
75000000 0
80000000 9.16277247585E-12
90000000 1.0184945243491E-6
100000000 0.00011099037117207
110000000 0.0006234534884256
120000000 0.000777757908288
130000000 0.0006401681388704
140000000 0.0010179736589582
150000000 0.0014057705006124
160000000 0.001642671186534
180000000 0.002044887479672
200000000 0.002235626381052
#Header 
#Target 80 185 0
#Product 78 174 0
#Datapoints 16
1000000 0
60000000 0
65000000 2.45957265312E-15
70000000 3.79811748063E-10
75000000 1.4471864888805E-7
80000000 1.2174114197826E-5
90000000 0.0009838179216069
100000000 0.004808394734442
110000000 0.005730822010528
120000000 0.00417983326208
130000000 0.00638195557384
140000000 0.008566795233185
150000000 0.009027528596922
160000000 0.009754639127982
180000000 0.009766244536439
200000000 0.009615486410532
#Header 
#Target 80 185 0
#Product 78 175 0
#Datapoints 17
1000000 0
55000000 0
60000000 3.18122071428E-10
65000000 1.6817849080402E-7
70000000 1.738408880637E-5
75000000 0.0002760039483785
80000000 0.0014799039808203
90000000 0.006388505323393
100000000 0.006900308339288
110000000 0.004714149346976
120000000 0.00707553374016
130000000 0.010242321818632
140000000 0.01040115694954
150000000 0.010480964983436
160000000 0.01108428632199
180000000 0.010833375329436
200000000 0.010780653464253
#Header 
#Target 80 185 0
#Product 78 176 0
#Datapoints 20
1000000 0
40000000 0
45000000 1.529079034911E-14
50000000 2.006266640455E-8
55000000 5.660844156E-6
60000000 0.0004495146374502
65000000 0.00426305489021
70000000 0.014951571913245
75000000 0.0311254672819
80000000 0.04347749142135
90000000 0.04059585823065
100000000 0.02662492943006
110000000 0.03840346282592
120000000 0.0523182842368
130000000 0.0500661061248
140000000 0.04883204870852
150000000 0.04897884935124
160000000 0.048100742319
180000000 0.04664817118849
200000000 0.04486739311026
#Header 
#Target 80 185 0
#Product 78 177 0
#Datapoints 21
1000000 0
35000000 0
40000000 1.199869119735E-9
45000000 2.04810447699E-6
50000000 0.000333518502497
55000000 0.005250288834
60000000 0.01940718232215
65000000 0.03933314841026
70000000 0.05539129577091
75000000 0.0603573067479
80000000 0.05136920339544
90000000 0.03181131723124
100000000 0.0496157822875
110000000 0.06795979970208
120000000 0.0629278956672
130000000 0.05967273870944
140000000 0.05972227280761
150000000 0.05971787383612
160000000 0.05924165537472
180000000 0.05722003521365
200000000 0.05491230753789
#Header 
#Target 80 185 0
#Product 78 178 0
#Datapoints 25
1000000 0
24000000 0
26000000 9.06600835425E-12
28000000 3.591921500211E-9
30000000 2.195949749985E-7
35000000 0.00012805008861684
40000000 0.00890648743452
45000000 0.04846564164916
50000000 0.09854112042685
55000000 0.1320680214
60000000 0.13389553890216
65000000 0.11630710811826
70000000 0.09042069073554
75000000 0.0688591109175
80000000 0.06317810318169
90000000 0.09856510676977
100000000 0.11646071943038
110000000 0.10368623286336
120000000 0.0981029301888
130000000 0.09635178099032
140000000 0.09350975222267
150000000 0.09136577496782
160000000 0.09001267460136
180000000 0.0862144438444
200000000 0.08192539763172
#Header 
#Target 80 185 0
#Product 78 179 0
#Datapoints 33
1000000 0
14000000 0
15000000 2.69188490612E-15
16000000 2.5212077942E-13
17000000 1.675800801628E-11
18000000 6.44114120111E-10
19000000 1.257272043948E-8
20000000 1.39064405506E-7
22000000 4.473887821216E-6
24000000 0.00012392319782145
26000000 0.00280205112284
28000000 0.01565342775832
30000000 0.04556491182105
35000000 0.15005147167088
40000000 0.2054986804325
45000000 0.1947456171886
50000000 0.16524284297026
55000000 0.13932149976
60000000 0.11425516724601
65000000 0.09653688254582
70000000 0.0924841780203
75000000 0.10516108753265
80000000 0.1232717154543
90000000 0.12725342054463
100000000 0.11348256393123
110000000 0.1062595397888
120000000 0.1027460824576
130000000 0.0997866086248
140000000 0.09611245970179
150000000 0.09323303970982
160000000 0.09071868070314
180000000 0.08476454149384
200000000 0.07987624051167
#Header 
#Target 80 185 0
#Product 78 180 0
#Datapoints 38
1000000 0
9000000 0
10000000 1.77837803E-13
11000000 3.81703947678E-11
12000000 1.4052759320088E-8
13000000 2.49650537981E-6
14000000 6.639634005082E-5
15000000 0.00053032210041695
16000000 0.00213502347013
17000000 0.0057788674528916
18000000 0.01229118813846
19000000 0.02230220875928
20000000 0.03540059766588
22000000 0.066569063176
24000000 0.09352721415165
26000000 0.1120026403059
28000000 0.12768469966109
30000000 0.1369400590062
35000000 0.12967603346308
40000000 0.11063447539495
45000000 0.09415315667523
50000000 0.07813987232218
55000000 0.06937248996
60000000 0.0752092974129
65000000 0.0926926218958
70000000 0.10431720157815
75000000 0.10345418707245
80000000 0.09734667099948
90000000 0.08895663597054
100000000 0.08553196295306
110000000 0.08283933508512
120000000 0.0801324012608
130000000 0.07721770776696
140000000 0.07546217960918
150000000 0.0739966348749
160000000 0.07223927145582
180000000 0.06752109535604
200000000 0.06334071630714
#Header 
#Target 80 185 0
#Product 78 181 0
#Datapoints 43
1000000 0
4000000 0
5000000 3.7733098065E-13
6000000 2.5069503714343E-10
7000000 3.7146397203E-8
8000000 1.25235993168E-6
9000000 2.06294006958E-5
10000000 0.00013907104735
11000000 0.0005732504875944
12000000 0.0015198390530808
13000000 0.002897672704566
14000000 0.0045047183466909
15000000 0.0061281397151578
16000000 0.0076382804068804
17000000 0.0090068896649546
18000000 0.010292889671548
19000000 0.01148346055652
20000000 0.01249082798912
22000000 0.01388695874412
24000000 0.01494333248175
26000000 0.0161660412913
28000000 0.015264094085482
30000000 0.01446605914911
35000000 0.01178852260638
40000000 0.009071376810795
45000000 0.00840549803775
50000000 0.01369459088082
55000000 0.0250016535
60000000 0.03132019615515
65000000 0.03214823705758
70000000 0.03095265661059
75000000 0.02953955353295
80000000 0.02935375098831
90000000 0.03023877648462
100000000 0.03032785950064
110000000 0.030247381152
120000000 0.0298710617664
130000000 0.02929365520504
140000000 0.02870152074587
150000000 0.02820756567694
160000000 0.0278364893793
180000000 0.02634038814088
200000000 0.02484220071681
#Header 
#Target 80 185 0
#Product 78 182 0
#Datapoints 30
1000000 0
17000000 0
18000000 1.53707074257E-14
19000000 1.9710892232E-13
20000000 1.9252301936E-12
22000000 1.011841290592E-10
24000000 2.83198122156E-9
26000000 6.618646621365E-8
28000000 1.656736604039E-6
30000000 2.195343292155E-5
35000000 0.00092345724809
40000000 0.004750023100095
45000000 0.008293055238038
50000000 0.009449315030825
55000000 0.009923607306
60000000 0.010215850755894
65000000 0.010677420192326
70000000 0.011311808197437
75000000 0.011871526051335
80000000 0.012350337729219
90000000 0.012810962230742
100000000 0.012907209738722
110000000 0.012774265454528
120000000 0.01251097756992
130000000 0.012209193546048
140000000 0.011878751176215
150000000 0.011525912848538
160000000 0.011235250935678
180000000 0.010420391279915
200000000 0.009702942910002
#Header 
#Target 80 185 0
#Product 78 183 0
#Datapoints 34
1000000 0
13000000 0
14000000 4.396042180959E-15
15000000 2.560225622661E-13
16000000 1.161707156804E-11
17000000 2.809793460581E-10
18000000 3.773586862034E-9
19000000 3.125140526172E-8
20000000 1.75647150866E-7
22000000 2.316651569848E-6
24000000 1.3057852461015E-5
26000000 4.02333951737E-5
28000000 8.577088599805E-5
30000000 0.000132732863211
35000000 0.0001873716410176
40000000 0.0002020359229265
45000000 0.0002465824941576
50000000 0.0003106061930491
55000000 0.0003811214034
60000000 0.0004469676917244
65000000 0.0004976051830966
70000000 0.0005372847338232
75000000 0.000564239245444
80000000 0.0005841126716229
90000000 0.0005978637308802
100000000 0.0005909083852282
110000000 0.000577356865968
120000000 0.000560924093376
130000000 0.0005391780685488
140000000 0.000519359064581
150000000 0.0004989293054992
160000000 0.0004787662016634
180000000 0.0004395120232684
200000000 0.0004035405276468
#Header 
#Target 80 185 0
#Product 79 175 0
#Datapoints 16
1000000 0
60000000 0
65000000 1.03412929579E-14
70000000 2.496098245905E-8
75000000 3.060844167315E-6
80000000 2.489967012204E-5
90000000 0.00010803588033911
100000000 0.00010330201831937
110000000 6.185088627456E-5
120000000 0.0001519467806656
130000000 0.000254640324284
140000000 0.0002525034201613
150000000 0.0002653036580376
160000000 0.0002938443417168
180000000 0.0002981245589814
200000000 0.0003105423237042
#Header 
#Target 80 185 0
#Product 79 176 0
#Datapoints 17
1000000 0
55000000 0
60000000 2.063349911973E-8
65000000 1.0882121285912E-5
70000000 0.00010616888508105
75000000 0.0002971529692655
80000000 0.0005370128265663
90000000 0.0006819259442551
100000000 0.000333685667107
110000000 0.0007211865784
120000000 0.001479950185152
130000000 0.001353818956756
140000000 0.0012713063985426
150000000 0.0013009786129542
160000000 0.0012876050620902
180000000 0.0012651833233605
200000000 0.0012265156325349
#Header 
#Target 80 185 0
#Product 79 177 0
#Datapoints 20
1000000 0
40000000 0
45000000 2.61048310094E-15
50000000 1.6426626879273E-6
55000000 0.0003044484918
60000000 0.0014273104575324
65000000 0.00206181432858
70000000 0.002297513462376
75000000 0.002270346902835
80000000 0.0016252382496042
90000000 0.0007982585360519
100000000 0.002540357403909
110000000 0.004157642954848
120000000 0.00367502951552
130000000 0.003503740045912
140000000 0.003649252947249
150000000 0.00367676247853
160000000 0.003679471072998
180000000 0.003628604818442
200000000 0.003582419912082
#Header 
#Target 80 185 0
#Product 79 178 0
#Datapoints 21
1000000 0
35000000 0
40000000 2.780740081405E-5
45000000 0.002392206296339
50000000 0.010063705132459
55000000 0.011511942084
60000000 0.010180385619327
65000000 0.00961043067889
70000000 0.006784212606171
75000000 0.0041552364875
80000000 0.003291463818909
90000000 0.010566326604462
100000000 0.01755032154772
110000000 0.0142011598568
120000000 0.012709803456
130000000 0.012572520223368
140000000 0.01230931952152
150000000 0.011972955834516
160000000 0.011663292502806
180000000 0.011332044012678
200000000 0.010862925945822
#Header 
#Target 80 185 0
#Product 79 179 0
#Datapoints 24
1000000 0
26000000 0
28000000 4.4355716361E-11
30000000 2.387739606405E-6
35000000 0.001948378269032
40000000 0.005540288416455
45000000 0.009518126052749
50000000 0.013150680711925
55000000 0.011053842786
60000000 0.006003192901734
65000000 0.003393151192712
70000000 0.004182799289757
75000000 0.01198736335065
80000000 0.0238715304282
90000000 0.02868060230744
100000000 0.02269680974717
110000000 0.02157732957792
120000000 0.0216595255168
130000000 0.0215187054292
140000000 0.02111450162808
150000000 0.0206580338281
160000000 0.02031513882342
180000000 0.0201129671276
200000000 0.01971655823925
#Header 
#Target 80 185 0
#Product 79 180 0
#Datapoints 30
1000000 0
17000000 0
18000000 1.81422790021E-13
19000000 0.001143468806452
20000000 0.010272696202412
22000000 0.03274998870704
24000000 0.05813556890835
26000000 0.08087856509065
28000000 0.09143674653476
30000000 0.08842425959415
35000000 0.05863956327476
40000000 0.0490945288353
45000000 0.03691987771374
50000000 0.02299458871997
55000000 0.01638892431
60000000 0.01892742302808
65000000 0.04140184889416
70000000 0.07150803527802
75000000 0.08374660276955
80000000 0.07522816400064
90000000 0.05831677514963
100000000 0.05454571345964
110000000 0.05236283175808
120000000 0.0506778861312
130000000 0.04937220884224
140000000 0.04872672983269
150000000 0.04808554925974
160000000 0.04737205709586
180000000 0.04535588038253
200000000 0.04362258899988
#Header 
#Target 80 185 0
#Product 79 181 0
#Datapoints 40
1000000 0
7000000 0
8000000 7.507596954E-12
9000000 6.527567288E-7
10000000 1.2382499953E-5
11000000 9.190502239584E-5
12000000 0.0004292193545088
13000000 0.001387381600902
14000000 0.0032798246223847
15000000 0.0062715174067369
16000000 0.010478415209368
17000000 0.015907208108687
18000000 0.0223792489272
19000000 0.0291644189866
20000000 0.03466009209448
22000000 0.04111618296544
24000000 0.0426725831415
26000000 0.04273778534975
28000000 0.04146112227807
30000000 0.038586933438
35000000 0.02594633234076
40000000 0.01629840715165
45000000 0.013634221753841
50000000 0.02750706424153
55000000 0.07148630952
60000000 0.1004773975317
65000000 0.09739906969868
70000000 0.08123097325662
75000000 0.0700623441519
80000000 0.06611685597153
90000000 0.06378300833629
100000000 0.06166656017444
110000000 0.06030828169952
120000000 0.0587288943296
130000000 0.05702067786104
140000000 0.05567392586133
150000000 0.05481287764126
160000000 0.0539636742288
180000000 0.05101607014242
200000000 0.04801063240971
#Header 
#Target 80 185 0
#Product 79 182 0
#Datapoints 45
1000000 0
2000000 9.7724718E-14
3000000 1.12363987848E-9
4000000 2.507720334E-7
5000000 9.065598685E-6
6000000 0.00011847600198436
7000000 0.00082821713355
8000000 0.0027976400166
9000000 0.008194487859
10000000 0.014075406335
11000000 0.019423361040804
12000000 0.021392855263056
13000000 0.02067256214464
14000000 0.019555606195632
15000000 0.018803465161566
16000000 0.018412186647824
17000000 0.018146527855973
18000000 0.0178499796409
19000000 0.01745826096312
20000000 0.01694852823248
22000000 0.01642495225052
24000000 0.0240818683317
26000000 0.03096254030415
28000000 0.01576780885559
30000000 0.01001637751461
35000000 0.006888945461112
40000000 0.0339129917373
45000000 0.10547217657349
50000000 0.13941955535775
55000000 0.13081848102
60000000 0.1115873887296
65000000 0.10195724421602
70000000 0.09973755263901
75000000 0.09954041649765
80000000 0.09951035054625
90000000 0.09808532321118
100000000 0.09554387964953
110000000 0.09262649072928
120000000 0.0897941042112
130000000 0.08681462998872
140000000 0.08396043103399
150000000 0.08136927972842
160000000 0.0788367163017
180000000 0.07300981676068
200000000 0.06780867554979
#Header 
#Target 80 185 0
#Product 79 183 0
#Datapoints 37
1000000 0
10000000 0
11000000 1.29039984306E-15
12000000 2.744438952744E-14
13000000 2.40721933854E-13
14000000 1.462418881378E-12
15000000 1.120593568878E-11
16000000 1.10747401274E-10
17000000 9.767177552349E-10
18000000 1.1102525159E-8
19000000 3.322817704736E-7
20000000 6.345714297128E-6
22000000 0.0003139442914476
24000000 0.0027642726954
26000000 0.010148126021135
28000000 0.02390771391371
30000000 0.04248128455635
35000000 0.08250207827212
40000000 0.08698892148635
45000000 0.07438084250099
50000000 0.06782653250677
55000000 0.06973179516
60000000 0.07330460323137
65000000 0.07579040636542
70000000 0.07733238334503
75000000 0.0782340494473
80000000 0.07850086107381
90000000 0.07748441969609
100000000 0.07522740162509
110000000 0.07232749306752
120000000 0.0693484013248
130000000 0.06635404246328
140000000 0.06365122816696
150000000 0.06092883255828
160000000 0.05858137076064
180000000 0.05320327867932
200000000 0.04864223560158
#Header 
#Target 80 185 0
#Product 79 184 0
#Datapoints 40
1000000 0
7000000 0
8000000 1.1326790618E-15
9000000 3.5335685994E-12
10000000 9.690539828E-10
11000000 6.253353805092E-8
12000000 1.2649083983232E-6
13000000 1.043556701252E-5
14000000 4.841595286411E-5
15000000 0.0001591022856561
16000000 0.00041785653156052
17000000 0.00092517811738523
18000000 0.001787103742677
19000000 0.00304697069818
20000000 0.004670181209448
22000000 0.00840311016666
24000000 0.01173813668535
26000000 0.014489048026065
28000000 0.01723749568794
30000000 0.01925741977365
35000000 0.02218739106168
40000000 0.02645041973015
45000000 0.03139585446058
50000000 0.03499736174882
55000000 0.03751580124
60000000 0.03922805362707
65000000 0.04025416247822
70000000 0.04081343340459
75000000 0.0409653572899
80000000 0.04082464823409
90000000 0.03983428920161
100000000 0.03836888798093
110000000 0.03668439400896
120000000 0.0349846198656
130000000 0.03329696553664
140000000 0.03171125308638
150000000 0.03022430743738
160000000 0.02885719197984
180000000 0.02598241795201
200000000 0.02347942706595
#Header 
#Target 80 185 0
#Product 80 178 0
#Datapoints 16
1000000 0
60000000 0
65000000 1.473528606618E-12
70000000 6.700937121318E-9
75000000 8.32690904238E-7
80000000 3.663649095183E-5
90000000 0.0009685962243756
100000000 0.001766908865215
110000000 0.0011762958578432
120000000 0.000989192976256
130000000 0.0009596193944544
140000000 0.0009459972413619
150000000 0.0009102238354418
160000000 0.0008657615598492
180000000 0.0008143396802991
200000000 0.0007882724999547
#Header 
#Target 80 185 0
#Product 80 179 0
#Datapoints 18
1000000 0
50000000 0
55000000 1.94686686E-13
60000000 1.609974325407E-8
65000000 2.939055279808E-6
70000000 0.0001620021059877
75000000 0.001354089434929
80000000 0.004122530236377
90000000 0.006080213884448
100000000 0.003764775636037
110000000 0.003146751308672
120000000 0.0030023876608
130000000 0.002922812665824
140000000 0.002797697023058
150000000 0.00263971175362
160000000 0.002542790667648
180000000 0.002481449782756
200000000 0.002381910743961
#Header 
#Target 80 185 0
#Product 80 180 0
#Datapoints 20
1000000 0
40000000 0
45000000 1.029358663566E-10
50000000 9.131712604098E-7
55000000 0.00013494761712
60000000 0.003929107026852
65000000 0.01913828273048
70000000 0.03764857011036
75000000 0.0432190633089
80000000 0.03413076856434
90000000 0.02075206940383
100000000 0.01849315521625
110000000 0.01775448566016
120000000 0.01683120624
130000000 0.016159861244832
140000000 0.01568973030751
150000000 0.01514521820129
160000000 0.01471681508829
180000000 0.014157932305524
200000000 0.013619325999393
#Header 
#Target 80 185 0
#Product 80 181 0
#Datapoints 22
1000000 0
30000000 0
35000000 3.06227774736E-12
40000000 3.203851361685E-7
45000000 0.0001112450585412
50000000 0.007206179842061
55000000 0.05250170178
60000000 0.10994096098902
65000000 0.1143125718954
70000000 0.08045774137665
75000000 0.0559135509391
80000000 0.04580224427142
90000000 0.03845118998339
100000000 0.0349902841288
110000000 0.03279594376384
120000000 0.0307696923328
130000000 0.02911906550488
140000000 0.02809586037608
150000000 0.02747989148886
160000000 0.02688943075014
180000000 0.02473109376167
200000000 0.02307201779547
#Header 
#Target 80 185 0
#Product 80 182 0
#Datapoints 26
1000000 0
22000000 0
24000000 2.1076294578E-11
26000000 1.314071076158E-8
28000000 9.496717001277E-7
30000000 1.378964462472E-5
35000000 0.013381388824544
40000000 0.13480736005555
45000000 0.3087808931732
50000000 0.3510949521644
55000000 0.268930116
60000000 0.17828403547647
65000000 0.13928668713778
70000000 0.12670059818922
75000000 0.1207231324103
80000000 0.11704550502771
90000000 0.11019667576481
100000000 0.10391070188772
110000000 0.09854636438016
120000000 0.0939803446016
130000000 0.0900231011912
140000000 0.08638863689547
150000000 0.0829729231077
160000000 0.07986980081808
180000000 0.07315595579501
200000000 0.06722156990799
#Header 
#Target 80 185 0
#Product 80 183 0
#Datapoints 34
1000000 0
13000000 0
14000000 1.001440222848E-15
15000000 2.587763992636E-13
16000000 7.642619229596E-12
17000000 1.591025743281E-10
18000000 3.690129700268E-9
19000000 6.08038718056E-8
20000000 6.153520016724E-7
22000000 1.861858696544E-5
24000000 0.00193616914233
26000000 0.0297958377101
28000000 0.1104782509413
30000000 0.2275541664765
35000000 0.4026117201132
40000000 0.342137350568
45000000 0.208754140375
50000000 0.1432981052273
55000000 0.12890105568
60000000 0.12594470796726
65000000 0.12373356886036
70000000 0.12199321983321
75000000 0.11981325796565
80000000 0.11735736233634
90000000 0.11114890114246
100000000 0.10517957102653
110000000 0.09923839164928
120000000 0.0939689497088
130000000 0.0890194236496
140000000 0.08457411446666
150000000 0.08051894749112
160000000 0.07691200749876
180000000 0.06937824859748
200000000 0.06282511751232
#Header 
#Target 80 185 0
#Product 80 184 0
#Datapoints 39
1000000 0
8000000 0
9000000 1.1748482062E-13
10000000 1.1515999698E-9
11000000 6.739623248532E-6
12000000 0.000743652803892
13000000 0.01129180620696
14000000 0.048086917555469
15000000 0.11034635938259
16000000 0.18811582597188
17000000 0.27549950860337
18000000 0.370954462032
19000000 0.4709391296196
20000000 0.5565320528228
22000000 0.6789683159028
24000000 0.707259392526
26000000 0.66565981899
28000000 0.6126874386039
30000000 0.5391869005935
35000000 0.36984761749
40000000 0.320863567024
45000000 0.318914134679
50000000 0.3186457522978
55000000 0.3086192502
60000000 0.3060932032116
65000000 0.2942700891448
70000000 0.2871283070337
75000000 0.2744564059955
80000000 0.263170792773
90000000 0.2428050590073
100000000 0.225008328025
110000000 0.2090579263424
120000000 0.194985773888
130000000 0.1827775699952
140000000 0.1720126888389
150000000 0.1624529909448
160000000 0.15395310910476
180000000 0.13691815515457
200000000 0.12274156377585
#Header 
#Target 80 185 0
#Product 80 185 0
#Datapoints 45
1000000 0
2000000 0
3000000 4.37181001999E-13
4000000 3.159520588E-9
5000000 6.879019745E-7
6000000 2.0899104789653E-5
7000000 0.000252293998671
8000000 0.0015480899434
9000000 0.0078564701076
10000000 0.02235809529
11000000 0.04763025300132
12000000 0.07535760534096
13000000 0.0965717802706
14000000 0.1108438813443
15000000 0.11839229483993
16000000 0.1196445984958
17000000 0.1161859826096
18000000 0.1102220610293
19000000 0.1036098433802
20000000 0.09706729341552
22000000 0.0862029137134
24000000 0.08032399476705
26000000 0.0796403054963
28000000 0.08073528673518
30000000 0.0811151292912
35000000 0.077803233547
40000000 0.0724618727833
45000000 0.06674793141851
50000000 0.06326754729109
55000000 0.05899227768
60000000 0.0549764212704
65000000 0.05033739032124
70000000 0.04647071132121
75000000 0.0424751264435
80000000 0.03915964947951
90000000 0.03294437475928
100000000 0.02764901298861
110000000 0.02321741996928
120000000 0.019508173088
130000000 0.0164260957752
140000000 0.013887082335273
150000000 0.011813778303862
160000000 0.010144254114204
180000000 0.007586915028522
200000000 0.005914757247129
#Header 
#Target 80 185 0
#Product 81 181 0
#Datapoints 19
1000000 0
45000000 0
50000000 2.084501269809E-5
55000000 0.0011168788932
60000000 0.003104092416705
65000000 0.002698623509714
70000000 0.0014134165800711
75000000 0.0007879511965655
80000000 0.0005602722066144
90000000 0.000393341177908
100000000 0.0003062449238641
110000000 0.0002413777284992
120000000 0.00020144138048
130000000 0.0001704368797648
140000000 0.00014675170332403
150000000 0.00013087196951776
160000000 0.00011998878746568
180000000 9.29378612666E-5
200000000 8.031195394101E-5
#Header 
#Target 80 185 0
#Product 81 182 0
#Datapoints 21
1000000 0
35000000 0
40000000 4.63650906563E-5
45000000 0.002788501681002
50000000 0.008165695535595
55000000 0.006193142388
60000000 0.002573210987928
65000000 0.001348232801109
70000000 0.0009891728372031
75000000 0.000806339907901
80000000 0.0007047926691435
90000000 0.0005530382736184
100000000 0.000445800501536
110000000 0.0003796153955392
120000000 0.000320976304832
130000000 0.000280323577996
140000000 0.0002548432105758
150000000 0.0002293224727696
160000000 0.0002077238528694
180000000 0.000171826000307
200000000 0.00014897549735019
#Header 
#Target 80 185 0
#Product 81 183 0
#Datapoints 24
1000000 0
26000000 0
28000000 0.000712412959236
30000000 0.00492510889923
35000000 0.11166253655856
40000000 0.1314020106698
45000000 0.06107642210762
50000000 0.0271935674599
55000000 0.017766987678
60000000 0.013845942431034
65000000 0.01155089032909
70000000 0.009933255514347
75000000 0.00862363552216
80000000 0.007634538782577
90000000 0.006144592313142
100000000 0.005077874687353
110000000 0.004264297725728
120000000 0.0036847484928
130000000 0.003257259214896
140000000 0.002871032023419
150000000 0.00259965101818
160000000 0.00236290069827
180000000 0.001969266451451
200000000 0.001653503672709
#Header 
#Target 80 185 0
#Product 81 184 0
#Datapoints 29
1000000 0
18000000 0
19000000 0.002420678591432
20000000 0.0211688620912
22000000 0.07777257483864
24000000 0.1431454150185
26000000 0.189708121193
28000000 0.188984537412
30000000 0.1493071935504
35000000 0.04525162528536
40000000 0.018679760463
45000000 0.013677966378306
50000000 0.011471860064222
55000000 0.009950164002
60000000 0.008788182371241
65000000 0.007747930040028
70000000 0.006860033095146
75000000 0.00608795705828
80000000 0.005440359458142
90000000 0.004421802955071
100000000 0.003673826173511
110000000 0.003134082559072
120000000 0.0027209138176
130000000 0.002399588132992
140000000 0.002148974157302
150000000 0.001946101969208
160000000 0.001777964148324
180000000 0.001487654805408
200000000 0.0012511387273761
#Header 
#Target 80 185 0
#Product 81 185 0
#Datapoints 40
1000000 0
7000000 0
8000000 0.0036919198316
9000000 0.012353398422
10000000 0.043245695295
11000000 0.0878066190072
12000000 0.13951919256288
13000000 0.184997884326
14000000 0.2087653169446
15000000 0.21557553516
16000000 0.21365308023064
17000000 0.20483156634263
18000000 0.1878552740152
19000000 0.162507107734
20000000 0.1297911973512
22000000 0.07208245639056
24000000 0.0397067577678
26000000 0.0254521271088
28000000 0.01970357904724
30000000 0.0170467512597
35000000 0.013948629615804
40000000 0.011974780401805
45000000 0.010371650166427
50000000 0.009186638778239
55000000 0.007867450854
60000000 0.007042016221233
65000000 0.00603953566533
70000000 0.005365300937304
75000000 0.004664828890215
80000000 0.004193693391447
90000000 0.003355115104504
100000000 0.002808193712636
110000000 0.002368347742112
120000000 0.00203251569152
130000000 0.001776686397144
140000000 0.0015747831193717
150000000 0.0014104923323522
160000000 0.0012787452011628
180000000 0.0010531008883324
200000000 0.0008866292996565
#Header 
#Target 80 185 0
#Product 81 186 0
#Datapoints 46
1000000 0
1000000 0
2000000 2.45513007558E-13
3000000 3.31840987499E-9
4000000 7.8273195644E-7
5000000 2.8491898565E-5
6000000 0.00037040610049906
7000000 0.0025389198495
8000000 0.008545390139
9000000 0.0228891005938
10000000 0.035435302705
11000000 0.04191190292826
12000000 0.03724075857168
13000000 0.0272686449733
14000000 0.018522544205503
15000000 0.012350252916517
16000000 0.0082927681464448
17000000 0.0057071140666749
18000000 0.00406963592211
19000000 0.003026216301468
20000000 0.0023352507596
22000000 0.001476376946352
24000000 0.0009458696274585
26000000 0.0006329878631205
28000000 0.0004721322613084
30000000 0.0003911372476215
35000000 0.0003077191840788
40000000 0.0002658142846385
45000000 0.0002441403679555
50000000 0.0002254357778311
55000000 0.0002139393636
60000000 0.0001992201255177
65000000 0.0001888872404276
70000000 0.00017672632612008
75000000 0.0001648201876732
80000000 0.00015427599194385
90000000 0.00013496022235078
100000000 0.00011675269072025
110000000 0.00011141206854752
120000000 9.48735109504E-5
130000000 7.559930848608E-5
140000000 6.918924437306E-5
150000000 6.456338590866E-5
160000000 6.113300881254E-5
180000000 5.170945256137E-5
200000000 4.067622965151E-5
