#Header 
#Target 97 248 1
#Product 0 1 0
#Datapoints 45
1000000 0
2000000 7.603988268E-19
3000000 2.117965776E-13
4000000 2.5083643872E-10
5000000 1.129694591961E-6
6000000 2.897192989754E-5
7000000 0.000322807763652
8000000 0.00293257642388
9000000 0.0151797647712
10000000 0.05026918274
11000000 0.1220849887345
12000000 0.22836831057
13000000 0.348812429968
14000000 0.47703545232
15000000 0.61182527896
16000000 0.72147207636
17000000 0.8101337382
18000000 0.89700648513
19000000 0.968561112
20000000 1.01458361568
22000000 1.04574264938
24000000 1.056886666779
26000000 1.057954261606
28000000 1.02422467545
30000000 0.97562727626
35000000 0.849420471483
40000000 0.7420803033
45000000 0.6818556448
50000000 0.659011135
55000000 0.670061087645
60000000 0.683825048
65000000 0.710886675
70000000 0.740950375563
75000000 0.788598432
80000000 0.843076568376
90000000 0.9560309862
100000000 1.0485548317
110000000 1.1216622508
120000000 1.1861722936
130000000 1.25145548817
140000000 1.3192765539
150000000 1.378971016118
160000000 1.425376748034
180000000 1.508976144
200000000 1.5873768478
#Header 
#Target 97 248 1
#Product 1 1 0
#Datapoints 44
1000000 0
3000000 0
4000000 2.6448992088E-20
5000000 1.67505416151E-15
6000000 5.94642355028E-13
7000000 8.23810553808E-11
8000000 4.56639519192E-9
9000000 1.18289712792E-7
10000000 1.66427815857E-6
11000000 1.387053745311E-5
12000000 7.236254145E-5
13000000 0.00025660451412
14000000 0.00068528602212
15000000 0.00149465017256
16000000 0.00279729864765
17000000 0.00463861461565
18000000 0.0070292033787
19000000 0.009980095056
20000000 0.0134911369443
22000000 0.0220370916766
24000000 0.03206169621317
26000000 0.04234606861881
28000000 0.0533676277407
30000000 0.06474020188116
35000000 0.0931226134602
40000000 0.12138144333
45000000 0.1503241544
50000000 0.1776684165
55000000 0.2072161207583
60000000 0.2314309536
65000000 0.2560259244
70000000 0.2766783124625
75000000 0.29812228992
80000000 0.3159657803106
90000000 0.34691755653
100000000 0.37133150383
110000000 0.38923592344
120000000 0.40277747522
130000000 0.4126487275422
140000000 0.42023043087
150000000 0.4261002882439
160000000 0.4291944619773
180000000 0.43386738135
200000000 0.4365203338
#Header 
#Target 97 248 1
#Product 1 2 0
#Datapoints 41
1000000 0
6000000 0
7000000 3.52928774616E-19
8000000 1.141133346768E-14
9000000 3.42853340088E-12
10000000 6.3724083689E-10
11000000 2.966451108309E-8
12000000 5.6149834278E-7
13000000 5.73280563504E-6
14000000 3.7308922518E-5
15000000 0.0001681159494
16000000 0.00053793476748
17000000 0.0012607570422
18000000 0.00233555797302
19000000 0.0036884655488
20000000 0.0052184009337
22000000 0.0084328734347
24000000 0.0114135944924
26000000 0.01315845690456
28000000 0.0152132102778
30000000 0.01693461067844
35000000 0.02010608544828
40000000 0.022643170753
45000000 0.025729402824
50000000 0.0270138607
55000000 0.03046240907073
60000000 0.03160135216
65000000 0.03436570518
70000000 0.03549868988345
75000000 0.038139647616
80000000 0.03967441327773
90000000 0.040294252023
100000000 0.040842627911
110000000 0.040117013846
120000000 0.039624671374
130000000 0.03964426462091
140000000 0.039853123986
150000000 0.0394837022208
160000000 0.03863370816918
180000000 0.037507549365
200000000 0.03718463747
#Header 
#Target 97 248 1
#Product 1 3 0
#Datapoints 41
1000000 0
6000000 0
7000000 1.444546293696E-19
8000000 2.86286500948E-16
9000000 3.9747375816E-13
10000000 6.0780843157E-11
11000000 2.787362410677E-9
12000000 5.65267316238E-8
13000000 6.39771535056E-7
14000000 4.6688351682E-6
15000000 2.34155092464E-5
16000000 8.1196427871E-5
17000000 0.00020250818032
18000000 0.000396656156394
19000000 0.0006594168032
20000000 0.00097796808285
22000000 0.00171489990529
24000000 0.002487508379977
26000000 0.003149775651363
28000000 0.00375301169397
30000000 0.004288436328449
35000000 0.005380654231401
40000000 0.0062761425286
45000000 0.007189600912
50000000 0.0080354618
55000000 0.00898942593436
60000000 0.00982469016
65000000 0.01079969136
70000000 0.01175995967796
75000000 0.012937836096
80000000 0.01430663399424
90000000 0.017427968424
100000000 0.020176448385
110000000 0.021921157076
120000000 0.023952619948
130000000 0.02582968426568
140000000 0.027430596333
150000000 0.02863916739086
160000000 0.02933723845554
180000000 0.030568390905
200000000 0.031606553146
#Header 
#Target 97 248 1
#Product 2 3 0
#Datapoints 37
1000000 0
10000000 0
11000000 9.43946677102E-21
12000000 3.33548321221E-18
13000000 3.53108194984E-16
14000000 1.52538985998E-14
15000000 3.40569731768E-13
16000000 4.63815125892E-12
17000000 4.3198238823E-11
18000000 2.99785465452E-10
19000000 1.6500546368E-9
20000000 7.52566914E-9
22000000 1.01297299246E-7
24000000 9.69813807468E-7
26000000 5.779565221738E-6
28000000 2.62543500747E-5
30000000 8.31811996769E-5
35000000 0.0004331581590717
40000000 0.0009758282765
45000000 0.0015833555304
50000000 0.0021539443525
55000000 0.002741362948197
60000000 0.003235203944
65000000 0.003716251305
70000000 0.004116036523294
75000000 0.0045381342528
80000000 0.00491574173517
90000000 0.0056926136037
100000000 0.006512596477
110000000 0.007043105797
120000000 0.007565327964
130000000 0.00807003798419
140000000 0.008563975434
150000000 0.0090531985266
160000000 0.00950180795841
180000000 0.01037190921
200000000 0.011174112042
#Header 
#Target 97 248 1
#Product 2 4 0
#Datapoints 45
1000000 0
2000000 1.0044900201E-16
3000000 1.4512579514E-11
4000000 1.3693930218E-8
5000000 8.47004035203E-8
6000000 3.91855708192E-7
7000000 2.721669269616E-6
8000000 1.829006477664E-5
9000000 9.569142528E-5
10000000 0.00031928795125
11000000 0.001010040013513
12000000 0.00210623820295
13000000 0.00354574704136
14000000 0.0052012442328
15000000 0.006924419984
16000000 0.0093497446206
17000000 0.0259028794075
18000000 0.067353746928
19000000 0.1100900176
20000000 0.143307655209
22000000 0.174633407663
24000000 0.1577303191493
26000000 0.1046151196211
28000000 0.073811632833
30000000 0.05819036093481
35000000 0.04300441129656
40000000 0.037376257723
45000000 0.033604831536
50000000 0.031374221825
55000000 0.0290846330637
60000000 0.0274587544
65000000 0.02613613515
70000000 0.02552934603839
75000000 0.025330707072
80000000 0.02594251991646
90000000 0.027626342034
100000000 0.0296408601
110000000 0.031697908788
120000000 0.034059799506
130000000 0.03687110526449
140000000 0.038934828928
150000000 0.0409198171269
160000000 0.04253382125553
180000000 0.044672238
200000000 0.0459552592
#Header 
#Target 97 248 1
#Product 88 219 0
#Datapoints 12
1000000 0
80000000 0
90000000 2.1686511624E-15
100000000 9.240238602E-12
110000000 2.09548504802E-9
120000000 4.70132317434E-8
130000000 2.4589406101064E-7
140000000 5.7611620097E-7
150000000 9.06382024779E-7
160000000 1.4177946673578E-6
180000000 2.3879896287E-6
200000000 3.11359529702E-6
#Header 
#Target 97 248 1
#Product 89 220 0
#Datapoints 12
1000000 0
80000000 0
90000000 2.1155808621E-13
100000000 5.2294383761E-11
110000000 1.41437127104E-8
120000000 4.45035065012E-7
130000000 3.1970798491544E-6
140000000 9.4422459703E-6
150000000 1.5419373197786E-5
160000000 2.0109857531727E-5
180000000 2.41624707675E-5
200000000 2.77175515164E-5
#Header 
#Target 97 248 1
#Product 89 221 0
#Datapoints 13
1000000 0
75000000 0
80000000 5.314660077699E-15
90000000 1.5242893161E-12
100000000 1.6099079221E-10
110000000 2.39206038799E-8
120000000 4.51299299948E-7
130000000 2.2663652883449E-6
140000000 4.72480738487E-6
150000000 7.023484609211E-6
160000000 8.531956537476E-6
180000000 1.05152437065E-5
200000000 1.25773148682E-5
#Header 
#Target 97 248 1
#Product 89 222 0
#Datapoints 15
1000000 0
65000000 0
70000000 1.014391148264E-13
75000000 1.4060665152E-11
80000000 3.728698631154E-10
90000000 1.08310723113E-8
100000000 4.37839435356E-8
110000000 7.7593539387E-8
120000000 1.32850241972E-7
130000000 2.53492772951E-7
140000000 3.88185820097E-7
150000000 4.948257344038E-7
160000000 5.895309327747E-7
180000000 8.2251939315E-7
200000000 9.3954552524E-7
#Header 
#Target 97 248 1
#Product 90 221 0
#Datapoints 12
1000000 0
80000000 0
90000000 2.7056044149E-13
100000000 3.6482278538E-11
110000000 1.63155010928E-9
120000000 1.03411276454E-7
130000000 9.956405925215E-7
140000000 3.59614191817E-6
150000000 6.90979339167E-6
160000000 1.1323261867272E-5
180000000 1.67238526065E-5
200000000 2.03175025296E-5
#Header 
#Target 97 248 1
#Product 90 222 0
#Datapoints 13
1000000 0
75000000 0
80000000 4.493288514834E-15
90000000 6.516587883E-13
100000000 2.2598652473E-11
110000000 9.6816751668E-9
120000000 3.56830871726E-7
130000000 2.343055530934E-6
140000000 5.409245739E-6
150000000 9.052112103976E-6
160000000 1.1774560332171E-5
180000000 1.7494130004E-5
200000000 2.02951930498E-5
#Header 
#Target 97 248 1
#Product 90 223 0
#Datapoints 13
1000000 0
75000000 0
80000000 3.394975671171E-16
90000000 1.6381993656E-13
100000000 3.4609480902E-10
110000000 6.9207457865E-8
120000000 1.25879324176E-6
130000000 4.9062140455244E-6
140000000 8.5059847054E-6
150000000 1.1303960647165E-5
160000000 1.5289489458615E-5
180000000 2.14270619745E-5
200000000 2.50492427626E-5
#Header 
#Target 97 248 1
#Product 90 224 0
#Datapoints 12
1000000 0
80000000 0
90000000 1.0733263383E-12
100000000 1.48197644185E-9
110000000 1.14764820352E-7
120000000 1.17428893422E-6
130000000 3.2507164727308E-6
140000000 4.6722956732E-6
150000000 6.012505306266E-6
160000000 7.936935375141E-6
180000000 1.1405098575E-5
200000000 1.39991628558E-5
#Header 
#Target 97 248 1
#Product 90 225 0
#Datapoints 12
1000000 0
80000000 0
90000000 1.6957973586E-12
100000000 6.9552761531E-10
110000000 3.20591818092E-8
120000000 3.61046426054E-7
130000000 1.1576458824718E-6
140000000 1.69819723065E-6
150000000 2.2293193390339E-6
160000000 3.435960456711E-6
180000000 5.118078654E-6
200000000 6.2600719686E-6
#Header 
#Target 97 248 1
#Product 90 226 0
#Datapoints 12
1000000 0
80000000 0
90000000 2.7516708471E-13
100000000 3.7054084937E-10
110000000 3.62016385458E-8
120000000 4.1060184847E-7
130000000 1.0682563530054E-6
140000000 1.37427508512E-6
150000000 1.8232562730513E-6
160000000 2.8732801852098E-6
180000000 4.0476013383E-6
200000000 5.1928182236E-6
#Header 
#Target 97 248 1
#Product 90 227 0
#Datapoints 14
1000000 0
70000000 0
75000000 1.8188901504E-15
80000000 8.79216546222E-14
90000000 2.9793294564E-11
100000000 1.96844135802E-9
110000000 5.8060452541E-8
120000000 3.44471510578E-7
130000000 5.837629653879E-7
140000000 6.780978408E-7
150000000 1.1178265429649E-6
160000000 1.7710683978618E-6
180000000 2.29018035675E-6
200000000 3.24267679574E-6
#Header 
#Target 97 248 1
#Product 90 228 0
#Datapoints 14
1000000 0
70000000 0
75000000 5.5897788096E-15
80000000 8.864989434E-13
90000000 8.752801551E-11
100000000 9.8496387105E-9
110000000 1.09972725954E-7
120000000 2.9088853408E-7
130000000 3.3621124606281E-7
140000000 5.0227193513E-7
150000000 8.684843055852E-7
160000000 1.2244971157344E-6
180000000 1.5648890361E-6
200000000 2.29945770726E-6
#Header 
#Target 97 248 1
#Product 91 222 0
#Datapoints 11
1000000 0
90000000 0
100000000 9.633945164E-15
110000000 1.6837819635E-11
120000000 2.95206081098E-9
130000000 6.596104979746E-8
140000000 4.56665768237E-7
150000000 1.4556370476351E-6
160000000 2.7216493616781E-6
180000000 3.62649378585E-6
200000000 4.3222694606E-6
#Header 
#Target 97 248 1
#Product 91 223 0
#Datapoints 11
1000000 0
90000000 0
100000000 1.8357769484E-12
110000000 1.86546440535E-9
120000000 1.32366920412E-7
130000000 1.4825183720485E-6
140000000 5.8255338221E-6
150000000 1.3428154532034E-5
160000000 1.7193327304338E-5
180000000 2.1109473879E-5
200000000 2.41881615562E-5
#Header 
#Target 97 248 1
#Product 91 224 0
#Datapoints 12
1000000 0
80000000 0
90000000 1.0868615676E-13
100000000 2.5851738316E-11
110000000 6.8337577763E-9
120000000 2.19766690086E-7
130000000 1.6173037137932E-6
140000000 4.93916471877E-6
150000000 8.270372824796E-6
160000000 1.1013645383874E-5
180000000 1.3876625997E-5
200000000 1.6022820512E-5
#Header 
#Target 97 248 1
#Product 91 225 0
#Datapoints 13
1000000 0
75000000 0
80000000 2.821601260422E-14
90000000 8.198353581E-12
100000000 4.9995813489E-10
110000000 6.6057168723E-8
120000000 1.22733482098E-6
130000000 5.959262181319E-6
140000000 1.18669426142E-5
150000000 1.7002591667216E-5
160000000 1.9751812748106E-5
180000000 2.3966018271E-5
200000000 2.68479860682E-5
#Header 
#Target 97 248 1
#Product 91 226 0
#Datapoints 16
1000000 0
60000000 0
65000000 2.460500451E-16
70000000 4.86960159435E-13
75000000 6.845465088E-11
80000000 1.8406518511437E-9
90000000 5.45082285132E-8
100000000 2.23703003518E-7
110000000 4.07515900974E-7
120000000 7.9715925666E-7
130000000 1.8094986744514E-6
140000000 3.02835568617E-6
150000000 3.946163426125E-6
160000000 4.6527281849178E-6
180000000 6.090261996E-6
200000000 6.9472409258E-6
#Header 
#Target 97 248 1
#Product 91 229 0
#Datapoints 13
1000000 0
75000000 0
80000000 6.49536663069E-16
90000000 2.7541111359E-12
100000000 1.28086543449E-9
110000000 4.95687682217E-8
120000000 4.09774819618E-7
130000000 8.736619520448E-7
140000000 1.00550954762E-6
150000000 1.025917614025E-6
160000000 1.2530127197328E-6
180000000 1.8418197291E-6
200000000 2.35091574736E-6
#Header 
#Target 97 248 1
#Product 91 230 0
#Datapoints 13
1000000 0
75000000 0
80000000 3.628655308971E-14
90000000 8.265341901E-11
100000000 1.31866172749E-8
110000000 2.87320047742E-7
120000000 1.37804718538E-6
130000000 2.2259183216903E-6
140000000 2.17082166874E-6
150000000 2.4289475561535E-6
160000000 3.1238805711579E-6
180000000 4.2593527041E-6
200000000 5.5969395954E-6
#Header 
#Target 97 248 1
#Product 91 231 0
#Datapoints 15
1000000 0
65000000 0
70000000 1.470678545853E-15
75000000 8.771113152E-14
80000000 5.179249527795E-12
90000000 2.06248783362E-9
100000000 8.1130119151E-8
110000000 6.0224386677E-7
120000000 1.40120033334E-6
130000000 1.6100706259093E-6
140000000 1.64672883119E-6
150000000 2.1053153517366E-6
160000000 2.6576567321274E-6
180000000 3.54774812145E-6
200000000 4.5743342254E-6
#Header 
#Target 97 248 1
#Product 91 232 0
#Datapoints 16
1000000 0
60000000 0
65000000 5.033058372E-16
70000000 3.797548691976E-14
75000000 2.1303050688E-12
80000000 6.81831436293E-11
90000000 7.9907974488E-9
100000000 1.41994421653E-7
110000000 5.10635741161E-7
120000000 7.5509467256E-7
130000000 8.063333665698E-7
140000000 1.01165922948E-6
150000000 1.2748825135469E-6
160000000 1.577088731073E-6
180000000 2.1434396685E-6
200000000 2.4978149943E-6
#Header 
#Target 97 248 1
#Product 92 223 0
#Datapoints 11
1000000 0
90000000 0
100000000 6.369456764E-15
110000000 1.0060742965E-11
120000000 8.205486832E-10
130000000 2.336200728513E-8
140000000 1.20781144149E-7
150000000 5.518003558609E-7
160000000 8.801007341127E-7
180000000 2.1103064307E-6
200000000 3.33091711266E-6
#Header 
#Target 97 248 1
#Product 92 224 0
#Datapoints 11
1000000 0
90000000 0
100000000 2.6509324357E-13
110000000 4.2484109668E-11
120000000 4.35546031124E-9
130000000 7.009292335972E-8
140000000 2.96030949145E-7
150000000 1.0912475044748E-6
160000000 1.513948510914E-6
180000000 3.2815698396E-6
200000000 3.24425892404E-6
#Header 
#Target 97 248 1
#Product 92 225 0
#Datapoints 12
1000000 0
80000000 0
90000000 2.6662667202E-13
100000000 3.522521898E-11
110000000 7.0892829644E-10
120000000 2.64130550026E-8
130000000 3.1448074402309E-7
140000000 9.547934549E-7
150000000 2.3623207486963E-6
160000000 3.2023313212605E-6
180000000 5.80358415E-6
200000000 5.205223118E-6
#Header 
#Target 97 248 1
#Product 92 226 0
#Datapoints 13
1000000 0
75000000 0
80000000 2.39218710696E-14
90000000 3.48638319E-12
100000000 4.8721389631E-11
110000000 4.14675927939E-9
120000000 1.70697226508E-7
130000000 1.0617954033503E-6
140000000 2.81874810248E-6
150000000 4.2216220023594E-6
160000000 6.223695706446E-6
180000000 8.3727911475E-6
200000000 1.06938594128E-5
#Header 
#Target 97 248 1
#Product 92 227 0
#Datapoints 13
1000000 0
75000000 0
80000000 6.41530971774E-16
90000000 2.027174223E-13
100000000 2.3575220705E-10
110000000 4.66301699864E-8
120000000 8.5934250436E-7
130000000 3.4495643797811E-6
140000000 6.0434874026E-6
150000000 8.169020264199E-6
160000000 1.0639912889709E-5
180000000 1.47086619225E-5
200000000 1.73708736654E-5
#Header 
#Target 97 248 1
#Product 92 228 0
#Datapoints 17
1000000 0
55000000 0
60000000 1.426267E-15
65000000 9.81091116E-14
70000000 1.314074032111E-12
75000000 8.156332224E-12
80000000 2.85682630212E-11
90000000 1.3789545672E-10
100000000 7.8930699032E-9
110000000 4.92536891028E-7
120000000 4.46729273928E-6
130000000 1.0874689994579E-5
140000000 1.42986263946E-5
150000000 1.7830275953169E-5
160000000 2.3079127364958E-5
180000000 3.00696881355E-5
200000000 3.67041831352E-5
#Header 
#Target 97 248 1
#Product 92 229 0
#Datapoints 13
1000000 0
75000000 0
80000000 5.45536860246E-15
90000000 4.9509930903E-11
100000000 1.85285589507E-8
110000000 5.2824381246E-7
120000000 2.96811752824E-6
130000000 5.0682805668665E-6
140000000 5.6754982136E-6
150000000 6.840844355854E-6
160000000 8.337295693782E-6
180000000 1.0542294048E-5
200000000 1.26538621434E-5
#Header 
#Target 97 248 1
#Product 92 230 0
#Datapoints 15
1000000 0
65000000 0
70000000 5.651700055914E-16
75000000 9.72900864E-14
80000000 8.46445758921E-12
90000000 6.035348577E-9
100000000 1.97739670634E-7
110000000 7.7677158104E-7
120000000 9.6549348208E-7
130000000 9.702819748446E-7
140000000 1.18375916322E-6
150000000 1.6070610809359E-6
160000000 2.2090102596837E-6
180000000 3.1051693881E-6
200000000 3.97792984666E-6
#Header 
#Target 97 248 1
#Product 92 231 0
#Datapoints 19
1000000 0
45000000 0
50000000 7.433221525E-16
55000000 1.142938111131E-15
60000000 1.465331992E-15
65000000 3.951282687E-15
70000000 1.619269911329E-13
75000000 1.0664050752E-11
80000000 5.468758816626E-10
90000000 2.01656853648E-7
100000000 3.59183960479E-6
110000000 9.1893065173E-6
120000000 1.01481219534E-5
130000000 1.0984906499819E-5
140000000 1.42792878039E-5
150000000 1.7978931548819E-5
160000000 2.0709851473122E-5
180000000 2.70992321925E-5
200000000 2.97644179232E-5
#Header 
#Target 97 248 1
#Product 92 232 0
#Datapoints 22
1000000 0
30000000 0
35000000 1.528186190319E-13
40000000 9.989560714E-13
45000000 1.5952786384E-12
50000000 1.63230638E-12
55000000 1.549704452339E-12
60000000 1.541280912E-12
65000000 4.296063528E-12
70000000 5.685328694727E-11
75000000 1.31503850496E-9
80000000 2.148022795464E-8
90000000 7.5788073186E-7
100000000 2.62099117321E-6
110000000 2.88773418024E-6
120000000 2.93774954118E-6
130000000 3.8583389245167E-6
140000000 5.2423408289E-6
150000000 6.175507500674E-6
160000000 7.195578460713E-6
180000000 8.439697695E-6
200000000 9.6225001184E-6
#Header 
#Target 97 248 1
#Product 92 233 0
#Datapoints 25
1000000 0
24000000 0
26000000 4.357869344818E-14
28000000 1.79822946606E-13
30000000 1.139237049275E-13
35000000 2.300540826762E-13
40000000 7.663418798E-13
45000000 3.4405772128E-12
50000000 2.11493732E-10
55000000 3.8823298090775E-9
60000000 8.624638976E-8
65000000 3.7473818088E-7
70000000 1.6068647223191E-6
75000000 3.08818611648E-6
80000000 3.2338634521095E-6
90000000 7.9637449335E-6
100000000 1.02423960241E-5
110000000 1.58181342865E-5
120000000 1.73051508432E-5
130000000 1.6567341355619E-5
140000000 2.05212900223E-5
150000000 2.0799546586177E-5
160000000 2.187112674006E-5
180000000 2.14412533335E-5
200000000 2.4340655192E-5
#Header 
#Target 97 248 1
#Product 92 234 0
#Datapoints 28
1000000 0
19000000 0
20000000 7.9912276917E-16
22000000 1.80363789606E-15
24000000 3.614426259513E-15
26000000 5.030799473194E-15
28000000 4.71250633989E-15
30000000 5.596130040306E-15
35000000 3.51508163355E-14
40000000 1.7094794535E-13
45000000 4.1887771488E-13
50000000 5.6048708975E-12
55000000 3.580079090552E-11
60000000 4.050507672E-10
65000000 3.0860453655E-9
70000000 2.2458468367721E-8
75000000 9.5797271232E-8
80000000 2.3068779659604E-7
90000000 3.83890204668E-7
100000000 5.16433266968E-7
110000000 1.40562059183E-6
120000000 2.95436977478E-6
130000000 4.1548773659031E-6
140000000 5.2601617835E-6
150000000 5.973534744731E-6
160000000 6.53882915982E-6
180000000 8.1315734565E-6
200000000 9.0926867424E-6
#Header 
#Target 97 248 1
#Product 92 235 0
#Datapoints 26
1000000 0
22000000 0
24000000 6.579999626713E-21
26000000 2.928995428128E-20
28000000 1.43764006782E-19
30000000 6.25742889811E-19
35000000 5.391055326891E-16
40000000 1.4701098132E-14
45000000 2.8678030608E-13
50000000 4.8544523875E-12
55000000 6.87523544107E-11
60000000 7.150893384E-10
65000000 4.7155178469E-9
70000000 1.7824425482587E-8
75000000 3.97344805056E-8
80000000 5.8563678065256E-8
90000000 8.5228162938E-8
100000000 3.49346042671E-7
110000000 1.05714865347E-6
120000000 1.82113303284E-6
130000000 2.5161270976769E-6
140000000 3.02658410898E-6
150000000 3.4628401912528E-6
160000000 3.8991297896604E-6
180000000 4.6078846905E-6
200000000 5.362259332E-6
#Header 
#Target 97 248 1
#Product 92 236 0
#Datapoints 27
1000000 0
20000000 0
22000000 8.7156230161E-16
24000000 6.26455087448E-15
26000000 5.472537520648E-15
28000000 1.33228200636E-14
30000000 2.272159335381E-14
35000000 9.89800357593E-14
40000000 6.825972615E-13
45000000 2.749090088E-12
50000000 1.5646256075E-11
55000000 7.37582148638E-11
60000000 2.851977408E-10
65000000 6.835582818E-10
70000000 1.0950663350599E-9
75000000 1.49903266752E-9
80000000 2.9683675279629E-9
90000000 2.8749173937E-8
100000000 1.44002892353E-7
110000000 3.28453874112E-7
120000000 5.06461090994E-7
130000000 6.596577187937E-7
140000000 8.6731200157E-7
150000000 1.065232532731E-6
160000000 1.2697719234252E-6
180000000 1.6451742372E-6
200000000 1.9094544668E-6
#Header 
#Target 97 248 1
#Product 93 224 0
#Datapoints 10
1000000 0
100000000 0
110000000 4.4914296063E-14
120000000 2.7298410756E-11
130000000 2.9126174836152E-9
140000000 4.47575829216E-8
150000000 2.0755439767683E-7
160000000 6.625482180591E-7
180000000 2.0599133841E-6
200000000 1.55422485156E-6
#Header 
#Target 97 248 1
#Product 93 225 0
#Datapoints 11
1000000 0
90000000 0
100000000 2.6984469486E-16
110000000 1.8953780391E-12
120000000 5.1502379444E-10
130000000 2.0755065211942E-8
140000000 2.10678694185E-7
150000000 1.0596083556114E-6
160000000 2.1169430084286E-6
180000000 3.2792450418E-6
200000000 3.42862834794E-6
#Header 
#Target 97 248 1
#Product 93 226 0
#Datapoints 11
1000000 0
90000000 0
100000000 1.6761006337E-14
110000000 2.9712870733E-11
120000000 5.4013444854E-9
130000000 1.3232062255172E-7
140000000 9.1635919545E-7
150000000 2.9764453874173E-6
160000000 6.447203359989E-6
180000000 6.7459461615E-6
200000000 6.9236455728E-6
#Header 
#Target 97 248 1
#Product 93 227 0
#Datapoints 12
1000000 0
80000000 0
90000000 2.2692353211E-16
100000000 2.3335824889E-12
110000000 1.18305646277E-9
120000000 7.6388326694E-8
130000000 7.502288065578E-7
140000000 2.98989037278E-6
150000000 6.779796134567E-6
160000000 1.0529489046771E-5
180000000 1.07295128655E-5
200000000 1.17424932096E-5
#Header 
#Target 97 248 1
#Product 93 228 0
#Datapoints 12
1000000 0
80000000 0
90000000 8.687248695E-13
100000000 1.4909451028E-10
110000000 2.5091081834E-8
120000000 7.8743900346E-7
130000000 5.687898144524E-6
140000000 1.68874030418E-5
150000000 2.8010807705704E-5
160000000 3.6482587156446E-5
180000000 4.7125360035E-5
200000000 5.0407826276E-5
#Header 
#Target 97 248 1
#Product 93 229 0
#Datapoints 14
1000000 0
70000000 0
75000000 1.0350695808E-15
80000000 2.295086417253E-13
90000000 6.703258014E-11
100000000 1.47317274175E-9
110000000 1.11269569138E-7
120000000 2.12810250408E-6
130000000 1.0513279488131E-5
140000000 2.1518276766E-5
150000000 3.0955706581187E-5
160000000 3.4874648429997E-5
180000000 4.1961475959E-5
200000000 4.8598316934E-5
#Header 
#Target 97 248 1
#Product 93 230 0
#Datapoints 16
1000000 0
60000000 0
65000000 7.1998371E-16
70000000 1.475375035595E-12
75000000 2.1314791296E-10
80000000 5.8680103690089E-9
90000000 1.81552462596E-7
100000000 7.6919681568E-7
110000000 1.51193239106E-6
120000000 3.7233171537E-6
130000000 9.27634829366E-6
140000000 1.42823681544E-5
150000000 1.7009212055081E-5
160000000 1.8941512474182E-5
180000000 2.1306205245E-5
200000000 2.30406668022E-5
#Header 
#Target 97 248 1
#Product 93 234 0
#Datapoints 21
1000000 0
35000000 0
40000000 5.1070382328E-15
45000000 4.4497703296E-11
50000000 1.57172524125E-9
55000000 7.854832017301E-9
60000000 2.053229056E-8
65000000 4.5137083224E-8
70000000 1.079186250001E-7
75000000 2.71521902016E-7
80000000 5.9832793414548E-7
90000000 1.58608305075E-6
100000000 3.5043356878E-6
110000000 4.90151107901E-6
120000000 5.26268771078E-6
130000000 5.721424926085E-6
140000000 6.5080493363E-6
150000000 7.322604888184E-6
160000000 8.426852629872E-6
180000000 9.9466597815E-6
200000000 1.1524302379E-5
#Header 
#Target 97 248 1
#Product 93 235 0
#Datapoints 22
1000000 0
30000000 0
35000000 2.640293658033E-15
40000000 7.433895511E-11
45000000 7.989744416E-10
50000000 4.56921747575E-9
55000000 3.449287784414E-11
60000000 8.113506304E-8
65000000 2.365846284E-10
70000000 8.316951654998E-7
75000000 4.36591836864E-6
80000000 1.7828921794005E-7
90000000 1.45824242124E-5
100000000 4.621566326E-6
110000000 1.70406354664E-5
120000000 2.63442112824E-5
130000000 1.9664554880388E-5
140000000 1.44508908746E-5
150000000 1.9193270736593E-5
160000000 2.4449348487135E-5
180000000 2.2873168539E-5
200000000 2.38877588848E-5
#Header 
#Target 97 248 1
#Product 93 236 0
#Datapoints 23
1000000 0
28000000 0
30000000 5.413648644794E-15
35000000 3.323624689923E-13
40000000 2.0588664012E-12
45000000 4.5396353592E-12
50000000 6.2748640225E-12
55000000 1.75208395809E-11
60000000 1.190666784E-10
65000000 2.0103457284E-9
70000000 2.7962374575285E-8
75000000 2.6012415744E-7
80000000 1.316296380924E-6
90000000 6.3577059426E-6
100000000 8.8940118243E-6
110000000 1.02572497391E-5
120000000 1.3646325901E-5
130000000 1.9111931191191E-5
140000000 2.48338408267E-5
150000000 3.0427802187943E-5
160000000 3.5895620957928E-5
180000000 4.4468309145E-5
200000000 5.0660546584E-5
#Header 
#Target 97 248 1
#Product 93 237 0
#Datapoints 27
1000000 0
20000000 0
22000000 1.08165715944E-15
24000000 2.213363705704E-14
26000000 1.970978720227E-13
28000000 7.03516735068E-13
30000000 9.12079976015E-13
35000000 2.505533155728E-12
40000000 5.6360148362E-12
45000000 8.488522232E-12
50000000 2.074849125E-11
55000000 7.67961050169E-11
60000000 8.83402112E-10
65000000 1.0196644731E-8
70000000 7.190015649453E-8
75000000 2.87680306176E-7
80000000 6.844186037115E-7
90000000 1.31388737652E-6
100000000 1.65538097213E-6
110000000 3.1228550626E-6
120000000 5.8174746606E-6
130000000 1.0004265003738E-5
140000000 1.27494605281E-5
150000000 1.6072623601274E-5
160000000 1.820065283766E-5
180000000 2.13831953595E-5
200000000 2.27427182156E-5
#Header 
#Target 97 248 1
#Product 93 238 0
#Datapoints 25
1000000 0
24000000 0
26000000 9.60429121267E-15
28000000 1.04066987991E-15
30000000 2.823680141178E-15
35000000 9.70889909484E-15
40000000 5.8383206161E-14
45000000 8.228073728E-13
50000000 1.142952575E-11
55000000 1.610580333619E-10
60000000 1.7394846176E-9
65000000 1.074780933E-8
70000000 3.7253392127676E-8
75000000 7.9732729152E-8
80000000 1.1533808721708E-7
90000000 1.82929909926E-7
100000000 5.8453616733E-7
110000000 1.6731831935E-6
120000000 3.16646290086E-6
130000000 4.7312053873782E-6
140000000 6.4022054879E-6
150000000 7.736197250959E-6
160000000 8.673488397345E-6
180000000 9.594713193E-6
200000000 1.00498512518E-5
#Header 
#Target 97 248 1
#Product 93 239 0
#Datapoints 31
1000000 0
16000000 0
17000000 2.3728874508E-15
18000000 2.6284170063E-15
19000000 1.0157972544E-13
20000000 2.47553599749E-14
22000000 6.13737476352E-14
24000000 4.381924372887E-11
26000000 4.125293456229E-13
28000000 3.15575243637E-13
30000000 4.200000577279E-10
35000000 1.399373160066E-9
40000000 1.18284599874E-8
45000000 1.5723822856E-8
50000000 2.46991048925E-8
55000000 1.411251181833E-10
60000000 2.7944374448E-8
65000000 1.4793495453E-9
70000000 3.8711253434004E-8
75000000 2.79072305856E-9
80000000 5.9555969591769E-8
90000000 4.97987462598E-8
100000000 3.89925254151E-7
110000000 6.8657883749E-7
120000000 1.22521100486E-6
130000000 1.4815127242747E-6
140000000 1.83228413661E-6
150000000 2.1860220023968E-6
160000000 2.3605472571954E-6
180000000 2.89685785545E-6
200000000 3.17058007056E-6
#Header 
#Target 97 248 1
#Product 94 236 0
#Datapoints 23
1000000 0
28000000 0
30000000 3.146212665063E-14
35000000 8.646423700236E-7
40000000 5.74068919781E-6
45000000 9.1452961744E-6
50000000 9.8035818475E-6
55000000 1.0872530795123E-5
60000000 1.1383193064E-5
65000000 1.1480946774E-5
70000000 1.0968056819347E-5
75000000 1.31188925952E-5
80000000 1.5701138869815E-5
90000000 1.46513145222E-5
100000000 1.58351129205E-5
110000000 2.07630294781E-5
120000000 2.76440179646E-5
130000000 3.3587250154953E-5
140000000 3.88629991613E-5
150000000 4.4182591621923E-5
160000000 4.5373057607643E-5
180000000 5.130180705E-5
200000000 5.2897041468E-5
#Header 
#Target 97 248 1
#Product 94 237 0
#Datapoints 26
1000000 0
22000000 0
24000000 3.3312830907017E-8
26000000 5.6993754174456E-6
28000000 2.928729254586E-5
30000000 1.7572946761084E-5
35000000 2.6233985094327E-5
40000000 0.000102683697571
45000000 8.5467960072E-5
50000000 0.00011508273695
55000000 0.00010176079225755
60000000 0.00011617932504
65000000 9.145008198E-5
70000000 9.358559657562E-5
75000000 0.000115200226944
80000000 0.00010009760015178
90000000 0.000130136235501
100000000 0.000193386903672
110000000 0.000281942454976
120000000 0.000345389821542
130000000 0.00041557180002651
140000000 0.000451794707313
150000000 0.0004915882919863
160000000 0.0005236247215461
180000000 0.00055897709205
200000000 0.00055081513116
#Header 
#Target 97 248 1
#Product 94 238 0
#Datapoints 32
1000000 0
15000000 0
16000000 2.58240818097E-9
17000000 8.0613039374E-8
18000000 3.829318009497E-7
19000000 9.0865335264E-7
20000000 1.615908055761E-6
22000000 3.900970611252E-6
24000000 6.3655059155327E-6
26000000 7.556100464649E-6
28000000 8.07161938101E-6
30000000 1.0107799423475E-5
35000000 7.606928444124E-5
40000000 0.000291259314808
45000000 0.00034501721596
50000000 0.000262483255725
55000000 0.00019788708874917
60000000 0.00016456600336
65000000 0.00016642823019
70000000 0.00019050443496786
75000000 0.000223249419072
80000000 0.00028667651051277
90000000 0.000448772280303
100000000 0.00063212245267
110000000 0.00077399916594
120000000 0.00089902761784
130000000 0.0009677035105577
140000000 0.00103249942844
150000000 0.0010522725778489
160000000 0.0010553283325443
180000000 0.0010934738685
200000000 0.00113512599852
#Header 
#Target 97 248 1
#Product 94 239 0
#Datapoints 39
1000000 0
8000000 0
9000000 1.81232510112E-14
10000000 2.72667338225E-13
11000000 1.415663225179E-11
12000000 4.421317761176E-10
13000000 1.201227792064E-10
14000000 1.621350750516E-9
15000000 1.148572397936E-8
16000000 2.728655131131E-9
17000000 1.493773979375E-8
18000000 1.64483610453E-8
19000000 1.54579685632E-8
20000000 3.81431363475E-10
22000000 3.014762484448E-9
24000000 9.575585309553E-9
26000000 1.051649426674E-8
28000000 5.570800518936E-9
30000000 1.7041779984788E-8
35000000 5.0164309033245E-8
40000000 1.94018983683E-7
45000000 8.4809299688E-7
50000000 1.8888459285E-6
55000000 2.4326074318399E-6
60000000 2.4765612816E-6
65000000 2.2438682241E-6
70000000 2.9043636901614E-6
75000000 6.27316569792E-6
80000000 1.5055725601413E-5
90000000 5.39175111528E-5
100000000 0.000106619464526
110000000 0.000140830263847
120000000 0.000176935949816
130000000 0.00020094331792511
140000000 0.000214064525298
150000000 0.00022316881283623
160000000 0.00023804350895247
180000000 0.000248562095535
200000000 0.000255204816728
#Header 
#Target 97 248 1
#Product 94 240 0
#Datapoints 43
1000000 0
4000000 0
5000000 2.385817125219E-14
6000000 7.168672396972E-13
7000000 1.5463009755864E-11
8000000 1.2395713898056E-10
9000000 6.722115456984E-10
10000000 6.807612324905E-10
11000000 5.7560528829725E-9
12000000 9.931919862569E-9
13000000 1.4357558094496E-8
14000000 1.847499102666E-8
15000000 2.486872194504E-8
16000000 3.502251104319E-8
17000000 3.90577748742E-8
18000000 1.128236911797E-7
19000000 2.09302319408E-7
20000000 4.706057805513E-7
22000000 3.800462397303E-6
24000000 2.0222439425261E-5
26000000 1.6116164491768E-5
28000000 1.232149228587E-5
30000000 1.2486132527167E-5
35000000 8.936153544741E-6
40000000 6.15415167766E-6
45000000 4.72632532512E-6
50000000 4.700137081E-6
55000000 5.9818543317018E-6
60000000 5.0554642992E-6
65000000 5.7407581917E-6
70000000 6.1139808579999E-6
75000000 9.2220717888E-6
80000000 1.4358117698568E-5
90000000 3.14019891633E-5
100000000 4.41438244412E-5
110000000 5.7232298123E-5
120000000 6.4020676958E-5
130000000 7.109945328069E-5
140000000 8.0088862565E-5
150000000 8.944590214907E-5
160000000 9.279914112411E-5
180000000 9.8884336005E-5
200000000 0.000104636502902
#Header 
#Target 97 248 1
#Product 94 241 0
#Datapoints 44
1000000 0
3000000 0
4000000 1.308278582028E-15
5000000 1.1825639545617E-14
6000000 5.920399074246E-14
7000000 2.079209323752E-13
8000000 6.58696353552E-13
9000000 7.84957474008E-13
10000000 5.12820647085E-12
11000000 1.224203268829E-11
12000000 2.99072270506E-11
13000000 6.23367846208E-11
14000000 1.3164742185E-10
15000000 2.46641671408E-10
16000000 4.48915095792E-10
17000000 4.27467920115E-10
18000000 1.083348579552E-9
19000000 1.72280697616E-9
20000000 2.46094746774E-9
22000000 8.72425341216E-9
24000000 1.9704214393892E-8
26000000 6.1959721888449E-9
28000000 4.826853417711E-9
30000000 3.7092054117287E-9
35000000 3.7091367568692E-9
40000000 3.62110744219E-9
45000000 3.92441892816E-9
50000000 6.10813631525E-9
55000000 1.9636355174192E-8
60000000 8.697015352E-8
65000000 3.4323518082E-7
70000000 9.496200986308E-7
75000000 1.97436593664E-6
80000000 3.2027179128714E-6
90000000 5.14013879859E-6
100000000 6.8503957811E-6
110000000 8.8801961794E-6
120000000 1.1984867672E-5
130000000 1.5745828830804E-5
140000000 1.89348143495E-5
150000000 2.2582676518625E-5
160000000 2.5645006299102E-5
180000000 2.97878263215E-5
200000000 3.28610863384E-5
#Header 
#Target 97 248 1
#Product 94 242 0
#Datapoints 28
1000000 0
19000000 0
20000000 1.89034479447E-15
22000000 6.28473051921E-14
24000000 8.29357656031E-13
26000000 9.88985879486E-12
28000000 6.43698957183E-11
30000000 3.267537504959E-10
35000000 3.5964105216207E-9
40000000 6.9071189838E-9
45000000 7.0237003296E-9
50000000 7.4737487375E-9
55000000 1.4575345633385E-8
60000000 3.8079882408E-8
65000000 8.409929196E-8
70000000 1.3976095204088E-7
75000000 1.9222671456E-7
80000000 2.469554849475E-7
90000000 3.69567443931E-7
100000000 8.2666049367E-7
110000000 1.99418869832E-6
120000000 3.647866783E-6
130000000 5.533683251905E-6
140000000 7.2290817535E-6
150000000 8.562116100148E-6
160000000 9.891167176206E-6
180000000 1.16201954895E-5
200000000 1.2396111802E-5
#Header 
#Target 97 248 1
#Product 94 243 0
#Datapoints 26
1000000 0
22000000 0
24000000 7.350833267246E-15
26000000 1.521034027304E-13
28000000 1.12280772417E-12
30000000 5.689776016093E-12
35000000 5.561186534463E-11
40000000 2.0358195907E-10
45000000 5.7256358792E-10
50000000 9.9892403825E-10
55000000 1.6725195748511E-9
60000000 2.4535552632E-9
65000000 3.3118884207E-9
70000000 3.9178604799341E-9
75000000 4.9305122784E-9
80000000 9.233034863535E-9
90000000 1.12267400196E-7
100000000 5.03201149439E-7
110000000 1.19813628116E-6
120000000 1.98632835922E-6
130000000 2.7595307015536E-6
140000000 3.343858207E-6
150000000 3.9313861383982E-6
160000000 4.2965087865159E-6
180000000 4.7129875065E-6
200000000 4.9319708608E-6
#Header 
#Target 97 248 1
#Product 95 234 0
#Datapoints 16
1000000 0
60000000 0
65000000 1.066455378E-15
70000000 2.158188944473E-12
75000000 3.1237049088E-10
80000000 8.620392382434E-9
90000000 2.67554520063E-7
100000000 1.14360585228E-6
110000000 2.00080344646E-6
120000000 2.29553736388E-6
130000000 2.184077043597E-6
140000000 1.99651640439E-6
150000000 1.9365914931789E-6
160000000 1.947729657879E-6
180000000 2.0062341039E-6
200000000 1.94105669168E-6
#Header 
#Target 97 248 1
#Product 95 235 0
#Datapoints 17
1000000 0
55000000 0
60000000 1.75193804E-12
65000000 1.3269398139E-9
70000000 4.9068614678867E-8
75000000 4.57811887104E-7
80000000 1.8615395961225E-6
90000000 8.5271824968E-6
100000000 1.54618325634E-5
110000000 1.81111558628E-5
120000000 1.75507513936E-5
130000000 1.7900156758368E-5
140000000 1.82280917882E-5
150000000 1.8815903778187E-5
160000000 1.8898385344089E-5
180000000 1.8618894801E-5
200000000 1.83906173372E-5
#Header 
#Target 97 248 1
#Product 95 236 0
#Datapoints 19
1000000 0
45000000 0
50000000 1.514348275E-15
55000000 1.473465282917E-10
60000000 4.3566047952E-8
65000000 7.616513448E-7
70000000 3.6342595922279E-6
75000000 9.8220356928E-6
80000000 1.9650015648585E-5
90000000 4.84806075174E-5
100000000 7.4260917833E-5
110000000 8.3455942206E-5
120000000 8.4357534946E-5
130000000 8.51889522069E-5
140000000 8.7397006648E-5
150000000 8.802506506112E-5
160000000 8.940418732944E-5
180000000 8.791338855E-5
200000000 8.918707258E-5
#Header 
#Target 97 248 1
#Product 95 237 0
#Datapoints 20
1000000 0
40000000 0
45000000 8.845551232E-13
50000000 2.09640881575E-8
55000000 1.3107239789585E-6
60000000 8.524245312E-6
65000000 2.1264811131E-5
70000000 3.5143655513358E-5
75000000 5.06047327488E-5
80000000 6.65344039626E-5
90000000 8.901790752E-5
100000000 0.000102519232367
110000000 9.9333067015E-5
120000000 9.5714299878E-5
130000000 9.400217323631E-5
140000000 8.9267906359E-5
150000000 8.528461249309E-5
160000000 8.419585804623E-5
180000000 1.74482227725E-5
200000000 1.61811636102E-5
#Header 
#Target 97 248 1
#Product 95 238 0
#Datapoints 21
1000000 0
35000000 0
40000000 5.5635068034E-11
45000000 3.6308620456E-8
50000000 6.47662925775E-7
55000000 2.9009771473488E-6
60000000 7.052946136E-6
65000000 1.2934974417E-5
70000000 1.9598660566899E-5
75000000 2.820586896E-5
80000000 3.934206890397E-5
90000000 6.3009991335E-5
100000000 7.3129460045E-5
110000000 6.35647285E-5
120000000 6.517628912E-5
130000000 6.173649889134E-5
140000000 5.5045863435E-5
150000000 4.878294637113E-5
160000000 4.676546858355E-5
180000000 4.06442248095E-5
200000000 3.9212892333E-5
#Header 
#Target 97 248 1
#Product 95 239 0
#Datapoints 23
1000000 0
28000000 0
30000000 1.328120408368E-15
35000000 9.19477783119E-9
40000000 3.45537826655E-6
45000000 2.3733361624E-5
50000000 5.186578955E-5
55000000 9.692135649282E-5
60000000 0.00016210521952
65000000 0.00023078200587
70000000 0.00032684068390267
75000000 0.000437926687488
80000000 0.00056114802009126
90000000 0.00066978092319
100000000 0.00073194749813
110000000 0.00074380996417
120000000 0.00076003014996
130000000 0.0007956614614532
140000000 0.00084212475188
150000000 0.000846395975611
160000000 0.0008523160348101
180000000 0.0008806450926
200000000 0.00088423911038
#Header 
#Target 97 248 1
#Product 95 240 0
#Datapoints 27
1000000 0
20000000 0
22000000 2.10139374016E-15
24000000 8.20257387056E-12
26000000 1.7701349474501E-9
28000000 6.933334941186E-8
30000000 8.208232915168E-7
35000000 1.3232922878271E-5
40000000 4.19915384329E-5
45000000 8.4174419096E-5
50000000 0.000172974402075
55000000 0.00024360238282807
60000000 0.00029574334704
65000000 0.00035533237296
70000000 0.0003850311412312
75000000 0.000469120227264
80000000 0.00047407373234613
90000000 0.000488036527095
100000000 0.000524345657549
110000000 0.000554525638212
120000000 0.00058655377066
130000000 0.0006496048734264
140000000 0.00069244626369
150000000 0.0007439739677435
160000000 0.0007792053926358
180000000 0.0008200020426
200000000 0.0008254864713
#Header 
#Target 97 248 1
#Product 95 241 0
#Datapoints 32
1000000 0
15000000 0
16000000 7.3445985504E-14
17000000 7.673772288E-12
18000000 3.5091848028E-10
19000000 8.2017797088E-9
20000000 1.019147980965E-7
22000000 4.190195861709E-6
24000000 4.2452294183333E-5
26000000 0.00013426567790031
28000000 0.0002497109505858
30000000 0.00035310099164665
35000000 0.0007460154327498
40000000 0.00160131668886
45000000 0.00253310780232
50000000 0.00323851611825
55000000 0.003787273563637
60000000 0.004154794244
65000000 0.004471388787
70000000 0.0046999627391987
75000000 0.00474965543232
80000000 0.0047973236514147
90000000 0.00476484690366
100000000 0.00465976952243
110000000 0.00456248487604
120000000 0.0044074701245
130000000 0.0042609176826583
140000000 0.0040852259462
150000000 0.0039467677487096
160000000 0.0037589523083901
180000000 0.00346359327405
200000000 0.00320105568562
#Header 
#Target 97 248 1
#Product 95 242 0
#Datapoints 38
1000000 0
9000000 0
10000000 2.060228747165E-20
11000000 4.321995151928E-15
12000000 1.036177667803E-12
13000000 1.926690961736E-11
14000000 6.60674213262E-10
15000000 4.09674775912E-9
16000000 3.062090625561E-8
17000000 1.550570742645E-7
18000000 5.417817296805E-7
19000000 2.34306967008E-6
20000000 4.8694164726E-6
22000000 9.82677573878E-6
24000000 2.4018276760994E-5
26000000 5.1213774550422E-5
28000000 0.0001030732214802
30000000 0.00025465412450998
35000000 0.00042745821913116
40000000 0.00073136471744
45000000 0.00077205080168
50000000 0.000723304265
55000000 0.0006795362086494
60000000 0.00046491281928
65000000 0.00043242887667
70000000 0.00050558655168279
75000000 0.000353031732288
80000000 0.00042736376919033
90000000 0.000355669879593
100000000 0.000289954348571
110000000 0.000370991758592
120000000 0.00033872283658
130000000 0.00039333203961465
140000000 0.000369138034519
150000000 0.00040923008493358
160000000 0.0003850999856181
180000000 0.000403158581865
200000000 0.000384151004608
#Header 
#Target 97 248 1
#Product 95 243 0
#Datapoints 37
1000000 0
10000000 0
11000000 1.965293024132E-14
12000000 1.214153083445E-12
13000000 4.73497989536E-11
14000000 8.88536723718E-10
15000000 9.05021854664E-9
16000000 6.05309597397E-8
17000000 6.06464412305E-7
18000000 2.339772370611E-6
19000000 3.71977568848E-6
20000000 9.27230853222E-6
22000000 3.729087873082E-5
24000000 8.641206835155E-5
26000000 0.00015062028651318
28000000 0.0002038460248602
30000000 0.00024269553267531
35000000 0.00042320026193919
40000000 0.000250022530737
45000000 0.000230397356464
50000000 0.00021599726525
55000000 0.00018991300429159
60000000 0.0001714617252
65000000 0.00016266649371
70000000 0.00021212613697388
75000000 0.000139795733376
80000000 0.00018397029139902
90000000 0.000193254424935
100000000 0.000184719744851
110000000 0.000225614287717
120000000 0.00027998446599
130000000 0.00027568531254376
140000000 0.000312754898271
150000000 0.00030471855655326
160000000 0.00032531212224069
180000000 0.000315428184825
200000000 0.00032366457983
#Header 
#Target 97 248 1
#Product 95 244 0
#Datapoints 41
1000000 0
6000000 0
7000000 2.448672030288E-19
8000000 4.88430474576E-14
9000000 3.105659208E-12
10000000 8.491453157185E-11
11000000 1.3651147756382E-9
12000000 1.3331727762934E-8
13000000 7.28604865772E-8
14000000 2.722572281562E-7
15000000 9.09724666168E-7
16000000 1.945286776638E-6
17000000 3.851190469275E-6
18000000 6.72349345545E-6
19000000 1.32874994128E-5
20000000 1.668346945158E-5
22000000 2.797848034124E-5
24000000 3.7281818503378E-5
26000000 3.9032234058477E-5
28000000 5.200648947075E-5
30000000 4.634869031923E-5
35000000 5.1215406048219E-5
40000000 5.05268487787E-5
45000000 4.29237467616E-5
50000000 3.5468092775E-5
55000000 2.9618576205595E-5
60000000 3.2548179872E-5
65000000 2.5282486101E-5
70000000 2.18146251965E-5
75000000 3.29873979456E-5
80000000 4.4652277940949E-5
90000000 6.9693990207E-5
100000000 9.4275588823E-5
110000000 0.000115677709147
120000000 0.000131606254086
130000000 0.00014289445365942
140000000 0.000149477038276
150000000 0.0001544829920015
160000000 0.00015782188654839
180000000 0.000159254359485
200000000 0.000159141978442
#Header 
#Target 97 248 1
#Product 95 245 0
#Datapoints 22
1000000 0
30000000 0
35000000 9.46506670191E-16
40000000 2.5610034247E-13
45000000 6.1164680528E-11
50000000 1.08901042925E-8
55000000 2.8679532937346E-7
60000000 2.1893339216E-6
65000000 7.703214942E-6
70000000 1.5944120620517E-5
75000000 2.58739581888E-5
80000000 3.5959407778791E-5
90000000 5.38918283094E-5
100000000 6.7810543431E-5
110000000 7.7677158104E-5
120000000 8.4994195384E-5
130000000 8.945470457496E-5
140000000 9.1974307317E-5
150000000 9.393651366295E-5
160000000 9.478811200908E-5
180000000 9.478694628E-5
200000000 9.3470669194E-5
#Header 
#Target 97 248 1
#Product 95 246 0
#Datapoints 21
1000000 0
35000000 0
40000000 1.1941959624E-12
45000000 6.148770044E-10
50000000 3.512706136E-8
55000000 3.4385105230611E-7
60000000 1.2810586192E-6
65000000 2.8353291522E-6
70000000 4.5213758684837E-6
75000000 6.12826838784E-6
80000000 7.519841654409E-6
90000000 9.5794613442E-6
100000000 1.0935978259E-5
110000000 1.16693740709E-5
120000000 1.22193001574E-5
130000000 1.2378019256188E-5
140000000 1.24697546853E-5
150000000 1.2465157278282E-5
160000000 1.2414162927909E-5
180000000 1.2166598223E-5
200000000 1.190441238E-5
#Header 
#Target 97 248 1
#Product 96 237 0
#Datapoints 19
1000000 0
45000000 0
50000000 1.23181758E-12
55000000 1.3783349105952E-9
60000000 2.5208109928E-8
65000000 1.329298614E-7
70000000 3.7681772755356E-7
75000000 8.3922619392E-7
80000000 1.5285652764606E-6
90000000 2.81153089212E-6
100000000 2.81184335213E-6
110000000 2.4035444342E-6
120000000 2.16656585816E-6
130000000 2.0973417392921E-6
140000000 2.28674151893E-6
150000000 2.3753738255176E-6
160000000 2.5170851815731E-6
180000000 2.69789464815E-6
200000000 2.70165363102E-6
#Header 
#Target 97 248 1
#Product 96 238 0
#Datapoints 20
1000000 0
40000000 0
45000000 9.8435784744E-7
50000000 1.67252890125E-5
55000000 5.0791614428641E-5
60000000 8.901990064E-5
65000000 0.00011951279556
70000000 0.00013930864589942
75000000 0.000149630470272
80000000 0.00015110127210213
90000000 0.00013505862099
100000000 0.00011519245096
110000000 0.000101277327697
120000000 9.101111823E-5
130000000 8.438900039674E-5
140000000 7.8996014312E-5
150000000 7.760539907878E-5
160000000 7.428665750898E-5
180000000 7.187431992E-5
200000000 6.985169983E-5
#Header 
#Target 97 248 1
#Product 96 239 0
#Datapoints 22
1000000 0
30000000 0
35000000 7.175527302324E-9
40000000 5.90466641093E-5
45000000 0.000375303305184
50000000 0.000636665471875
55000000 0.0007109345187958
60000000 0.0006681861072
65000000 0.00060876027417
70000000 0.00054712288927513
75000000 0.000487620537408
80000000 0.00043141860546624
90000000 0.000330805430106
100000000 0.000281335694028
110000000 0.0002561945841
120000000 0.00024960140877
130000000 0.00024491321713962
140000000 0.000249419686423
150000000 0.00025805782037569
160000000 0.00026615237715417
180000000 0.00027122484597
200000000 0.000269736528592
#Header 
#Target 97 248 1
#Product 96 240 0
#Datapoints 24
1000000 0
26000000 0
28000000 2.950377698223E-8
30000000 5.7386998072456E-6
35000000 0.00041863069071858
40000000 0.00108087314174
45000000 0.0015798350584
50000000 0.00131478205875
55000000 0.0010260229635783
60000000 0.000802515056
65000000 0.000634130844
70000000 0.00051950088361612
75000000 0.000431184627648
80000000 0.00037805155453359
90000000 0.000293732777976
100000000 0.000264841113934
110000000 0.000234427109189
120000000 0.000210169473978
130000000 0.0001915099993262
140000000 0.000175052612477
150000000 0.00016748106867746
160000000 0.00018938017454937
180000000 0.00017673022575
200000000 0.000162150585554
#Header 
#Target 97 248 1
#Product 96 241 0
#Datapoints 28
1000000 0
19000000 0
20000000 1.02828677259E-15
22000000 1.421592807778E-5
24000000 0.00058600242322451
26000000 0.0026499813222476
28000000 0.005381137637883
30000000 0.007271300821733
35000000 0.009404188880589
40000000 0.0073683048957
45000000 0.00508808969208
50000000 0.00448971599325
55000000 0.0036033680510822
60000000 0.0032470975384
65000000 0.002660982387
70000000 0.0022550195496213
75000000 0.00208582637184
80000000 0.0018560759436387
90000000 0.00188779186482
100000000 0.0019341688603
110000000 0.00206169226445
120000000 0.00217964729526
130000000 0.0022495520821948
140000000 0.00227863493798
150000000 0.002485380906339
160000000 0.0025332434296074
180000000 0.00249883582845
200000000 0.0024471595744
#Header 
#Target 97 248 1
#Product 96 242 0
#Datapoints 35
1000000 0
12000000 0
13000000 1.310803234536E-14
14000000 2.43826149252E-12
15000000 1.97729664928E-10
16000000 0.000883928997378
17000000 0.01709250755805
18000000 0.05756129694474
19000000 0.101173358032
20000000 0.1336714450248
22000000 0.1592807803158
24000000 0.12937217240127
26000000 0.08723752934039
28000000 0.05788335743616
30000000 0.040739538350732
35000000 0.023003160514098
40000000 0.0171406654489
45000000 0.014026357536
50000000 0.0118424708525
55000000 0.010365240530991
60000000 0.0089695448
65000000 0.007887431508
70000000 0.006950349094088
75000000 0.00624229354944
80000000 0.0056552877145989
90000000 0.00480793833672
100000000 0.00426544073968
110000000 0.00384286242067
120000000 0.0035236025494
130000000 0.0032342815520436
140000000 0.00304201641455
150000000 0.0028500949212562
160000000 0.0026625582034122
180000000 0.0024237203367
200000000 0.0022411656293
#Header 
#Target 97 248 1
#Product 96 243 0
#Datapoints 40
1000000 0
7000000 0
8000000 2.224578372772E-7
9000000 1.042796557056E-5
10000000 8.6420199059E-5
11000000 0.00034179771277347
12000000 0.0008710421216004
13000000 0.001644596627772
14000000 0.002632752112956
15000000 0.00377002279844
16000000 0.004769749101312
17000000 0.005382135930185
18000000 0.005279938679751
19000000 0.00461549255456
20000000 0.003866466119448
22000000 0.0031515305679
24000000 0.002530298216137
26000000 0.0020569198363846
28000000 0.001777391525574
30000000 0.0016137969514511
35000000 0.0013500461392197
40000000 0.00097011010299
45000000 0.00072467720488
50000000 0.000558802638575
55000000 0.00050856124495075
60000000 0.00049253965152
65000000 0.00058387740828
70000000 0.0007071451436721
75000000 0.00090178103232
80000000 0.0011237746511817
90000000 0.00152225992887
100000000 0.00179997812871
110000000 0.00200333153202
120000000 0.002124112141
130000000 0.002155168561926
140000000 0.00213138366581
150000000 0.0021518176351145
160000000 0.002160405097413
180000000 0.00209823757845
200000000 0.00200506039988
#Header 
#Target 97 248 1
#Product 96 244 0
#Datapoints 45
1000000 0
2000000 0
3000000 1.15469198291E-14
4000000 2.15209148748E-11
5000000 3.367551288165E-9
6000000 1.237979143404E-7
7000000 1.9330562684136E-6
8000000 1.595244764514E-5
9000000 7.98922628868E-5
10000000 0.0002203769027286
11000000 0.00064029541582106
12000000 0.0011754119422708
13000000 0.001781805160932
14000000 0.002351892022746
15000000 0.00278765682452
16000000 0.0031303652814
17000000 0.002611728233015
18000000 0.003381149356941
19000000 0.002733837216
20000000 0.003513146685117
22000000 0.004501641151007
24000000 0.0067871700357255
26000000 0.0046177114244756
28000000 0.003066049651095
30000000 0.0029246763850265
35000000 0.0019749774631437
40000000 0.00142990308321
45000000 0.00100535912352
50000000 0.0010784903905
55000000 0.0010209783997093
60000000 0.0012658804848
65000000 0.0014925540684
70000000 0.0017310514307894
75000000 0.00202086690624
80000000 0.0022939711842726
90000000 0.00263048538756
100000000 0.00290876508663
110000000 0.00298801862632
120000000 0.00300978974996
130000000 0.0029626840057036
140000000 0.00294562197957
150000000 0.0028642179303581
160000000 0.0027537190953141
180000000 0.00257240957025
200000000 0.00243252919488
#Header 
#Target 97 248 1
#Product 96 245 0
#Datapoints 45
1000000 0
2000000 0
3000000 1.4377278766E-11
4000000 1.352426001312E-8
5000000 8.005690518099E-8
6000000 2.6196481976474E-7
7000000 7.611607575E-7
8000000 2.0219498198E-6
9000000 5.046585597912E-6
10000000 1.150397384044E-5
11000000 2.5332055495677E-5
12000000 5.304681481929E-5
13000000 0.0001034965775704
14000000 0.0001826845429542
15000000 0.0002967358095944
16000000 0.000432755600607
17000000 0.0005773116978
18000000 0.000735542564472
19000000 0.00092777502304
20000000 0.001238998130403
22000000 0.003797038240996
24000000 0.007628580905154
26000000 0.0023369507078984
28000000 0.001038712327422
30000000 0.00066965251193958
35000000 0.00033417400475781
40000000 0.000410748287684
45000000 0.000554363212648
50000000 0.00079896401675
55000000 0.0012074311218224
60000000 0.0016922558448
65000000 0.0021619621212
70000000 0.0025997305035823
75000000 0.00293059513728
80000000 0.0032591589638013
90000000 0.0036051259683
100000000 0.00382988274182
110000000 0.00388895981838
120000000 0.00384908517398
130000000 0.0037779753173297
140000000 0.00365651027666
150000000 0.0035431719291057
160000000 0.0033306365270901
180000000 0.0030809219064
200000000 0.00287634538832
#Header 
#Target 97 248 1
#Product 96 246 0
#Datapoints 34
1000000 0
13000000 0
14000000 1.5139013862E-14
15000000 3.38039702184E-13
16000000 4.6033327521E-12
17000000 4.2854891096E-11
18000000 2.97230251233E-10
19000000 1.63340231696E-9
20000000 7.43127632199E-9
22000000 9.93079283339E-8
24000000 9.400161838879E-7
26000000 5.4959431103269E-6
28000000 2.412526925439E-5
30000000 7.2119384145939E-5
35000000 0.00026846086073613
40000000 0.000544698509894
45000000 0.00104421118536
50000000 0.00166329118675
55000000 0.0023122726078959
60000000 0.0028318566072
65000000 0.0032779490868
70000000 0.0037057354822704
75000000 0.0040114957824
80000000 0.0042228438988869
90000000 0.00448192950957
100000000 0.00455222546681
110000000 0.00448005322128
120000000 0.00435747433048
130000000 0.0041426170769704
140000000 0.00396495103136
150000000 0.0037802138253393
160000000 0.0035913602714661
180000000 0.00320942010285
200000000 0.00293103744154
#Header 
#Target 97 248 1
#Product 96 247 0
#Datapoints 32
1000000 0
15000000 0
16000000 1.67004584928E-15
17000000 4.92203295685E-14
18000000 8.8900385826E-13
19000000 1.2669766064E-11
20000000 1.3237665432E-10
22000000 6.469618445719E-9
24000000 1.4571855840558E-7
26000000 1.6888935973316E-6
28000000 1.120511421045E-5
30000000 4.6967617043503E-5
35000000 0.00041026890800472
40000000 0.00118124655684
45000000 0.00206887777296
50000000 0.002857809971
55000000 0.003584749740064
60000000 0.0040976769024
65000000 0.0045580028466
70000000 0.0048575869355518
75000000 0.00513324558144
80000000 0.0053090462025909
90000000 0.00545413279206
100000000 0.00539461280699
110000000 0.00524859792548
120000000 0.0050149644207
130000000 0.0047924819243569
140000000 0.00453933672648
150000000 0.004307340747393
160000000 0.0039948966008841
180000000 0.0035970500358
200000000 0.00323334370954
#Header 
#Target 97 248 1
#Product 97 238 0
#Datapoints 16
1000000 0
60000000 0
65000000 2.3047965E-15
70000000 4.202491177453E-12
75000000 6.0163019136E-10
80000000 1.6014405588489E-8
90000000 4.88187789114E-7
100000000 2.02424037845E-6
110000000 3.47770299786E-6
120000000 3.80539947124E-6
130000000 3.539221147949E-6
140000000 3.37020346813E-6
150000000 3.4153610975335E-6
160000000 3.4920707623215E-6
180000000 3.57913731825E-6
200000000 3.48896143444E-6
#Header 
#Target 97 248 1
#Product 97 239 0
#Datapoints 17
1000000 0
55000000 0
60000000 2.288376232E-12
65000000 1.4871427791E-9
70000000 5.0996485740952E-8
75000000 4.59349655616E-7
80000000 1.8452537326881E-6
90000000 8.4670544985E-6
100000000 1.54924631886E-5
110000000 1.85056030341E-5
120000000 1.89374214016E-5
130000000 2.0062356552149E-5
140000000 2.1448154966E-5
150000000 2.2626477780756E-5
160000000 2.3500964459577E-5
180000000 2.38367157795E-5
200000000 2.43064871038E-5
#Header 
#Target 97 248 1
#Product 97 240 0
#Datapoints 19
1000000 0
45000000 0
50000000 6.036700305E-15
55000000 4.896729940064E-10
60000000 1.1522243984E-7
65000000 1.6472557383E-6
70000000 6.807365666498E-6
75000000 1.66330386432E-5
80000000 3.0948716690262E-5
90000000 6.3326212092E-5
100000000 8.7897797195E-5
110000000 0.000102081606991
120000000 0.000113166083378
130000000 0.00012359696540557
140000000 0.00013264940906
150000000 0.00013709804747205
160000000 0.00014036292839883
180000000 0.000141933199395
200000000 0.00014483911839
#Header 
#Target 97 248 1
#Product 97 241 0
#Datapoints 20
1000000 0
40000000 0
45000000 1.0381340536E-10
50000000 3.29716492475E-7
55000000 8.59773424565E-6
60000000 3.2614524344E-5
65000000 6.2901599589E-5
70000000 9.497707407546E-5
75000000 0.000138629081088
80000000 0.00019239883156242
90000000 0.000301980056955
100000000 0.000391520049344
110000000 0.000438577437298
120000000 0.000482515790838
130000000 0.00050720872913601
140000000 0.0005174938753
150000000 0.0005220289808926
160000000 0.000533602649643
180000000 0.00060548190105
200000000 0.0005807041191
#Header 
#Target 97 248 1
#Product 97 242 0
#Datapoints 22
1000000 0
30000000 0
35000000 1.925193910992E-15
40000000 9.6666826599E-9
45000000 4.86033508088E-6
50000000 4.541723841E-5
55000000 0.00011959066877456
60000000 0.0002105328656
65000000 0.00033333471369
70000000 0.0004781830403983
75000000 0.00063353262528
80000000 0.0007634765052999
90000000 0.00096422987808
100000000 0.00107051141024
110000000 0.00112772865205
120000000 0.0011432923062
130000000 0.0011357053256236
140000000 0.0011505835379
150000000 0.0011479223896901
160000000 0.0011143036156755
180000000 0.00108817844655
200000000 0.00107013351266
#Header 
#Target 97 248 1
#Product 97 243 0
#Datapoints 24
1000000 0
26000000 0
28000000 3.06916160109E-14
30000000 4.524182642291E-11
35000000 3.990209260014E-7
40000000 6.2813862685E-6
45000000 2.53468935776E-5
50000000 5.47972797625E-5
55000000 0.00010961968485357
60000000 0.00018743377984
65000000 0.00026669890017
70000000 0.00033791193057682
75000000 0.000383090325696
80000000 0.00042616161727587
90000000 0.000468919496031
100000000 0.000497887036948
110000000 0.000496897057657
120000000 0.000485383373176
130000000 0.00048023007412691
140000000 0.00047205444803
150000000 0.00044661660348198
160000000 0.00043641709517088
180000000 0.0004198614927
200000000 0.000394245487426
#Header 
#Target 97 248 1
#Product 97 244 0
#Datapoints 27
1000000 0
20000000 0
22000000 1.29108427448E-13
24000000 2.976040533719E-10
26000000 5.2939619512483E-8
28000000 1.728231533457E-6
30000000 1.689457115593E-5
35000000 0.00018561815953257
40000000 0.000452502022175
45000000 0.0010039124088
50000000 0.0017872166535
55000000 0.0025711571328906
60000000 0.0031315360952
65000000 0.0035503908198
70000000 0.0038333945549893
75000000 0.00399888184896
80000000 0.0041257679371839
90000000 0.00416100102876
100000000 0.00409329164829
110000000 0.00396415251323
120000000 0.0038286521899
130000000 0.0036499607145698
140000000 0.00347406988177
150000000 0.0033137825222299
160000000 0.0031464429141873
180000000 0.0028696919823
200000000 0.00262983172972
#Header 
#Target 97 248 1
#Product 97 245 0
#Datapoints 34
1000000 0
13000000 0
14000000 5.0145125688E-15
15000000 7.584188876E-13
16000000 6.016797171E-11
17000000 1.255526671565E-9
18000000 1.698287905932E-8
19000000 1.53970102608E-7
20000000 9.22172825505E-7
22000000 1.205853010362E-5
24000000 6.9241688278311E-5
26000000 0.00019107638466059
28000000 0.0003490132381854
30000000 0.00050645948422693
35000000 0.0010759786691784
40000000 0.00217897234023
45000000 0.00315800154592
50000000 0.0036441846695
55000000 0.0039077061301059
60000000 0.0039771695568
65000000 0.0040129400115
70000000 0.0038878940903997
75000000 0.00389556010368
80000000 0.0038016480975543
90000000 0.00353837749041
100000000 0.00326917907624
110000000 0.00298346617569
120000000 0.00279707928554
130000000 0.0025734531720643
140000000 0.0023613966933
150000000 0.0022132305839967
160000000 0.0020838552624756
180000000 0.00184392187395
200000000 0.00163524158668
#Header 
#Target 97 248 1
#Product 97 246 0
#Datapoints 39
1000000 0
8000000 0
9000000 3.95033664312E-13
10000000 6.03953201014E-11
11000000 2.7694595830426E-9
12000000 5.616136273123E-8
13000000 6.355511707464E-7
14000000 4.6368445809E-6
15000000 2.325697347496E-5
16000000 8.0625664503E-5
17000000 0.00020112358971
18000000 0.0003941507416182
19000000 0.00065524016064
20000000 0.000980250600861
22000000 0.00186868178783
24000000 0.0032598158926444
26000000 0.0054438912219329
28000000 0.00866377900863
30000000 0.012554366849557
35000000 0.022609133510052
40000000 0.0288966174035
45000000 0.0329790776016
50000000 0.035286247795
55000000 0.037278559483493
60000000 0.038148343224
65000000 0.038705383044
70000000 0.038155922004767
75000000 0.0380258767296
80000000 0.037151093565558
90000000 0.0350282044902
100000000 0.0330811041565
110000000 0.0307730656961
120000000 0.0289151267564
130000000 0.026848117984344
140000000 0.0249109798154
150000000 0.023439534162093
160000000 0.02171720515425
180000000 0.01912982799
200000000 0.0171488504284
#Header 
#Target 97 248 1
#Product 97 247 0
#Datapoints 40
1000000 0
7000000 0
8000000 1.137003795604E-14
9000000 3.61210757616E-12
10000000 6.947660097775E-10
11000000 3.2383234910599E-8
12000000 6.066607303816E-7
13000000 6.191887562912E-6
14000000 4.06248803856E-5
15000000 0.0001863659341088
16000000 0.000613607021325
17000000 0.0015057120931
18000000 0.002970001083735
19000000 0.00505766650304
20000000 0.00776333808858
22000000 0.01463926982661
24000000 0.022327067917098
26000000 0.02834104702385
28000000 0.03378336588657
30000000 0.037829340867448
35000000 0.042842272877133
40000000 0.0453077956233
45000000 0.046834632464
50000000 0.0461228836875
55000000 0.047559590565347
60000000 0.04606636924
65000000 0.045917319522
70000000 0.043930680219123
75000000 0.0437544458496
80000000 0.041849451417564
90000000 0.0389971488093
100000000 0.0363632057448
110000000 0.0336107524844
120000000 0.0309265033362
130000000 0.028708472962056
140000000 0.0267359196952
150000000 0.024779718920514
160000000 0.023199646887648
180000000 0.020381544807
200000000 0.0179579210054
#Header 
#Target 97 248 1
#Product 97 248 0
#Datapoints 43
1000000 0
4000000 0
5000000 1.239041603535E-15
6000000 4.976060123082E-13
7000000 7.273851887808E-11
8000000 4.101211773768E-9
9000000 1.07177583528E-7
10000000 1.517895225052E-6
11000000 1.2725599361476E-5
12000000 6.676653406026E-5
13000000 0.0002378209760648
14000000 0.00063623218953
15000000 0.001381732242352
16000000 0.002548703536335
17000000 0.00410472921335
18000000 0.005932313181324
19000000 0.0078813768464
20000000 0.00980515541976
22000000 0.013101400741
24000000 0.015177681175399
26000000 0.015896679275708
28000000 0.0160076944182
30000000 0.015720475741958
35000000 0.014113546636224
40000000 0.0122126567297
45000000 0.0108697761352
50000000 0.0094935830725
55000000 0.008496993845993
60000000 0.007298908024
65000000 0.006502747059
70000000 0.0056751464264683
75000000 0.00504100835136
80000000 0.0044053816970142
90000000 0.00356685769428
100000000 0.00292521718207
110000000 0.00242760531559
120000000 0.00206100530778
130000000 0.0017737167095958
140000000 0.00153948555201
150000000 0.0013590652315938
160000000 0.0012040256855607
180000000 0.0009721762596
200000000 0.0007960353526
#Header 
#Target 97 248 1
#Product 98 241 0
#Datapoints 19
1000000 0
45000000 0
50000000 6.608130725E-11
55000000 2.1188519589406E-8
60000000 2.5116162224E-7
65000000 1.0768131399E-6
70000000 2.7500339990788E-6
75000000 5.12315995968E-6
80000000 7.957570599216E-6
90000000 1.11171543054E-5
100000000 1.05297983415E-5
110000000 9.6382369447E-6
120000000 8.7175009002E-6
130000000 7.679184518668E-6
140000000 6.915962873E-6
150000000 6.33748147367E-6
160000000 5.994896265375E-6
180000000 4.9778604135E-6
200000000 4.01512477952E-6
#Header 
#Target 97 248 1
#Product 98 242 0
#Datapoints 20
1000000 0
40000000 0
45000000 5.76712032416E-7
50000000 6.8516412825E-6
55000000 1.81551820076E-5
60000000 3.1059930528E-5
65000000 4.1970916446E-5
70000000 4.8649089023086E-5
75000000 5.21501546304E-5
80000000 5.1720913888371E-5
90000000 4.65275271612E-5
100000000 3.98779368602E-5
110000000 3.45826094887E-5
120000000 2.99988165798E-5
130000000 2.607819031257E-5
140000000 2.31490493816E-5
150000000 2.0691423284584E-5
160000000 1.8219493102476E-5
180000000 1.51651491615E-5
200000000 1.28265599568E-5
#Header 
#Target 97 248 1
#Product 98 243 0
#Datapoints 22
1000000 0
30000000 0
35000000 2.4890205440625E-7
40000000 0.000366135263977
45000000 0.00113057500592
50000000 0.0013812473425
55000000 0.001437359587813
60000000 0.0014174256008
65000000 0.001350739329
70000000 0.0012404037040718
75000000 0.00114959450304
80000000 0.0010356174623214
90000000 0.00084604334208
100000000 0.00068582733852
110000000 0.00058077745271
120000000 0.000492947247946
130000000 0.00042100899194532
140000000 0.000366975979077
150000000 0.00032944485646136
160000000 0.00029392187664153
180000000 0.00023642520798
200000000 0.000199618829502
#Header 
#Target 97 248 1
#Product 98 244 0
#Datapoints 24
1000000 0
26000000 0
28000000 0.0001093157123403
30000000 0.002879270403828
35000000 0.018808489450794
40000000 0.0189340109973
45000000 0.0130795365552
50000000 0.0094490260725
55000000 0.007559616792598
60000000 0.0063281811576
65000000 0.005412947982
70000000 0.0047509196528994
75000000 0.00417688704576
80000000 0.0036834395836329
90000000 0.00294183693105
100000000 0.0024478800996
110000000 0.00204940438521
120000000 0.0017221882827
130000000 0.0014932899079043
140000000 0.00131192979274
150000000 0.0011589340590005
160000000 0.0009972697296285
180000000 0.0008077618848
200000000 0.00067888768166
#Header 
#Target 97 248 1
#Product 98 245 0
#Datapoints 27
1000000 0
20000000 0
22000000 0.006261959772068
24000000 0.048020878772978
26000000 0.08676148470286
28000000 0.0988524326322
30000000 0.09265508843864
35000000 0.047769111256923
40000000 0.0244312118232
45000000 0.0167331089664
50000000 0.0128156350475
55000000 0.011065562441949
60000000 0.009192285152
65000000 0.008176389342
70000000 0.007176673061345
75000000 0.0063348804864
80000000 0.0057506753718288
90000000 0.00453423841584
100000000 0.00373789478376
110000000 0.00313637463048
120000000 0.00273322863228
130000000 0.0023473588523933
140000000 0.00202214291707
150000000 0.0016717289325992
160000000 0.0015012754303926
180000000 0.0012552925437
200000000 0.00101701266202
#Header 
#Target 97 248 1
#Product 98 246 0
#Datapoints 35
1000000 0
12000000 0
13000000 2.7720135846E-5
14000000 0.01088949999312
15000000 0.04060694634104
16000000 0.0646639465905
17000000 0.078327531559
18000000 0.0878757862242
19000000 0.09293061608
20000000 0.0926937741153
22000000 0.0803876876803
24000000 0.053837124396981
26000000 0.034954974268379
28000000 0.02550523353588
30000000 0.020600348864797
35000000 0.014306965128732
40000000 0.0108947773424
45000000 0.008820044416
50000000 0.0073889724925
55000000 0.0064347059454051
60000000 0.0055463603216
65000000 0.0048569609901
70000000 0.0042300396976054
75000000 0.0037341380448
80000000 0.0033038393760288
90000000 0.00263592160935
100000000 0.00216805266867
110000000 0.00180802520808
120000000 0.00153440117182
130000000 0.0013165537980352
140000000 0.00115285097639
150000000 0.0010195659217554
160000000 0.0009058625444241
180000000 0.0007334011113
200000000 0.00061206976012
#Header 
#Target 97 248 1
#Product 98 247 0
#Datapoints 41
1000000 0
6000000 0
7000000 8.251667964144E-6
8000000 0.0009475742913164
9000000 0.006679752690528
10000000 0.023509612300265
11000000 0.057997246346728
12000000 0.10884860932089
13000000 0.1658576887188
14000000 0.2094107361864
15000000 0.2266985850424
16000000 0.2372577900408
17000000 0.228259918651
18000000 0.188340656211
19000000 0.144042279408
20000000 0.1120169022009
22000000 0.0790185277596
24000000 0.064454805650432
26000000 0.055121862003219
28000000 0.04874565820338
30000000 0.043724161385658
35000000 0.034033529261844
40000000 0.027566144942
45000000 0.0231283120504
50000000 0.0196240494875
55000000 0.01718188949623
60000000 0.014788798296
65000000 0.012871410894
70000000 0.011178227900052
75000000 0.009862644384
80000000 0.008675436919338
90000000 0.0068927213187
100000000 0.00563472982025
110000000 0.00468698360676
120000000 0.00398062614198
130000000 0.0034319479007962
140000000 0.00298781076054
150000000 0.0026268229467717
160000000 0.0023440151124714
180000000 0.0018915390624
200000000 0.00156709366884
#Header 
#Target 97 248 1
#Product 98 248 0
#Datapoints 45
1000000 0
2000000 0
3000000 1.9921166592E-13
4000000 2.28503262792E-10
5000000 1.1262247164096E-6
6000000 2.884633012743E-5
7000000 0.00030431036979288
8000000 0.0010190361423292
9000000 0.00168622858788
10000000 0.002658868508975
11000000 0.0041639594968335
12000000 0.00637062908471
13000000 0.008918342518856
14000000 0.0114439171749
15000000 0.01368850982048
16000000 0.01535406362307
17000000 0.01705832650675
18000000 0.01685219741949
19000000 0.0176838560928
20000000 0.01685798180424
22000000 0.0161466668649
24000000 0.015588939045159
26000000 0.013550607277273
28000000 0.01263344414688
30000000 0.011091325603722
35000000 0.00875611686435
40000000 0.00707871143
45000000 0.00607508191536
50000000 0.00500963983175
55000000 0.0044703304711531
60000000 0.0037414321344
65000000 0.0032766922173
70000000 0.0028817167355834
75000000 0.00253376195904
80000000 0.0021921394092003
90000000 0.0017770506021
100000000 0.00143002882316
110000000 0.00119614538589
120000000 0.00102569231264
130000000 0.0008829950691034
140000000 0.00076020746338
150000000 0.000672340401024
160000000 0.0005999526579462
180000000 0.0004826823807
200000000 0.000395414959686
#Header 
#Target 97 248 1
#Product 98 249 0
#Datapoints 44
1000000 0
3000000 0
4000000 3.50370128736E-13
5000000 1.746852927888E-9
6000000 1.7183525138306E-8
7000000 1.5127712792544E-7
8000000 1.3413619567784E-6
9000000 7.510749476544E-6
10000000 2.7514650629325E-5
11000000 7.199838441385E-5
12000000 0.00014022891326765
13000000 0.00021328537867736
14000000 0.0002725842963396
15000000 0.0002989430956168
16000000 0.0002948974644609
17000000 0.0002718387826405
18000000 0.0002471402713776
19000000 0.000229836095808
20000000 0.0002132241398361
22000000 0.0001890028735023
24000000 0.0001709349951518
26000000 0.0001550478790443
28000000 0.000141301635015
30000000 0.00013069779418085
35000000 0.00011018341172223
40000000 9.0964849969E-5
45000000 8.843658148E-5
50000000 7.699777225E-5
55000000 7.731079484936E-5
60000000 6.75550596E-5
65000000 6.66860883E-5
70000000 6.0793205105239E-5
75000000 5.88860616384E-5
80000000 4.9970641037247E-5
90000000 4.66807749054E-5
100000000 4.07367230453E-5
110000000 3.14443694747E-5
120000000 2.72756279034E-5
130000000 2.5926154842371E-5
140000000 2.41448039851E-5
150000000 2.1617210563464E-5
160000000 1.8935235513444E-5
180000000 1.37497934925E-5
200000000 6.733290115E-6
