#Header 
#Target 41 88 1
#Product 0 1 0
#Datapoints 43
1000000 0
4000000 0
5000000 0.005561898258
6000000 0.05716294692201
7000000 0.160115836
8000000 0.27502908498
9000000 0.27937416916
10000000 0.19926328864
11000000 0.15320141826
12000000 0.13607149776
13000000 0.1370328291024
14000000 0.15038194776
15000000 0.1764488024
16000000 0.214998626
17000000 0.2586025371
18000000 0.2987347075
19000000 0.3323735545
20000000 0.3619582542
22000000 0.416370678
24000000 0.4787764808
26000000 0.5552724788
28000000 0.6441343796
30000000 0.7281216941
35000000 0.8565681808
40000000 0.9282062352
45000000 1.00806432
50000000 1.0823073183
55000000 1.1395796408
60000000 1.1962440787
65000000 1.238456822
70000000 1.279140972
75000000 1.308233883
80000000 1.343367163
90000000 1.413784086
100000000 1.503436584
110000000 1.608527058
120000000 1.712691792
130000000 1.8141949504
140000000 1.9155320616
150000000 2.01388495
160000000 2.114944673202
180000000 2.316807818992
200000000 2.5194106044
#Header 
#Target 41 88 1
#Product 1 1 0
#Datapoints 45
1000000 0
2000000 1.631701456E-8
3000000 1.909061272E-5
4000000 0.0005345513075
5000000 0.005317004598
6000000 0.01740194162721
7000000 0.03343152602
8000000 0.09024242994
9000000 0.33853537964
10000000 0.6878400464
11000000 0.9850664703
12000000 1.2148534112
13000000 1.404968210481
14000000 1.5818773872
15000000 1.71233582
16000000 1.792116064
17000000 1.835260204
18000000 1.85901851
19000000 1.872990665
20000000 1.883756772
22000000 1.914721433
24000000 1.972443124
26000000 2.07242217
28000000 2.178597016
30000000 2.256666111
35000000 2.309809074
40000000 2.377848096
45000000 2.447691925
50000000 2.449727384
55000000 2.454364472
60000000 2.469145745
65000000 2.469939371
70000000 2.477062068
75000000 2.468826184
80000000 2.470630963
90000000 2.47745982
100000000 2.50173846
110000000 2.540769165
120000000 2.579997504
130000000 2.62010519
140000000 2.6619281096
150000000 2.7073348
160000000 2.753258461893
180000000 2.850929946394
200000000 2.9589754455
#Header 
#Target 41 88 1
#Product 1 2 0
#Datapoints 39
1000000 0
8000000 0
9000000 4.4615623376E-18
10000000 1.0178282976E-10
11000000 5.7375322257E-8
12000000 1.3704194944E-6
13000000 1.104715621416E-5
14000000 6.2660543088E-5
15000000 0.0002799306172
16000000 0.0008973519632
17000000 0.002100443439
18000000 0.00386675941
19000000 0.006052841145
20000000 0.008522265762
22000000 0.0139095501
24000000 0.01948663868
26000000 0.02498248597
28000000 0.0302465586
30000000 0.03384434406
35000000 0.0443629749
40000000 0.05397822864
45000000 0.06221494275
50000000 0.06926356567
55000000 0.07608322872
60000000 0.08001258716
65000000 0.0857447466
70000000 0.0886879992
75000000 0.09310314828
80000000 0.09546957207
90000000 0.09455615004
100000000 0.09446026356
110000000 0.09405294282
120000000 0.0947847152
130000000 0.0964998354
140000000 0.0990934918
150000000 0.10249306875
160000000 0.1066002973715
180000000 0.1175693928193
200000000 0.13378573098
#Header 
#Target 41 88 1
#Product 1 3 0
#Datapoints 32
1000000 0
15000000 0
16000000 3.264176324E-20
17000000 5.312248219E-14
18000000 4.396720725E-11
19000000 5.536759085E-9
20000000 2.208301092E-7
22000000 1.450337103E-5
24000000 0.00011236846252
26000000 0.000339053195
28000000 0.0006773609074
30000000 0.0010939930205
35000000 0.002304606274
40000000 0.003587947824
45000000 0.004878599575
50000000 0.006083104053
55000000 0.007205694368
60000000 0.008311712585
65000000 0.009437826148
70000000 0.010606591596
75000000 0.01182185137
80000000 0.01312528605
90000000 0.0160208136
100000000 0.01925456988
110000000 0.02157485655
120000000 0.02402676752
130000000 0.02664290902
140000000 0.029385693122
150000000 0.03226769275
160000000 0.03522938462159
180000000 0.04160204535643
200000000 0.048388582017
#Header 
#Target 41 88 1
#Product 2 3 0
#Datapoints 39
1000000 0
8000000 0
9000000 4.4717942252E-17
10000000 6.5171930592E-14
11000000 3.768203538E-12
12000000 6.54968468E-11
13000000 5.780514661647E-10
14000000 3.1321492224E-9
15000000 1.229515612E-8
16000000 4.988830744E-8
17000000 3.034997545E-7
18000000 2.02999357E-6
19000000 1.0979891325E-5
20000000 4.53810465E-5
22000000 0.0003582988253
24000000 0.001278004012
26000000 0.002812141111
28000000 0.00493343302
30000000 0.007235620645
35000000 0.01380771092
40000000 0.0199981056
45000000 0.025415897
50000000 0.029870763
55000000 0.03294430296
60000000 0.03553280082
65000000 0.03758004091
70000000 0.03962545116
75000000 0.04155500547
80000000 0.04363889414
90000000 0.048147429
100000000 0.0526420206
110000000 0.05468867667
120000000 0.05685308608
130000000 0.059130551524
140000000 0.061534819604
150000000 0.06399734775
160000000 0.06657378270193
180000000 0.07176004881726
200000000 0.076646143128
#Header 
#Target 41 88 1
#Product 2 4 0
#Datapoints 45
1000000 0
2000000 2.29930932E-13
3000000 2.143650508E-9
4000000 3.662977345E-7
5000000 1.2882949307E-5
6000000 0.000121782895767
7000000 0.0007803191438
8000000 0.0031105836216
9000000 0.0034837337976
10000000 0.003395757072
11000000 0.0035158990515
12000000 0.0040162181664
13000000 0.004951590701343
14000000 0.0064195460868
15000000 0.008522383116
16000000 0.0113293712
17000000 0.01491532799
18000000 0.0197180477
19000000 0.02595198385
20000000 0.03158743842
22000000 0.03855769782
24000000 0.0457469968
26000000 0.05261071725
28000000 0.05885194488
30000000 0.06459419007
35000000 0.07566991341
40000000 0.08208881472
45000000 0.0851722425
50000000 0.08689681052
55000000 0.08732468808
60000000 0.08788392305
65000000 0.08713031001
70000000 0.08699464032
75000000 0.0853381019
80000000 0.08501303304
90000000 0.08559247686
100000000 0.0918098454
110000000 0.10028779662
120000000 0.1087628416
130000000 0.11737465164
140000000 0.12507610706
150000000 0.13207662875
160000000 0.1387693859282
180000000 0.1520500832424
200000000 0.16205999811
#Header 
#Target 41 88 1
#Product 32 64 0
#Datapoints 9
1000000 0
110000000 0
120000000 1.641001936E-14
130000000 1.473134042E-12
140000000 2.6590455296E-11
150000000 3.6937909625E-10
160000000 3.6829308412311E-9
180000000 1.1261799447605E-7
200000000 1.1138001138E-6
#Header 
#Target 41 88 1
#Product 32 65 0
#Datapoints 10
1000000 0
100000000 0
110000000 4.971444957E-14
120000000 1.006389216E-11
130000000 1.9836256496E-10
140000000 2.18776964282E-9
150000000 2.05414978E-8
160000000 1.2881700707287E-7
180000000 2.1446805332268E-6
200000000 1.73176022346E-5
#Header 
#Target 41 88 1
#Product 32 66 0
#Datapoints 12
1000000 0
80000000 0
90000000 2.669242686E-15
100000000 2.605809024E-12
110000000 1.989517593E-10
120000000 2.6127104864E-9
130000000 1.9429005E-8
140000000 1.50502000036E-7
150000000 7.29168043375E-7
160000000 2.9612800079111E-6
180000000 3.6446602917993E-5
200000000 0.000221473033938
#Header 
#Target 41 88 1
#Product 32 67 0
#Datapoints 13
1000000 0
75000000 0
80000000 3.362870266E-15
90000000 7.226288454E-12
100000000 3.850004652E-10
110000000 5.1841494708E-9
120000000 3.2063198384E-8
130000000 2.69651030204E-7
140000000 1.42022987052E-6
150000000 5.2053799175E-6
160000000 1.9497107122883E-5
180000000 0.00018428799301143
200000000 0.000845733992871
#Header 
#Target 41 88 1
#Product 32 68 0
#Datapoints 15
1000000 0
65000000 0
70000000 1.201934232E-13
75000000 7.81370948E-12
80000000 1.272963202E-10
90000000 1.818919608E-9
100000000 6.9292798692E-9
110000000 2.9926696971E-8
120000000 3.2181797648E-7
130000000 1.87349960536E-6
140000000 6.5940795091E-6
150000000 2.38559939125E-5
160000000 7.5967106160661E-5
180000000 0.00050724111567671
200000000 0.00206937010668
#Header 
#Target 41 88 1
#Product 32 69 0
#Datapoints 17
1000000 0
55000000 0
60000000 2.075620954E-15
65000000 2.625184571E-13
70000000 9.901340604E-12
75000000 9.644981152E-11
80000000 4.224393298E-10
90000000 1.4256598422E-9
100000000 6.740489574E-9
110000000 1.4892098109E-7
120000000 9.5080106912E-7
130000000 3.10964964192E-6
140000000 1.14328984046E-5
150000000 3.63319973625E-5
160000000 9.655617216734E-5
180000000 0.00055555400334543
200000000 0.00182725968972
#Header 
#Target 41 88 1
#Product 32 70 0
#Datapoints 14
1000000 0
70000000 0
75000000 6.971079611E-14
80000000 5.917401228E-12
90000000 2.9714800896E-9
100000000 4.8983005344E-8
110000000 2.6272897359E-7
120000000 8.2711503504E-7
130000000 3.60952983572E-6
140000000 1.16209963582E-5
150000000 2.97812978625E-5
160000000 7.3030401667613E-5
180000000 0.00030141807170253
200000000 0.000792577048479
#Header 
#Target 41 88 1
#Product 32 71 0
#Datapoints 15
1000000 0
65000000 0
70000000 2.595080556E-14
75000000 3.046219524E-12
80000000 9.776834533E-11
90000000 2.3020194318E-9
100000000 8.7870099876E-9
110000000 2.6119604337E-8
120000000 1.0347302336E-7
130000000 4.18900003204E-7
140000000 1.14527017292E-6
150000000 2.87031973875E-6
160000000 6.3232600943445E-6
180000000 2.3758901005943E-5
200000000 5.90600028051E-5
#Header 
#Target 41 88 1
#Product 32 72 0
#Datapoints 12
1000000 0
80000000 0
90000000 8.166871152E-12
100000000 8.164694772E-10
110000000 1.3574197989E-8
120000000 5.1450898576E-8
130000000 1.56095021192E-7
140000000 3.44998032118E-7
150000000 9.42427055375E-7
160000000 1.5555299445145E-6
180000000 5.3695205776849E-6
200000000 9.5886116796E-6
#Header 
#Target 41 88 1
#Product 33 67 0
#Datapoints 10
1000000 0
100000000 0
110000000 1.182227337E-12
120000000 2.195571616E-10
130000000 4.45409964064E-9
140000000 3.00343985338E-8
150000000 1.29050994375E-7
160000000 5.4289310592332E-7
180000000 6.1353107268247E-6
200000000 3.05563986624E-5
#Header 
#Target 41 88 1
#Product 33 68 0
#Datapoints 11
1000000 0
90000000 0
100000000 7.982359632E-13
110000000 4.696542732E-10
120000000 2.3546200272E-8
130000000 2.17370046088E-7
140000000 9.18549106416E-7
150000000 3.82962988125E-6
160000000 1.4047700667916E-5
180000000 0.00010666200685458
200000000 0.000459724003161
#Header 
#Target 41 88 1
#Product 33 69 0
#Datapoints 12
1000000 0
80000000 0
90000000 7.879826196E-12
100000000 2.717870142E-9
110000000 1.0658797473E-7
120000000 7.9616997712E-7
130000000 2.9065400456E-6
140000000 1.2088003144E-5
150000000 4.09478048625E-5
160000000 0.00011596701158908
180000000 0.00070604105796034
200000000 0.00230711998467
#Header 
#Target 41 88 1
#Product 33 70 0
#Datapoints 14
1000000 0
70000000 0
75000000 5.074859676E-14
80000000 5.628292526E-12
90000000 4.3774097598E-9
100000000 1.2300195804E-7
110000000 9.3606495492E-7
120000000 3.1177003312E-6
130000000 1.46049028096E-5
140000000 5.14313959212E-5
150000000 0.000136235019
160000000 0.00034752602273306
180000000 0.0015528706275755
200000000 0.0042469201734
#Header 
#Target 41 88 1
#Product 33 71 0
#Datapoints 16
1000000 0
60000000 0
65000000 5.815720412E-14
70000000 2.361765132E-11
75000000 1.452910411E-9
80000000 2.2173901498E-8
90000000 2.4193806054E-7
100000000 6.8444597988E-7
110000000 1.9963700214E-6
120000000 1.1132800672E-5
130000000 4.04085961208E-5
140000000 9.8610563564E-5
150000000 0.000240467957625
160000000 0.00053898002614606
180000000 0.0018508304221066
200000000 0.00444354018996
#Header 
#Target 41 88 1
#Product 33 72 0
#Datapoints 17
1000000 0
55000000 0
60000000 4.754484174E-13
65000000 6.452155166E-11
70000000 2.118820488E-9
75000000 1.5952805344E-8
80000000 5.1601801134E-8
90000000 1.148610144E-7
100000000 2.2098099192E-7
110000000 1.4511902472E-6
120000000 7.0311401216E-6
130000000 1.7275098174E-5
140000000 4.074190529E-5
150000000 9.221020785E-5
160000000 0.000180982039691
180000000 0.00053456107695416
200000000 0.0010621901289
#Header 
#Target 41 88 1
#Product 33 73 0
#Datapoints 15
1000000 0
65000000 0
70000000 4.045979136E-14
75000000 5.181058404E-12
80000000 1.817273756E-10
90000000 2.553669492E-8
100000000 2.5343298864E-7
110000000 1.1726100903E-6
120000000 2.9292702432E-6
130000000 7.10048066588E-6
140000000 1.77391955394E-5
150000000 3.53362017125E-5
160000000 6.2289405544288E-5
180000000 0.00014902601613461
200000000 0.000243299045745
#Header 
#Target 41 88 1
#Product 33 74 0
#Datapoints 15
1000000 0
65000000 0
70000000 7.551395772E-14
75000000 1.1077294623E-11
80000000 3.345494395E-10
90000000 1.1343805374E-8
100000000 5.0519804712E-8
110000000 1.2432296439E-7
120000000 3.0575803328E-7
130000000 8.88724039488E-7
140000000 2.02730986626E-6
150000000 3.6286397575E-6
160000000 6.184170576192E-6
180000000 1.3102297784738E-5
200000000 1.90049994906E-5
#Header 
#Target 41 88 1
#Product 33 75 0
#Datapoints 12
1000000 0
80000000 0
90000000 1.610246682E-12
100000000 2.164755528E-10
110000000 5.1217102329E-9
120000000 2.865640512E-8
130000000 8.56946985348E-8
140000000 1.66981037294E-7
150000000 2.99692988125E-7
160000000 4.6746006057918E-7
180000000 8.4203603269723E-7
200000000 1.17776987265E-6
#Header 
#Target 41 88 1
#Product 34 68 0
#Datapoints 10
1000000 0
100000000 0
110000000 4.194595218E-13
120000000 4.495587936E-11
130000000 5.9558234024E-10
140000000 4.10993067756E-9
150000000 2.7236197625E-8
160000000 1.2096602093769E-7
180000000 1.1000398426925E-6
200000000 5.29165027902E-6
#Header 
#Target 41 88 1
#Product 34 69 0
#Datapoints 12
1000000 0
80000000 0
90000000 8.149185E-15
100000000 8.050872492E-12
110000000 8.079414609E-10
120000000 9.5342006144E-9
130000000 5.59170967408E-8
140000000 3.69145020434E-7
150000000 1.4951298825E-6
160000000 4.6383407314068E-6
180000000 3.2311909590749E-5
200000000 0.000117610999119
#Header 
#Target 41 88 1
#Product 34 70 0
#Datapoints 14
1000000 0
70000000 0
75000000 2.1219375E-15
80000000 5.402939819E-13
90000000 5.046029142E-10
100000000 1.5712303464E-8
110000000 1.1540003052E-7
120000000 4.761299928E-7
130000000 3.2243301382E-6
140000000 1.24454046296E-5
150000000 3.4014602725E-5
160000000 9.1311911668353E-5
180000000 0.00042405707664605
200000000 0.00120189979635
#Header 
#Target 41 88 1
#Product 34 71 0
#Datapoints 16
1000000 0
60000000 0
65000000 5.499337751E-15
70000000 3.313731732E-12
75000000 2.533050159E-10
80000000 5.2958397527E-9
90000000 1.0739399418E-7
100000000 3.7840096788E-7
110000000 1.2937902522E-6
120000000 9.971827712E-6
130000000 4.1147602154E-5
140000000 0.000108883021738
150000000 0.0002877519755
160000000 0.00066891908266515
180000000 0.0024360105124705
200000000 0.0060647405157
#Header 
#Target 41 88 1
#Product 34 72 0
#Datapoints 18
1000000 0
50000000 0
55000000 1.21735934E-12
60000000 1.688564702E-10
65000000 4.7505701577E-9
70000000 4.4967200412E-8
75000000 1.7858305219E-7
80000000 3.6416701739E-7
90000000 5.8543293204E-7
100000000 2.7780496224E-6
110000000 2.4963598443E-5
120000000 8.8584399904E-5
130000000 0.000214213016068
140000000 0.000570714999922
150000000 0.00126204012
160000000 0.0024825703329706
180000000 0.0070826606553246
200000000 0.0128992979604
#Header 
#Target 41 88 1
#Product 34 73 0
#Datapoints 20
1000000 0
40000000 0
45000000 1.366372325E-13
50000000 2.799219059E-11
55000000 1.0389598712E-9
60000000 1.03906002112E-8
65000000 3.8205502651E-8
70000000 7.882329576E-8
75000000 9.6213693632E-8
80000000 1.10983000943E-7
90000000 1.9737498198E-6
100000000 1.3719096612E-5
110000000 4.3591401231E-5
120000000 0.00010003496048
130000000 0.00029000099448
140000000 0.000658655981874
150000000 0.00127881997125
160000000 0.0021929701362319
180000000 0.0052104004535868
200000000 0.00784755951477
#Header 
#Target 41 88 1
#Product 34 74 0
#Datapoints 18
1000000 0
50000000 0
55000000 5.295275824E-14
60000000 8.913598738E-12
65000000 1.3855104855E-9
70000000 9.799380426E-8
75000000 1.5182004474E-6
80000000 7.1387904436E-6
90000000 2.0197596342E-5
100000000 3.4191105E-5
110000000 8.4649900749E-5
120000000 0.00028272696928
130000000 0.00062755099614
140000000 0.00109394007086
150000000 0.001841799925
160000000 0.0028778505636022
180000000 0.00523996027891
200000000 0.00693732000906
#Header 
#Target 41 88 1
#Product 34 75 0
#Datapoints 19
1000000 0
45000000 0
50000000 7.932005588E-14
55000000 1.335999592E-10
60000000 1.5691199491E-8
65000000 2.7972503532E-7
70000000 1.04684001804E-6
75000000 1.8875703519E-6
80000000 2.6147006128E-6
90000000 2.9430004362E-6
100000000 7.2688298124E-6
110000000 2.9670199692E-5
120000000 6.728579424E-5
130000000 0.00012090999738
140000000 0.000209226015882
150000000 0.000326842982375
160000000 0.0004750360876669
180000000 0.00069300810253841
200000000 0.000886387956102
#Header 
#Target 41 88 1
#Product 34 76 0
#Datapoints 16
1000000 0
60000000 0
65000000 1.721539897E-12
70000000 3.377238456E-10
75000000 1.10602002945E-8
80000000 1.3672898353E-7
90000000 2.4029595942E-6
100000000 7.4573703048E-6
110000000 1.342949598E-5
120000000 2.3749597312E-5
130000000 4.35210005268E-5
140000000 7.07267042306E-5
150000000 9.6879062125E-5
160000000 0.00013534005114177
180000000 0.00016535601497428
200000000 0.000177351991074
#Header 
#Target 41 88 1
#Product 34 77 0
#Datapoints 16
1000000 0
60000000 0
65000000 6.053292612E-14
70000000 9.198280692E-12
75000000 2.8088794E-10
80000000 2.3459904941E-9
90000000 1.5747904656E-8
100000000 3.3594201732E-8
110000000 5.688269706E-8
120000000 1.1061300208E-7
130000000 2.30053984844E-7
140000000 3.63405995826E-7
150000000 5.02570029E-7
160000000 6.0391413452831E-7
180000000 8.1637106435336E-7
200000000 8.51751018495E-7
#Header 
#Target 41 88 1
#Product 34 78 0
#Datapoints 14
1000000 0
70000000 0
75000000 5.230989008E-14
80000000 9.40709423E-12
90000000 1.4793099882E-9
100000000 1.6977099984E-8
110000000 6.3078702768E-8
120000000 1.5315004656E-7
130000000 2.89984962496E-7
140000000 3.03178041908E-7
150000000 5.07702962125E-7
160000000 4.9482903243158E-7
180000000 8.22684063062E-7
200000000 6.06010035192E-7
#Header 
#Target 41 88 1
#Product 35 70 0
#Datapoints 10
1000000 0
100000000 0
110000000 2.796746703E-13
120000000 4.800010656E-11
130000000 9.4761635964E-10
140000000 5.99209014964E-9
150000000 1.8939401925E-8
160000000 5.7994108424476E-8
180000000 3.5956302830599E-7
200000000 1.21667970963E-6
#Header 
#Target 41 88 1
#Product 35 71 0
#Datapoints 11
1000000 0
90000000 0
100000000 3.048210828E-11
110000000 4.8413303454E-9
120000000 1.1252097696E-7
130000000 5.75851953492E-7
140000000 1.66790979186E-6
150000000 4.97885996875E-6
160000000 1.2433804925598E-5
180000000 4.8676205921382E-5
200000000 0.000130811970261
#Header 
#Target 41 88 1
#Product 35 72 0
#Datapoints 13
1000000 0
75000000 0
80000000 1.410091397E-15
90000000 8.868550944E-11
100000000 1.7268303156E-8
110000000 4.0629397272E-7
120000000 2.0300699216E-6
130000000 5.29086949432E-6
140000000 1.48798010912E-5
150000000 3.93564962375E-5
160000000 8.1527914896364E-5
180000000 0.00027481404662363
200000000 0.00053286393705
#Header 
#Target 41 88 1
#Product 35 73 0
#Datapoints 15
1000000 0
65000000 0
70000000 3.911204652E-13
75000000 8.04570798E-11
80000000 4.078949587E-9
90000000 6.3380100762E-7
100000000 6.3135002892E-6
110000000 2.1919995147E-5
120000000 5.2027298176E-5
130000000 0.000175489029544
140000000 0.000428989014696
150000000 0.000836810036875
160000000 0.0015420405245792
180000000 0.0036603006039153
200000000 0.00600233951457
#Header 
#Target 41 88 1
#Product 35 74 0
#Datapoints 17
1000000 0
55000000 0
60000000 2.261564448E-13
65000000 3.819608209E-11
70000000 2.8020303684E-9
75000000 7.6982602362E-8
80000000 6.5013405519E-7
90000000 3.4239604938E-6
100000000 6.37929981E-6
110000000 1.4044899897E-5
120000000 5.09147996E-5
130000000 0.00012489599828
140000000 0.000221007024256
150000000 0.0003895419805
160000000 0.00063829708208221
180000000 0.0012332003298624
200000000 0.00173902957515
#Header 
#Target 41 88 1
#Product 35 75 0
#Datapoints 19
1000000 0
45000000 0
50000000 1.87957185E-12
55000000 2.5757103072E-9
60000000 3.1107504076E-7
65000000 4.8149204692E-6
70000000 1.937819982E-5
75000000 3.4834495556E-5
80000000 4.1399997042E-5
90000000 4.543840323E-5
100000000 0.00015279695184
110000000 0.00063465797712
120000000 0.0013929203456
130000000 0.00239471015836
140000000 0.00431925018512
150000000 0.00695219999875
160000000 0.009719736994604
180000000 0.014927000864938
200000000 0.0178585020348
#Header 
#Target 41 88 1
#Product 35 76 0
#Datapoints 21
1000000 0
35000000 0
40000000 5.471950656E-14
45000000 1.108889585E-10
50000000 1.6566205227E-8
55000000 3.3498598448E-7
60000000 1.6703495842E-6
65000000 3.3025605421E-6
70000000 3.6601507056E-6
75000000 2.8384099798E-6
80000000 2.638820056E-6
90000000 1.337800332E-5
100000000 5.575520106E-5
110000000 0.00012520000185
120000000 0.00020205195808
130000000 0.000363975012556
140000000 0.000602592971712
150000000 0.00086108996025
160000000 0.0011061800345297
180000000 0.0015794400179306
200000000 0.00176851971885
#Header 
#Target 41 88 1
#Product 35 77 0
#Datapoints 19
1000000 0
45000000 0
50000000 1.488765824E-14
55000000 2.437388744E-11
60000000 2.8895803783E-9
65000000 9.4865801974E-8
70000000 1.5860697648E-6
75000000 7.2430904962E-6
80000000 1.8125501427E-5
90000000 2.9282103378E-5
100000000 4.0299295608E-5
110000000 6.583059888E-5
120000000 0.00013842103072
130000000 0.000217986006644
140000000 0.000318409018112
150000000 0.000365664024125
160000000 0.00047797206416247
180000000 0.00052411305679984
200000000 0.000602767995462
#Header 
#Target 41 88 1
#Product 35 78 0
#Datapoints 19
1000000 0
45000000 0
50000000 2.020780229E-13
55000000 2.834052472E-10
60000000 3.4792399125E-8
65000000 6.2948800174E-7
70000000 3.2375098248E-6
75000000 7.0652902409E-6
80000000 9.5879800487E-6
90000000 9.6779193918E-6
100000000 1.4971402992E-5
110000000 3.968650557E-5
120000000 7.957339768E-5
130000000 0.000113923962596
140000000 0.000147929969988
150000000 0.000178894997
160000000 0.00021709799457458
180000000 0.00023535798698265
200000000 0.000211220005122
#Header 
#Target 41 88 1
#Product 35 79 0
#Datapoints 17
1000000 0
55000000 0
60000000 2.186114161E-15
65000000 1.540949742E-12
70000000 1.224779124E-10
75000000 2.370809647E-9
80000000 2.0834302998E-8
90000000 3.0670003716E-7
100000000 1.329159936E-6
110000000 3.0184294878E-6
120000000 4.5756698512E-6
130000000 6.27655008524E-6
140000000 7.64593006852E-6
150000000 9.7760020875E-6
160000000 1.0822503840958E-5
180000000 1.2569798020714E-5
200000000 1.18829019777E-5
#Header 
#Target 41 88 1
#Product 35 80 0
#Datapoints 17
1000000 0
55000000 0
60000000 3.721462096E-15
65000000 4.094768565E-12
70000000 3.911608272E-10
75000000 6.2961801307E-9
80000000 3.2391402794E-8
90000000 1.2638100354E-7
100000000 2.2838999664E-7
110000000 3.3123104121E-7
120000000 4.7311596864E-7
130000000 7.04924967896E-7
140000000 9.2541003116E-7
150000000 1.0951802875E-6
160000000 1.1253497014536E-6
180000000 1.2072999365407E-6
200000000 1.13472998616E-6
#Header 
#Target 41 88 1
#Product 36 72 0
#Datapoints 12
1000000 0
80000000 0
90000000 1.157905056E-15
100000000 6.535990968E-12
110000000 5.245266936E-10
120000000 3.993549616E-9
130000000 1.45440985776E-8
140000000 6.89253031198E-8
150000000 2.33344966125E-7
160000000 5.5681101770753E-7
180000000 2.3199203869335E-6
200000000 5.21225023353E-6
#Header 
#Target 41 88 1
#Product 36 73 0
#Datapoints 13
1000000 0
75000000 0
80000000 3.742482465E-13
90000000 7.550158044E-10
100000000 2.0453895072E-8
110000000 1.1656200834E-7
120000000 3.7849901488E-7
130000000 1.96604032276E-6
140000000 6.07600013172E-6
150000000 1.36203982E-5
160000000 2.77031040282E-5
180000000 7.7488313129745E-5
200000000 0.000139628996139
#Header 
#Target 41 88 1
#Product 36 74 0
#Datapoints 16
1000000 0
60000000 0
65000000 7.368066563E-13
70000000 4.085580024E-10
75000000 2.0281999207E-8
80000000 2.021359642E-7
90000000 1.1222896212E-6
100000000 2.2004898708E-6
110000000 6.6959894163E-6
120000000 3.141579672E-5
130000000 8.23654028916E-5
140000000 0.000157506957694
150000000 0.000299854039875
160000000 0.00050950200826669
180000000 0.0010410496165403
200000000 0.00150693026241
#Header 
#Target 41 88 1
#Product 36 75 0
#Datapoints 19
1000000 0
45000000 0
50000000 1.351605177E-14
55000000 3.594579784E-11
60000000 8.5833600204E-9
65000000 3.3839795929E-7
70000000 2.7719203164E-6
75000000 7.4462600704E-6
80000000 1.08698001646E-5
90000000 1.2428900286E-5
100000000 4.3354195716E-5
110000000 0.00022108304445
120000000 0.00056136596208
130000000 0.00101584027204
140000000 0.00196526041004
150000000 0.00331631007375
160000000 0.0047757110555151
180000000 0.00805084154731
200000000 0.0099161211216
#Header 
#Target 41 88 1
#Product 36 76 0
#Datapoints 22
1000000 0
30000000 0
35000000 2.979526497E-15
40000000 3.382569552E-11
45000000 1.259950096E-8
50000000 6.0432488844E-7
55000000 6.0137900464E-6
60000000 1.7077795031E-5
65000000 2.3686701044E-5
70000000 2.2026604344E-5
75000000 1.8023103373E-5
80000000 3.2250794978E-5
90000000 0.0002917289892
100000000 0.00090447395844
110000000 0.0017095901859
120000000 0.0029727396944
130000000 0.00587325966236
140000000 0.0096123185282
150000000 0.01312740195
160000000 0.017129799323942
180000000 0.023661304000035
200000000 0.0252574995792
#Header 
#Target 41 88 1
#Product 36 77 0
#Datapoints 25
1000000 0
24000000 0
26000000 7.68181882E-14
28000000 4.10003325E-12
30000000 9.592463584E-11
35000000 2.5574597526E-8
40000000 7.697340312E-7
45000000 3.9005700725E-6
50000000 7.6308605737E-6
55000000 9.5730196528E-6
60000000 7.4508304508E-6
65000000 8.530629652E-6
70000000 7.1372101536E-5
75000000 0.00034582499917
80000000 0.00079896700598
90000000 0.001410820257
100000000 0.0019974096012
110000000 0.0036123303948
120000000 0.00735606004
130000000 0.0122190014444
140000000 0.016360899521
150000000 0.02081299585
160000000 0.024813803370931
180000000 0.029436006185615
200000000 0.0288612022863
#Header 
#Target 41 88 1
#Product 36 78 0
#Datapoints 22
1000000 0
30000000 0
35000000 1.959621613E-15
40000000 1.37474064E-11
45000000 2.8565703525E-9
50000000 4.0966595852E-7
55000000 3.1330298264E-5
60000000 0.00035686305611
65000000 0.00104237002057
70000000 0.0015359194032
75000000 0.0015833399677
80000000 0.001462030021
90000000 0.0017660203704
100000000 0.0042841096584
110000000 0.0090283811661
120000000 0.013398596848
130000000 0.0168746993736
140000000 0.020882898853
150000000 0.0248451942
160000000 0.027750106532036
180000000 0.027879904502885
200000000 0.0262561979022
#Header 
#Target 41 88 1
#Product 36 79 0
#Datapoints 22
1000000 0
30000000 0
35000000 1.628645491E-11
40000000 5.9279598864E-8
45000000 5.2406805425E-6
50000000 3.3627795383E-5
55000000 5.5125296232E-5
60000000 6.0635004496E-5
65000000 4.8638003613E-5
70000000 3.7106205036E-5
75000000 4.0460594985E-5
80000000 8.3768807283E-5
90000000 0.00028579799622
100000000 0.00049294704888
110000000 0.00070070095644
120000000 0.00085081794224
130000000 0.001146580124
140000000 0.00129261997564
150000000 0.0015337103875
160000000 0.001631050349556
180000000 0.0015913899090817
200000000 0.00155544025341
#Header 
#Target 41 88 1
#Product 36 80 0
#Datapoints 20
1000000 0
40000000 0
45000000 4.66042945E-13
50000000 1.6866999188E-9
55000000 2.7950499408E-7
60000000 5.8120698988E-6
65000000 5.9370104289E-5
70000000 0.00031061395872
75000000 0.0006733660268
80000000 0.00087927198952
90000000 0.00102445991934
100000000 0.0012210402672
110000000 0.0016575100995
120000000 0.0023287301408
130000000 0.002825050644
140000000 0.00311525032728
150000000 0.0032015403575
160000000 0.0031798099175251
180000000 0.0029839901751529
200000000 0.00272544048717
#Header 
#Target 41 88 1
#Product 36 81 0
#Datapoints 20
1000000 0
40000000 0
45000000 5.04523345E-11
50000000 3.6173294105E-8
55000000 1.7004596536E-6
60000000 9.4080507389E-6
65000000 2.4348598363E-5
70000000 4.3160597292E-5
75000000 5.3346697035E-5
80000000 5.1424496101E-5
90000000 5.0017804122E-5
100000000 7.2455803836E-5
110000000 0.00011728801518
120000000 0.00016636103568
130000000 0.000195530964664
140000000 0.00019910796791
150000000 0.000202293015375
160000000 0.00019039598041164
180000000 0.00017692301013937
200000000 0.000168275977233
#Header 
#Target 41 88 1
#Product 36 82 0
#Datapoints 18
1000000 0
50000000 0
55000000 2.058852056E-13
60000000 3.286509853E-10
65000000 2.5849396051E-8
70000000 3.1237604832E-7
75000000 1.3106602478E-6
80000000 4.1273996964E-6
90000000 1.3602296862E-5
100000000 2.4589699212E-5
110000000 3.3496400451E-5
120000000 3.7314998672E-5
130000000 3.87095968408E-5
140000000 3.72514948626E-5
150000000 4.0936497175E-5
160000000 3.7479204827543E-5
180000000 3.8677006215505E-5
200000000 3.50529978834E-5
#Header 
#Target 41 88 1
#Product 37 74 0
#Datapoints 11
1000000 0
90000000 0
100000000 7.385926704E-12
110000000 1.3143098307E-9
120000000 2.2877696352E-8
130000000 1.01823040624E-7
140000000 2.44041048434E-7
150000000 5.6399698325E-7
160000000 1.0841301109172E-6
180000000 2.7165399265292E-6
200000000 4.42748990454E-6
#Header 
#Target 41 88 1
#Product 37 75 0
#Datapoints 13
1000000 0
75000000 0
80000000 1.700478554E-13
90000000 1.667210292E-9
100000000 7.6569397476E-8
110000000 7.3870095342E-7
120000000 2.1736998304E-6
130000000 4.29437024688E-6
140000000 9.08604013244E-6
150000000 1.701520255E-5
160000000 2.6098504253678E-5
180000000 4.8703904586021E-5
200000000 6.40092011355E-5
#Header 
#Target 41 88 1
#Product 37 76 0
#Datapoints 16
1000000 0
60000000 0
65000000 1.884441508E-14
70000000 2.201101308E-11
75000000 2.1346600714E-9
80000000 5.3270396132E-8
90000000 2.7432598776E-6
100000000 1.6579004208E-5
110000000 4.1001307626E-5
120000000 7.371580216E-5
130000000 0.000156933963184
140000000 0.000302518027174
150000000 0.000449071987375
160000000 0.00062840910300378
180000000 0.0009709507584493
200000000 0.001108940181
#Header 
#Target 41 88 1
#Product 37 77 0
#Datapoints 18
1000000 0
50000000 0
55000000 5.22579292E-12
60000000 2.5570602706E-9
65000000 1.11253003085E-7
70000000 2.9589105432E-6
75000000 3.0583604016E-5
80000000 0.00010172699786
90000000 0.00020303003226
100000000 0.00028077395736
110000000 0.00054762000915
120000000 0.0012589195248
130000000 0.00216090029024
140000000 0.00285405014488
150000000 0.00380633983
160000000 0.0046031103201221
180000000 0.0057471803403204
200000000 0.00552345031281
#Header 
#Target 41 88 1
#Product 37 78 0
#Datapoints 21
1000000 0
35000000 0
40000000 1.374831024E-15
45000000 7.517001075E-12
50000000 1.3058395701E-9
55000000 1.3213595576E-7
60000000 5.0450199833E-6
65000000 3.437469797E-5
70000000 8.5972201668E-5
75000000 0.000107114001692
80000000 0.000102068000718
90000000 0.000105314999922
100000000 0.0002467309572
110000000 0.00061400999202
120000000 0.0010133598384
130000000 0.00132219975556
140000000 0.0017103596258
150000000 0.00211639032
160000000 0.0024478607198817
180000000 0.0026440804385792
200000000 0.00262741993077
#Header 
#Target 41 88 1
#Product 37 79 0
#Datapoints 22
1000000 0
30000000 0
35000000 3.910528536E-11
40000000 3.6045500736E-7
45000000 5.49150938E-5
50000000 0.00057303404613
55000000 0.0014329804808
60000000 0.0017658103386
65000000 0.0014264999227
70000000 0.00104224001856
75000000 0.00102339993144
80000000 0.0018985001165
90000000 0.0066069493182
100000000 0.012247099644
110000000 0.016633801155
120000000 0.020742301552
130000000 0.0267604019564
140000000 0.0325423968714
150000000 0.0355045963625
160000000 0.036065807057307
180000000 0.03434160466384
200000000 0.0316016058276
#Header 
#Target 41 88 1
#Product 37 80 0
#Datapoints 27
1000000 0
20000000 0
22000000 1.237694749E-15
24000000 9.426828172E-13
26000000 1.696434467E-10
28000000 9.1876197934E-9
30000000 2.0004998363E-7
35000000 2.9183792893E-5
40000000 0.00029164502256
45000000 0.00072245996625
50000000 0.00083773897831
55000000 0.00059182507472
60000000 0.0003954269495
65000000 0.00047680199534
70000000 0.0015929601348
75000000 0.0044501001642
80000000 0.0078998602636
90000000 0.010967598114
100000000 0.012878599032
110000000 0.015963202782
120000000 0.020830498416
130000000 0.0259227014656
140000000 0.0281182034788
150000000 0.028679304575
160000000 0.027354906567793
180000000 0.0250965031535
200000000 0.0228052971999
#Header 
#Target 41 88 1
#Product 37 81 0
#Datapoints 22
1000000 0
30000000 0
35000000 1.1117889334E-12
40000000 9.0606305904E-9
45000000 1.2202300265E-6
50000000 3.3407094045E-5
55000000 0.00046202101568
60000000 0.0014507996899
65000000 0.0020459000443
70000000 0.0021325401084
75000000 0.0019359901364
80000000 0.0018099999029
90000000 0.0020705395458
100000000 0.0031310199336
110000000 0.0044767901226
120000000 0.005525890384
130000000 0.00601053939072
140000000 0.00604936989682
150000000 0.006037419435
160000000 0.0059371703652076
180000000 0.0055638104409217
200000000 0.00537248954358
#Header 
#Target 41 88 1
#Product 37 82 0
#Datapoints 23
1000000 0
28000000 0
30000000 1.306154715E-16
35000000 1.38771683E-10
40000000 2.8438796208E-7
45000000 1.640529905E-5
50000000 0.000107904002401
55000000 0.00022490402248
60000000 0.00025576099164
65000000 0.00020336003905
70000000 0.00016105199112
75000000 0.00015007394481
80000000 0.00017472299858
90000000 0.0003535799586
100000000 0.00060931804908
110000000 0.00081462298623
120000000 0.00088304000064
130000000 0.00094384200048
140000000 0.000909376929028
150000000 0.000919730019
160000000 0.00087337717436145
180000000 0.0008440491304461
200000000 0.000819949011909
#Header 
#Target 41 88 1
#Product 37 83 0
#Datapoints 20
1000000 0
40000000 0
45000000 6.7993747E-11
50000000 5.3908306933E-8
55000000 1.41593004E-6
60000000 9.7374205841E-6
65000000 4.4903498E-5
70000000 0.00012107296884
75000000 0.00023996397045
80000000 0.00036235705862
90000000 0.00052123198512
100000000 0.000607269039
110000000 0.0006368580102
120000000 0.00061061196896
130000000 0.00059402801984
140000000 0.000563533051852
150000000 0.0005549230135
160000000 0.0005277160385012
180000000 0.00050846800519532
200000000 0.000475211018796
#Header 
#Target 41 88 1
#Product 37 84 0
#Datapoints 21
1000000 0
35000000 0
40000000 2.815151712E-15
45000000 3.148152275E-10
50000000 1.2911103231E-7
55000000 2.8944400112E-6
60000000 1.3778204088E-5
65000000 2.7309300742E-5
70000000 3.7415101188E-5
75000000 3.923139903E-5
80000000 3.9067205762E-5
90000000 3.6916700964E-5
100000000 3.6142503852E-5
110000000 3.3703603863E-5
120000000 3.2324100816E-5
130000000 3.08632017252E-5
140000000 3.00370985504E-5
150000000 2.96492959875E-5
160000000 2.8137802522275E-5
180000000 2.6671599247914E-5
200000000 2.50379002995E-5
#Header 
#Target 41 88 1
#Product 38 76 0
#Datapoints 14
1000000 0
70000000 0
75000000 2.155492405E-15
80000000 1.0229296433E-12
90000000 4.3903398E-10
100000000 4.8012902964E-9
110000000 1.2280898943E-8
120000000 3.2324001136E-8
130000000 1.14363962352E-7
140000000 2.65755043144E-7
150000000 4.96245956375E-7
160000000 7.8910213298195E-7
180000000 1.3992200555175E-6
200000000 1.67435048052E-6
#Header 
#Target 41 88 1
#Product 38 77 0
#Datapoints 16
1000000 0
60000000 0
65000000 2.176878773E-13
70000000 4.040547564E-10
75000000 1.8498406056E-8
80000000 1.5864803892E-7
90000000 6.9218004768E-7
100000000 1.175499858E-6
110000000 2.7199004484E-6
120000000 8.4658004704E-6
130000000 1.79989031492E-5
140000000 2.7869696257E-5
150000000 4.09323052875E-5
160000000 5.5257911236811E-5
180000000 7.9600210985455E-5
200000000 8.48321996424E-5
#Header 
#Target 41 88 1
#Product 38 78 0
#Datapoints 19
1000000 0
45000000 0
50000000 6.542034408E-13
55000000 2.8402597584E-9
60000000 4.3925904187E-7
65000000 5.1736603717E-6
70000000 1.3223294652E-5
75000000 1.5919601266E-5
80000000 1.4169594796E-5
90000000 1.6575399258E-5
100000000 5.338029762E-5
110000000 0.00015368099337
120000000 0.0002566879616
130000000 0.0003562179762
140000000 0.000479904025236
150000000 0.0006154020145
160000000 0.00072103604878313
180000000 0.00080252309919401
200000000 0.000801212005551
#Header 
#Target 41 88 1
#Product 38 79 0
#Datapoints 21
1000000 0
35000000 0
40000000 1.341027408E-10
45000000 1.142589966E-7
50000000 7.0606800537E-6
55000000 4.3730896096E-5
60000000 0.000105705000016
65000000 0.000113981002318
70000000 8.5172595852E-5
75000000 7.0370396138E-5
80000000 0.000106285001211
90000000 0.00045998400162
100000000 0.0011090397708
110000000 0.0017028600495
120000000 0.0022128700832
130000000 0.0029629403698
140000000 0.0037041297129
150000000 0.00431389981375
160000000 0.0046131809519011
180000000 0.0045529404289726
200000000 0.00438862026921
#Header 
#Target 41 88 1
#Product 38 80 0
#Datapoints 27
1000000 0
20000000 0
22000000 7.850171047E-14
24000000 3.5225986E-11
26000000 2.3297596712E-9
28000000 5.303649764E-8
30000000 6.5687605347E-7
35000000 5.5638196906E-5
40000000 0.0003468079272
45000000 0.00057568905275
50000000 0.00049894006201
55000000 0.00029615896712
60000000 0.00022945503966
65000000 0.00051626991197
70000000 0.0022501999512
75000000 0.0054303504117
80000000 0.0080724805928
90000000 0.0095668398144
100000000 0.011004304584
110000000 0.014203797969
120000000 0.019294000992
130000000 0.023506505516
140000000 0.0257883966282
150000000 0.0254793047125
160000000 0.024888600445145
180000000 0.023339100810284
200000000 0.0216273977886
#Header 
#Target 41 88 1
#Product 38 81 0
#Datapoints 37
1000000 0
10000000 0
11000000 3.065955387E-15
12000000 3.2190219248E-13
13000000 1.116084005949E-11
14000000 1.8110078844E-10
15000000 1.722569576E-9
16000000 1.107720408E-8
17000000 5.3634101901E-8
18000000 2.1318001035E-7
19000000 7.2479499495E-7
20000000 2.1652194942E-6
22000000 1.3182604848E-5
24000000 4.887460524E-5
26000000 0.000113009001846
28000000 0.00018235196488
30000000 0.00024513397045
35000000 0.00040161401732
40000000 0.00031859598192
45000000 0.00016489703975
50000000 0.00021776898104
55000000 0.0021393998032
60000000 0.0092930691579
65000000 0.017994600503
70000000 0.023038295172
75000000 0.02223960255
80000000 0.019977004426
90000000 0.020310899598
100000000 0.028462802784
110000000 0.040552302357
120000000 0.049615401024
130000000 0.0513780021684
140000000 0.0511011002962
150000000 0.0489375992125
160000000 0.047530600673182
180000000 0.043177004734829
200000000 0.0406983994548
#Header 
#Target 41 88 1
#Product 38 82 0
#Datapoints 27
1000000 0
20000000 0
22000000 2.629553373E-13
24000000 4.36341862E-11
26000000 1.693500536E-9
28000000 2.4842202876E-8
30000000 1.851609494E-7
35000000 2.6823503652E-5
40000000 0.0027064107216
45000000 0.019732797475
50000000 0.0373803053
55000000 0.041398999376
60000000 0.036189099507
65000000 0.028262694446
70000000 0.02418710148
75000000 0.026380198608
80000000 0.03554749686
90000000 0.059190204018
100000000 0.077563696236
110000000 0.084429000633
120000000 0.082793001872
130000000 0.0786671956556
140000000 0.0743105006414
150000000 0.070727399475
160000000 0.06738811321418
180000000 0.062603110907793
200000000 0.0589020996576
#Header 
#Target 41 88 1
#Product 38 83 0
#Datapoints 31
1000000 0
16000000 0
17000000 4.206553989E-15
18000000 1.250979645E-12
19000000 1.1288800575E-10
20000000 3.7716094926E-9
22000000 8.0112805388E-7
24000000 3.380359724E-5
26000000 0.00047137195898
28000000 0.0028510501176
30000000 0.0088527402811
35000000 0.024201006298
40000000 0.025324705872
45000000 0.021351595625
50000000 0.014416097462
55000000 0.0102196993552
60000000 0.0118100004847
65000000 0.023659003889
70000000 0.042186200952
75000000 0.055077994329
80000000 0.062083097723
90000000 0.064371902298
100000000 0.06275939982
110000000 0.058255098648
120000000 0.053987993808
130000000 0.0503006039656
140000000 0.0475862936334
150000000 0.045510101925
160000000 0.043418105586756
180000000 0.040548302113617
200000000 0.0382087023366
#Header 
#Target 41 88 1
#Product 38 84 0
#Datapoints 24
1000000 0
26000000 0
28000000 9.22174263E-14
30000000 6.87436867E-11
35000000 1.3204602344E-6
40000000 0.00015206694816
45000000 0.0015866204425
50000000 0.0096855005806
55000000 0.027583206384
60000000 0.040187700696
65000000 0.042996604743
70000000 0.041967992448
75000000 0.0391952978
80000000 0.037275100894
90000000 0.034714602912
100000000 0.032158201452
110000000 0.029811202368
120000000 0.027818704368
130000000 0.0262704000064
140000000 0.0249344034774
150000000 0.023778297325
160000000 0.022650204199616
180000000 0.020902402160538
200000000 0.0194172004086
#Header 
#Target 41 88 1
#Product 38 85 0
#Datapoints 25
1000000 0
24000000 0
26000000 1.887178085E-12
28000000 3.4438399112E-9
30000000 4.8678797758E-7
35000000 0.00030112999966
40000000 0.002802749736
45000000 0.004851510595
50000000 0.0053247502191
55000000 0.0050526196728
60000000 0.0043667006614
65000000 0.0037995404147
70000000 0.003447479868
75000000 0.0032209596625
80000000 0.0030718205358
90000000 0.0028259802912
100000000 0.002601899976
110000000 0.0023761396746
120000000 0.002208450272
130000000 0.00207473033136
140000000 0.00195950005434
150000000 0.00182458953
160000000 0.0017017305046989
180000000 0.0015366005103504
200000000 0.00138430004262
#Header 
#Target 41 88 1
#Product 39 78 0
#Datapoints 13
1000000 0
75000000 0
80000000 1.193610056E-14
90000000 1.68384216E-10
100000000 5.3004401892E-9
110000000 3.4305097065E-8
120000000 8.6980698224E-8
130000000 1.42203013788E-7
140000000 2.05448010448E-7
150000000 2.87186969625E-7
160000000 3.6954999976878E-7
180000000 4.8836801667002E-7
200000000 5.53422971523E-7
#Header 
#Target 41 88 1
#Product 39 79 0
#Datapoints 16
1000000 0
60000000 0
65000000 2.25199628E-13
70000000 4.093583232E-10
75000000 1.7349696605E-8
80000000 1.34448998E-7
90000000 1.671610314E-6
100000000 4.9235097132E-6
110000000 7.8116399694E-6
120000000 1.0493702352E-5
130000000 1.5336401182E-5
140000000 2.05487021364E-5
150000000 2.3975003775E-5
160000000 2.6062104379778E-5
180000000 2.6120806881083E-5
200000000 2.41768970946E-5
#Header 
#Target 41 88 1
#Product 39 80 0
#Datapoints 18
1000000 0
50000000 0
55000000 1.382456256E-11
60000000 8.6032792802E-9
65000000 2.3891095463E-7
70000000 2.3745898692E-6
75000000 1.3991195783E-5
80000000 3.836710157E-5
90000000 6.8158201914E-5
100000000 8.5013401044E-5
110000000 0.00010859702847
120000000 0.00016106703088
130000000 0.000213444947176
140000000 0.00024797298364
150000000 0.000259878951625
160000000 0.00025142503565549
180000000 0.00023830202964966
200000000 0.000218675981805
#Header 
#Target 41 88 1
#Product 39 81 0
#Datapoints 21
1000000 0
35000000 0
40000000 2.644003152E-12
45000000 1.9453000175E-8
50000000 1.11453001348E-6
55000000 2.3028297664E-5
60000000 0.00028168603188
65000000 0.0008437529576
70000000 0.00111192997032
75000000 0.00096618706428
80000000 0.00082754303214
90000000 0.00085115101368
100000000 0.00129562992
110000000 0.0019967898906
120000000 0.0023340600304
130000000 0.00246650998524
140000000 0.0024082898954
150000000 0.00229756029125
160000000 0.0022186404473023
180000000 0.0020277600857587
200000000 0.00190619964966
#Header 
#Target 41 88 1
#Product 39 82 0
#Datapoints 24
1000000 0
26000000 0
28000000 9.598308228E-13
30000000 2.007859899E-10
35000000 1.9591897806E-7
40000000 9.8312006736E-6
45000000 0.00076839696175
50000000 0.0048706596523
55000000 0.0088763901568
60000000 0.0085398503949
65000000 0.0064154702548
70000000 0.0050549691696
75000000 0.0047930494005
80000000 0.0058439500973
90000000 0.010418999283
100000000 0.01475529744
110000000 0.016581500943
120000000 0.01624390264
130000000 0.0154022985016
140000000 0.0144487977296
150000000 0.0136325007375
160000000 0.012993504319966
180000000 0.011985701632629
200000000 0.0113473981323
#Header 
#Target 41 88 1
#Product 39 83 0
#Datapoints 29
1000000 0
18000000 0
19000000 1.1088794925E-15
20000000 1.429881066E-13
22000000 9.389135588E-10
24000000 4.6158505184E-7
26000000 2.5806006109E-5
28000000 0.00039066404606
30000000 0.0023164099821
35000000 0.016137693851
40000000 0.027787605312
45000000 0.022932193325
50000000 0.013312103545
55000000 0.0090846894432
60000000 0.0088257802204
65000000 0.014399098149
70000000 0.026801498136
75000000 0.038324398065
80000000 0.044647906411
90000000 0.046872003552
100000000 0.045805200168
110000000 0.042538997043
120000000 0.03935979432
130000000 0.0370356035456
140000000 0.0349796951302
150000000 0.0333785997125
160000000 0.03216750189553
180000000 0.030141706911842
200000000 0.0284705047842
#Header 
#Target 41 88 1
#Product 39 84 0
#Datapoints 38
1000000 0
9000000 0
10000000 1.1181441056E-13
11000000 1.0600132851E-10
12000000 1.19210958416E-8
13000000 3.835940040141E-7
14000000 5.56202990772E-6
15000000 4.527530436E-5
16000000 0.0002371849554
17000000 0.00088566207246
18000000 0.0024975303495
19000000 0.005537380394
20000000 0.0097929896292
22000000 0.018080595691
24000000 0.024676804392
26000000 0.030176902847
28000000 0.033140399736
30000000 0.031429700805
35000000 0.017199702394
40000000 0.0096386608032
45000000 0.007880299825
50000000 0.016636003618
55000000 0.05310990008
60000000 0.097311500616
65000000 0.116198997547
70000000 0.112483001148
75000000 0.102467003835
80000000 0.09513250463
90000000 0.08528130171
100000000 0.076458993
110000000 0.069386707566
120000000 0.063973397936
130000000 0.059738398332
140000000 0.0561396003126
150000000 0.0531950050625
160000000 0.05076830412348
180000000 0.046631909577889
200000000 0.043385799354
#Header 
#Target 41 88 1
#Product 39 85 0
#Datapoints 29
1000000 0
18000000 0
19000000 3.339245E-16
20000000 1.918690362E-13
22000000 6.560054475E-10
24000000 1.2769797324E-7
26000000 4.8748901994E-6
28000000 5.9404707274E-5
30000000 0.00028367504459
35000000 0.0035266295324
40000000 0.020988598032
45000000 0.0358254051
50000000 0.036793296709
55000000 0.032640895504
60000000 0.029657999294
65000000 0.028278901104
70000000 0.027557397672
75000000 0.026854403542
80000000 0.026280399011
90000000 0.02507270238
100000000 0.023504896584
110000000 0.021939398811
120000000 0.02057400184
130000000 0.0193325980328
140000000 0.0182001008642
150000000 0.0172076035625
160000000 0.016319902129667
180000000 0.014760006809816
200000000 0.0135210030771
#Header 
#Target 41 88 1
#Product 39 86 0
#Datapoints 32
1000000 0
15000000 0
16000000 1.539553932E-15
17000000 7.082408452E-12
18000000 2.874469895E-9
19000000 2.3023698685E-7
20000000 5.7648703176E-6
22000000 0.00037626096208
24000000 0.003961959654
26000000 0.014982899763
28000000 0.030643703242
30000000 0.044816108581
35000000 0.059779196475
40000000 0.052173595872
45000000 0.036939796975
50000000 0.028497395017
55000000 0.025364799632
60000000 0.023657295277
65000000 0.022577497612
70000000 0.021540899568
75000000 0.020669199045
80000000 0.019788993722
90000000 0.018188701212
100000000 0.016538899884
110000000 0.015015898377
120000000 0.013684399344
130000000 0.0125718028484
140000000 0.0116101962918
150000000 0.0107608023125
160000000 0.010015705302615
180000000 0.0088244700813098
200000000 0.00787501992183
#Header 
#Target 41 88 1
#Product 40 80 0
#Datapoints 16
1000000 0
60000000 0
65000000 2.548585178E-13
70000000 3.502579764E-10
75000000 9.7423695955E-9
80000000 4.259300678E-8
90000000 9.8186996556E-8
100000000 1.3500304896E-7
110000000 2.0764702623E-7
120000000 3.8571096256E-7
130000000 6.06326995468E-7
140000000 7.81741955702E-7
150000000 8.64008006E-7
160000000 8.8163611908334E-7
180000000 8.9792599534928E-7
200000000 8.8448900883E-7
#Header 
#Target 41 88 1
#Product 40 81 0
#Datapoints 18
1000000 0
50000000 0
55000000 1.60013996E-10
60000000 9.5803694976E-8
65000000 1.1802704506E-6
70000000 3.1179898704E-6
75000000 3.7836001613E-6
80000000 3.4579695308E-6
90000000 3.4868603682E-6
100000000 5.7598703916E-6
110000000 1.1462296677E-5
120000000 1.6485497056E-5
130000000 1.9723397194E-5
140000000 2.09928020198E-5
150000000 2.06606969125E-5
160000000 2.0784803995251E-5
180000000 2.0169905095371E-5
200000000 1.93123991739E-5
#Header 
#Target 41 88 1
#Product 40 82 0
#Datapoints 21
1000000 0
35000000 0
40000000 2.7861307008E-9
45000000 3.735349945E-6
50000000 5.0429306265E-5
55000000 9.3565399272E-5
60000000 8.7299702369E-5
65000000 6.2158496257E-5
70000000 4.9121903244E-5
75000000 4.9010000001E-5
80000000 6.6783098515E-5
90000000 0.00015255306594
100000000 0.00024337701492
110000000 0.00029532203361
120000000 0.00030830804704
130000000 0.000303928976092
140000000 0.000299245049756
150000000 0.000291372990375
160000000 0.00028271800724732
180000000 0.00027250299910607
200000000 0.000265099953855
#Header 
#Target 41 88 1
#Product 40 83 0
#Datapoints 25
1000000 0
24000000 0
26000000 7.851605788E-12
28000000 7.1079902074E-9
30000000 2.4098603178E-7
35000000 9.349600691E-5
40000000 0.00060239399472
45000000 0.00096526899975
50000000 0.0005952439766
55000000 0.000355094016
60000000 0.0002900629699
65000000 0.00036974302366
70000000 0.00072402001392
75000000 0.0012863603854
80000000 0.0017644302082
90000000 0.0021610702674
100000000 0.0023014697784
110000000 0.0022409203911
120000000 0.0021349193264
130000000 0.00205069017584
140000000 0.00196975050882
150000000 0.0019015404725
160000000 0.0018498499915689
180000000 0.0017643903544627
200000000 0.00169670974488
#Header 
#Target 41 88 1
#Product 40 84 0
#Datapoints 37
1000000 0
10000000 0
11000000 1.9897137117E-14
12000000 1.6530603056E-10
13000000 3.8569000957443E-8
14000000 3.281490333E-7
15000000 2.133820078E-6
16000000 1.4282705108E-5
17000000 7.4973801694E-5
18000000 0.00030442800425
19000000 0.00088695198995
20000000 0.002040299586
22000000 0.0055228704515
24000000 0.0085228995536
26000000 0.0104692006016
28000000 0.0116667004712
30000000 0.0114684992942
35000000 0.0059712002313
40000000 0.0033533393664
45000000 0.002681170225
50000000 0.0043607003895
55000000 0.013234196712
60000000 0.025985105245
65000000 0.032258494196
70000000 0.032100498264
75000000 0.029867000259
80000000 0.028496295036
90000000 0.02633090427
100000000 0.024184903704
110000000 0.022354203084
120000000 0.020927696384
130000000 0.0197938010652
140000000 0.0188008977964
150000000 0.0179386952375
160000000 0.01731850000356
180000000 0.016130402572171
200000000 0.0151449978642
#Header 
#Target 41 88 1
#Product 40 85 0
#Datapoints 46
1000000 0
1000000 0
2000000 2.2716398936E-13
3000000 2.0559600364E-9
4000000 3.4698786315E-7
5000000 1.21967998449E-5
6000000 0.00011471600248812
7000000 0.00072583000484
8000000 0.0028705498029
9000000 0.00322018000998
10000000 0.003150959712
11000000 0.0032873797473
12000000 0.00378113035168
13000000 0.0046792704082575
14000000 0.00607355015916
15000000 0.0080339102688
16000000 0.0104937008944
17000000 0.013161605693
18000000 0.01579180388
19000000 0.0179057996
20000000 0.017649102078
22000000 0.0120691997625
24000000 0.0085367204664
26000000 0.0064997799334
28000000 0.0052418907394
30000000 0.0044882893133
35000000 0.0055296698121
40000000 0.035347297248
45000000 0.101091001175
50000000 0.15045394858
55000000 0.1488229984
60000000 0.12592805313
65000000 0.109501990122
70000000 0.100642001208
75000000 0.09467870102
80000000 0.090266004529
90000000 0.082322507454
100000000 0.075002600868
110000000 0.068780404212
120000000 0.0636387024
130000000 0.059313599634
140000000 0.0556559994746
150000000 0.0524701018625
160000000 0.049589004208926
180000000 0.044929303013485
200000000 0.0411217049619
#Header 
#Target 41 88 1
#Product 40 86 0
#Datapoints 38
1000000 0
9000000 0
10000000 6.5172283072E-14
11000000 3.7681876122E-12
12000000 6.5496673968E-11
13000000 5.780533101849E-10
14000000 3.13208971812E-9
15000000 1.2295903932E-8
16000000 5.282799742E-8
17000000 5.216039896E-7
18000000 8.654049725E-6
19000000 0.0001673590035
20000000 0.0016248401532
22000000 0.023731602271
24000000 0.0995824963
26000000 0.23152805312
28000000 0.38035597974
30000000 0.50001804407
35000000 0.603902003
40000000 0.51593498448
45000000 0.3953359735
50000000 0.33222497477
55000000 0.30123196624
60000000 0.28102105647
65000000 0.2649600407
70000000 0.25120593816
75000000 0.24016903449
80000000 0.22920997249
90000000 0.208646031
100000000 0.18746895336
110000000 0.16877498538
120000000 0.153253016
130000000 0.140129022492
140000000 0.128972010016
150000000 0.119403975625
160000000 0.11122700134322
180000000 0.09781010060338
200000000 0.0873051014046
#Header 
#Target 41 88 1
#Product 40 87 0
#Datapoints 42
1000000 0
5000000 0
6000000 9.08944294752E-13
7000000 4.2361790542E-6
8000000 0.00372530000349
9000000 0.0552519978188
10000000 0.183428970592
11000000 0.334881989112
12000000 0.472875006032
13000000 0.58786801549839
14000000 0.674592023424
15000000 0.72830906304
16000000 0.75043589736
17000000 0.75172802352
18000000 0.74415394685
19000000 0.73455396755
20000000 0.7248209859
22000000 0.70040391084
24000000 0.653520951
26000000 0.577235048
28000000 0.47762196838
30000000 0.38259304091
35000000 0.25195495504
40000000 0.2105669592
45000000 0.18703701275
50000000 0.16775400512
55000000 0.15192700904
60000000 0.13796901646
65000000 0.12633501546
70000000 0.1158769956
75000000 0.108087999297
80000000 0.099815107317
90000000 0.085860501672
100000000 0.073739309436
110000000 0.063996504228
120000000 0.056362999392
130000000 0.0503442031416
140000000 0.0454943957188
150000000 0.0415225003375
160000000 0.038163102458318
180000000 0.032862401182347
200000000 0.0289135984368
#Header 
#Target 41 88 1
#Product 41 83 0
#Datapoints 18
1000000 0
50000000 0
55000000 3.250264008E-11
60000000 2.6783999814E-8
65000000 2.1984802017E-7
70000000 9.8686508436E-7
75000000 3.0617204189E-6
80000000 5.2890194732E-6
90000000 7.4430901248E-6
100000000 8.3766101172E-6
110000000 8.4003709821E-6
120000000 8.0286398752E-6
130000000 7.8180898658E-6
140000000 7.56972041848E-6
150000000 7.31286981E-6
160000000 7.1304114314653E-6
180000000 6.8276005234203E-6
200000000 6.5442300621E-6
#Header 
#Target 41 88 1
#Product 41 84 0
#Datapoints 20
1000000 0
40000000 0
45000000 2.53512031E-9
50000000 6.107090613E-7
55000000 4.2600001512E-6
60000000 2.8008701864E-5
65000000 7.3934303356E-5
70000000 9.5316408288E-5
75000000 9.3166896941E-5
80000000 9.0809892637E-5
90000000 8.6768799612E-5
100000000 8.0975699376E-5
110000000 7.5016796853E-5
120000000 7.0388802736E-5
130000000 6.63983973048E-5
140000000 6.31270991444E-5
150000000 6.05397975625E-5
160000000 5.8297207374451E-5
180000000 5.4290303246941E-5
200000000 5.11059008775E-5
#Header 
#Target 41 88 1
#Product 41 85 0
#Datapoints 24
1000000 0
26000000 0
28000000 1.79396979E-14
30000000 4.033130001E-9
35000000 1.13404989362E-5
40000000 0.000115598992608
45000000 0.0011171300405
50000000 0.0023803799903
55000000 0.00226738038
60000000 0.0018318698431
65000000 0.0015971402717
70000000 0.0014746498872
75000000 0.0013842603573
80000000 0.0013137803792
90000000 0.0011910902586
100000000 0.00107328975
110000000 0.00098184200973
120000000 0.0009000909624
130000000 0.000837728057992
140000000 0.000785437038918
150000000 0.000739208986
160000000 0.0006975970499828
180000000 0.00063286809470006
200000000 0.000575866033989
#Header 
#Target 41 88 1
#Product 41 86 0
#Datapoints 31
1000000 0
16000000 0
17000000 5.290574005E-14
18000000 4.045246735E-11
19000000 4.3026497605E-9
20000000 1.625829444E-7
22000000 1.09075990811E-5
24000000 8.7700590944E-5
26000000 0.00031735506062
28000000 0.0026800805018
30000000 0.0087752395609
35000000 0.034521696602
40000000 0.04143079896
45000000 0.028796102375
50000000 0.022080103214
55000000 0.019460798208
60000000 0.017864004543
65000000 0.016636205003
70000000 0.015593697252
75000000 0.014704596829
80000000 0.013923297661
90000000 0.012535802532
100000000 0.011163498996
110000000 0.0099905899086
120000000 0.0090455702512
130000000 0.00823665955148
140000000 0.00757437002002
150000000 0.00701670964625
160000000 0.0065179807531075
180000000 0.0057420106520732
200000000 0.00512644025829
#Header 
#Target 41 88 1
#Product 41 87 0
#Datapoints 38
1000000 0
9000000 0
10000000 1.291874448E-11
11000000 1.10341984929E-8
12000000 6.2704702632E-6
13000000 0.0027113302067973
14000000 0.0133622030784
15000000 0.025626195764
16000000 0.03900140306
17000000 0.052518001397
18000000 0.064419899915
19000000 0.07331159979
20000000 0.079267198176
22000000 0.083937693551
24000000 0.079976000688
26000000 0.070202008682
28000000 0.05945959331
30000000 0.051174493882
35000000 0.042367505995
40000000 0.038608700592
45000000 0.035471102925
50000000 0.032575297612
55000000 0.030364004552
60000000 0.027739399424
65000000 0.026196404356
70000000 0.024155999676
75000000 0.023163001848
80000000 0.021492095888
90000000 0.018993001566
100000000 0.016655502396
110000000 0.014724598833
120000000 0.013189199072
130000000 0.0119263004292
140000000 0.0108922993514
150000000 0.0100225002125
160000000 0.009266091899499
180000000 0.0080845511594085
200000000 0.00714694927956
#Header 
#Target 41 88 1
#Product 41 88 0
#Datapoints 46
1000000 0
1000000 3.7850204626E-17
2000000 1.626469768E-8
3000000 1.8223601408E-5
4000000 0.0004664800199
5000000 0.0044011589437
6000000 0.014015798596422
7000000 0.02513910843
8000000 0.0357104997522
9000000 0.073124521646
10000000 0.106554985984
11000000 0.1133200299
12000000 0.103736963792
13000000 0.085882115200761
14000000 0.0660788005944
15000000 0.049076402024
16000000 0.036719397384
17000000 0.02864409771
18000000 0.02366499855
19000000 0.0206369995
20000000 0.01878970455
22000000 0.016340003118
24000000 0.015114698952
26000000 0.014324403717
28000000 0.01339479414
30000000 0.0124367999968
35000000 0.0103053004216
40000000 0.0085978503072
45000000 0.006956739685
50000000 0.0060833901427
55000000 0.0052905199256
60000000 0.004539870291
65000000 0.0039854900574
70000000 0.0034681002372
75000000 0.0031192198325
80000000 0.0027340905226
90000000 0.0021619900764
100000000 0.0017108701116
110000000 0.001387239684
120000000 0.0011472799184
130000000 0.000969649975504
140000000 0.00083425804726
150000000 0.00073605097125
160000000 0.00064929609731168
180000000 0.0005029800420652
200000000 0.000431103019134
#Header 
#Target 41 88 1
#Product 42 85 0
#Datapoints 20
1000000 0
40000000 0
45000000 1.50125987E-9
50000000 7.9690798148E-7
55000000 2.8466899584E-6
60000000 3.2949501563E-6
65000000 2.8504994568E-6
70000000 2.5586302104E-6
75000000 2.3718802352E-6
80000000 2.2124197391E-6
90000000 1.9233701058E-6
100000000 1.6411897632E-6
110000000 1.4218799121E-6
120000000 1.239879648E-6
130000000 1.09731012244E-6
140000000 9.8505733738E-7
150000000 8.91001017375E-7
160000000 8.1244107879556E-7
180000000 6.8667204439524E-7
200000000 5.94664057518E-7
#Header 
#Target 41 88 1
#Product 42 86 0
#Datapoints 23
1000000 0
28000000 0
30000000 6.1338404211E-7
35000000 9.4341995197E-5
40000000 0.00020487496224
45000000 0.00015496505
50000000 0.000112584005131
55000000 9.594219716E-5
60000000 8.5493407857E-5
65000000 7.6623303113E-5
70000000 6.8891695188E-5
75000000 6.2078203898E-5
80000000 5.6399197963E-5
90000000 4.7026004322E-5
100000000 3.946210086E-5
110000000 3.3386296887E-5
120000000 2.8710202416E-5
130000000 2.50645992976E-5
140000000 2.20283016246E-5
150000000 1.9598597525E-5
160000000 1.7639406891843E-5
180000000 1.4608798897226E-5
200000000 1.24486999998E-5
#Header 
#Target 41 88 1
#Product 42 87 0
#Datapoints 29
1000000 0
18000000 0
19000000 0.0009155560557
20000000 0.002723289822
22000000 0.0034111196491
24000000 0.004553159866
26000000 0.006799899483
28000000 0.0074017798848
30000000 0.0057811104873
35000000 0.0031899199248
40000000 0.0025686203136
45000000 0.00223933023
50000000 0.0019495601346
55000000 0.0017071397128
60000000 0.0014986104738
65000000 0.0013239604681
70000000 0.0011739495276
75000000 0.00106001993272
80000000 0.00094656897136
90000000 0.0007634689029
100000000 0.00061526095176
110000000 0.00050338903095
120000000 0.00042015100064
130000000 0.000358943022456
140000000 0.000310885964742
150000000 0.000274500974375
160000000 0.00024404099456934
180000000 0.0001989710195904
200000000 0.000167257982118
#Header 
#Target 41 88 1
#Product 42 88 0
#Datapoints 43
1000000 0
4000000 0
5000000 0.005561800613
6000000 0.057163203456039
7000000 0.16011701553
8000000 0.275028000624
9000000 0.279371987276
10000000 0.199250035392
11000000 0.153174025884
12000000 0.135967020816
13000000 0.12354299153031
14000000 0.0896454024048
15000000 0.062296396708
16000000 0.045980795356
17000000 0.037565798521
18000000 0.033476596255
19000000 0.03130950576
20000000 0.029870698608
22000000 0.027619902157
24000000 0.02566650052
26000000 0.023847003869
28000000 0.022152593942
30000000 0.020628195346
35000000 0.016782099652
40000000 0.013817299056
45000000 0.0115053990975
50000000 0.0097010806009
55000000 0.0083032302992
60000000 0.007037950447
65000000 0.0061902200545
70000000 0.0053196504804
75000000 0.0048032697832
80000000 0.0041817095765
90000000 0.0032968999074
100000000 0.0026127198864
110000000 0.002115019758
120000000 0.0017076699136
130000000 0.00145461025756
140000000 0.00125955966562
150000000 0.001106450125
160000000 0.0009811203344404
180000000 0.00078978809354077
200000000 0.00065153295426
#Header 
#Target 41 88 1
#Product 42 89 0
#Datapoints 46
1000000 0
1000000 2.22172986788E-10
2000000 1.13596999208E-5
3000000 0.00044698701584
4000000 0.00248855994905
5000000 0.0082853891632
6000000 0.013280704759323
7000000 0.0190993979814
8000000 0.0212225005629
9000000 0.0089387079204
10000000 0.00369897023744
11000000 0.0018711302049
12000000 0.00123876990336
13000000 0.0010447997170776
14000000 0.00100741038684
15000000 0.00101652000788
16000000 0.00102947995412
17000000 0.00102060990459
18000000 0.0009712790395
19000000 0.00088069305805
20000000 0.00076916897082
22000000 0.00057137894365
24000000 0.00043955493104
26000000 0.00035705000396
28000000 0.00030478800452
30000000 0.0002698529533
35000000 0.00021566698588
40000000 0.00018554595648
45000000 0.000163899018
50000000 0.00014960604867
55000000 0.00013621294752
60000000 0.00012595097504
65000000 0.000115858998798
70000000 0.00010763299944
75000000 9.9420501386E-5
80000000 9.2783893859E-5
90000000 8.0074300614E-5
100000000 6.6805097268E-5
110000000 5.7532098153E-5
120000000 5.0583194144E-5
130000000 4.2981700226E-5
140000000 3.83015034534E-5
150000000 3.4798703325E-5
160000000 3.0956702090101E-5
180000000 2.2894500329504E-5
200000000 1.81442017608E-5
