#Header 
#Target 43 95 0
#Product 0 1 0
#Datapoints 44
1000000 0
3000000 0
4000000 0.0030734699586
5000000 0.0312522203
6000000 0.11173022076
7000000 0.23238333
8000000 0.35437084375
9000000 0.45393235064
10000000 0.526673781
11000000 0.57798325534
12000000 0.61737668608
13000000 0.662664076467
14000000 0.7391725821781
15000000 0.8349428806
16000000 1.0356506193
17000000 1.202531206
18000000 1.30303789
19000000 1.350484234
20000000 1.362638888
22000000 1.355806845
24000000 1.364287665
26000000 1.455090792
28000000 1.596997714
30000000 1.708107374
35000000 1.806120442
40000000 1.845081315
45000000 1.92238207
50000000 1.963618125
55000000 1.989083456
60000000 2.017994472
65000000 2.041932645
70000000 2.069790093
75000000 2.091394344
80000000 2.112940796
90000000 2.170489079
100000000 2.25689616
110000000 2.35959184
120000000 2.463578145
130000000 2.567823322
140000000 2.67028168
150000000 2.771755632
160000000 2.875053084
180000000 3.084792249
200000000 3.29342442012
#Header 
#Target 43 95 0
#Product 1 1 0
#Datapoints 45
1000000 0
2000000 1.6465907152E-9
3000000 1.774919973E-5
4000000 0.0006559167702
5000000 0.004141738902
6000000 0.010955876388
7000000 0.03441555
8000000 0.07233821575
9000000 0.11382033567
10000000 0.15227440255
11000000 0.18688793056
12000000 0.22120282624
13000000 0.2936727144377
14000000 0.4696797157234
15000000 0.6309227753
16000000 0.6416241036
17000000 0.6358326924
18000000 0.6541594367
19000000 0.6939092138
20000000 0.7437757502
22000000 0.8471937189
24000000 0.990804477
26000000 1.1236721336
28000000 1.1980332582
30000000 1.2408089404
35000000 1.3417600196
40000000 1.52627598
45000000 1.604081976
50000000 1.65372375
55000000 1.713997172
60000000 1.7519814
65000000 1.777664313
70000000 1.799556318
75000000 1.81212871
80000000 1.827502104
90000000 1.868226089
100000000 1.92240624
110000000 1.985070032
120000000 2.04328432
130000000 2.097243964
140000000 2.14967312
150000000 2.200589064
160000000 2.2502785152
180000000 2.352305186
200000000 2.456880237296
#Header 
#Target 43 95 0
#Product 1 2 0
#Datapoints 39
1000000 0
8000000 0
9000000 9.756127938E-16
10000000 6.6987956405E-10
11000000 2.3633384802E-7
12000000 6.6441754368E-6
13000000 5.140444771911E-5
14000000 0.0002949841076742
15000000 0.001071926741
16000000 0.002581058214
17000000 0.004729695216
18000000 0.007453813906
19000000 0.010400598406
20000000 0.01365018916
22000000 0.02011524794
24000000 0.02669051931
26000000 0.0327735452
28000000 0.03848308802
30000000 0.04255260682
35000000 0.0538949075
40000000 0.06328358205
45000000 0.07102293492
50000000 0.07621464375
55000000 0.08198810704
60000000 0.08663481684
65000000 0.09056283894
70000000 0.09425146122
75000000 0.0971669634
80000000 0.10044868177
90000000 0.09847650973
100000000 0.097323672
110000000 0.09564040688
120000000 0.09526284285
130000000 0.09610578664
140000000 0.0977025224
150000000 0.1002221136
160000000 0.10349124732
180000000 0.112165669
200000000 0.1241694420649
#Header 
#Target 43 95 0
#Product 1 3 0
#Datapoints 36
1000000 0
11000000 0
12000000 2.5388750464E-14
13000000 2.04638748739E-10
14000000 1.845915072967E-8
15000000 2.553636067E-7
16000000 1.150047741E-6
17000000 4.19462119E-6
18000000 1.722970249E-5
19000000 5.604604192E-5
20000000 0.0001365067488
22000000 0.0004621485938
24000000 0.0009599209854
26000000 0.001580322448
28000000 0.002268342555
30000000 0.002985754384
35000000 0.004792013637
40000000 0.006453966615
45000000 0.007964827108
50000000 0.0092568525
55000000 0.010483813872
60000000 0.011683144512
65000000 0.0129172239
70000000 0.01421800506
75000000 0.0155814776
80000000 0.01704009867
90000000 0.02033022461
100000000 0.0239879328
110000000 0.026424672
120000000 0.0290167612
130000000 0.0317656826
140000000 0.0346583
150000000 0.03765499992
160000000 0.040737422778
180000000 0.04700664749
200000000 0.05373848422424
#Header 
#Target 43 95 0
#Product 2 3 0
#Datapoints 38
1000000 0
9000000 0
10000000 9.085063745E-19
11000000 4.5940045744E-15
12000000 8.010516096E-13
13000000 2.780817655286E-11
14000000 3.459913918657E-10
15000000 2.751967278E-9
16000000 2.120728734E-8
17000000 1.639680601E-7
18000000 1.213114672E-6
19000000 6.806313426E-6
20000000 2.907058486E-5
22000000 0.000268976103
24000000 0.0010098568701
26000000 0.002274472296
28000000 0.00403296576
30000000 0.006275990266
35000000 0.011758166158
40000000 0.0169713261
45000000 0.0215766824
50000000 0.02541669375
55000000 0.02831297652
60000000 0.03037201596
65000000 0.03233618739
70000000 0.03408958035
75000000 0.03587571946
80000000 0.03770800909
90000000 0.04176511197
100000000 0.0457237056
110000000 0.04758842224
120000000 0.04952492965
130000000 0.0515444419
140000000 0.0536601416
150000000 0.05584674168
160000000 0.058122913604
180000000 0.06266064145
200000000 0.06714226372104
#Header 
#Target 43 95 0
#Product 2 4 0
#Datapoints 45
1000000 0
2000000 4.74801699E-8
3000000 1.121984271E-5
4000000 8.562852942E-5
5000000 0.00024126213034
6000000 0.0005965771152
7000000 0.0019677735
8000000 0.004857560675
9000000 0.008917230744
10000000 0.013019887095
11000000 0.016548178148
12000000 0.019781552384
13000000 0.02311557113348
14000000 0.02695543748009
15000000 0.03207089293
16000000 0.0377935749
17000000 0.04295248672
18000000 0.0446232633
19000000 0.04648290394
20000000 0.04982746477
22000000 0.05611650057
24000000 0.06118285095
26000000 0.06522560136
28000000 0.0686289184
30000000 0.0714846164
35000000 0.07663238548
40000000 0.0797174166
45000000 0.08091509398
50000000 0.08144941875
55000000 0.08108377908
60000000 0.08075427516
65000000 0.08031333222
70000000 0.0797071086
75000000 0.07874101854
80000000 0.07809467472
90000000 0.07900002756
100000000 0.0854288448
110000000 0.09345019568
120000000 0.10155982305
130000000 0.1096427066
140000000 0.117650768
150000000 0.1256984784
160000000 0.13340392442
180000000 0.1468041872
200000000 0.1578558040456
#Header 
#Target 43 95 0
#Product 34 70 0
#Datapoints 8
1000000 0
120000000 0
130000000 3.905972982E-14
140000000 9.56626992E-12
150000000 5.802248088E-10
160000000 1.1055397646E-8
180000000 6.8150893855E-7
200000000 1.4726797243645E-5
#Header 
#Target 43 95 0
#Product 34 71 0
#Datapoints 9
1000000 0
110000000 0
120000000 3.94371404E-14
130000000 2.022921836E-11
140000000 9.92563928E-10
150000000 1.6990301376E-8
160000000 1.71429014338E-7
180000000 6.9659597832E-6
200000000 9.4391311120906E-5
#Header 
#Target 43 95 0
#Product 34 72 0
#Datapoints 10
1000000 0
100000000 0
110000000 2.28965368E-13
120000000 8.012278365E-11
130000000 1.9740399492E-9
140000000 1.721529704E-8
150000000 1.6285497984E-7
160000000 1.34549976386E-6
180000000 2.948200376E-5
200000000 0.00029182103620393
#Header 
#Target 43 95 0
#Product 34 73 0
#Datapoints 11
1000000 0
90000000 0
100000000 1.46334096E-14
110000000 1.675576176E-11
120000000 7.72744357E-10
130000000 6.7835496868E-9
140000000 5.793139544E-8
150000000 4.6122598584E-7
160000000 2.358110285E-6
180000000 3.3167804109E-5
200000000 0.00024734599405485
#Header 
#Target 43 95 0
#Product 34 74 0
#Datapoints 12
1000000 0
80000000 0
90000000 8.487660621E-14
100000000 2.06010816E-11
110000000 6.735427072E-10
120000000 5.0864402225E-9
130000000 5.054829597E-8
140000000 3.865660544E-7
150000000 1.5911198784E-6
160000000 6.14034935278E-6
180000000 6.4166702149E-5
200000000 0.00032134605822877
#Header 
#Target 43 95 0
#Product 34 75 0
#Datapoints 13
1000000 0
75000000 0
80000000 3.15904099E-15
90000000 3.044814027E-12
100000000 9.85668864E-11
110000000 6.99236232E-10
120000000 4.2912605295E-9
130000000 3.5384897416E-8
140000000 1.609579712E-7
150000000 4.8598007328E-7
160000000 1.73191981328E-6
180000000 1.1738498541E-5
200000000 4.7461810648386E-5
#Header 
#Target 43 95 0
#Product 34 76 0
#Datapoints 15
1000000 0
65000000 0
70000000 3.381162561E-15
75000000 9.741216992E-14
80000000 1.004689764E-12
90000000 1.343110878E-11
100000000 6.18750048E-11
110000000 1.1743699248E-9
120000000 1.209300008E-8
130000000 3.9807901086E-8
140000000 1.359690448E-7
150000000 3.8327997888E-7
160000000 1.07743004338E-6
180000000 4.6237800884E-6
200000000 1.6156606254578E-5
#Header 
#Target 43 95 0
#Product 35 72 0
#Datapoints 8
1000000 0
120000000 0
130000000 6.166938508E-13
140000000 8.54846144E-11
150000000 2.4113895696E-9
160000000 2.86031051322E-8
180000000 9.345299722E-7
200000000 1.0720100271731E-5
#Header 
#Target 43 95 0
#Product 35 73 0
#Datapoints 9
1000000 0
110000000 0
120000000 7.77202769E-13
130000000 4.066387664E-10
140000000 1.932700224E-8
150000000 2.2694601168E-7
160000000 1.3899200153E-6
180000000 2.4726302876E-5
200000000 0.00021125105766556
#Header 
#Target 43 95 0
#Product 35 74 0
#Datapoints 10
1000000 0
100000000 0
110000000 9.523068448E-14
120000000 7.04703006E-11
130000000 4.1414600404E-9
140000000 4.684169448E-8
150000000 2.2688896608E-7
160000000 1.03895974382E-6
180000000 1.3407998714E-5
200000000 7.0855010359283E-5
#Header 
#Target 43 95 0
#Product 35 75 0
#Datapoints 11
1000000 0
90000000 0
100000000 2.77869072E-13
110000000 5.787487728E-10
120000000 4.7403802215E-8
130000000 4.918849658E-7
140000000 2.055229824E-6
150000000 8.8540395696E-6
160000000 3.59577038002E-5
180000000 0.00027157597698
200000000 0.0011089498898377
#Header 
#Target 43 95 0
#Product 35 76 0
#Datapoints 12
1000000 0
80000000 0
90000000 8.968941451E-15
100000000 1.8121056E-11
110000000 2.6325595632E-9
120000000 4.591410054E-8
130000000 1.9618499628E-7
140000000 6.69093912E-7
150000000 2.5819499088E-6
160000000 7.31490994152E-6
180000000 3.8194103343E-5
200000000 0.00013252797765441
#Header 
#Target 43 95 0
#Product 35 77 0
#Datapoints 13
1000000 0
75000000 0
80000000 1.563331715E-14
90000000 2.929179407E-11
100000000 1.942229664E-9
110000000 2.0222304E-8
120000000 6.654340042E-8
130000000 2.2818598406E-7
140000000 7.688790312E-7
150000000 2.2241799216E-6
160000000 4.66212991884E-6
180000000 2.1450702614E-5
200000000 5.1125002658591E-5
#Header 
#Target 43 95 0
#Product 35 78 0
#Datapoints 14
1000000 0
70000000 0
75000000 1.0390691944E-14
80000000 1.605481198E-12
90000000 5.646490746E-10
100000000 8.477409552E-9
110000000 3.2565694704E-8
120000000 7.8229802175E-8
130000000 3.4927803928E-7
140000000 1.036720304E-6
150000000 2.2749394968E-6
160000000 5.00043987776E-6
180000000 1.6933697451E-5
200000000 3.9111808520978E-5
#Header 
#Target 43 95 0
#Product 35 79 0
#Datapoints 16
1000000 0
60000000 0
65000000 3.595928094E-15
70000000 2.878582455E-13
75000000 6.62779853E-12
80000000 4.651259383E-11
90000000 2.83577435E-10
100000000 6.32888976E-10
110000000 2.0031904224E-9
120000000 1.356749975E-8
130000000 4.2351697858E-8
140000000 9.101650072E-8
150000000 1.851620112E-7
160000000 3.68494955424E-7
180000000 9.0142696699E-7
200000000 1.8911098078132E-6
#Header 
#Target 43 95 0
#Product 36 74 0
#Datapoints 9
1000000 0
110000000 0
120000000 4.717267485E-12
130000000 8.03566673E-10
140000000 1.407009632E-8
150000000 1.0783199664E-7
160000000 7.29013065304E-7
180000000 1.2823303691E-5
200000000 7.4116211972397E-5
#Header 
#Target 43 95 0
#Product 36 75 0
#Datapoints 11
1000000 0
90000000 0
100000000 1.4983488E-15
110000000 2.376293008E-11
120000000 5.30197052E-9
130000000 7.5882603336E-8
140000000 4.490500544E-7
150000000 2.7098401392E-6
160000000 1.40808978206E-5
180000000 0.00013335597979
200000000 0.00060417905045265
#Header 
#Target 43 95 0
#Product 36 76 0
#Datapoints 12
1000000 0
80000000 0
90000000 5.224094972E-14
100000000 2.001552E-10
110000000 2.756209584E-8
120000000 3.1854500405E-7
130000000 1.5656495698E-6
140000000 9.867080088E-6
150000000 4.1053296384E-5
160000000 0.00011962503652
180000000 0.00073605703182
200000000 0.002783630474634
#Header 
#Target 43 95 0
#Product 36 77 0
#Datapoints 13
1000000 0
75000000 0
80000000 4.044109747E-14
90000000 2.961211787E-10
100000000 2.887460112E-8
110000000 3.2973801904E-7
120000000 1.369710132E-6
130000000 9.2823098534E-6
140000000 4.0557704E-5
150000000 0.00011288703744
160000000 0.000290595017896
180000000 0.0014140003427
200000000 0.0040320504365339
#Header 
#Target 43 95 0
#Product 36 78 0
#Datapoints 16
1000000 0
60000000 0
65000000 3.490897419E-15
70000000 1.603310058E-12
75000000 1.31801489E-10
80000000 2.7241294153E-9
90000000 6.111380539E-8
100000000 2.842730448E-7
110000000 1.1500805472E-6
120000000 1.07320045E-5
130000000 4.4499898776E-5
140000000 0.0001151090408
150000000 0.00030856205232
160000000 0.000703754008882
180000000 0.0023560202457
200000000 0.0052597601967847
#Header 
#Target 43 95 0
#Product 36 79 0
#Datapoints 17
1000000 0
55000000 0
60000000 2.096678844E-14
65000000 4.373291412E-12
70000000 1.793829429E-10
75000000 1.7474199748E-9
80000000 5.7379793376E-9
90000000 1.2923202454E-8
100000000 4.288549824E-8
110000000 4.5924098624E-7
120000000 2.037100275E-6
130000000 4.4216995192E-6
140000000 1.037490432E-5
150000000 2.4843298752E-5
160000000 4.67661972034E-5
180000000 0.0001229240034
200000000 0.00021060603388938
#Header 
#Target 43 95 0
#Product 36 80 0
#Datapoints 19
1000000 0
45000000 0
50000000 1.861925625E-13
55000000 7.885278564E-12
60000000 1.2434089356E-10
65000000 9.409286106E-10
70000000 4.1726101095E-9
75000000 1.00957003826E-8
80000000 1.3647704628E-8
90000000 1.2239402013E-7
100000000 1.374920496E-6
110000000 4.9287698784E-6
120000000 1.0118800076E-5
130000000 2.5453799408E-5
140000000 5.693990136E-5
150000000 0.00010370800008
160000000 0.000165352974032
180000000 0.00034314697351
200000000 0.00053832002265125
#Header 
#Target 43 95 0
#Product 36 81 0
#Datapoints 16
1000000 0
60000000 0
65000000 1.550537802E-14
70000000 3.001728807E-12
75000000 2.556021304E-10
80000000 3.7203798979E-9
90000000 7.0830396221E-8
100000000 2.984709264E-7
110000000 6.401850584E-7
120000000 1.398179916E-6
130000000 3.5624594546E-6
140000000 7.088140256E-6
150000000 1.1022300792E-5
160000000 1.69149943822E-5
180000000 3.0973999133E-5
200000000 4.0918310281928E-5
#Header 
#Target 43 95 0
#Product 36 82 0
#Datapoints 18
1000000 0
50000000 0
55000000 1.0466497776E-14
60000000 7.266698244E-12
65000000 5.186011959E-10
70000000 6.7075901676E-9
75000000 1.3768405788E-8
80000000 2.2179895548E-8
90000000 3.4490399446E-8
100000000 7.894600224E-8
110000000 2.5982796352E-7
120000000 8.754759881E-7
130000000 1.2686400758E-6
140000000 2.30535988E-6
150000000 2.959120404E-6
160000000 4.54356039154E-6
180000000 7.0418700968E-6
200000000 1.1049896822591E-5
#Header 
#Target 43 95 0
#Product 37 76 0
#Datapoints 10
1000000 0
100000000 0
110000000 1.924919984E-15
120000000 2.24856933E-11
130000000 5.803589901E-9
140000000 1.350460088E-7
150000000 7.981299936E-7
160000000 2.91810976366E-6
180000000 2.3223300276E-5
200000000 0.00010821801732481
#Header 
#Target 43 95 0
#Product 37 77 0
#Datapoints 11
1000000 0
90000000 0
100000000 2.30044896E-14
110000000 2.5638608E-10
120000000 6.0385703455E-8
130000000 1.1550797498E-6
140000000 6.063359984E-6
150000000 1.819589508E-5
160000000 5.53436067586E-5
180000000 0.00032076303941
200000000 0.0009697853951878
#Header 
#Target 43 95 0
#Product 37 78 0
#Datapoints 12
1000000 0
80000000 0
90000000 5.374363183E-16
100000000 2.37174528E-11
110000000 1.06277004976E-8
120000000 3.260300162E-7
130000000 1.8460998622E-6
140000000 5.750929824E-6
150000000 1.738529712E-5
160000000 4.70077004776E-5
180000000 0.00018375904657
200000000 0.0004671020374134
#Header 
#Target 43 95 0
#Product 37 79 0
#Datapoints 13
1000000 0
75000000 0
80000000 1.545301168E-13
90000000 1.611410458E-9
100000000 3.245779872E-7
110000000 8.0578193088E-6
120000000 3.7572498075E-5
130000000 9.9373893472E-5
140000000 0.0003180829808
150000000 0.00080425999368
160000000 0.00161871965842
180000000 0.0049418899134
200000000 0.009831674153023
#Header 
#Target 43 95 0
#Product 37 80 0
#Datapoints 15
1000000 0
65000000 0
70000000 1.251379962E-14
75000000 6.293844918E-12
80000000 4.503284549E-10
90000000 2.195069955E-7
100000000 5.590200048E-6
110000000 2.9010402608E-5
120000000 6.712520633E-5
130000000 0.00019897899986
140000000 0.000519811
150000000 0.0010479196656
160000000 0.00184156046324
180000000 0.0043361702186
200000000 0.0069367406536841
#Header 
#Target 43 95 0
#Product 37 81 0
#Datapoints 17
1000000 0
55000000 0
60000000 7.488940212E-14
65000000 1.0523590308E-11
70000000 1.131419268E-9
75000000 4.6532199036E-8
80000000 4.0322004358E-7
90000000 1.9884406578E-6
100000000 4.252179648E-6
110000000 9.3791293616E-6
120000000 3.3167603875E-5
130000000 8.0308397186E-5
140000000 0.0001389559832
150000000 0.00024180398856
160000000 0.000377961954864
180000000 0.00071719405978
200000000 0.00093503414795854
#Header 
#Target 43 95 0
#Product 37 82 0
#Datapoints 18
1000000 0
50000000 0
55000000 1.17134886E-14
60000000 1.414713924E-11
65000000 1.837249857E-9
70000000 3.7491401052E-8
75000000 2.11618957E-7
80000000 4.7101501761E-7
90000000 6.8589197367E-7
100000000 1.0869300624E-6
110000000 4.1702999552E-6
120000000 1.198779757E-5
130000000 2.0308304462E-5
140000000 3.2267398E-5
150000000 5.2872304032E-5
160000000 7.1917402108E-5
180000000 0.0001153260262
200000000 0.00013244803557596
#Header 
#Target 43 95 0
#Product 37 83 0
#Datapoints 20
1000000 0
40000000 0
45000000 9.632430346E-13
50000000 2.852600625E-10
55000000 7.4831998456E-9
60000000 4.7625602076E-8
65000000 1.7796298428E-7
70000000 4.091710203E-7
75000000 4.9458704232E-7
80000000 4.511590097E-7
90000000 9.616699785E-7
100000000 5.375070192E-6
110000000 1.5946503488E-5
120000000 2.8892606225E-5
130000000 4.3498296494E-5
140000000 6.904129448E-5
150000000 9.4986098136E-5
160000000 0.00012248202055
180000000 0.00014957702441
200000000 0.00016745698957646
#Header 
#Target 43 95 0
#Product 37 84 0
#Datapoints 17
1000000 0
55000000 0
60000000 7.93534482E-14
65000000 1.892968785E-11
70000000 7.843989762E-10
75000000 1.375950004E-8
80000000 1.11217997852E-7
90000000 7.9264794491E-7
100000000 1.958840448E-6
110000000 3.3652196672E-6
120000000 5.243589764E-6
130000000 8.5929803834E-6
140000000 1.271430528E-5
150000000 1.6403802552E-5
160000000 1.85129997956E-5
180000000 2.3525801255E-5
200000000 2.4548603989825E-5
#Header 
#Target 43 95 0
#Product 38 77 0
#Datapoints 9
1000000 0
110000000 0
120000000 8.97200633E-12
130000000 7.9499462E-10
140000000 8.745380528E-9
150000000 4.8889900656E-8
160000000 2.56851010182E-7
180000000 2.7184599651E-6
200000000 1.0366500848755E-5
#Header 
#Target 43 95 0
#Product 38 78 0
#Datapoints 11
1000000 0
90000000 0
100000000 1.89317232E-13
110000000 6.735190176E-10
120000000 3.4292004425E-8
130000000 2.1604405076E-7
140000000 1.0003199704E-6
150000000 4.5204604776E-6
160000000 1.43387027386E-5
180000000 6.6133098394E-5
200000000 0.00018594404459657
#Header 
#Target 43 95 0
#Product 38 79 0
#Datapoints 12
1000000 0
80000000 0
90000000 6.225833823E-13
100000000 1.921800144E-9
110000000 1.5603295024E-7
120000000 1.2126596195E-6
130000000 4.9831095702E-6
140000000 2.324010592E-5
150000000 7.4118507408E-5
160000000 0.000167622960652
180000000 0.00063824204708
200000000 0.0015127699671621
#Header 
#Target 43 95 0
#Product 38 80 0
#Datapoints 14
1000000 0
70000000 0
75000000 5.389971186E-13
80000000 2.395329428E-10
90000000 2.1235695936E-7
100000000 3.51235944E-6
110000000 1.3571104224E-5
120000000 4.2969199315E-5
130000000 0.0001938699736
140000000 0.0005259639976
150000000 0.0010890595512
160000000 0.00206144998924
180000000 0.0053729198028
200000000 0.0091697310380146
#Header 
#Target 43 95 0
#Product 38 81 0
#Datapoints 16
1000000 0
60000000 0
65000000 1.328219775E-12
70000000 6.193879713E-10
75000000 5.0951897334E-8
80000000 7.3826596721E-7
90000000 7.5817497017E-6
100000000 2.017170288E-5
110000000 5.7233998224E-5
120000000 0.00029256000515
130000000 0.0008260699914
140000000 0.001651770128
150000000 0.0031165202232
160000000 0.00556079975012
180000000 0.010915300737
200000000 0.01615709820583
#Header 
#Target 43 95 0
#Product 38 82 0
#Datapoints 19
1000000 0
45000000 0
50000000 7.75348875E-14
55000000 1.608515864E-10
60000000 2.1963996288E-8
65000000 5.9454599562E-7
70000000 4.4674999047E-6
75000000 1.2493904908E-5
80000000 1.9503503091E-5
90000000 2.6816997381E-5
100000000 0.0001173939504
110000000 0.00061916796832
120000000 0.001477500038
130000000 0.0026251594542
140000000 0.004827850136
150000000 0.0081423196488
160000000 0.011700897321
180000000 0.018596396489
200000000 0.022498699886347
#Header 
#Target 43 95 0
#Product 38 83 0
#Datapoints 21
1000000 0
35000000 0
40000000 3.53238852E-14
45000000 1.1921890862E-10
50000000 2.60367975E-8
55000000 6.899169414E-7
60000000 3.6031402368E-6
65000000 8.0748599166E-6
70000000 1.11250995597E-5
75000000 1.03396008854E-5
80000000 1.3093602574E-5
90000000 0.00013258395185
100000000 0.000525821952
110000000 0.00106065995248
120000000 0.0018249896385
130000000 0.0034945495736
140000000 0.005831049552
150000000 0.0078893704512
160000000 0.0100581043508
180000000 0.013550697138
200000000 0.014474700608798
#Header 
#Target 43 95 0
#Product 38 84 0
#Datapoints 25
1000000 0
24000000 0
26000000 1.323131216E-15
28000000 7.878197392E-14
30000000 1.973260068E-12
35000000 4.451183463E-10
40000000 1.6014504645E-8
45000000 1.5598892694E-7
50000000 6.89493E-7
55000000 1.7758493908E-6
60000000 2.0655601668E-6
65000000 1.8522602586E-6
70000000 1.08663998121E-5
75000000 7.16476977E-5
80000000 0.00018236602015
90000000 0.00035537892349
100000000 0.0005232859536
110000000 0.00094574794832
120000000 0.0019310602325
130000000 0.0030386103934
140000000 0.0040421306
150000000 0.0049875798744
160000000 0.00576513014208
180000000 0.0066951299052
200000000 0.0069066001249582
#Header 
#Target 43 95 0
#Product 38 85 0
#Datapoints 20
1000000 0
40000000 0
45000000 1.536117828E-13
50000000 1.848E-10
55000000 9.556520182E-8
60000000 3.589059942E-6
65000000 1.8555493608E-5
70000000 4.1073296544E-5
75000000 6.3644904206E-5
80000000 7.1984090668E-5
90000000 7.7271199119E-5
100000000 0.0001415490288
110000000 0.00031127197584
120000000 0.0004923919938
130000000 0.0006610509957
140000000 0.0007819150224
150000000 0.00093058807536
160000000 0.00108315980952
180000000 0.0010342703052
200000000 0.0010033402548146
#Header 
#Target 43 95 0
#Product 38 86 0
#Datapoints 22
1000000 0
30000000 0
35000000 8.331969545E-14
40000000 7.23530931E-10
45000000 1.9427593066E-7
50000000 3.7428496875E-6
55000000 1.06477009288E-5
60000000 1.2677205996E-5
65000000 1.3177204254E-5
70000000 1.2989994696E-5
75000000 1.200640474E-5
80000000 1.6949394578E-5
90000000 5.6797998776E-5
100000000 0.0001186469904
110000000 0.00016661401776
120000000 0.00021755501915
130000000 0.0002487269792
140000000 0.0003101499512
150000000 0.00034435196136
160000000 0.000345043989258
180000000 0.00036581395059
200000000 0.00033612701741314
#Header 
#Target 43 95 0
#Product 38 87 0
#Datapoints 19
1000000 0
45000000 0
50000000 4.72122E-14
55000000 4.111104024E-11
60000000 2.9346705648E-9
65000000 3.1819696722E-8
70000000 2.3078098134E-7
75000000 7.1927906436E-7
80000000 1.387929803E-6
90000000 3.0151999781E-6
100000000 4.523070336E-6
110000000 5.5898098608E-6
120000000 7.066170048E-6
130000000 8.9163002414E-6
140000000 1.09312964E-5
150000000 1.3285199664E-5
160000000 1.4176703302E-5
180000000 1.6716697833E-5
200000000 1.7906902584987E-5
#Header 
#Target 43 95 0
#Product 38 88 0
#Datapoints 20
1000000 0
40000000 0
45000000 1.886545458E-13
50000000 4.27245E-10
55000000 3.6934202048E-8
60000000 2.9836401192E-7
65000000 6.8258004291E-7
70000000 8.043190659E-7
75000000 9.1244796174E-7
80000000 1.04610007669E-6
90000000 1.1869893743E-6
100000000 1.588880112E-6
110000000 2.2513002176E-6
120000000 3.2293999535E-6
130000000 4.222570573E-6
140000000 5.02222008E-6
150000000 6.2160598728E-6
160000000 6.69654050678E-6
180000000 7.8889297553E-6
200000000 8.8181817272753E-6
#Header 
#Target 43 95 0
#Product 39 79 0
#Datapoints 10
1000000 0
100000000 0
110000000 3.981468E-14
120000000 2.157452115E-10
130000000 1.1999200092E-8
140000000 1.095559912E-7
150000000 3.8568500136E-7
160000000 9.45177009088E-7
180000000 4.4837702833E-6
200000000 1.1322702713027E-5
#Header 
#Target 43 95 0
#Product 39 80 0
#Datapoints 11
1000000 0
90000000 0
100000000 1.11842928E-13
110000000 5.816259824E-10
120000000 6.337889712E-8
130000000 8.1418000102E-7
140000000 3.258119976E-6
150000000 7.9653001464E-6
160000000 1.77965963628E-5
180000000 6.3993692851E-5
200000000 0.00012855405220436
#Header 
#Target 43 95 0
#Product 39 81 0
#Datapoints 12
1000000 0
80000000 0
90000000 1.568609746E-12
100000000 1.640100192E-8
110000000 1.01603003824E-6
120000000 1.214139787E-5
130000000 3.830390106E-5
140000000 8.718950304E-5
150000000 0.00018780302232
160000000 0.000364665994522
180000000 0.00080238198975
200000000 0.0012514804663234
#Header 
#Target 43 95 0
#Product 39 82 0
#Datapoints 14
1000000 0
70000000 0
75000000 4.23416984E-15
80000000 1.782677953E-11
90000000 1.1415102101E-7
100000000 7.16592048E-6
110000000 7.6637697328E-5
120000000 0.00022812499535
130000000 0.00046346398564
140000000 0.0009904259592
150000000 0.0018969903792
160000000 0.00290557991146
180000000 0.0053038096595
200000000 0.0070466302645996
#Header 
#Target 43 95 0
#Product 39 83 0
#Datapoints 16
1000000 0
60000000 0
65000000 4.230325764E-13
70000000 4.224170349E-10
75000000 3.8778097958E-8
80000000 9.3025797672E-7
90000000 4.3798395688E-5
100000000 0.0002513019744
110000000 0.00056496099488
120000000 0.00104237999145
130000000 0.0023806001772
140000000 0.004329840464
150000000 0.0063680393592
160000000 0.00843047951216
180000000 0.01281719714
200000000 0.014270105651572
#Header 
#Target 43 95 0
#Product 39 84 0
#Datapoints 18
1000000 0
50000000 0
55000000 1.0244789904E-12
60000000 9.39101202E-10
65000000 8.8534203984E-8
70000000 3.8439401805E-6
75000000 5.7152494534E-5
80000000 0.00024002400246
90000000 0.000641863013
100000000 0.0009984290064
110000000 0.0018455404416
120000000 0.0043112096055
130000000 0.0075570206516
140000000 0.01053110416
150000000 0.013714702992
160000000 0.016676403879
180000000 0.020659600379
200000000 0.020469505038458
#Header 
#Target 43 95 0
#Product 39 85 0
#Datapoints 21
1000000 0
35000000 0
40000000 1.45094337E-15
45000000 7.1146215E-12
50000000 1.1435195625E-9
55000000 2.7067493124E-7
60000000 1.10369003004E-5
65000000 5.8274996643E-5
70000000 0.000110287005759
75000000 0.0001281550269
80000000 0.00012064793874
90000000 0.00013852402731
100000000 0.0003637279248
110000000 0.00088695402224
120000000 0.001430199995
130000000 0.0018620803598
140000000 0.002344199528
150000000 0.002852600256
160000000 0.00328363981442
180000000 0.0036639199883
200000000 0.0036767906780824
#Header 
#Target 43 95 0
#Product 39 86 0
#Datapoints 22
1000000 0
30000000 0
35000000 4.317765585E-15
40000000 6.838819755E-10
45000000 7.3855801754E-7
50000000 2.9064E-5
55000000 0.00014602699832
60000000 0.0002857770396
65000000 0.00032440201839
70000000 0.00026400496248
75000000 0.00022213203732
80000000 0.00025869693902
90000000 0.00084042798815
100000000 0.001977969456
110000000 0.003111300536
120000000 0.0037879698675
130000000 0.0048748299182
140000000 0.005721930136
150000000 0.0065015600904
160000000 0.00698071044554
180000000 0.0069129099655
200000000 0.0065348808128869
#Header 
#Target 43 95 0
#Product 39 87 0
#Datapoints 27
1000000 0
20000000 0
22000000 5.400319764E-16
24000000 2.401422543E-13
26000000 2.780649336E-11
28000000 1.2406493869E-9
30000000 2.4647205122E-8
35000000 2.5310093221E-6
40000000 1.32095001825E-5
45000000 2.3002995568E-5
50000000 2.4657504375E-5
55000000 1.916540094E-5
60000000 1.4226897672E-5
65000000 2.1713502654E-5
70000000 7.1969996448E-5
75000000 0.00016942099212
80000000 0.00025930002973
90000000 0.00038692900035
100000000 0.0004954909872
110000000 0.00062251003248
120000000 0.00079631504995
130000000 0.00098559305588
140000000 0.001101670136
150000000 0.001207129932
160000000 0.00120636014902
180000000 0.0012271601408
200000000 0.0011767701002264
#Header 
#Target 43 95 0
#Product 39 88 0
#Datapoints 21
1000000 0
35000000 0
40000000 2.220257715E-11
45000000 1.5734700912E-8
50000000 6.2292195E-7
55000000 1.3471999992E-5
60000000 8.8603606728E-5
65000000 0.00023894893728
70000000 0.00040879798218
75000000 0.00050766894148
80000000 0.00052122698229
90000000 0.00054446901597
100000000 0.0006878740272
110000000 0.00090960698688
120000000 0.001096670323
130000000 0.0012070101666
140000000 0.00124749052
150000000 0.0012529405512
160000000 0.00120649048318
180000000 0.0011504703496
200000000 0.0011152203761805
#Header 
#Target 43 95 0
#Product 39 89 0
#Datapoints 23
1000000 0
28000000 0
30000000 2.27427772E-14
35000000 1.9660400978E-9
40000000 6.687989652E-7
45000000 7.8667807526E-6
50000000 1.41216075E-5
55000000 1.6156304088E-5
60000000 1.7726197788E-5
65000000 1.7810203374E-5
70000000 1.7999004177E-5
75000000 1.9999695586E-5
80000000 2.4790195551E-5
90000000 3.8574300716E-5
100000000 5.318739696E-5
110000000 6.6346902784E-5
120000000 7.5710904745E-5
130000000 7.7034999346E-5
140000000 7.804620408E-5
150000000 8.2679500728E-5
160000000 8.00508066248E-5
180000000 8.5065499893E-5
200000000 8.3681012031811E-5
#Header 
#Target 43 95 0
#Product 40 81 0
#Datapoints 11
1000000 0
90000000 0
100000000 8.06428944E-14
110000000 1.862121008E-10
120000000 7.6496099365E-9
130000000 4.5691295302E-8
140000000 1.654599688E-7
150000000 5.9933898792E-7
160000000 1.62707980488E-6
180000000 5.0252399934E-6
200000000 1.0343899472966E-5
#Header 
#Target 43 95 0
#Product 40 82 0
#Datapoints 12
1000000 0
80000000 0
90000000 1.697409447E-11
100000000 1.52563968E-8
110000000 2.9206197152E-7
120000000 1.0637600365E-6
130000000 3.1440399282E-6
140000000 1.033879568E-5
150000000 2.338749504E-5
160000000 3.94901939834E-5
180000000 8.7109602723E-5
200000000 0.00012899803820929
#Header 
#Target 43 95 0
#Product 40 83 0
#Datapoints 14
1000000 0
70000000 0
75000000 1.1794493302E-13
80000000 1.700689994E-10
90000000 1.5314499134E-7
100000000 2.152020576E-6
110000000 7.1191404448E-6
120000000 1.831170523E-5
130000000 6.0977100086E-5
140000000 0.000141984984
150000000 0.00023937804936
160000000 0.000359102009484
180000000 0.0006470320076
200000000 0.00079700104658223
#Header 
#Target 43 95 0
#Product 40 84 0
#Datapoints 17
1000000 0
55000000 0
60000000 2.308458204E-13
65000000 1.8451503945E-9
70000000 3.0152593422E-7
75000000 6.8434895388E-6
80000000 2.937489324E-5
90000000 7.2623698346E-5
100000000 0.0001172369616
110000000 0.00029925596464
120000000 0.00088797102485
130000000 0.001724150395
140000000 0.00256697988
150000000 0.0035834004288
160000000 0.00454484003602
180000000 0.0059957397698
200000000 0.0066209211947415
#Header 
#Target 43 95 0
#Product 40 85 0
#Datapoints 19
1000000 0
45000000 0
50000000 3.479293125E-12
55000000 1.5761293532E-8
60000000 2.477970144E-6
65000000 4.1412597516E-5
70000000 0.00015997401756
75000000 0.00027089303708
80000000 0.00029176193562
90000000 0.00031210192862
100000000 0.0009242860224
110000000 0.0029326400336
120000000 0.005190390121
130000000 0.0073723500048
140000000 0.009788730232
150000000 0.012731296896
160000000 0.0147316009882
180000000 0.016530896613
200000000 0.016000298204856
#Header 
#Target 43 95 0
#Product 40 86 0
#Datapoints 22
1000000 0
30000000 0
35000000 2.761630685E-13
40000000 5.981330847E-9
45000000 2.9139701836E-6
50000000 9.94968975E-5
55000000 0.00046058599312
60000000 0.00078479706708
65000000 0.00079252206381
70000000 0.00064541200059
75000000 0.0006078620685
80000000 0.00107839997747
90000000 0.0047868507132
100000000 0.010701500352
110000000 0.015408803408
120000000 0.02011849987
130000000 0.026762703848
140000000 0.0334866996
150000000 0.037112496264
160000000 0.039264498663
180000000 0.037794997306
200000000 0.034848104862298
#Header 
#Target 43 95 0
#Product 40 87 0
#Datapoints 26
1000000 0
22000000 0
24000000 1.1650798497E-13
26000000 2.691339496E-11
28000000 1.7177993808E-9
30000000 4.8004700424E-8
35000000 1.5504896713E-5
40000000 0.0002142430236
45000000 0.00054010097092
50000000 0.00074003698125
55000000 0.00058783301536
60000000 0.00042183997128
65000000 0.00085853102364
70000000 0.0037499194971
75000000 0.0089085104532
80000000 0.013055101432
90000000 0.017072099922
100000000 0.02064559488
110000000 0.027196694528
120000000 0.037217405365
130000000 0.045569302432
140000000 0.04910199984
150000000 0.049943502864
160000000 0.04862599655
180000000 0.045282902236
200000000 0.041786405569087
#Header 
#Target 43 95 0
#Product 40 88 0
#Datapoints 38
1000000 0
9000000 0
10000000 8.821678285E-15
11000000 3.3813053465E-13
12000000 6.55797824E-12
13000000 7.52397225331E-11
14000000 5.660176589942E-10
15000000 3.0710102712E-9
16000000 1.2796099431E-8
17000000 4.2927403358E-8
18000000 1.2367000415E-7
19000000 3.158439691E-7
20000000 7.4962904049E-7
22000000 3.5726800803E-6
24000000 1.26709993488E-5
26000000 3.171099556E-5
28000000 5.9204402946E-5
30000000 9.3346296306E-5
35000000 0.00021504793927
40000000 0.00022118797665
45000000 0.00012912300877
50000000 0.0002554589625
55000000 0.0030607500964
60000000 0.0118977998256
65000000 0.019265005251
70000000 0.0211980006
75000000 0.01975959853
80000000 0.018363296815
90000000 0.02042529944
100000000 0.03047589792
110000000 0.042287206624
120000000 0.04884580141
130000000 0.050605298314
140000000 0.05032929736
150000000 0.04891640184
160000000 0.0470818033466
180000000 0.043726001847
200000000 0.041498103214213
#Header 
#Target 43 95 0
#Product 40 89 0
#Datapoints 26
1000000 0
22000000 0
24000000 2.431590876E-13
26000000 2.216242808E-11
28000000 6.224887467E-10
30000000 8.4345701384E-9
35000000 2.6153200869E-6
40000000 0.0005803159899
45000000 0.0043418697154
50000000 0.0069791701875
55000000 0.0083171798772
60000000 0.0081767404368
65000000 0.0067763201373
70000000 0.0058550703939
75000000 0.0063534298636
80000000 0.008144669066
90000000 0.012812997436
100000000 0.0170839032
110000000 0.019013596
120000000 0.01903440623
130000000 0.01851930305
140000000 0.01815329872
150000000 0.017444304288
160000000 0.017091399693
180000000 0.01627149843
200000000 0.015660899143981
#Header 
#Target 43 95 0
#Product 40 90 0
#Datapoints 33
1000000 0
14000000 0
15000000 1.145558813E-15
16000000 2.568774018E-14
17000000 1.554919646E-12
18000000 6.229293147E-11
19000000 1.350020056E-9
20000000 1.7383299507E-8
22000000 9.0048595155E-7
24000000 1.4789505666E-5
26000000 0.000109594004312
28000000 0.00043406600157
30000000 0.0010230300686
35000000 0.0016658403754
40000000 0.00117315997935
45000000 0.00094477397084
50000000 0.000736691025
55000000 0.00065944202968
60000000 0.00090827201556
65000000 0.0016848196749
70000000 0.002487500379
75000000 0.0029803706458
80000000 0.0033885204658
90000000 0.0040707895763
100000000 0.004408439808
110000000 0.0045273700656
120000000 0.004586599773
130000000 0.0045848196424
140000000 0.004489319952
150000000 0.004465929888
160000000 0.00441049020156
180000000 0.0042828898376
200000000 0.0041233206386213
#Header 
#Target 43 95 0
#Product 40 91 0
#Datapoints 22
1000000 0
30000000 0
35000000 7.415559396E-12
40000000 7.8810195195E-9
45000000 2.7451004896E-7
50000000 3.0165804375E-6
55000000 1.7442500924E-5
60000000 6.204320226E-5
65000000 0.00013144201695
70000000 0.000182153979
75000000 0.00020163198434
80000000 0.00021430003104
90000000 0.00024035700795
100000000 0.0002550040176
110000000 0.00026300495424
120000000 0.0002664539591
130000000 0.00026638695848
140000000 0.000263940036
150000000 0.00026067097008
160000000 0.000259936967634
180000000 0.00025244800185
200000000 0.0002430750057334
#Header 
#Target 43 95 0
#Product 40 92 0
#Datapoints 23
1000000 0
28000000 0
30000000 1.365685306E-14
35000000 1.793109689E-9
40000000 1.7809593975E-7
45000000 8.909460721E-7
50000000 3.0492800625E-6
55000000 7.1099593844E-6
60000000 1.04665997124E-5
65000000 1.1673400455E-5
70000000 1.2647098737E-5
75000000 1.385160171E-5
80000000 1.505920201E-5
90000000 1.6449797107E-5
100000000 1.722360336E-5
110000000 1.765429752E-5
120000000 1.7715603325E-5
130000000 1.77594957E-5
140000000 1.81037992E-5
150000000 1.7181003816E-5
160000000 1.6555499198E-5
180000000 1.5818398134E-5
200000000 1.5253601349729E-5
#Header 
#Target 43 95 0
#Product 41 84 0
#Datapoints 12
1000000 0
80000000 0
90000000 9.81110907E-13
100000000 4.189660128E-9
110000000 1.641210104E-7
120000000 1.210370364E-6
130000000 3.25489998E-6
140000000 5.78957948E-6
150000000 9.6167402424E-6
160000000 1.4364502978E-5
180000000 2.1858896125E-5
200000000 2.6208002865826E-5
#Header 
#Target 43 95 0
#Product 41 85 0
#Datapoints 14
1000000 0
70000000 0
75000000 1.688522658E-13
80000000 4.415102622E-10
90000000 2.6046698155E-7
100000000 4.956619968E-6
110000000 2.4228495328E-5
120000000 4.7093904655E-5
130000000 7.3254894484E-5
140000000 0.0001103900256
150000000 0.00015720196104
160000000 0.000192648008014
180000000 0.00023662499245
200000000 0.00024694798657078
#Header 
#Target 43 95 0
#Product 41 86 0
#Datapoints 16
1000000 0
60000000 0
65000000 3.955696884E-12
70000000 6.7900500738E-9
75000000 3.894109941E-7
80000000 4.2680205171E-6
90000000 7.993850814E-5
100000000 0.000289386
110000000 0.00051660696784
120000000 0.0007195990746
130000000 0.0010614599102
140000000 0.001460000128
150000000 0.0017657905032
160000000 0.00189590980796
180000000 0.0018980800498
200000000 0.0018151005011989
#Header 
#Target 43 95 0
#Product 41 87 0
#Datapoints 19
1000000 0
45000000 0
50000000 6.66626625E-14
55000000 1.9698205876E-9
60000000 2.8506601188E-7
65000000 4.4532398943E-6
70000000 5.1769605321E-5
75000000 0.00021366799532
80000000 0.00039729600589
90000000 0.00052787896929
100000000 0.0006133580016
110000000 0.00089376402848
120000000 0.001358679987
130000000 0.0017413503046
140000000 0.001883300272
150000000 0.0018872395848
160000000 0.00182694032758
180000000 0.0016636801379
200000000 0.0015406702255712
#Header 
#Target 43 95 0
#Product 41 88 0
#Datapoints 21
1000000 0
35000000 0
40000000 2.63523579E-11
45000000 7.0144991294E-8
50000000 3.39770025E-6
55000000 0.000199338027
60000000 0.00194607036
65000000 0.0050607100539
70000000 0.006887319642
75000000 0.0064496393994
80000000 0.0055063601274
90000000 0.005826190126
100000000 0.009441250128
110000000 0.013944699984
120000000 0.01612779973
130000000 0.015938200538
140000000 0.01481629752
150000000 0.013557397248
160000000 0.0123353975828
180000000 0.010632103405
200000000 0.009598366271762
#Header 
#Target 43 95 0
#Product 41 89 0
#Datapoints 26
1000000 0
22000000 0
24000000 7.195437873E-15
26000000 6.07926936E-12
28000000 4.876699016E-10
30000000 1.17105004712E-8
35000000 8.9472004342E-7
40000000 0.0004446870183
45000000 0.0086510301836
50000000 0.023099199375
55000000 0.028624795088
60000000 0.024099707736
65000000 0.017800995375
70000000 0.014977602108
75000000 0.01705289579
80000000 0.024957198067
90000000 0.043301394002
100000000 0.05672359728
110000000 0.060757503184
120000000 0.059283194635
130000000 0.056228699424
140000000 0.05307170488
150000000 0.05072810004
160000000 0.0486797988862
180000000 0.045429498048
200000000 0.042894904188257
#Header 
#Target 43 95 0
#Product 41 90 0
#Datapoints 29
1000000 0
18000000 0
19000000 2.507180104E-14
20000000 2.426924266E-12
22000000 3.8123798984E-9
24000000 1.11487003602E-6
26000000 5.3995700288E-5
28000000 0.00078033204806
30000000 0.0043736204346
35000000 0.020318007035
40000000 0.026240305035
45000000 0.025519496898
50000000 0.017836599375
55000000 0.0125912999996
60000000 0.013346598096
65000000 0.025219197315
70000000 0.04194599661
75000000 0.052996208206
80000000 0.057639306558
90000000 0.058748498102
100000000 0.05634310368
110000000 0.051702896576
120000000 0.04779670504
130000000 0.044648698042
140000000 0.04202769344
150000000 0.040239295704
160000000 0.038599498233
180000000 0.036096594721
200000000 0.034077605135055
#Header 
#Target 43 95 0
#Product 41 91 0
#Datapoints 41
1000000 0
6000000 0
7000000 3.539619E-15
8000000 1.4461362475E-11
9000000 4.23484987119E-9
10000000 2.59042999775E-7
11000000 5.99624987972E-6
12000000 6.69720011136E-5
13000000 0.00040856605771538
14000000 0.0014514799060482
15000000 0.0034608194237
16000000 0.0067096999866
17000000 0.0108399004182
18000000 0.01491569695
19000000 0.017748095772
20000000 0.019152097459
22000000 0.01940340382
24000000 0.019395101232
26000000 0.01926249668
28000000 0.018602496075
30000000 0.017325106408
35000000 0.0111392002737
40000000 0.007224259446
45000000 0.0086484098148
50000000 0.027333298125
55000000 0.051271800696
60000000 0.060737094756
65000000 0.061447393962
70000000 0.059043702753
75000000 0.056322899038
80000000 0.055062299133
90000000 0.052734100705
100000000 0.05017979184
110000000 0.047421001376
120000000 0.04506860358
130000000 0.042961000832
140000000 0.04113610264
150000000 0.039733701552
160000000 0.0381705013706
180000000 0.035627200642
200000000 0.033362005275415
#Header 
#Target 43 95 0
#Product 41 92 0
#Datapoints 27
1000000 0
20000000 0
22000000 1.2274488414E-13
24000000 1.760103423E-10
26000000 2.0138498248E-8
28000000 4.8816398807E-7
30000000 4.0725205668E-6
35000000 6.5308797466E-5
40000000 0.00064842307545
45000000 0.0023403495724
50000000 0.0049491605625
55000000 0.0060250299544
60000000 0.0053832506364
65000000 0.0048156198894
70000000 0.0044999705142
75000000 0.0043392803486
80000000 0.0042484203623
90000000 0.0041005796897
100000000 0.003853659936
110000000 0.0036380097184
120000000 0.00344424969
130000000 0.0032729803464
140000000 0.003180350256
150000000 0.0029951902368
160000000 0.00284914028328
180000000 0.0026238701654
200000000 0.0024846698066734
#Header 
#Target 43 95 0
#Product 41 93 0
#Datapoints 29
1000000 0
18000000 0
19000000 8.442850328E-15
20000000 6.628220121E-13
22000000 1.0381194046E-9
24000000 9.7627707567E-8
26000000 1.5256600768E-6
28000000 8.843759822E-6
30000000 3.154290035E-5
35000000 0.00025574107041
40000000 0.00066566605305
45000000 0.00080608308032
50000000 0.000735830025
55000000 0.00075425796248
60000000 0.00080180701848
65000000 0.00087011203428
70000000 0.00090433693287
75000000 0.00093304805516
80000000 0.00096077500012
90000000 0.00096139191018
100000000 0.0009399949488
110000000 0.0009075119648
120000000 0.0008630779787
130000000 0.00082379103438
140000000 0.0007904930088
150000000 0.00075887001072
160000000 0.000719656059996
180000000 0.00066461800625
200000000 0.00061705502301966
#Header 
#Target 43 95 0
#Product 42 86 0
#Datapoints 14
1000000 0
70000000 0
75000000 4.338400518E-13
80000000 2.964505817E-10
90000000 6.2951498487E-8
100000000 3.805680096E-7
110000000 8.2816300352E-7
120000000 1.4921995235E-6
130000000 3.1063301288E-6
140000000 5.271210184E-6
150000000 7.293440088E-6
160000000 8.39374897616E-6
180000000 9.4321198279E-6
200000000 9.1427210221596E-6
#Header 
#Target 43 95 0
#Product 42 87 0
#Datapoints 16
1000000 0
60000000 0
65000000 3.363026445E-10
70000000 1.2878995185E-7
75000000 1.812749486E-6
80000000 6.0516697969E-6
90000000 1.2670305678E-5
100000000 1.774879824E-5
110000000 3.0863198528E-5
120000000 6.2289904705E-5
130000000 0.00010065300499
140000000 0.000127542036
150000000 0.00014004004248
160000000 0.000144840055794
180000000 0.00014180598003
200000000 0.0001315789847681
#Header 
#Target 43 95 0
#Product 42 88 0
#Datapoints 19
1000000 0
45000000 0
50000000 3.0618905625E-9
55000000 5.6337003572E-6
60000000 0.000120288995892
65000000 0.00031937405436
70000000 0.00039653392842
75000000 0.0003510840451
80000000 0.00029687805934
90000000 0.00035600094233
100000000 0.0007688930544
110000000 0.0014220802272
120000000 0.001885040192
130000000 0.0020543795654
140000000 0.002083840384
150000000 0.0020307803256
160000000 0.00196543024638
180000000 0.0018486903039
200000000 0.0017687804526428
#Header 
#Target 43 95 0
#Product 42 89 0
#Datapoints 22
1000000 0
30000000 0
35000000 3.128116056E-14
40000000 3.480320631E-7
45000000 0.0001749629854
50000000 0.0014345296875
55000000 0.0026545497864
60000000 0.0025438504572
65000000 0.0017917501968
70000000 0.0013840395156
75000000 0.001475339823
80000000 0.0023303795734
90000000 0.0054357097343
100000000 0.008503100736
110000000 0.0100194000256
120000000 0.010163500081
130000000 0.0098623107704
140000000 0.009391280176
150000000 0.0089644798512
160000000 0.00866981055036
180000000 0.0081205503665
200000000 0.0076954203060377
#Header 
#Target 43 95 0
#Product 42 90 0
#Datapoints 27
1000000 0
20000000 0
22000000 3.349497859E-11
24000000 2.3684193936E-8
26000000 2.5066198352E-6
28000000 5.9982993851E-5
30000000 0.0005933359289
35000000 0.0096930299788
40000000 0.017881493775
45000000 0.013883698542
50000000 0.008061629625
55000000 0.0056811998
60000000 0.0062161298316
65000000 0.013632200856
70000000 0.028942201449
75000000 0.041708005484
80000000 0.046406404818
90000000 0.048398495354
100000000 0.04735989984
110000000 0.044312495136
120000000 0.041411199235
130000000 0.03906520684
140000000 0.0372810024
150000000 0.035789398632
160000000 0.0344589991934
180000000 0.032463399463
200000000 0.030945105537945
#Header 
#Target 43 95 0
#Product 42 91 0
#Datapoints 38
1000000 0
9000000 0
10000000 2.4841842165E-15
11000000 8.615168319E-11
12000000 8.6371807104E-8
13000000 3.4981600837517E-6
14000000 2.4664003566615E-5
15000000 8.5167197846E-5
16000000 0.00022580505261
17000000 0.00068836503302
18000000 0.0019822802538
19000000 0.0043855704068
20000000 0.0078821002295
22000000 0.015633003635
24000000 0.021647592642
26000000 0.026528597512
28000000 0.030257504893
30000000 0.030014306458
35000000 0.015791201114
40000000 0.0091219397895
45000000 0.0083670096902
50000000 0.0285233025
55000000 0.0766378972
60000000 0.11567000718
65000000 0.12579204825
70000000 0.116925005106
75000000 0.106257010244
80000000 0.100181003812
90000000 0.091429806413
100000000 0.08306259744
110000000 0.076410298704
120000000 0.071325795275
130000000 0.067482601102
140000000 0.06406049672
150000000 0.060818295744
160000000 0.0585666026808
180000000 0.054349403658
200000000 0.050810503899548
#Header 
#Target 43 95 0
#Product 42 92 0
#Datapoints 46
1000000 0
1000000 1.1318202024E-13
2000000 4.7480694036E-8
3000000 1.1219901579E-5
4000000 8.562781005E-5
5000000 0.000241258998855
6000000 0.00059657699106
7000000 0.00196776999
8000000 0.004857500034
9000000 0.0089171208347
10000000 0.0130191030445
11000000 0.0165404010713
12000000 0.0197059967104
13000000 0.022661102076035
14000000 0.025324503997793
15000000 0.028100698099
16000000 0.029885099133
17000000 0.029457400475
18000000 0.024382493366
19000000 0.01933390635
20000000 0.015982398026
22000000 0.0113035998482
24000000 0.0086208690165
26000000 0.0069865702672
28000000 0.0061392203921
30000000 0.0062549295432
35000000 0.042817099258
40000000 0.21787599075
45000000 0.30952092458
50000000 0.30637595625
55000000 0.26164105696
60000000 0.22725100476
65000000 0.20881597743
70000000 0.19837201797
75000000 0.18983700158
80000000 0.18295996068
90000000 0.17097396415
100000000 0.1574759952
110000000 0.14611002288
120000000 0.1362580044
130000000 0.12720296278
140000000 0.119318024
150000000 0.11273901912
160000000 0.106538005786
180000000 0.096174695683
200000000 0.087885511249433
#Header 
#Target 43 95 0
#Product 42 93 0
#Datapoints 37
1000000 0
10000000 0
11000000 4.5940202382E-15
12000000 8.0104989184E-13
13000000 2.780808369985E-11
14000000 3.459655980431E-10
15000000 2.7489003221E-9
16000000 2.108269674E-8
17000000 1.6193198774E-7
18000000 1.2425600495E-6
19000000 8.4680599542E-6
20000000 6.2275897649E-5
22000000 0.002765140148
24000000 0.020579295438
26000000 0.041864600928
28000000 0.054532094913
30000000 0.068143096728
35000000 0.108468002196
40000000 0.11136100512
45000000 0.08975810487
50000000 0.08058351
55000000 0.078410297544
60000000 0.077460411132
65000000 0.07719289875
70000000 0.076553100477
75000000 0.07522480002
80000000 0.074001095346
90000000 0.070830998248
100000000 0.0667395048
110000000 0.06201689616
120000000 0.05721739702
130000000 0.05309950222
140000000 0.0497397024
150000000 0.047085898608
160000000 0.043927301975
180000000 0.039411699448
200000000 0.035702207920578
#Header 
#Target 43 95 0
#Product 42 94 0
#Datapoints 40
1000000 0
7000000 0
8000000 5.112079615E-12
9000000 1.8717900872E-8
10000000 3.13091000605E-6
11000000 8.9132034416E-5
12000000 0.00091483517312
13000000 0.0047136208411333
14000000 0.0135606061969
15000000 0.023682700482
16000000 0.029783000415
17000000 0.029749500636
18000000 0.028549505523
19000000 0.028362001822
20000000 0.03013989744
22000000 0.033572894626
24000000 0.036787396932
26000000 0.039358701376
28000000 0.039769505628
30000000 0.037955301454
35000000 0.033994601261
40000000 0.03561159252
45000000 0.037028399492
50000000 0.037869208125
55000000 0.038374105004
60000000 0.038248995096
65000000 0.037942693839
70000000 0.037388900682
75000000 0.036832096516
80000000 0.036098903013
90000000 0.034221100274
100000000 0.03143309904
110000000 0.028976106528
120000000 0.02704450385
130000000 0.0251297045
140000000 0.023361904
150000000 0.02176950168
160000000 0.0205114964108
180000000 0.018242100767
200000000 0.016406403963382
#Header 
#Target 43 95 0
#Product 43 89 0
#Datapoints 16
1000000 0
60000000 0
65000000 1.267159464E-10
70000000 4.0129004286E-8
75000000 4.6060994238E-7
80000000 2.3219496768E-6
90000000 1.4251296734E-5
100000000 2.900150592E-5
110000000 3.7666700896E-5
120000000 3.887640449E-5
130000000 3.749629896E-5
140000000 3.526629472E-5
150000000 3.3241201704E-5
160000000 3.1671102142E-5
180000000 2.899280439E-5
200000000 2.706810394514E-5
#Header 
#Target 43 95 0
#Product 43 90 0
#Datapoints 19
1000000 0
45000000 0
50000000 2.230186875E-15
55000000 4.6273903836E-8
60000000 2.546760528E-6
65000000 2.1688394436E-5
70000000 0.00012495694869
75000000 0.0003121900411
80000000 0.00042905299599
90000000 0.00048041004906
100000000 0.0004772489328
110000000 0.00043709605584
120000000 0.0003939379941
130000000 0.00035853699326
140000000 0.0003315379704
150000000 0.00031080504528
160000000 0.00029448805976
180000000 0.00026991601769
200000000 0.00025182303426608
#Header 
#Target 43 95 0
#Product 43 91 0
#Datapoints 21
1000000 0
35000000 0
40000000 1.68678012E-7
45000000 3.120920614E-5
50000000 0.00035484395625
55000000 0.0031104604336
60000000 0.007751939598
65000000 0.0093244200813
70000000 0.0083148300144
75000000 0.007310240269
80000000 0.0067490800931
90000000 0.0061200292816
100000000 0.005456349984
110000000 0.0049318495264
120000000 0.0045332600145
130000000 0.004257049964
140000000 0.004018849976
150000000 0.0037944501336
160000000 0.0035966995046
180000000 0.0033414902367
200000000 0.0031163900857272
#Header 
#Target 43 95 0
#Product 43 92 0
#Datapoints 25
1000000 0
24000000 0
26000000 8.340101128E-11
28000000 4.6408901273E-7
30000000 2.2425895942E-5
35000000 0.00057936598202
40000000 0.02044789767
45000000 0.079923209674
50000000 0.097700308125
55000000 0.077629990968
60000000 0.060301696104
65000000 0.051137099577
70000000 0.045747593073
75000000 0.04179559459
80000000 0.038794804123
90000000 0.034109498099
100000000 0.03024550416
110000000 0.027052694064
120000000 0.0247248022
130000000 0.022701503852
140000000 0.02098209672
150000000 0.01970860428
160000000 0.018582195386
180000000 0.016453199675
200000000 0.014830901697049
#Header 
#Target 43 95 0
#Product 43 93 0
#Datapoints 36
1000000 0
11000000 0
12000000 2.5379646336E-14
13000000 2.033648054418E-10
14000000 1.7959504544506E-8
15000000 2.3921701057E-7
16000000 1.00290001287E-6
17000000 3.3044004589E-6
18000000 1.3133498763E-5
19000000 4.3571103444E-5
20000000 0.000109315001758
22000000 0.0069290502241
24000000 0.072921095013
26000000 0.21051503376
28000000 0.35602094297
30000000 0.44549695992
35000000 0.46544198364
40000000 0.3252390156
45000000 0.23427004328
50000000 0.20151403125
55000000 0.18483296212
60000000 0.17069896584
65000000 0.16019799057
70000000 0.15188803938
75000000 0.14492994636
80000000 0.1382240268
90000000 0.12300195381
100000000 0.1090370016
110000000 0.09740899704
120000000 0.088026298675
130000000 0.080527695
140000000 0.07422400192
150000000 0.067414898808
160000000 0.0632029047136
180000000 0.055319100804
200000000 0.049411101260229
#Header 
#Target 43 95 0
#Product 43 94 0
#Datapoints 38
1000000 0
9000000 0
10000000 6.0960481455E-10
11000000 6.14567000068E-7
12000000 0.000297679992192
13000000 0.033821300339256
14000000 0.16729605479433
15000000 0.30197505378
16000000 0.31220601075
17000000 0.32413007625
18000000 0.35250994394
19000000 0.3957200764
20000000 0.44308604843
22000000 0.53012305099
24000000 0.57502701594
26000000 0.52825794152
28000000 0.4223830574
30000000 0.33396098394
35000000 0.25001199765
40000000 0.2290889808
45000000 0.2119470094
50000000 0.19281504375
55000000 0.18030397844
60000000 0.1712860344
65000000 0.15970202271
70000000 0.14917901418
75000000 0.1406839579
80000000 0.13143799523
90000000 0.11596096407
100000000 0.10118300208
110000000 0.088870209936
120000000 0.07908879447
130000000 0.07097830395
140000000 0.06406020208
150000000 0.058930396632
160000000 0.0541901000736
180000000 0.046686299561
200000000 0.041128307242325
#Header 
#Target 43 95 0
#Product 43 95 0
#Datapoints 46
1000000 0
1000000 0
2000000 1.46704006636E-9
3000000 1.55132995115E-5
4000000 0.00058748981622
5000000 0.00368386016509
6000000 0.0091067601906
7000000 0.028936197
8000000 0.06115540894
9000000 0.096128814119
10000000 0.128179975605
11000000 0.156903971324
12000000 0.18442601408
13000000 0.21042506976317
14000000 0.22828604436708
15000000 0.22653097523
16000000 0.20556301455
17000000 0.17422102568
18000000 0.15045396135
19000000 0.13373003886
20000000 0.12389296469
22000000 0.116078001785
24000000 0.110990007102
26000000 0.107204009672
28000000 0.104128997822
30000000 0.099969803324
35000000 0.089786799443
40000000 0.080138098005
45000000 0.072392597956
50000000 0.07059409875
55000000 0.065324598524
60000000 0.058889496744
65000000 0.053795695509
70000000 0.048551798925
75000000 0.044279701382
80000000 0.040221000448
90000000 0.033128796116
100000000 0.0271190976
110000000 0.022183296784
120000000 0.018165194985
130000000 0.014942798656
140000000 0.01240279968
150000000 0.010422201096
160000000 0.00874824011852
180000000 0.0064609499449
200000000 0.0050471208905284
#Header 
#Target 43 95 0
#Product 44 91 0
#Datapoints 18
1000000 0
50000000 0
55000000 3.590680612E-7
60000000 6.9133501944E-6
65000000 1.8001006002E-5
70000000 2.004630012E-5
75000000 1.708960514E-5
80000000 1.4971594902E-5
90000000 1.2374903524E-5
100000000 1.0032499536E-5
110000000 8.0696102688E-6
120000000 6.6363999905E-6
130000000 5.620889948E-6
140000000 4.8390302E-6
150000000 4.2454496448E-6
160000000 3.74236965076E-6
180000000 3.0607104429E-6
200000000 2.5705200304479E-6
#Header 
#Target 43 95 0
#Product 44 92 0
#Datapoints 21
1000000 0
35000000 0
40000000 3.457139703E-5
45000000 0.00046729300982
50000000 0.00089060199375
55000000 0.0007369409646
60000000 0.00051903203976
65000000 0.00040945195521
70000000 0.00034613292798
75000000 0.00029839997978
80000000 0.000260217042
90000000 0.00020526803464
100000000 0.0001654600128
110000000 0.00013675403072
120000000 0.0001169170086
130000000 0.000101621001104
140000000 8.95505956E-5
150000000 8.0109396288E-5
160000000 7.1808395356E-5
180000000 5.9894094084E-5
200000000 5.139130911614E-5
#Header 
#Target 43 95 0
#Product 44 93 0
#Datapoints 24
1000000 0
26000000 0
28000000 0.0013930897129
30000000 0.0061812695776
35000000 0.017393694453
40000000 0.01257959982
45000000 0.006603829701
50000000 0.0047273900625
55000000 0.0039062394052
60000000 0.003327210432
65000000 0.00289041939
70000000 0.0025377401511
75000000 0.002260030532
80000000 0.0020224103228
90000000 0.001660299594
100000000 0.00137176968
110000000 0.0011555097728
120000000 0.0009871299214
130000000 0.0008577669529
140000000 0.0007523620208
150000000 0.00066813998472
160000000 0.000599243982878
180000000 0.00049420297949
200000000 0.0004181500496591
#Header 
#Target 43 95 0
#Product 44 94 0
#Datapoints 35
1000000 0
12000000 0
13000000 0.012013099586576
14000000 0.056620099354868
15000000 0.10967000799
16000000 0.25317105003
17000000 0.35365301238
18000000 0.3976189833
19000000 0.401020037
20000000 0.38282798952
22000000 0.32654203776
24000000 0.2329919592
26000000 0.14676205536
28000000 0.099575308003
30000000 0.077780702364
35000000 0.058014594885
40000000 0.04780490661
45000000 0.039958396086
50000000 0.0338571975
55000000 0.02904079368
60000000 0.024984998532
65000000 0.021775703121
70000000 0.019148698422
75000000 0.017157198096
80000000 0.01516900417
90000000 0.012074094486
100000000 0.009612370128
110000000 0.0078727303104
120000000 0.006584589914
130000000 0.0056060100214
140000000 0.004870829984
150000000 0.0043108699392
160000000 0.00381675984734
180000000 0.0031188799235
200000000 0.0026216706618746
#Header 
#Target 43 95 0
#Product 44 95 0
#Datapoints 44
1000000 0
3000000 0
4000000 0.00307345029582
5000000 0.0312518003126
6000000 0.111729997308
7000000 0.232381008
8000000 0.35435299797
9000000 0.453900997566
10000000 0.52660703263
11000000 0.577885043314
12000000 0.616911001344
13000000 0.60288010886044
14000000 0.45173703668779
15000000 0.29895804455
16000000 0.19322100414
17000000 0.1342570553
18000000 0.103607999341
19000000 0.08723939862
20000000 0.077687307529
22000000 0.066798696169
24000000 0.06024849753
26000000 0.054929601544
28000000 0.050367305866
30000000 0.0459930011
35000000 0.036706793798
40000000 0.03002200476
45000000 0.024782604896
50000000 0.02074629375
55000000 0.017958904528
60000000 0.01515479706
65000000 0.013262195448
70000000 0.0114689001483
75000000 0.0102213000806
80000000 0.0089707097772
90000000 0.0071305997551
100000000 0.005657450208
110000000 0.00460550052
120000000 0.0038368796585
130000000 0.0032680696296
140000000 0.002828089848
150000000 0.0024676195176
160000000 0.0021859803296
180000000 0.0017528801587
200000000 0.0014629003011108
#Header 
#Target 43 95 0
#Product 44 96 0
#Datapoints 46
1000000 0
1000000 5.4646898696E-11
2000000 4.31870985902E-6
3000000 0.000298083017975
4000000 0.00098081591448
5000000 0.00120573003754
6000000 0.00085736198568
7000000 0.00123335001
8000000 0.0015836102608
9000000 0.00180011996808
10000000 0.0018851502067
11000000 0.00186590005084
12000000 0.00180927022848
13000000 0.0017391805182147
14000000 0.0016786203078638
15000000 0.0016274101497
16000000 0.0015820798542
17000000 0.0015192804634
18000000 0.0014158395559
19000000 0.0012736294494
20000000 0.0011151499764
22000000 0.00084680702729
24000000 0.00067819703484
26000000 0.00057089197904
28000000 0.00049935605673
30000000 0.00044742795298
35000000 0.00036316294837
40000000 0.00030539102175
45000000 0.00027482999012
50000000 0.00024598494375
55000000 0.00022817795912
60000000 0.00020573404488
65000000 0.00019442299509
70000000 0.00017644301829
75000000 0.00016766300224
80000000 0.00015199704197
90000000 0.00013190400211
100000000 0.0001137800064
110000000 9.76706056E-5
120000000 8.596800198E-5
130000000 7.417249168E-5
140000000 6.571699328E-5
150000000 5.943020616E-5
160000000 5.3379095763E-5
180000000 4.0214899021E-5
200000000 3.2026102190008E-5
