#Header 
#Target 80 203 0
#Product 0 1 0
#Datapoints 45
1000000 0
2000000 3.163700306E-13
3000000 5.158123451E-9
4000000 1.4628995037E-6
5000000 6.2020150395E-5
6000000 0.0008861214649418
7000000 0.0062084125524
8000000 0.025925176718
9000000 0.08551412744
10000000 0.2333307276
11000000 0.4729510468
12000000 0.7716254996
13000000 1.0841328044
14000000 1.376303000436
15000000 1.63271668
16000000 1.857864657159
17000000 2.10233064
18000000 2.419029764
19000000 2.787362375
20000000 3.148473964
22000000 3.699202416
24000000 4.009705931
26000000 4.272991184
28000000 4.721810688
30000000 5.21664
35000000 5.88857088
40000000 6.525176796
45000000 7.01716647
50000000 7.44957904383
55000000 7.78947465275
60000000 8.04730300312
65000000 8.3042009298
70000000 8.4968407855
75000000 8.6822867583
80000000 8.81268728697
90000000 9.14834811705
100000000 9.4201553533
110000000 9.69677205
120000000 9.97198420196
130000000 10.2429529356
140000000 10.5194807796
150000000 10.8108134166
160000000 11.1063416328
180000000 11.69446354249
200000000 12.27981013845
#Header 
#Target 80 203 0
#Product 1 1 0
#Datapoints 45
1000000 0
2000000 0
3000000 6.00432544E-19
4000000 2.380345299E-14
5000000 2.980985811E-11
6000000 4.82487458885E-9
7000000 2.2422713478E-7
8000000 4.093444857E-6
9000000 3.6216844734E-5
10000000 0.0001920107754
11000000 0.0007192897792
12000000 0.0020270803256
13000000 0.004429326628
14000000 0.00789584650071
15000000 0.01221921358
16000000 0.0172958194017
17000000 0.02320871856
18000000 0.03014119916
19000000 0.0382165665
20000000 0.04768624598
22000000 0.06965477883
24000000 0.09513069573
26000000 0.12462375008
28000000 0.15717943962
30000000 0.1922096
35000000 0.2886349742
40000000 0.3908899719
45000000 0.4924357631
50000000 0.591271216566
55000000 0.685719599076
60000000 0.772673791456
65000000 0.85244614108
70000000 0.927103808885
75000000 0.995164944135
80000000 1.058317853565
90000000 1.170843178145
100000000 1.266225991753
110000000 1.347137835456
120000000 1.414153926521
130000000 1.46932916552
140000000 1.516122650484
150000000 1.5562308866
160000000 1.59690535299
180000000 1.68870728234
200000000 1.79190767307
#Header 
#Target 80 203 0
#Product 1 2 0
#Datapoints 41
1000000 0
6000000 0
7000000 2.1804994689E-17
8000000 9.484532058E-14
9000000 1.9038623247E-11
10000000 1.3521871395E-9
11000000 4.547604132E-8
12000000 8.33593502E-7
13000000 8.973823252E-6
14000000 6.082169032947E-5
15000000 0.0002780655298
16000000 0.0008910035436204
17000000 0.002106300624
18000000 0.003951519588
19000000 0.006333084625
20000000 0.009114004968
22000000 0.01534032318
24000000 0.02183425468
26000000 0.03024790096
28000000 0.0363049827
30000000 0.04193112
35000000 0.05430807802
40000000 0.06560711013
45000000 0.07448251877
50000000 0.0844061666199
55000000 0.087646324509
60000000 0.0968280096154
65000000 0.099986634072
70000000 0.1078304297375
75000000 0.111570454848
80000000 0.1190580443388
90000000 0.1172179991386
100000000 0.120483450407
110000000 0.1226223584712
120000000 0.1236062581924
130000000 0.124234416124
140000000 0.1222416089076
150000000 0.122570685948
160000000 0.1257478025895
180000000 0.1225793202208
200000000 0.115867838604
#Header 
#Target 80 203 0
#Product 1 3 0
#Datapoints 39
1000000 0
8000000 0
9000000 2.9522835461E-16
10000000 3.312527805E-13
11000000 2.1241336354E-11
12000000 6.093810232E-10
13000000 1.557353016E-8
14000000 2.733054694944E-7
15000000 2.76428736E-6
16000000 1.695862959777E-5
17000000 6.795908256E-5
18000000 0.0001918462928
19000000 0.0004157815025
20000000 0.0007475525794
22000000 0.001696663878
24000000 0.002915932894
26000000 0.004279345888
28000000 0.005702132079
30000000 0.0071090096
35000000 0.010451577478
40000000 0.013262996091
45000000 0.015455424724
50000000 0.01735614230733
55000000 0.01924056155396
60000000 0.021243174435
65000000 0.023527386829
70000000 0.026115796515
75000000 0.0290147938956
80000000 0.0322388717826
90000000 0.0405729531479
100000000 0.0498118847292
110000000 0.0559803297984
120000000 0.0640622385301
130000000 0.074647419562
140000000 0.0829570905852
150000000 0.086705903492
160000000 0.0872012672145
180000000 0.0870844881478
200000000 0.0896577618096
#Header 
#Target 80 203 0
#Product 2 3 0
#Datapoints 34
1000000 0
13000000 0
14000000 1.545678371769E-19
15000000 3.669679808E-17
16000000 4.138244645787E-15
17000000 1.920074224E-13
18000000 4.511602392E-12
19000000 6.374509575E-11
20000000 6.11329332E-10
22000000 2.429865984E-8
24000000 4.454235667E-7
26000000 4.747192592E-6
28000000 3.774870057E-5
30000000 0.000143795168
35000000 0.0009879626094
40000000 0.002528635065
45000000 0.004369722317
50000000 0.00626287852317
55000000 0.00813418018954
60000000 0.00978528757708
65000000 0.0113387650507
70000000 0.01269967449175
75000000 0.01405098312858
80000000 0.01532078995713
90000000 0.01797495961835
100000000 0.0208814916514
110000000 0.0230058626448
120000000 0.0251391406611
130000000 0.027286787412
140000000 0.0294589059336
150000000 0.031652112452
160000000 0.0338604086295
180000000 0.0382414739978
200000000 0.0424507343859
#Header 
#Target 80 203 0
#Product 2 4 0
#Datapoints 45
1000000 0
2000000 0
3000000 1.906923337E-12
4000000 3.141163233E-11
5000000 3.416461653E-10
6000000 2.586287147221E-9
7000000 1.695665733E-8
8000000 9.268388119E-8
9000000 4.0877867807E-7
10000000 1.532107107E-6
11000000 6.846695086E-6
12000000 2.5609629616E-5
13000000 7.0830116E-5
14000000 0.0001644581605569
15000000 0.0003124169646
16000000 0.0005607332258472
17000000 0.0008744562096
18000000 0.0012378881
19000000 0.001700473075
20000000 0.002347213488
22000000 0.004972213974
24000000 0.015160607952
26000000 0.016111804736
28000000 0.010117231488
30000000 0.009765272
35000000 0.010272253589
40000000 0.011453700888
45000000 0.012703914526
50000000 0.01371721368063
55000000 0.01655912444618
60000000 0.01568449849656
65000000 0.0167838286103
70000000 0.0191753528899
75000000 0.01903813033932
80000000 0.0201340856346
90000000 0.0238088931561
100000000 0.0262001067385
110000000 0.027548517864
120000000 0.0310309879723
130000000 0.035062831548
140000000 0.040624790076
150000000 0.047369372892
160000000 0.05737988376
180000000 0.0813067210626
200000000 0.0975612561927
#Header 
#Target 80 203 0
#Product 76 179 0
#Datapoints 9
1000000 0
110000000 0
120000000 5.49532946745E-12
130000000 3.47208325796E-8
140000000 2.51606839536E-6
150000000 2.18159149378E-5
160000000 8.60370675165E-5
180000000 0.00016514882330205
200000000 0.000240466964469
#Header 
#Target 80 203 0
#Product 76 180 0
#Datapoints 10
1000000 0
100000000 0
110000000 6.63123614832E-12
120000000 2.610028178782E-8
130000000 2.35725295012E-6
140000000 2.0583560985E-5
150000000 6.6736150667E-5
160000000 0.0001293171688881
180000000 0.0001738703697788
200000000 0.0002025400528044
#Header 
#Target 80 203 0
#Product 76 181 0
#Datapoints 10
1000000 0
100000000 0
110000000 4.227377532E-13
120000000 8.50143320265E-10
130000000 4.34439466658E-8
140000000 3.775018492284E-7
150000000 1.249117561004E-6
160000000 2.24747482536E-6
180000000 3.38681327205E-6
200000000 4.523066572299E-6
#Header 
#Target 80 203 0
#Product 77 180 0
#Datapoints 9
1000000 0
110000000 0
120000000 8.588092517274E-9
130000000 2.3822295411E-6
140000000 1.80735399858E-5
150000000 8.06304830544E-5
160000000 0.0003954703020975
180000000 0.001189383719543
200000000 0.001309335697062
#Header 
#Target 80 203 0
#Product 77 181 0
#Datapoints 10
1000000 0
100000000 0
110000000 2.56625706456E-10
120000000 5.302439623761E-7
130000000 1.012843661262E-5
140000000 4.47433481352E-5
150000000 0.000149302869028
160000000 0.0004421652063075
180000000 0.0007229954803701
200000000 0.0009194766888381
#Header 
#Target 80 203 0
#Product 77 182 0
#Datapoints 11
1000000 0
90000000 0
100000000 3.04998235629E-13
110000000 2.906655502296E-8
120000000 2.051172757658E-6
130000000 1.9191914051E-5
140000000 6.357664500252E-5
150000000 0.000169949862607
160000000 0.000437755551264
180000000 0.0004632769139514
200000000 0.0005987510435553
#Header 
#Target 80 203 0
#Product 77 183 0
#Datapoints 11
1000000 0
90000000 0
100000000 2.42852774513E-10
110000000 3.113063690184E-7
120000000 8.922615815771E-6
130000000 3.9482295113E-5
140000000 7.774073674692E-5
150000000 0.000183693616074
160000000 0.0003100978300185
180000000 0.0003567281904298
200000000 0.000383619041643
#Header 
#Target 80 203 0
#Product 77 184 0
#Datapoints 12
1000000 0
80000000 0
90000000 9.46435005333E-13
100000000 1.5116462244275E-8
110000000 2.201359576584E-6
120000000 2.35267858176E-5
130000000 5.21125877756E-5
140000000 9.127575865356E-5
150000000 0.000173680933402
160000000 0.0002369288737485
180000000 0.0002900651262257
200000000 0.0003060492399135
#Header 
#Target 80 203 0
#Product 77 185 0
#Datapoints 12
1000000 0
80000000 0
90000000 5.07659143664E-10
100000000 3.650118885696E-7
110000000 9.60787997652E-6
120000000 3.5105650651E-5
130000000 4.86312580242E-5
140000000 8.269659547968E-5
150000000 0.0001352172677492
160000000 0.00016468155270495
180000000 0.0002585431395274
200000000 0.000268778705292
#Header 
#Target 80 203 0
#Product 77 186 0
#Datapoints 13
1000000 0
75000000 0
80000000 3.01383353628E-13
90000000 5.181773897113E-9
100000000 1.2579552228326E-6
110000000 1.4948455241496E-5
120000000 2.934081593551E-5
130000000 3.87684922176E-5
140000000 7.193446292916E-5
150000000 0.0001094684979342
160000000 0.00012643104100095
180000000 0.00016007241163587
200000000 0.00014572389380355
#Header 
#Target 80 203 0
#Product 77 187 0
#Datapoints 14
1000000 0
70000000 0
75000000 1.219685874852E-12
80000000 1.371579077505E-10
90000000 1.4255851202191E-7
100000000 6.708210686915E-6
110000000 2.465486272368E-5
120000000 2.722070073365E-5
130000000 4.47798723326E-5
140000000 7.463144339976E-5
150000000 8.62434259666E-5
160000000 9.456181175475E-5
180000000 0.00011609681821715
200000000 0.00013543401302841
#Header 
#Target 80 203 0
#Product 77 189 0
#Datapoints 17
1000000 0
55000000 0
60000000 3.78981050252E-15
65000000 5.7697824234E-12
70000000 8.0724267435E-10
75000000 3.343305261249E-8
80000000 4.967105490858E-7
90000000 9.507007246003E-6
100000000 1.7225386103832E-5
110000000 1.4371482315456E-5
120000000 2.409195289647E-5
130000000 4.08800959452E-5
140000000 4.923338156724E-5
150000000 5.88101607594E-5
160000000 6.927240320595E-5
180000000 9.523335238532E-5
200000000 0.00013236944205753
#Header 
#Target 80 203 0
#Product 77 191 0
#Datapoints 19
1000000 0
45000000 0
50000000 1.115087898345E-13
55000000 2.57166007122E-11
60000000 1.852253828682E-9
65000000 4.92795448094E-8
70000000 4.1655879899E-7
75000000 1.4532744715881E-6
80000000 2.395974969759E-6
90000000 2.412040708236E-6
100000000 3.00162276353E-6
110000000 5.779362847776E-6
120000000 8.639669745736E-6
130000000 1.082754214962E-5
140000000 1.3060304824008E-5
150000000 1.578268019636E-5
160000000 2.01463488576E-5
180000000 3.525922547841E-5
200000000 6.535236974715E-5
#Header 
#Target 80 203 0
#Product 77 192 0
#Datapoints 20
1000000 0
40000000 0
45000000 4.112265501E-13
50000000 1.2153174744E-10
55000000 7.240039375769E-9
60000000 1.184946383733E-7
65000000 6.1084304077E-7
70000000 1.200230966666E-6
75000000 1.2544566791721E-6
80000000 1.0852639134729E-6
90000000 1.1927107192745E-6
100000000 2.505901213313E-6
110000000 4.629888810288E-6
120000000 6.88779137552E-6
130000000 9.31140796204E-6
140000000 1.1369827304004E-5
150000000 1.6295856211E-5
160000000 2.55967174791E-5
180000000 5.263926806941E-5
200000000 9.899211512724E-5
#Header 
#Target 80 203 0
#Product 77 193 0
#Datapoints 22
1000000 0
30000000 0
35000000 6.416780625E-15
40000000 2.258353776E-12
45000000 2.053245885E-10
50000000 4.81324719753E-9
55000000 3.301766024212E-8
60000000 8.656024379934E-8
65000000 1.123824289706E-7
70000000 1.0543820366615E-7
75000000 9.45195942645E-8
80000000 1.0459045792503E-7
90000000 2.187705417638E-7
100000000 5.602430617751E-7
110000000 1.0055498655216E-6
120000000 1.4270643662482E-6
130000000 1.94283916938E-6
140000000 3.075401559204E-6
150000000 5.2148579166E-6
160000000 9.17177720535E-6
180000000 2.005048605104E-5
200000000 3.299693599959E-5
#Header 
#Target 80 203 0
#Product 77 194 0
#Datapoints 24
1000000 0
26000000 0
28000000 1.944872076E-15
30000000 5.8108864E-14
35000000 2.29311662E-11
40000000 1.2515787777E-9
45000000 1.77638000757E-8
50000000 7.958557453803E-8
55000000 1.4242379630433E-7
60000000 1.5078655844166E-7
65000000 1.40866297921E-7
70000000 1.4133093104905E-7
75000000 1.8384105012153E-7
80000000 2.937296389734E-7
90000000 8.530161177902E-7
100000000 1.7046592867629E-6
110000000 2.5821316374E-6
120000000 3.328090725549E-6
130000000 5.86215198476E-6
140000000 1.2500110257804E-5
150000000 2.22684151782E-5
160000000 3.722542255035E-5
180000000 8.103360370568E-5
200000000 0.00012385616397021
#Header 
#Target 80 203 0
#Product 77 195 0
#Datapoints 32
1000000 0
15000000 0
16000000 4.614779849652E-20
17000000 4.626290656E-19
18000000 3.64842386E-18
19000000 2.00373005E-17
20000000 9.432987494E-17
22000000 5.403144201E-15
24000000 7.150769528E-14
26000000 6.269691456E-13
28000000 3.845003715E-12
30000000 1.8150704E-11
35000000 3.640392763E-10
40000000 2.5331801844E-9
45000000 7.0189600964E-9
50000000 9.440875521555E-9
55000000 9.959894416351E-9
60000000 8.89300379252E-9
65000000 1.118874541663E-8
70000000 1.9689150679085E-8
75000000 4.111276100901E-8
80000000 8.527454081118E-8
90000000 2.168326420526E-7
100000000 3.616861324392E-7
110000000 5.149193038248E-7
120000000 1.1556561950888E-6
130000000 2.85070605644E-6
140000000 6.3934074243E-6
150000000 1.147022346092E-5
160000000 1.750293979965E-5
180000000 3.022839502096E-5
200000000 4.280718335589E-5
#Header 
#Target 80 203 0
#Product 77 196 0
#Datapoints 35
1000000 0
12000000 0
13000000 9.024131962E-20
14000000 6.10569796893E-19
15000000 3.13220497E-18
16000000 1.220630951547E-15
17000000 5.086947536E-15
18000000 1.80442542E-14
19000000 5.63675035E-14
20000000 1.587291122E-13
22000000 1.0197794607E-12
24000000 6.422088379E-12
26000000 2.657589488E-11
28000000 7.277499579E-11
30000000 1.9738048E-10
35000000 1.2896097394E-9
40000000 3.6918207798E-9
45000000 5.7138409415E-9
50000000 6.334876450893E-9
55000000 7.039849423819E-9
60000000 1.4319558358646E-8
65000000 3.59178305403E-8
70000000 8.10645949426E-8
75000000 1.4857442537337E-7
80000000 2.379944148414E-7
90000000 4.0171525585E-7
100000000 5.893199250036E-7
110000000 1.5435829532592E-6
120000000 5.373544562992E-6
130000000 1.317742680028E-5
140000000 2.457711022416E-5
150000000 3.84394945954E-5
160000000 5.52949921323E-5
180000000 8.122979962035E-5
200000000 0.00010942855975032
#Header 
#Target 80 203 0
#Product 78 181 0
#Datapoints 7
1000000 0
130000000 0
140000000 1.5734593495296E-5
150000000 0.000709740154846
160000000 0.00331133519052
180000000 0.006406464947818
200000000 0.008763177886482
#Header 
#Target 80 203 0
#Product 78 182 0
#Datapoints 8
1000000 0
120000000 0
130000000 1.530404181044E-6
140000000 0.0003343670381532
150000000 0.00216671579564
160000000 0.00562907018799
180000000 0.006885000385763
200000000 0.006767164584711
#Header 
#Target 80 203 0
#Product 78 183 0
#Datapoints 9
1000000 0
110000000 0
120000000 5.369244950076E-9
130000000 3.19756906566E-6
140000000 7.566633922692E-5
150000000 0.000372782774358
160000000 0.000664222578021
180000000 0.0007905600806908
200000000 0.000711051414192
#Header 
#Target 80 203 0
#Product 78 184 0
#Datapoints 10
1000000 0
100000000 0
110000000 2.28713761416E-10
120000000 5.252783807479E-6
130000000 0.000199237140758
140000000 0.0015108913012128
150000000 0.0035716251048
160000000 0.005152933435545
180000000 0.006016643891925
200000000 0.005275462956375
#Header 
#Target 80 203 0
#Product 78 185 0
#Datapoints 11
1000000 0
90000000 0
100000000 1.284163414573E-13
110000000 2.06997604044E-8
120000000 1.968590099631E-5
130000000 0.000599063436554
140000000 0.001991688829728
150000000 0.0039242397085
160000000 0.00454917377808
180000000 0.005207465627658
200000000 0.004032084300072
#Header 
#Target 80 203 0
#Product 78 186 0
#Datapoints 11
1000000 0
90000000 0
100000000 8.95440283687E-10
110000000 1.623609063972E-6
120000000 0.00016474662946406
130000000 0.001247532114716
140000000 0.003521727523236
150000000 0.00492952665258
160000000 0.00464028595362
180000000 0.004420467640247
200000000 0.004339312437498
#Header 
#Target 80 203 0
#Product 78 187 0
#Datapoints 12
1000000 0
80000000 0
90000000 2.01853045532E-13
100000000 3.364259541774E-8
110000000 1.8345285453432E-5
120000000 0.0004876105450814
130000000 0.00213241368882
140000000 0.003671908629792
150000000 0.00354789131276
160000000 0.00330739735536
180000000 0.003206896120306
200000000 0.003556330901817
#Header 
#Target 80 203 0
#Product 78 188 0
#Datapoints 12
1000000 0
80000000 0
90000000 1.321135893178E-9
100000000 2.33276747844E-6
110000000 0.00015015951231792
120000000 0.0013432710372825
130000000 0.00320260968882
140000000 0.00361091958474
150000000 0.0029220517959
160000000 0.00301274575236
180000000 0.003701473251814
200000000 0.004112681179695
#Header 
#Target 80 203 0
#Product 78 189 0
#Datapoints 14
1000000 0
70000000 0
75000000 1.283344526928E-15
80000000 6.30722347017E-12
90000000 1.6860285611763E-7
100000000 3.794765210386E-5
110000000 0.0005814449251128
120000000 0.001960590861942
130000000 0.0022312605587
140000000 0.001929630942564
150000000 0.00203690697984
160000000 0.002350734947955
180000000 0.003090834694359
200000000 0.003092526974208
#Header 
#Target 80 203 0
#Product 78 190 0
#Datapoints 15
1000000 0
65000000 0
70000000 6.29934352085E-14
75000000 9.33733278771E-11
80000000 1.3116306522732E-8
90000000 7.807058373748E-6
100000000 0.000219737190011
110000000 0.001142413034868
120000000 0.0015500343832376
130000000 0.001484370235202
140000000 0.0016745598591696
150000000 0.00194541961434
160000000 0.00219715080129
180000000 0.002651728431107
200000000 0.003300373637682
#Header 
#Target 80 203 0
#Product 78 191 0
#Datapoints 16
1000000 0
60000000 0
65000000 1.51891146692E-13
70000000 2.37813202155E-10
75000000 3.064687111653E-8
80000000 9.053855784876E-7
90000000 5.640262479716E-5
100000000 0.0004821028345747
110000000 0.0008077275985464
120000000 0.0008449714587254
130000000 0.001028321727644
140000000 0.0012605790263664
150000000 0.001518672394946
160000000 0.001794910201155
180000000 0.002596276057624
200000000 0.003129808263684
#Header 
#Target 80 203 0
#Product 78 192 0
#Datapoints 17
1000000 0
55000000 0
60000000 7.8130191234E-12
65000000 1.7267700202E-9
70000000 8.04820010705E-8
75000000 1.2816063716964E-6
80000000 1.1202034749381E-5
90000000 0.0001964741463435
100000000 0.000496462362019
110000000 0.0005760793010448
120000000 0.0006633632047778
130000000 0.000795277987076
140000000 0.0009989001078888
150000000 0.001325899102486
160000000 0.001728910300185
180000000 0.002418036886194
200000000 0.002873559791181
#Header 
#Target 80 203 0
#Product 78 193 0
#Datapoints 19
1000000 0
45000000 0
50000000 4.36051334313E-15
55000000 1.127076481968E-11
60000000 1.543735094618E-9
65000000 4.10799024719E-8
70000000 4.40203757283E-7
75000000 3.685131927309E-6
80000000 1.6925648294898E-5
90000000 6.004192143513E-5
100000000 8.110800576993E-5
110000000 8.871087643824E-5
120000000 0.0001179424426286
130000000 0.0001709170077616
140000000 0.00025541019465
150000000 0.00036429583546
160000000 0.0004800308529375
180000000 0.0006592490418681
200000000 0.0009348215497794
#Header 
#Target 80 203 0
#Product 78 194 0
#Datapoints 20
1000000 0
40000000 0
45000000 1.8389392758E-12
50000000 3.52309618842E-10
55000000 1.9527771166352E-8
60000000 3.013301766994E-7
65000000 3.26040426686E-6
70000000 2.45675213494E-5
75000000 8.332811735394E-5
80000000 0.00015347671659012
90000000 0.0002288793048456
100000000 0.0002422174437823
110000000 0.0003080576621304
120000000 0.0004593538225256
130000000 0.000745031749778
140000000 0.001101669452754
150000000 0.00147834212676
160000000 0.001882945514205
180000000 0.002948036552026
200000000 0.003525265918242
#Header 
#Target 80 203 0
#Product 78 195 0
#Datapoints 22
1000000 0
30000000 0
35000000 8.803327441E-16
40000000 3.214303782E-12
45000000 4.159883901E-10
50000000 8.566246292988E-9
55000000 1.1014382646391E-7
60000000 1.1567064997916E-6
65000000 5.05944537846E-6
70000000 9.625907550375E-6
75000000 1.2390569081163E-5
80000000 1.2957907532178E-5
90000000 1.3221075281678E-5
100000000 2.02271705674E-5
110000000 5.4315298338E-5
120000000 0.00012966048295934
130000000 0.00023590330428
140000000 0.0003502010199012
150000000 0.000475891854944
160000000 0.0006205875569595
180000000 0.0008121300300378
200000000 0.0009832582707207
#Header 
#Target 80 203 0
#Product 78 196 0
#Datapoints 24
1000000 0
26000000 0
28000000 8.044780191E-14
30000000 6.5710128E-11
35000000 6.366549739E-10
40000000 2.0041104318E-8
45000000 1.42163999083E-7
50000000 1.1713392770346E-6
55000000 8.010648783458E-6
60000000 2.59411319028E-5
65000000 4.67157649195E-5
70000000 5.938565706245E-5
75000000 6.273003020556E-5
80000000 6.130598834409E-5
90000000 7.106146285804E-5
100000000 0.00016100625082533
110000000 0.00040263395802
120000000 0.0007545488952081
130000000 0.001147535675966
140000000 0.0015813178002024
150000000 0.00198047025034
160000000 0.00231257602179
180000000 0.002901710508347
200000000 0.003389622384102
#Header 
#Target 80 203 0
#Product 78 197 0
#Datapoints 27
1000000 0
20000000 0
22000000 1.716110214E-14
24000000 2.910232206E-13
26000000 2.568901344E-12
28000000 1.4887086627E-11
30000000 6.5272768E-11
35000000 1.1586485065E-9
40000000 3.4701093897E-8
45000000 4.1835502458E-7
50000000 1.5956391977634E-6
55000000 2.83439553005E-6
60000000 3.47001038968E-6
65000000 3.64493216864E-6
70000000 3.495043663815E-6
75000000 3.570833018883E-6
80000000 5.189942710323E-6
90000000 3.386076975192E-5
100000000 0.00012705745946354
110000000 0.0002685636435048
120000000 0.0004219408458709
130000000 0.000589090636762
140000000 0.000721013112924
150000000 0.000861970272534
160000000 0.000968500267092
180000000 0.0011390295143046
200000000 0.0012538396550862
#Header 
#Target 80 203 0
#Product 78 198 0
#Datapoints 29
1000000 0
18000000 0
19000000 1.766797725E-11
20000000 5.40006258E-10
22000000 7.185479028E-12
24000000 2.188196696E-10
26000000 3.3752201664E-5
28000000 0.000134256003147
30000000 0.000343842048
35000000 1.13645004548E-7
40000000 6.1558693488E-7
45000000 1.97905006868E-6
50000000 3.488368531725E-6
55000000 0.0018452071062893
60000000 4.443347377962E-6
65000000 4.35734755861E-6
70000000 0.0013400700186555
75000000 1.3007361480669E-5
80000000 3.952601955351E-5
90000000 0.0012185800693385
100000000 0.00129841370048
110000000 0.0006619949612976
120000000 0.0015587936663295
130000000 0.001701621093398
140000000 0.001797595540416
150000000 0.001465045268902
160000000 0.0019980397233
180000000 0.002125757263103
200000000 0.002196445734012
#Header 
#Target 80 203 0
#Product 78 199 0
#Datapoints 34
1000000 0
13000000 0
14000000 2.366847554547E-15
15000000 8.460482676E-15
16000000 3.020295856977E-14
17000000 1.213054224E-13
18000000 4.5752321E-13
19000000 1.581292475E-12
20000000 4.61655046E-12
22000000 3.1224102E-11
24000000 1.571747842E-10
26000000 5.882201536E-10
28000000 1.6359399546E-9
30000000 3.8071E-9
35000000 1.51049005555E-8
40000000 2.637469521E-8
45000000 3.022260484E-8
50000000 2.96570776617E-8
55000000 3.129816255217E-8
60000000 1.4926554513902E-7
65000000 1.629301851282E-6
70000000 8.554504957895E-6
75000000 2.344175964882E-5
80000000 4.728800827296E-5
90000000 0.00011045328300995
100000000 0.00018061755107358
110000000 0.0002455136899488
120000000 0.0003015534968759
130000000 0.00034709934417
140000000 0.0003841856283564
150000000 0.000414166817358
160000000 0.000440346701682
180000000 0.0004747100463514
200000000 0.0004975050087516
#Header 
#Target 80 203 0
#Product 78 200 0
#Datapoints 22
1000000 0
30000000 0
35000000 2.471411954E-14
40000000 6.630110445E-12
45000000 2.326436614E-10
50000000 1.9047791585571E-8
55000000 6.338461208071E-7
60000000 5.25858401586E-6
65000000 2.03464967962E-5
70000000 4.801852720285E-5
75000000 8.326740827469E-5
80000000 0.00012127820061525
90000000 0.0001960961178072
100000000 0.0002626115790401
110000000 0.000317839203108
120000000 0.0003579358871756
130000000 0.000390880349066
140000000 0.0004221692533188
150000000 0.00044035137763
160000000 0.000460923605478
180000000 0.0004887877631561
200000000 0.000509389619352
#Header 
#Target 80 203 0
#Product 79 182 0
#Datapoints 7
1000000 0
130000000 0
140000000 9.918833703792E-8
150000000 0.000144023150083
160000000 0.001143416640987
180000000 0.009663465089524
200000000 0.006152618961837
#Header 
#Target 80 203 0
#Product 79 183 0
#Datapoints 8
1000000 0
120000000 0
130000000 7.3002974225E-8
140000000 0.00013504918531104
150000000 0.001058983650842
160000000 0.002175926624415
180000000 0.008532709800391
200000000 0.00542847144405
#Header 
#Target 80 203 0
#Product 79 184 0
#Datapoints 9
1000000 0
110000000 0
120000000 5.85945520209E-11
130000000 7.20491977132E-5
140000000 0.0011064184167036
150000000 0.00241932503522
160000000 0.005601287526075
180000000 0.006808109207687
200000000 0.006102158839116
#Header 
#Target 80 203 0
#Product 79 185 0
#Datapoints 9
1000000 0
110000000 0
120000000 3.458489357063E-5
130000000 0.000864414610702
140000000 0.002263788255612
150000000 0.00444508348356
160000000 0.00763307840709
180000000 0.006185487718671
200000000 0.004450554034074
#Header 
#Target 80 203 0
#Product 79 186 0
#Datapoints 10
1000000 0
100000000 0
110000000 4.131943769352E-6
120000000 0.0004348908014335
130000000 0.00201810783772
140000000 0.003488322691308
150000000 0.00543445535668
160000000 0.005948173757835
180000000 0.005304226917308
200000000 0.004968554155398
#Header 
#Target 80 203 0
#Product 79 187 0
#Datapoints 11
1000000 0
90000000 0
100000000 7.395037239019E-8
110000000 1.238768279112E-5
120000000 8.846172613455E-5
130000000 0.0001353007956986
140000000 0.0001522758964584
150000000 0.000188990253024
160000000 0.000235061317692
180000000 0.0003109245400209
200000000 0.0004006884848682
#Header 
#Target 80 203 0
#Product 79 188 0
#Datapoints 12
1000000 0
80000000 0
90000000 7.51018610069E-9
100000000 4.32062501536E-5
110000000 0.0011513426435112
120000000 0.003389695550407
130000000 0.00346413348534
140000000 0.00396833124558
150000000 0.00541808913892
160000000 0.00614858315517
180000000 0.0065251240487
200000000 0.007351972207596
#Header 
#Target 80 203 0
#Product 79 189 0
#Datapoints 13
1000000 0
75000000 0
80000000 4.22247335034E-11
90000000 1.6056007364837E-6
100000000 0.00016981094951074
110000000 0.0010218588906456
120000000 0.0013072139250718
130000000 0.0012022581864
140000000 0.0017269199379276
150000000 0.00204676453742
160000000 0.00210269764017
180000000 0.002264915297841
200000000 0.002595189410268
#Header 
#Target 80 203 0
#Product 79 190 0
#Datapoints 15
1000000 0
65000000 0
70000000 4.0782765458E-15
75000000 6.49901058336E-10
80000000 2.158738375563E-7
90000000 0.00014680140764851
100000000 0.00268841355039
110000000 0.004554592971768
120000000 0.00349796712675
130000000 0.00490239129366
140000000 0.00652672262424
150000000 0.00681921922604
160000000 0.00732535099605
180000000 0.008512700137348
200000000 0.008742313468752
#Header 
#Target 80 203 0
#Product 79 191 0
#Datapoints 16
1000000 0
60000000 0
65000000 9.6423985928E-13
70000000 7.79092397765E-10
75000000 1.09775835237E-7
80000000 5.828233482939E-6
90000000 0.0002005029984153
100000000 0.0003407958036927
110000000 0.0002395081019856
120000000 0.0003056281595546
130000000 0.000442912386756
140000000 0.000596078127372
150000000 0.00077424252154
160000000 0.000942289995105
180000000 0.0011349914328215
200000000 0.001318028928684
#Header 
#Target 80 203 0
#Product 79 192 0
#Datapoints 17
1000000 0
55000000 0
60000000 4.75037843556E-12
65000000 1.550542395176E-8
70000000 3.382944210095E-6
75000000 0.00012039672577377
80000000 0.0008565462483648
90000000 0.002974127522134
100000000 0.002136813355646
110000000 0.002091416399016
120000000 0.003049542151692
130000000 0.00415891007952
140000000 0.00526239491544
150000000 0.00611426938262
160000000 0.00684047588553
180000000 0.008488423225771
200000000 0.009374535108645
#Header 
#Target 80 203 0
#Product 79 193 0
#Datapoints 19
1000000 0
45000000 0
50000000 4.42410880344E-15
55000000 9.39903410638E-10
60000000 3.217240267758E-7
65000000 1.290203525489E-5
70000000 0.00012281708278465
75000000 0.0003586212652293
80000000 0.0004867866979857
90000000 0.0003395987038343
100000000 0.0003278163672704
110000000 0.0005358222698304
120000000 0.0009072103496028
130000000 0.001288166743372
140000000 0.0016671013453068
150000000 0.00205587249724
160000000 0.002435539040865
180000000 0.002861751710609
200000000 0.003100480602759
#Header 
#Target 80 203 0
#Product 79 194 0
#Datapoints 20
1000000 0
40000000 0
45000000 4.487181037E-13
50000000 9.137485641936E-9
55000000 1.5311577338573E-6
60000000 3.462900141672E-5
65000000 0.0001910410542777
70000000 0.000333362498922
75000000 0.0003112567325961
80000000 0.0002438433661314
90000000 0.0002110868384552
100000000 0.0003437137372854
110000000 0.0006294387121176
120000000 0.001000678713956
130000000 0.001441565962522
140000000 0.001823080744524
150000000 0.00213934159596
160000000 0.00231469586685
180000000 0.002730348029787
200000000 0.003027198678789
#Header 
#Target 80 203 0
#Product 79 195 0
#Datapoints 22
1000000 0
30000000 0
35000000 1.835278738E-15
40000000 7.7831501802E-9
45000000 1.22559007778E-6
50000000 3.059429293068E-5
55000000 0.000206204717995
60000000 0.0004478876473968
65000000 0.000490059528325
70000000 0.0004053590061115
75000000 0.0003502442020044
80000000 0.0003448739253855
90000000 0.0005251251744538
100000000 0.0010294333962223
110000000 0.001736783422752
120000000 0.002575981117483
130000000 0.0032454139615
140000000 0.003852333749004
150000000 0.00424287254708
160000000 0.004707045637245
180000000 0.005424454711209
200000000 0.006042886354077
#Header 
#Target 80 203 0
#Product 79 196 0
#Datapoints 23
1000000 0
28000000 0
30000000 2.9572752E-12
35000000 8.3085494737E-8
40000000 8.4852411006E-6
45000000 0.000130594989757
50000000 0.0004253057283876
55000000 0.0005654722351046
60000000 0.0005167304294618
65000000 0.000461531687446
70000000 0.0004305427639095
75000000 0.0004652550354378
80000000 0.0005780945005185
90000000 0.0011917808956601
100000000 0.002275578311512
110000000 0.003342823457736
120000000 0.00427909368404
130000000 0.00502813397268
140000000 0.005720885990352
150000000 0.00628127004654
160000000 0.00677456516898
180000000 0.007399827612363
200000000 0.007869454441311
#Header 
#Target 80 203 0
#Product 79 197 0
#Datapoints 28
1000000 0
19000000 0
20000000 4.699661818E-15
22000000 2.090929659E-10
24000000 1.37442999022E-8
26000000 1.51891997312E-7
28000000 8.0951204208E-7
30000000 4.90822992E-6
35000000 0.000135876996461
40000000 0.00088254904467
45000000 0.0021595003923
50000000 0.002914538405268
55000000 0.003013685933116
60000000 0.002775752648806
65000000 0.00270271635327
70000000 0.00312226600003
75000000 0.003970587005082
80000000 0.005103123929001
90000000 0.007836848019744
100000000 0.010781015352176
110000000 0.013385233200192
120000000 0.015191067164863
130000000 0.01670205133086
140000000 0.01797277348932
150000000 0.0190263007554
160000000 0.01984214423115
180000000 0.02086845942054
200000000 0.02154508419834
#Header 
#Target 80 203 0
#Product 79 198 0
#Datapoints 34
1000000 0
13000000 0
14000000 1.573149103302E-13
15000000 1.963634426E-11
16000000 6.212372205249E-10
17000000 5.683949888E-9
18000000 2.8880505876E-8
19000000 1.3137698E-7
20000000 5.2498700842E-7
22000000 4.7899407465E-6
24000000 2.481410344E-5
26000000 9.7693903088E-5
28000000 0.00028255195395
30000000 0.000716324048
35000000 0.0028527403048
40000000 0.0045998510214
45000000 0.0048361008948
50000000 0.004178368238694
55000000 0.003769404512975
60000000 0.004239106913098
65000000 0.00540051242009
70000000 0.007115235721525
75000000 0.009312721425696
80000000 0.011848424069937
90000000 0.016721688574124
100000000 0.02084815512031
110000000 0.0239111099304
120000000 0.02629737154851
130000000 0.0280855281966
140000000 0.02936838836724
150000000 0.0303601494794
160000000 0.0310478750397
180000000 0.03208105005923
200000000 0.03236233340037
#Header 
#Target 80 203 0
#Product 79 199 0
#Datapoints 41
1000000 0
6000000 0
7000000 3.9037975365E-13
8000000 5.8303601077E-11
9000000 8.2017464305E-10
10000000 5.3683807356E-8
11000000 2.26192985564E-6
12000000 1.29399985148E-5
13000000 3.88831017142E-5
14000000 8.822992648575E-5
15000000 0.00015881095896
16000000 0.0002737560323988
17000000 0.00038633803248
18000000 0.00047186405528
19000000 0.00057220604
20000000 0.00074792297414
22000000 0.0015074903844
24000000 0.0050181297544
26000000 0.0072578609968
28000000 0.0058366906038
30000000 0.00601414
35000000 0.0056993298507
40000000 0.0044331701205
45000000 0.0035723799864
50000000 0.003863377054056
55000000 0.004999201512009
60000000 0.006615300664784
65000000 0.00899232353278
70000000 0.01183281080165
75000000 0.014670843557652
80000000 0.01733764138155
90000000 0.02198635831785
100000000 0.02541279677441
110000000 0.02774050703256
120000000 0.02920423253196
130000000 0.030315620458
140000000 0.03089539105692
150000000 0.031164353354
160000000 0.03134549373975
180000000 0.03114941790293
200000000 0.03091698023115
#Header 
#Target 80 203 0
#Product 79 200 0
#Datapoints 45
1000000 0
2000000 0
3000000 1.6228101297E-12
4000000 2.577169224E-11
5000000 2.7342600618E-10
6000000 2.0180999438461E-9
7000000 1.3398201825E-8
8000000 7.4771604415E-8
9000000 3.33297995688E-7
10000000 1.21008998556E-6
11000000 3.7306102456E-6
12000000 1.02122008544E-5
13000000 2.55140992264E-5
14000000 6.106070647782E-5
15000000 0.00012152204414
16000000 0.00022613900149008
17000000 0.00038351198016
18000000 0.00059885694728
19000000 0.00087413192475
20000000 0.00122305002448
22000000 0.0025658702433
24000000 0.0073359892186
26000000 0.0061600295216
28000000 0.002659799394
30000000 0.00181240048
35000000 0.00107528000953
40000000 0.00141472993344
45000000 0.0023529005398
50000000 0.003565967435457
55000000 0.005535081904171
60000000 0.008142415655338
65000000 0.01088464565955
70000000 0.013518397446495
75000000 0.015936232017075
80000000 0.018004232080023
90000000 0.02130218612369
100000000 0.02329926446377
110000000 0.02449248272352
120000000 0.0251592611094
130000000 0.0252794921212
140000000 0.02527127746884
150000000 0.0249998487752
160000000 0.02476395795735
180000000 0.02411340097025
200000000 0.02322174946896
#Header 
#Target 80 203 0
#Product 79 201 0
#Datapoints 32
1000000 0
15000000 0
16000000 4.133717247618E-15
17000000 1.918569472E-13
18000000 4.506700668E-12
19000000 6.36694275E-11
20000000 6.104959768E-10
22000000 2.4243301446E-8
24000000 4.442059741E-7
26000000 4.7335209936E-6
28000000 3.7622892573E-5
30000000 0.0001427929888
35000000 0.00090302004926
40000000 0.00194691024
45000000 0.0037803493802
50000000 0.006560976473826
55000000 0.009676426653388
60000000 0.012727861299478
65000000 0.01552252169665
70000000 0.017928963113865
75000000 0.02002428269982
80000000 0.02179528560951
90000000 0.0242901075638
100000000 0.02559049759524
110000000 0.026186588358
120000000 0.02620478123327
130000000 0.0259380015566
140000000 0.0253279542282
150000000 0.0248204832186
160000000 0.02419623052065
180000000 0.02283895978968
200000000 0.02153348550141
#Header 
#Target 80 203 0
#Product 79 202 0
#Datapoints 33
1000000 0
14000000 0
15000000 2.230634822E-15
16000000 5.291225263926E-15
17000000 1.112470624E-14
18000000 6.894292188E-14
19000000 6.9198801E-13
20000000 5.096995556E-11
22000000 5.985159726E-9
24000000 2.1666099875E-7
26000000 3.1995493568E-6
28000000 2.3103692577E-5
30000000 0.000100575992
35000000 0.00100293014176
40000000 0.0032689092579
45000000 0.0062824205103
50000000 0.009299534661186
55000000 0.012034182703076
60000000 0.0143682571156
65000000 0.01630491939304
70000000 0.01795306433716
75000000 0.019327393801284
80000000 0.0203252035413
90000000 0.02172707025178
100000000 0.02228311134125
110000000 0.02226578101944
120000000 0.02190882987633
130000000 0.0213798227534
140000000 0.02079212583396
150000000 0.0201821215052
160000000 0.0194288601987
180000000 0.01814414573078
200000000 0.01707220639551
#Header 
#Target 80 203 0
#Product 80 183 0
#Datapoints 5
1000000 0
150000000 0
160000000 3.748494921255E-5
180000000 0.004370412377794
200000000 0.003109054703685
#Header 
#Target 80 203 0
#Product 80 184 0
#Datapoints 6
1000000 0
140000000 0
150000000 6.0821182324E-5
160000000 0.0047476639953
180000000 0.009426575630225
200000000 0.00631346360196
#Header 
#Target 80 203 0
#Product 80 185 0
#Datapoints 7
1000000 0
130000000 0
140000000 5.187468731796E-6
150000000 0.00208199563214
160000000 0.00789629936238
180000000 0.006942991587176
200000000 0.00322734983022
#Header 
#Target 80 203 0
#Product 80 186 0
#Datapoints 8
1000000 0
120000000 0
130000000 3.64717980918E-6
140000000 0.00232149693984
150000000 0.01429244167552
160000000 0.02109885561405
180000000 0.01269482900063
200000000 0.012744333814014
#Header 
#Target 80 203 0
#Product 80 187 0
#Datapoints 9
1000000 0
110000000 0
120000000 5.069408579387E-8
130000000 0.0001258880651466
140000000 0.0009917924836404
150000000 0.00194543870132
160000000 0.00207024823197
180000000 0.001776495244399
200000000 0.002771181849306
#Header 
#Target 80 203 0
#Product 80 188 0
#Datapoints 10
1000000 0
100000000 0
110000000 1.0753463313936E-8
120000000 0.0002753396342511
130000000 0.00658034446742
140000000 0.02398972171284
150000000 0.0328169561378
160000000 0.0259378135839
180000000 0.02565152717351
200000000 0.02519539763715
#Header 
#Target 80 203 0
#Product 80 189 0
#Datapoints 10
1000000 0
100000000 0
110000000 1.809209662428E-5
120000000 0.0012921252202345
130000000 0.00884834842212
140000000 0.01810504270068
150000000 0.0154863513615
160000000 0.0126084130758
180000000 0.013049148499078
200000000 0.010633200549675
#Header 
#Target 80 203 0
#Product 80 190 0
#Datapoints 11
1000000 0
90000000 0
100000000 4.590556905539E-6
110000000 0.000983671918488
120000000 0.013427210783623
130000000 0.044096355984
140000000 0.0433941986634
150000000 0.0352836533222
160000000 0.03449154275865
180000000 0.02785620499569
200000000 0.02998610620935
#Header 
#Target 80 203 0
#Product 80 191 0
#Datapoints 12
1000000 0
80000000 0
90000000 1.071013724495E-7
100000000 0.00010146139637862
110000000 0.00280444022544
120000000 0.013889373855768
130000000 0.016496982157
140000000 0.013500219493332
150000000 0.0128625856835
160000000 0.01136828656485
180000000 0.012223168574212
200000000 0.010882203559431
#Header 
#Target 80 203 0
#Product 80 192 0
#Datapoints 14
1000000 0
70000000 0
75000000 5.36413578579E-14
80000000 9.659685855918E-9
90000000 0.00013329472231379
100000000 0.006003706184145
110000000 0.03902455188576
120000000 0.05825897557101
130000000 0.05183672692
140000000 0.0460982988882
150000000 0.0448448421582
160000000 0.04613384845395
180000000 0.04144038037617
200000000 0.03797550706101
#Header 
#Target 80 203 0
#Product 80 193 0
#Datapoints 15
1000000 0
65000000 0
70000000 8.4733507025E-12
75000000 1.1010283506777E-7
80000000 1.6896650015994E-5
90000000 0.0017218377026628
100000000 0.015511548083633
110000000 0.0303662776032
120000000 0.02941910441858
130000000 0.0262947692298
140000000 0.02672848898772
150000000 0.026504787741
160000000 0.0246702971655
180000000 0.02345194382062
200000000 0.02256378401658
#Header 
#Target 80 203 0
#Product 80 194 0
#Datapoints 16
1000000 0
60000000 0
65000000 3.56687297652E-9
70000000 4.39717632006E-6
75000000 0.0002074428250833
80000000 0.0018550426321959
90000000 0.02389301457468
100000000 0.0622817780085
110000000 0.0646216871916
120000000 0.06186579251041
130000000 0.0630667037898
140000000 0.05996663076924
150000000 0.0577688098342
160000000 0.0580464686961
180000000 0.05449042671241
200000000 0.05005555818657
#Header 
#Target 80 203 0
#Product 80 195 0
#Datapoints 18
1000000 0
50000000 0
55000000 7.22285749635E-13
60000000 6.29120058316E-8
65000000 1.340403274095E-5
70000000 0.00014045793604915
75000000 0.0005715827924013
80000000 0.0018299629550391
90000000 0.005461626255249
100000000 0.007269730990967
110000000 0.00916220203584
120000000 0.009722700910788
130000000 0.01011614006058
140000000 0.010846027866492
150000000 0.01075609625048
160000000 0.01032719909832
180000000 0.010547624526219
200000000 0.01072662714342
#Header 
#Target 80 203 0
#Product 80 196 0
#Datapoints 19
1000000 0
45000000 0
50000000 6.591505907013E-9
55000000 1.5247977988262E-5
60000000 0.0004744735733078
65000000 0.00284929479311
70000000 0.011645111103685
75000000 0.03162666629865
80000000 0.05562747823332
90000000 0.07689171392603
100000000 0.08594744347698
110000000 0.0855486357012
120000000 0.08375751094242
130000000 0.0853502178822
140000000 0.082152294666
150000000 0.0784370246646
160000000 0.07663358232765
180000000 0.07765751740197
200000000 0.07428301891872
#Header 
#Target 80 203 0
#Product 80 197 0
#Datapoints 21
1000000 0
35000000 0
40000000 1.1697685692E-12
45000000 6.5716804652E-7
50000000 5.747307778482E-5
55000000 0.0003716835256242
60000000 0.0016613150837324
65000000 0.00526015298182
70000000 0.009912984234225
75000000 0.014629344213072
80000000 0.018077030983788
90000000 0.02282584634595
100000000 0.02500230430585
110000000 0.0261139029228
120000000 0.02724859746332
130000000 0.0269971745378
140000000 0.02680647227076
150000000 0.0271824275864
160000000 0.02735459384985
180000000 0.02632547670163
200000000 0.02583699916476
#Header 
#Target 80 203 0
#Product 80 198 0
#Datapoints 22
1000000 0
30000000 0
35000000 6.9862896584E-8
40000000 6.7931195415E-5
45000000 0.00098763200453
50000000 0.005094508104576
55000000 0.019725871566413
60000000 0.04833144782276
65000000 0.0763144244736
70000000 0.09871096240455
75000000 0.11123682143979
80000000 0.11645727587088
90000000 0.12250399268378
100000000 0.12025171168975
110000000 0.118818087654
120000000 0.11575661875549
130000000 0.111664964104
140000000 0.10819632037032
150000000 0.1060803334108
160000000 0.10402276944195
180000000 0.09890708684032
200000000 0.09438423908154
#Header 
#Target 80 203 0
#Product 80 199 0
#Datapoints 26
1000000 0
22000000 0
24000000 7.642469359E-14
26000000 7.75910992E-10
28000000 1.8269596506E-7
30000000 6.50007952E-6
35000000 0.00030939794646
40000000 0.00127715002311
45000000 0.0049803509171
50000000 0.013493692394412
55000000 0.0235476579414
60000000 0.03149131258456
65000000 0.0374723203881
70000000 0.04108720091505
75000000 0.04384622925567
80000000 0.04620712598691
90000000 0.04754992913506
100000000 0.04840947534149
110000000 0.04803549811368
120000000 0.04665652812208
130000000 0.0455957719264
140000000 0.0446844563412
150000000 0.0436536410882
160000000 0.04218733496385
180000000 0.03967527286791
200000000 0.037721411214
#Header 
#Target 80 203 0
#Product 80 200 0
#Datapoints 32
1000000 0
15000000 0
16000000 5.296930364817E-13
17000000 1.013349088E-10
18000000 5.1260004696E-9
19000000 1.03634999125E-7
20000000 1.25639003432E-6
22000000 3.8411505405E-5
24000000 0.00028805096243
26000000 0.00093959493488
28000000 0.0019986491616
30000000 0.00353123056
35000000 0.0135775001207
40000000 0.04629889176
45000000 0.096578805558
50000000 0.13756093404456
55000000 0.16084375033004
60000000 0.17266047548874
65000000 0.1788341142028
70000000 0.1824076211473
75000000 0.18256205295696
80000000 0.18162730835298
90000000 0.17544969899374
100000000 0.16714603887285
110000000 0.15921406980696
120000000 0.15122373054122
130000000 0.143738649041
140000000 0.13731075325812
150000000 0.1306883611902
160000000 0.12548832737985
180000000 0.11570701565603
200000000 0.10760400695736
#Header 
#Target 80 203 0
#Product 80 201 0
#Datapoints 38
1000000 0
9000000 0
10000000 3.312496791E-13
11000000 2.123737479E-11
12000000 6.0857276292E-10
13000000 1.55307990218E-8
14000000 2.7242401234041E-7
15000000 2.753810011E-6
16000000 1.6887803328333E-5
17000000 6.7664300576E-5
18000000 0.00019103096112
19000000 0.000415166962
20000000 0.00075620299098
22000000 0.001945429395
24000000 0.0044546105492
26000000 0.0096392806032
28000000 0.019398104628
30000000 0.0354028928
35000000 0.094080392368
40000000 0.15062199654
45000000 0.183825991996
50000000 0.19876190185575
55000000 0.204870789981
60000000 0.2077174808208
65000000 0.207235049771
70000000 0.204364518374
75000000 0.2002868534199
80000000 0.19529808763332
90000000 0.1825935368919
100000000 0.17043193406365
110000000 0.15931206600792
120000000 0.14965386428404
130000000 0.1400371621358
140000000 0.13257165148656
150000000 0.1254126331592
160000000 0.1189752749415
180000000 0.10827880865517
200000000 0.09946153970727
#Header 
#Target 80 203 0
#Product 80 202 0
#Datapoints 40
1000000 0
7000000 0
8000000 9.637963885E-14
9000000 2.3157541043E-11
10000000 2.4468107625E-9
11000000 1.06888993334E-7
12000000 1.8991299476E-6
13000000 1.80656985922E-5
14000000 0.00010818802571451
15000000 0.00045475797262
16000000 0.0014121997445619
17000000 0.0033897601664
18000000 0.006711879686
19000000 0.0115720001425
20000000 0.018336794436
22000000 0.036744401694
24000000 0.060504794273
26000000 0.088755791376
28000000 0.11426200086
30000000 0.1364159984
35000000 0.176522011675
40000000 0.19622495328
45000000 0.2034119161
50000000 0.2070908200854
55000000 0.2032257464302
60000000 0.2037524908784
65000000 0.1953900263263
70000000 0.18962658151075
75000000 0.18193006650627
80000000 0.17684437244943
90000000 0.15870311155377
100000000 0.14686276215273
110000000 0.13693517220264
120000000 0.12659573989959
130000000 0.1185270430194
140000000 0.11082182202468
150000000 0.1048476268352
160000000 0.09841114852875
180000000 0.08851098998929
200000000 0.08078239259016
#Header 
#Target 80 203 0
#Product 80 203 0
#Datapoints 44
1000000 0
3000000 0
4000000 2.3802998499E-14
5000000 2.98101003585E-11
6000000 4.8248603941284E-9
7000000 2.24226016062E-7
8000000 4.0932709451E-6
9000000 3.62122010425E-5
10000000 0.00019195603569
11000000 0.00071881710492
12000000 0.00202409999528
13000000 0.0044142595957
14000000 0.007833408459198
15000000 0.012011900522
16000000 0.016721303192685
17000000 0.021844004544
18000000 0.02726320348
19000000 0.03281469835
20000000 0.038151502124
22000000 0.047392905651
24000000 0.053704895895
26000000 0.058439801968
28000000 0.061537499184
30000000 0.0630715008
35000000 0.062769102357
40000000 0.059964097926
45000000 0.056834504818
50000000 0.05598987271191
55000000 0.05310832888041
60000000 0.04990725754408
65000000 0.0463654725913
70000000 0.04346427787355
75000000 0.04016747622381
80000000 0.03750423857817
90000000 0.03206500953755
100000000 0.02722893263144
110000000 0.02298376184496
120000000 0.01940472226295
130000000 0.0162909069989
140000000 0.013742774576232
150000000 0.01159869271776
160000000 0.00991711198431
180000000 0.007367525650647
200000000 0.005728624541808
#Header 
#Target 80 203 0
#Product 81 185 0
#Datapoints 5
1000000 0
150000000 0
160000000 2.461320198585E-5
180000000 0.00011132925244664
200000000 7.328561371239E-5
#Header 
#Target 80 203 0
#Product 81 186 0
#Datapoints 6
1000000 0
140000000 0
150000000 5.48926101698E-5
160000000 0.0007186242166785
180000000 0.0002384294013527
200000000 0.0002344038738798
#Header 
#Target 80 203 0
#Product 81 187 0
#Datapoints 7
1000000 0
130000000 0
140000000 3.643144822824E-5
150000000 0.000941472055702
160000000 0.000827167658616
180000000 0.00015591552645639
200000000 0.00015419820622572
#Header 
#Target 80 203 0
#Product 81 188 0
#Datapoints 8
1000000 0
120000000 0
130000000 2.59790079E-5
140000000 0.0007828593412224
150000000 0.000786991409554
160000000 0.000336755910699
180000000 0.000309281363507
200000000 0.0002891816570343
#Header 
#Target 80 203 0
#Product 81 189 0
#Datapoints 9
1000000 0
110000000 0
120000000 2.656394029869E-5
130000000 0.00263773526878
140000000 0.004888815259692
150000000 0.00233564424454
160000000 0.0010914521381145
180000000 0.0009260268950066
200000000 0.0006472986222276
#Header 
#Target 80 203 0
#Product 81 190 0
#Datapoints 10
1000000 0
100000000 0
110000000 6.983970817152E-6
120000000 0.002626677396587
130000000 0.00642254585088
140000000 0.003355178013876
150000000 0.00174234802858
160000000 0.001557492356673
180000000 0.0011088747957339
200000000 0.0010240410099033
#Header 
#Target 80 203 0
#Product 81 191 0
#Datapoints 11
1000000 0
90000000 0
100000000 2.661825175537E-6
110000000 0.0011804011367232
120000000 0.003541182586923
130000000 0.00190757264386
140000000 0.0010179254974824
150000000 0.000946856839796
160000000 0.0008250603336765
180000000 0.0006422726897314
200000000 0.0005874389221329
#Header 
#Target 80 203 0
#Product 81 192 0
#Datapoints 12
1000000 0
80000000 0
90000000 1.4464246385406E-8
100000000 0.0009852509290951
110000000 0.005878076679048
120000000 0.003883485792096
130000000 0.00202009840228
140000000 0.001810374180732
150000000 0.00153982736247
160000000 0.0012789359688555
180000000 0.0011129127090827
200000000 0.0007981275145437
#Header 
#Target 80 203 0
#Product 81 193 0
#Datapoints 13
1000000 0
75000000 0
80000000 1.668713627721E-9
90000000 0.00241687011389
100000000 0.03634089899371
110000000 0.0384280885632
120000000 0.015675228593816
130000000 0.00869997823234
140000000 0.006247756590972
150000000 0.00494018412814
160000000 0.00428714309178
180000000 0.003058391499831
200000000 0.002213132304417
#Header 
#Target 80 203 0
#Product 81 194 0
#Datapoints 14
1000000 0
70000000 0
75000000 8.096843935035E-6
80000000 0.0015243474254526
90000000 0.0538056780761
100000000 0.07004249612299
110000000 0.02829618165024
120000000 0.01406645917795
130000000 0.00951379986224
140000000 0.007457263950396
150000000 0.00623384063642
160000000 0.005125889975265
180000000 0.003422595613776
200000000 0.00278011334232
#Header 
#Target 80 203 0
#Product 81 195 0
#Datapoints 16
1000000 0
60000000 0
65000000 1.591402017125E-6
70000000 0.000633114272304
75000000 0.010040193880221
80000000 0.03819783812964
90000000 0.05815507763279
100000000 0.0224151977095
110000000 0.011479127764776
120000000 0.007944384996567
130000000 0.00604535705434
140000000 0.004924908018576
150000000 0.00395203382174
160000000 0.00327535613739
180000000 0.002377588817643
200000000 0.001825838411721
#Header 
#Target 80 203 0
#Product 81 196 0
#Datapoints 17
1000000 0
55000000 0
60000000 0.0004516595816246
65000000 0.01481812507087
70000000 0.0611431333147
75000000 0.09734196429453
80000000 0.08653662321696
90000000 0.03311689168087
100000000 0.016580908039587
110000000 0.012129894855624
120000000 0.009235191511744
130000000 0.007305157896
140000000 0.005882975545044
150000000 0.00488032909404
160000000 0.00423537839631
180000000 0.00320438755655
200000000 0.002532539900916
#Header 
#Target 80 203 0
#Product 81 197 0
#Datapoints 19
1000000 0
45000000 0
50000000 0.0002296069041855
55000000 0.014171778165547
60000000 0.07543967097206
65000000 0.1309063354227
70000000 0.11343414829195
75000000 0.06728449443066
80000000 0.03692245376106
90000000 0.01796655898421
100000000 0.012198664028351
110000000 0.008739043666416
120000000 0.006615142987178
130000000 0.00528374850362
140000000 0.004339010260728
150000000 0.00363047199932
160000000 0.0031270801788
180000000 0.002446172479956
200000000 0.002001289798848
#Header 
#Target 80 203 0
#Product 81 198 0
#Datapoints 21
1000000 0
35000000 0
40000000 8.0499401499E-6
45000000 0.02249949559
50000000 0.16844091488088
55000000 0.2788935182733
60000000 0.2225723027562
65000000 0.1225833953164
70000000 0.06791359234765
75000000 0.04613880151605
80000000 0.03577046465916
90000000 0.02439969939822
100000000 0.017912761683972
110000000 0.013878009089112
120000000 0.011175993640885
130000000 0.00933212338928
140000000 0.007972866001776
150000000 0.00694712801974
160000000 0.006139426316355
180000000 0.004933265485846
200000000 0.004150022034519
#Header 
#Target 80 203 0
#Product 81 199 0
#Datapoints 22
1000000 0
30000000 0
35000000 0.045764600974
40000000 0.52793696601
45000000 0.84889797864
50000000 0.5506126661064
55000000 0.2348227128875
60000000 0.12696561713966
65000000 0.0927014435058
70000000 0.07560253353275
75000000 0.06358702523388
80000000 0.05471858250159
90000000 0.04213127078087
100000000 0.03395979072484
110000000 0.02837467823064
120000000 0.02428762878782
130000000 0.0212985413672
140000000 0.01898476304556
150000000 0.01709116381774
160000000 0.01551763972773
180000000 0.013051848735936
200000000 0.01125181150755
#Header 
#Target 80 203 0
#Product 81 200 0
#Datapoints 26
1000000 0
22000000 0
24000000 0.00033073192054
26000000 0.05755189136
28000000 0.3420999939
30000000 0.726010032
35000000 1.11170002002
40000000 0.66334795002
45000000 0.26031094385
50000000 0.15096091293927
55000000 0.11666083051116
60000000 0.09710919858532
65000000 0.0830738959609
70000000 0.0722476520091
75000000 0.06365162364276
80000000 0.05677166221293
90000000 0.04628486651579
100000000 0.03868592559131
110000000 0.03294994965528
120000000 0.02853779252998
130000000 0.0252102147668
140000000 0.02253479554716
150000000 0.02028078384
160000000 0.01845755611065
180000000 0.015560368777018
200000000 0.013452074387613
#Header 
#Target 80 203 0
#Product 81 201 0
#Datapoints 32
1000000 0
15000000 0
16000000 0.0058379901632262
17000000 0.061846598512
18000000 0.2131589424
19000000 0.43431599925
20000000 0.66558998572
22000000 1.00922996811
24000000 1.17571996227
26000000 1.2018999632
28000000 0.96995394006
30000000 0.612635056
35000000 0.19999391729
40000000 0.138292011381
45000000 0.114626992639
50000000 0.09812105241369
55000000 0.08576097241598
60000000 0.07526547794824
65000000 0.0664700636545
70000000 0.0590152503045
75000000 0.05265332993235
80000000 0.04707249691389
90000000 0.03839966306501
100000000 0.03193946156401
110000000 0.02718783945192
120000000 0.02358818037471
130000000 0.0208197891866
140000000 0.01859435440044
150000000 0.01682082797928
160000000 0.01532069994735
180000000 0.012962192801804
200000000 0.01116707980002
#Header 
#Target 80 203 0
#Product 81 202 0
#Datapoints 39
1000000 0
8000000 0
9000000 0.0124998960926
10000000 0.07862111028
11000000 0.202616008758
12000000 0.359805991376
13000000 0.520687019522
14000000 0.66824808444387
15000000 0.79648297458
16000000 0.89950510927809
17000000 0.93669093808
18000000 0.8667899322
19000000 0.71760301725
20000000 0.5489760345
22000000 0.3021069324
24000000 0.19528295402
26000000 0.157978006784
28000000 0.14269900218
30000000 0.133086008
35000000 0.115315995001
40000000 0.100561989366
45000000 0.088479114128
50000000 0.07780835334363
55000000 0.06898410739398
60000000 0.06067161338806
65000000 0.0532785251583
70000000 0.04693985462875
75000000 0.04162794911406
80000000 0.03706335675819
90000000 0.02999876041159
100000000 0.02489592072271
110000000 0.02114504171136
120000000 0.01831481026711
130000000 0.01610633207844
140000000 0.014401248119856
150000000 0.0129985543883
160000000 0.0117882594288
180000000 0.009944691563733
200000000 0.008572108796028
#Header 
#Target 80 203 0
#Product 81 203 0
#Datapoints 45
1000000 0
2000000 3.16373010785E-13
3000000 5.1581099856E-9
4000000 1.46286006561E-6
5000000 6.20192000355E-5
6000000 0.00088607311417135
7000000 0.00620785008585
8000000 0.0259213999745
9000000 0.060499402313
10000000 0.076053399192
11000000 0.067627587704
12000000 0.051858286132
13000000 0.0424989052362
14000000 0.039400303422837
15000000 0.039079798274
16000000 0.04016120734836
17000000 0.041338504256
18000000 0.04221010116
19000000 0.042768005525
20000000 0.042971103798
22000000 0.042669992547
24000000 0.041402904137
26000000 0.039518303248
28000000 0.037632498057
30000000 0.0359371936
35000000 0.031581799976
40000000 0.027908197536
45000000 0.024830297224
50000000 0.02115469172649
55000000 0.019250872293609
60000000 0.016255953477246
65000000 0.01457052743827
70000000 0.01244750646006
75000000 0.01120338181293
80000000 0.009765614471739
90000000 0.007819488627141
100000000 0.006502178515241
110000000 0.00551407576776
120000000 0.004773092380824
130000000 0.00425917674276
140000000 0.003775048377672
150000000 0.00338981988512
160000000 0.00312851055969
180000000 0.002616077234135
200000000 0.002226152296734
#Header 
#Target 80 203 0
#Product 81 204 0
#Datapoints 45
1000000 0
2000000 4.0807801385E-15
3000000 1.8986700826E-11
4000000 3.1744598301E-9
5000000 9.469332366E-8
6000000 1.0486004585661E-6
7000000 6.5561411823E-6
8000000 2.7577599338E-5
9000000 7.8204006342E-5
10000000 0.00016410499848
11000000 0.0002815071098
12000000 0.00041860591176
13000000 0.000551504031966
14000000 0.0006489370847064
15000000 0.00068439198852
16000000 0.00067621305931893
17000000 0.00064551694384
18000000 0.00060758004604
19000000 0.0005719950635
20000000 0.0005422689756
22000000 0.00048312005469
24000000 0.00043615592104
26000000 0.00040441303584
28000000 0.00038171307804
30000000 0.000366012064
35000000 0.00033221597161
40000000 0.00029186691882
45000000 0.00029704992832
50000000 0.0002680238601621
55000000 0.0002647595233165
60000000 0.0002440043054084
65000000 0.000233287916419
70000000 0.00021617246552
75000000 0.0002120977801095
80000000 0.00019023618218346
90000000 0.00016753488234864
100000000 0.00015665542926799
110000000 0.00013114645986792
120000000 0.00010765425923732
130000000 0.0001000595446408
140000000 9.643026731832E-5
150000000 8.94990400898E-5
160000000 8.190249495615E-5
180000000 6.522775212529E-5
200000000 4.296445242054E-5
