#Header 
#Target 76 177 0
#Product 0 1 0
#Datapoints 41
1000000 0
6000000 0
7000000 0.003138363151164
8000000 0.01592171116
9000000 0.048685977984
10000000 0.11930202
11000000 0.22402110132
12000000 0.34436786444
13000000 0.4638480339
14000000 0.578547869
15000000 0.68886676701
16000000 0.7930119119499
17000000 0.8871687266
18000000 1.0286719128
19000000 1.269107568
20000000 1.481570757
22000000 1.798891099
24000000 1.989477936
26000000 2.140624322
28000000 2.366070145
30000000 2.59946329
35000000 3.077031776
40000000 3.383527212
45000000 3.685472616
50000000 3.90303628
55000000 4.119144282
60000000 4.303502568
65000000 4.453746811
70000000 4.60002569
75000000 4.702640576
80000000 4.815634504
90000000 5.040976153
100000000 5.24352348
110000000 5.457091634
120000000 5.652217856
130000000 5.839800008
140000000 6.01845384
150000000 6.18003891
160000000 6.332141844
180000000 6.837150089
200000000 7.407222654
#Header 
#Target 76 177 0
#Product 1 1 0
#Datapoints 45
1000000 0
2000000 1.0651876326E-19
3000000 1.958061064E-12
4000000 1.061469184E-8
5000000 1.884860553E-6
6000000 4.930571604E-5
7000000 0.0002978063522139
8000000 0.0016571067656
9000000 0.0076529287464
10000000 0.02158848
11000000 0.04112086302
12000000 0.05988794288
13000000 0.0896929581
14000000 0.1471398908
15000000 0.22303215756
16000000 0.3042731163366
17000000 0.3893879886
18000000 0.454952232
19000000 0.4689423936
20000000 0.4819526163
22000000 0.503305198
24000000 0.5221226462
26000000 0.6312826749
28000000 0.7722990715
30000000 0.883721384
35000000 1.0351356288
40000000 1.2570757602
45000000 1.3873887336
50000000 1.4704918176
55000000 1.5884051506
60000000 1.6774535839
65000000 1.7577619734
70000000 1.82929838
75000000 1.896752704
80000000 1.958688606
90000000 2.067426984
100000000 2.153369556
110000000 2.240072214
120000000 2.312306688
130000000 2.375784012
140000000 2.432405136
150000000 2.483776314
160000000 2.53617021
180000000 2.697177241
200000000 2.891961324
#Header 
#Target 76 177 0
#Product 1 2 0
#Datapoints 40
1000000 0
7000000 0
8000000 1.0750212176E-17
9000000 3.308461506E-13
10000000 1.5176754E-10
11000000 4.534790706E-9
12000000 5.067317382E-8
13000000 5.591320432E-7
14000000 5.054168354E-6
15000000 3.1099704426E-5
16000000 0.000134285569839
17000000 0.0004337378786
18000000 0.001094145177
19000000 0.002238630264
20000000 0.00387863721
22000000 0.008279117814
24000000 0.013476066606
26000000 0.01893767788
28000000 0.02518042875
30000000 0.03045250836
35000000 0.04249999728
40000000 0.05306907372
45000000 0.06243935592
50000000 0.07392126404
55000000 0.07709746222
60000000 0.08227411546
65000000 0.09038801758
70000000 0.0948181689
75000000 0.10181189636
80000000 0.10599935806
90000000 0.10710848487
100000000 0.10829983632
110000000 0.10691365188
120000000 0.10503831552
130000000 0.1033291616
140000000 0.1020017544
150000000 0.10099881204
160000000 0.09958797828
180000000 0.09934351933
200000000 0.10293295254
#Header 
#Target 76 177 0
#Product 1 3 0
#Datapoints 36
1000000 0
11000000 0
12000000 1.0466368192E-20
13000000 3.327157838E-16
14000000 2.09445571E-13
15000000 9.830894283E-12
16000000 1.802072441493E-10
17000000 3.57464159E-9
18000000 6.399553734E-8
19000000 7.146789768E-7
20000000 4.939713477E-6
22000000 6.882778985E-5
24000000 0.0003002277646
26000000 0.0007299904688
28000000 0.001321157582
30000000 0.002022932688
35000000 0.004010444464
40000000 0.006079010184
45000000 0.008076095376
50000000 0.009875693204
55000000 0.011560988098
60000000 0.013210883356
65000000 0.014894601757
70000000 0.01664279526
75000000 0.01846161652
80000000 0.02045597294
90000000 0.02488316877
100000000 0.0298862304
110000000 0.0335869903
120000000 0.03749085184
130000000 0.04142984153
140000000 0.04534387536
150000000 0.04914362676
160000000 0.05276743542
180000000 0.06003316099
200000000 0.0670873629
#Header 
#Target 76 177 0
#Product 2 3 0
#Datapoints 38
1000000 0
9000000 0
10000000 4.136742E-19
11000000 6.827217426E-17
12000000 2.424793691E-15
13000000 3.419392234E-14
14000000 3.902089726E-13
15000000 5.8074749478E-12
16000000 8.073315150516E-11
17000000 6.781437E-10
18000000 5.279190468E-9
19000000 3.18755628E-8
20000000 1.567417068E-7
22000000 2.343329869E-6
24000000 2.104645796E-5
26000000 0.00012119904925
28000000 0.0004169797075
30000000 0.0010039368866
35000000 0.003619380336
40000000 0.007098591006
45000000 0.010725323496
50000000 0.0142474683
55000000 0.017352302308
60000000 0.02009536573
65000000 0.02246137883
70000000 0.0246512747
75000000 0.0267142595
80000000 0.02876245156
90000000 0.03301093116
100000000 0.0376919166
110000000 0.04090913264
120000000 0.0441155584
130000000 0.04734157344
140000000 0.05061821472
150000000 0.05389794915
160000000 0.05716933236
180000000 0.06265938107
200000000 0.06770627676
#Header 
#Target 76 177 0
#Product 2 4 0
#Datapoints 45
1000000 0
2000000 1.245848688E-13
3000000 1.7618699266E-11
4000000 7.9913624E-9
5000000 5.7611994636E-7
6000000 1.271869487E-5
7000000 6.95937253104E-5
8000000 0.0003397141468
9000000 0.0013701696855
10000000 0.0034182
11000000 0.005966945766
12000000 0.00836758163
13000000 0.01142940321
14000000 0.01608396728
15000000 0.02263817529
16000000 0.03138741838104
17000000 0.04243156762
18000000 0.06139943568
19000000 0.08428759992
20000000 0.10008785088
22000000 0.12537388426
24000000 0.1648831874
26000000 0.1841114346
28000000 0.179918949
30000000 0.1807835594
35000000 0.1814515456
40000000 0.1904839404
45000000 0.1847269104
50000000 0.1882003968
55000000 0.2023085124
60000000 0.2125394182
65000000 0.2157566829
70000000 0.214944457
75000000 0.2116177518
80000000 0.2068972612
90000000 0.204239819
100000000 0.2037742356
110000000 0.2010099272
120000000 0.1986707456
130000000 0.1988396382
140000000 0.1986206544
150000000 0.1972936377
160000000 0.1951213698
180000000 0.2086468659
200000000 0.2296318386
#Header 
#Target 76 177 0
#Product 67 148 0
#Datapoints 10
1000000 0
100000000 0
110000000 1.2934189272E-13
120000000 3.333357568E-10
130000000 1.6340600262E-8
140000000 1.10742998352E-7
150000000 2.6708396673E-7
160000000 1.0556299971E-6
180000000 2.8479099385E-5
200000000 0.00040708599552
#Header 
#Target 76 177 0
#Product 67 149 0
#Datapoints 11
1000000 0
90000000 0
100000000 1.682749848E-12
110000000 9.901111514E-10
120000000 4.6039105536E-8
130000000 2.8568894634E-7
140000000 1.15435995792E-6
150000000 4.7299196178E-6
160000000 1.45610002188E-5
180000000 0.000105983004127
200000000 0.00084338888022
#Header 
#Target 76 177 0
#Product 68 149 0
#Datapoints 9
1000000 0
110000000 0
120000000 2.808692736E-13
130000000 9.605036889E-10
140000000 1.3494099432E-7
150000000 1.08149990961E-6
160000000 3.5242699968E-6
180000000 2.9220298657E-5
200000000 0.00022158894762
#Header 
#Target 76 177 0
#Product 68 150 0
#Datapoints 10
1000000 0
100000000 0
110000000 2.981976366E-15
120000000 1.65470208E-10
130000000 1.02846998611E-7
140000000 1.9121493984E-6
150000000 7.9252903032E-6
160000000 1.7115402276E-5
180000000 0.00019322997573
200000000 0.0016732405704
#Header 
#Target 76 177 0
#Product 68 151 0
#Datapoints 10
1000000 0
100000000 0
110000000 7.110231672E-11
120000000 4.3284692992E-8
130000000 1.26774995886E-6
140000000 6.0489699216E-6
150000000 1.20010989594E-5
160000000 2.6691306516E-5
180000000 0.00031990499035
200000000 0.0017028994128
#Header 
#Target 76 177 0
#Product 68 152 0
#Datapoints 11
1000000 0
90000000 0
100000000 1.934017956E-13
110000000 1.27369886E-9
120000000 1.40316000256E-7
130000000 1.58224003896E-6
140000000 4.615789704E-6
150000000 1.07538996477E-5
160000000 2.886409512E-5
180000000 0.00025143398841
200000000 0.00128135002362
#Header 
#Target 76 177 0
#Product 68 153 0
#Datapoints 11
1000000 0
90000000 0
100000000 5.1318072E-12
110000000 2.1585701636E-9
120000000 1.03968997376E-7
130000000 7.5204803541E-7
140000000 1.981249488E-6
150000000 6.1110597591E-6
160000000 1.52165997144E-5
180000000 8.9776789597E-5
200000000 0.0004080250527
#Header 
#Target 76 177 0
#Product 69 151 0
#Datapoints 10
1000000 0
100000000 0
110000000 1.4796287972E-13
120000000 1.1484495872E-9
130000000 7.8146096112E-8
140000000 5.1379297584E-7
150000000 1.08547002519E-6
160000000 3.3201799344E-6
180000000 7.7392098982E-5
200000000 0.0006178459683
#Header 
#Target 76 177 0
#Product 69 152 0
#Datapoints 11
1000000 0
90000000 0
100000000 5.65561542E-11
110000000 5.6436200538E-8
120000000 1.183059968E-6
130000000 3.6365993615E-6
140000000 7.555609896E-6
150000000 2.3931997218E-5
160000000 4.510390689E-5
180000000 0.00017018796311
200000000 0.00043490797452
#Header 
#Target 76 177 0
#Product 69 153 0
#Datapoints 12
1000000 0
80000000 0
90000000 1.6337484534E-13
100000000 1.4889399564E-9
110000000 1.43954005538E-7
120000000 1.9287506944E-6
130000000 7.0070007105E-6
140000000 2.9855109024E-5
150000000 7.7987399289E-5
160000000 0.00013910400378
180000000 0.00066694308153
200000000 0.0024250901328
#Header 
#Target 76 177 0
#Product 69 154 0
#Datapoints 12
1000000 0
80000000 0
90000000 6.160780365E-14
100000000 1.6415797632E-10
110000000 1.34408002E-8
120000000 1.682300928E-7
130000000 7.9922001593E-7
140000000 4.1080902528E-6
150000000 9.5312505096E-6
160000000 1.4922799479E-5
180000000 0.00011127999949
200000000 0.00035027206464
#Header 
#Target 76 177 0
#Product 69 155 0
#Datapoints 13
1000000 0
75000000 0
80000000 1.98894006E-15
90000000 3.76230332E-11
100000000 1.09760003808E-8
110000000 2.4777203716E-7
120000000 1.45188995072E-6
130000000 8.1423898437E-6
140000000 2.4601201632E-5
150000000 4.3290505338E-5
160000000 7.5732898752E-5
180000000 0.00037713495611
200000000 0.00102174996042
#Header 
#Target 76 177 0
#Product 69 156 0
#Datapoints 13
1000000 0
75000000 0
80000000 8.482794798E-14
90000000 2.699759851E-10
100000000 2.854189416E-8
110000000 3.4181294152E-7
120000000 1.39178999808E-6
130000000 6.4318195515E-6
140000000 1.5024900288E-5
150000000 2.5320392958E-5
160000000 4.457449521E-5
180000000 0.000149888001945
200000000 0.00034516905186
#Header 
#Target 76 177 0
#Product 70 152 0
#Datapoints 9
1000000 0
110000000 0
120000000 2.361819136E-15
130000000 2.36591796E-10
140000000 4.7880601104E-8
150000000 1.6193094417E-6
160000000 9.517190067E-6
180000000 0.000116312003049
200000000 0.00087054800412
#Header 
#Target 76 177 0
#Product 70 153 0
#Datapoints 9
1000000 0
110000000 0
120000000 2.254979072E-11
130000000 5.3171007645E-8
140000000 2.7760895856E-6
150000000 1.34127998016E-5
160000000 3.3024595212E-5
180000000 0.00025538000257
200000000 0.0015038007576
#Header 
#Target 76 177 0
#Product 70 154 0
#Datapoints 10
1000000 0
100000000 0
110000000 2.696765888E-12
120000000 5.6532697088E-8
130000000 3.7697394763E-6
140000000 2.6164898592E-5
150000000 5.7026700675E-5
160000000 9.5286601368E-5
180000000 0.00085758192839
200000000 0.0029603706606
#Header 
#Target 76 177 0
#Product 70 155 0
#Datapoints 11
1000000 0
90000000 0
100000000 1.713357048E-14
110000000 9.4330901424E-9
120000000 1.8386599936E-6
130000000 2.6326302324E-5
140000000 7.8448493472E-5
150000000 0.000133600990968
160000000 0.00030470292342
180000000 0.0019827991986
200000000 0.0063059699874
#Header 
#Target 76 177 0
#Product 70 156 0
#Datapoints 12
1000000 0
80000000 0
90000000 6.559088801E-13
100000000 2.4741398136E-8
110000000 7.0044698028E-6
120000000 0.00012075999232
130000000 0.0003760819727
140000000 0.00064470898368
150000000 0.00125016004131
160000000 0.002102009238
180000000 0.0050963602305
200000000 0.009031150392
#Header 
#Target 76 177 0
#Product 70 157 0
#Datapoints 12
1000000 0
80000000 0
90000000 2.743898702E-12
100000000 1.03166005644E-8
110000000 1.18240999242E-6
120000000 2.0014104576E-5
130000000 6.7713100784E-5
140000000 0.00017456002608
150000000 0.00037627108335
160000000 0.00056248100244
180000000 0.0018055202286
200000000 0.0032194999248
#Header 
#Target 76 177 0
#Product 70 158 0
#Datapoints 14
1000000 0
70000000 0
75000000 4.612504006E-13
80000000 1.0969988888E-10
90000000 2.1785794763E-7
100000000 1.60000005204E-5
110000000 0.000114844007524
120000000 0.0002222669824
130000000 0.00040669607412
140000000 0.00071996201904
150000000 0.00093826604898
160000000 0.0011159900577
180000000 0.0022053291194
200000000 0.0032021102538
#Header 
#Target 76 177 0
#Product 70 159 0
#Datapoints 14
1000000 0
70000000 0
75000000 2.531235388E-13
80000000 2.138885902E-11
90000000 1.7632004308E-8
100000000 1.17549995316E-6
110000000 1.1073499863E-5
120000000 2.9745594368E-5
130000000 6.3254596419E-5
140000000 0.000106384999392
150000000 0.000145939005621
160000000 0.00018470500902
180000000 0.00035216702851
200000000 0.00045559802124
#Header 
#Target 76 177 0
#Product 71 154 0
#Datapoints 9
1000000 0
110000000 0
120000000 1.3328187392E-10
130000000 3.3860693489E-8
140000000 2.512790472E-7
150000000 4.8549802971E-7
160000000 8.8683693966E-7
180000000 1.6054395676E-5
200000000 7.0906992552E-5
#Header 
#Target 76 177 0
#Product 71 155 0
#Datapoints 10
1000000 0
100000000 0
110000000 3.279428496E-10
120000000 8.840249344E-8
130000000 1.30627995491E-6
140000000 3.7703701584E-6
150000000 7.6686895554E-6
160000000 2.5859699334E-5
180000000 0.00019718100292
200000000 0.00077263406784
#Header 
#Target 76 177 0
#Product 71 156 0
#Datapoints 11
1000000 0
90000000 0
100000000 2.10815592E-10
110000000 2.139520552E-7
120000000 4.809080832E-6
130000000 1.6157707517E-5
140000000 3.4673605776E-5
150000000 0.000113562993756
160000000 0.00023316493032
180000000 0.0009307388981
200000000 0.002423209926
#Header 
#Target 76 177 0
#Product 71 157 0
#Datapoints 12
1000000 0
80000000 0
90000000 1.867734699E-11
100000000 7.0741690188E-8
110000000 2.3238307978E-6
120000000 1.20697012224E-5
130000000 3.1593903558E-5
140000000 0.000119973004848
150000000 0.00025265305605
160000000 0.0003546159372
180000000 0.00126835993647
200000000 0.0024819193086
#Header 
#Target 76 177 0
#Product 71 158 0
#Datapoints 14
1000000 0
70000000 0
75000000 2.670065398E-13
80000000 1.68727015052E-8
90000000 4.530610925E-6
100000000 3.0170503272E-5
110000000 6.8060599758E-5
120000000 0.00012049399808
130000000 0.00039700896522
140000000 0.00094978193904
150000000 0.00140149988127
160000000 0.0019446704424
180000000 0.0055492403989
200000000 0.0101056003968
#Header 
#Target 76 177 0
#Product 71 159 0
#Datapoints 14
1000000 0
70000000 0
75000000 1.797038564E-13
80000000 6.37841363E-11
90000000 9.0240691915E-8
100000000 5.9321395692E-6
110000000 4.143090387E-5
120000000 0.000150287007744
130000000 0.00059282301414
140000000 0.00108257002992
150000000 0.00149987996631
160000000 0.0021642895008
180000000 0.0051878297988
200000000 0.0067928404212
#Header 
#Target 76 177 0
#Product 71 160 0
#Datapoints 16
1000000 0
60000000 0
65000000 1.860520427E-15
70000000 4.16491816E-12
75000000 5.918168474E-10
80000000 2.5487000632E-8
90000000 3.5822400663E-6
100000000 3.748089696E-5
110000000 9.2269900896E-5
120000000 0.0002716909568
130000000 0.00069561695854
140000000 0.00100614001152
150000000 0.0013975001286
160000000 0.0019240503534
180000000 0.0032167200747
200000000 0.0035201895312
#Header 
#Target 76 177 0
#Product 71 161 0
#Datapoints 18
1000000 0
50000000 0
55000000 6.243720126E-15
60000000 7.443003662E-12
65000000 7.774614826E-10
70000000 2.640809431E-8
75000000 3.6019199942E-7
80000000 2.8780900162E-6
90000000 3.4542009487E-5
100000000 7.8283899408E-5
110000000 0.00013796099973
120000000 0.00043098996736
130000000 0.00072411791928
140000000 0.0009139309848
150000000 0.00117153001896
160000000 0.00138728006802
180000000 0.0017542597182
200000000 0.0021038497764
#Header 
#Target 76 177 0
#Product 71 162 0
#Datapoints 19
1000000 0
45000000 0
50000000 2.61270126E-13
55000000 5.934522764E-11
60000000 3.0412191631E-9
65000000 6.7909113996E-8
70000000 7.695039027E-7
75000000 4.2155504286E-6
80000000 1.26435996298E-5
90000000 4.0051503141E-5
100000000 4.4116299864E-5
110000000 0.00011881899201
120000000 0.0002714599424
130000000 0.00032884502455
140000000 0.00037537799088
150000000 0.0004300780827
160000000 0.00046612497708
180000000 0.00056872506339
200000000 0.00063541693428
#Header 
#Target 76 177 0
#Product 71 163 0
#Datapoints 21
1000000 0
35000000 0
40000000 3.097056456E-12
45000000 4.214462652E-10
50000000 1.17529998716E-8
55000000 1.45063002732E-7
60000000 1.04747998862E-6
65000000 4.5243103605E-6
70000000 1.0951200624E-5
75000000 1.8740296954E-5
80000000 2.446460073E-5
90000000 2.5640593536E-5
100000000 7.7380595916E-5
110000000 0.00017650394112
120000000 0.00021263106048
130000000 0.00024569000477
140000000 0.00029832595728
150000000 0.00033371096763
160000000 0.00038700396756
180000000 0.00044824600194
200000000 0.0004207650231
#Header 
#Target 76 177 0
#Product 72 157 0
#Datapoints 10
1000000 0
100000000 0
110000000 1.4680492618E-12
120000000 7.0294503424E-9
130000000 2.6637099083E-6
140000000 2.7301097136E-5
150000000 6.058699332E-5
160000000 7.4335909032E-5
180000000 0.0003686369588
200000000 0.00087755902326
#Header 
#Target 76 177 0
#Product 72 158 0
#Datapoints 11
1000000 0
90000000 0
100000000 3.339126492E-14
110000000 5.958340585E-9
120000000 4.49748992E-6
130000000 7.1366103263E-5
140000000 0.00019468297248
150000000 0.00027372894729
160000000 0.00043354895598
180000000 0.0018154900819
200000000 0.003699680529
#Header 
#Target 76 177 0
#Product 72 159 0
#Datapoints 11
1000000 0
90000000 0
100000000 7.944081756E-11
110000000 6.7585893844E-7
120000000 4.7754297344E-5
130000000 0.00028834794408
140000000 0.00055236109584
150000000 0.00087078804021
160000000 0.0016147707156
180000000 0.0046029200921
200000000 0.006705709725
#Header 
#Target 76 177 0
#Product 72 160 0
#Datapoints 12
1000000 0
80000000 0
90000000 2.240424203E-11
100000000 5.66467005E-7
110000000 7.6558908014E-5
120000000 0.00070832996352
130000000 0.00142039003526
140000000 0.0020849997168
150000000 0.0036488699097
160000000 0.0053868196368
180000000 0.0100073993756
200000000 0.0127831000722
#Header 
#Target 76 177 0
#Product 72 161 0
#Datapoints 14
1000000 0
70000000 0
75000000 2.85071448E-15
80000000 4.520864478E-12
90000000 5.3989208855E-8
100000000 1.8926200176E-5
110000000 0.00041125496334
120000000 0.00151142989824
130000000 0.0024288204899
140000000 0.004226319216
150000000 0.0065667605958
160000000 0.007798089915
180000000 0.0117531992259
200000000 0.017385904608
#Header 
#Target 76 177 0
#Product 72 162 0
#Datapoints 16
1000000 0
60000000 0
65000000 2.09531934E-15
70000000 3.67592589E-11
75000000 1.6561999496E-8
80000000 9.8873111474E-7
90000000 0.00021743790823
100000000 0.0023595396552
110000000 0.0049944205648
120000000 0.0054211395584
130000000 0.0082677693091
140000000 0.01212310008
150000000 0.0132781988019
160000000 0.0142555005432
180000000 0.020190601156
200000000 0.02198369775
#Header 
#Target 76 177 0
#Product 72 163 0
#Datapoints 16
1000000 0
60000000 0
65000000 5.813190436E-12
70000000 1.278519359E-9
75000000 6.4864799954E-8
80000000 1.6944899161E-6
90000000 0.000137472004891
100000000 0.00105277001232
110000000 0.00179647077
120000000 0.0024062803968
130000000 0.0042994594153
140000000 0.0055239303072
150000000 0.0062240303874
160000000 0.0075104997282
180000000 0.0092020302814
200000000 0.008459159499
#Header 
#Target 76 177 0
#Product 72 164 0
#Datapoints 19
1000000 0
45000000 0
50000000 4.440077772E-11
55000000 3.1696397612E-8
60000000 2.2895597034E-6
65000000 4.6435096566E-5
70000000 0.0003388800818
75000000 0.00110829993056
80000000 0.0020684303188
90000000 0.0032177291807
100000000 0.0033211498632
110000000 0.003792210284
120000000 0.0059880603648
130000000 0.0075036306849
140000000 0.00790713984
150000000 0.0083168903481
160000000 0.00854211015
180000000 0.0091648503089
200000000 0.0087885304794
#Header 
#Target 76 177 0
#Product 72 165 0
#Datapoints 20
1000000 0
40000000 0
45000000 9.98689644E-13
50000000 3.781776544E-10
55000000 2.1493105298E-8
60000000 5.2070507849E-7
65000000 6.0058406761E-6
70000000 4.301670113E-5
75000000 0.000176323994604
80000000 0.00042447592624
90000000 0.00084896402187
100000000 0.00071196700224
110000000 0.00114589000904
120000000 0.0018442600448
130000000 0.0019931101624
140000000 0.0020823495984
150000000 0.0021647103027
160000000 0.0022994599572
180000000 0.0023766000489
200000000 0.0023115797466
#Header 
#Target 76 177 0
#Product 72 166 0
#Datapoints 23
1000000 0
28000000 0
30000000 1.2024287652E-15
35000000 2.836009072E-12
40000000 8.378474754E-10
45000000 5.124480612E-8
50000000 1.2179398738E-6
55000000 1.04972991628E-5
60000000 5.4247204902E-5
65000000 0.00018483205021
70000000 0.0003916639974
75000000 0.00057512394848
80000000 0.0006303910342
90000000 0.00051388106192
100000000 0.0008512789038
110000000 0.00132046997608
120000000 0.00143956000768
130000000 0.00146794005323
140000000 0.00153323998176
150000000 0.0016397700105
160000000 0.0017920399392
180000000 0.0017918300994
200000000 0.001697349963
#Header 
#Target 76 177 0
#Product 72 167 0
#Datapoints 26
1000000 0
22000000 0
24000000 1.91028742E-15
26000000 1.2751988453E-13
28000000 2.917967795E-12
30000000 2.856435964E-11
35000000 2.08682916E-9
40000000 7.5119694858E-8
45000000 8.9556798888E-7
50000000 5.7929002872E-6
55000000 2.514570483E-5
60000000 7.536169969E-5
65000000 0.000147208006468
70000000 0.00017954899521
75000000 0.0001550340053
80000000 0.00011581300417
90000000 0.00015136900844
100000000 0.00031415009028
110000000 0.0003634119522
120000000 0.00038150701056
130000000 0.00040333903708
140000000 0.00043533405984
150000000 0.00048284104107
160000000 0.00050974890246
180000000 0.00054239906039
200000000 0.00056765595516
#Header 
#Target 76 177 0
#Product 72 168 0
#Datapoints 31
1000000 0
16000000 0
17000000 2.78397964E-15
18000000 5.602684224E-14
19000000 6.340244904E-13
20000000 5.291178957E-12
22000000 1.645005055E-10
24000000 1.94343962E-9
26000000 1.231270009E-8
28000000 5.8694102385E-8
30000000 2.1565092706E-7
35000000 2.2260598672E-6
40000000 1.08247006608E-5
45000000 2.8220095656E-5
50000000 4.5719307556E-5
55000000 6.388280051E-5
60000000 7.3475297339E-5
65000000 6.5350499912E-5
70000000 5.195479172E-5
75000000 6.3700006324E-5
80000000 9.4240403454E-5
90000000 0.00018214001875
100000000 0.00022055191236
110000000 0.00024174294016
120000000 0.00027201896448
130000000 0.00029620306254
140000000 0.0003201479664
150000000 0.00034098899016
160000000 0.00037973602548
180000000 0.00040797997779
200000000 0.00043247102922
#Header 
#Target 76 177 0
#Product 73 160 0
#Datapoints 11
1000000 0
90000000 0
100000000 1.3164700848E-8
110000000 3.2155200678E-6
120000000 3.1336300544E-5
130000000 5.8569495278E-5
140000000 0.000106467998304
150000000 0.00028153604676
160000000 0.0004171619907
180000000 0.00095018808731
200000000 0.001539579987
#Header 
#Target 76 177 0
#Product 73 161 0
#Datapoints 12
1000000 0
80000000 0
90000000 3.1436703331E-9
100000000 4.8023700036E-6
110000000 9.0995601628E-5
120000000 0.00019769196544
130000000 0.00026893503588
140000000 0.00065819598912
150000000 0.00108040004427
160000000 0.00121451998752
180000000 0.0021654603399
200000000 0.0038892092604
#Header 
#Target 76 177 0
#Product 73 162 0
#Datapoints 14
1000000 0
70000000 0
75000000 2.042922534E-12
80000000 1.46658003394E-7
90000000 3.8870203078E-5
100000000 0.0002696800392
110000000 0.00065151289438
120000000 0.00086827384832
130000000 0.0022456698089
140000000 0.0041151302256
150000000 0.004790749353
160000000 0.0053827607106
180000000 0.0104931999601
200000000 0.0129189009228
#Header 
#Target 76 177 0
#Product 73 163 0
#Datapoints 16
1000000 0
60000000 0
65000000 8.203807346E-15
70000000 1.332808867E-9
75000000 2.1040703954E-7
80000000 3.3697798174E-6
90000000 0.000121844005089
100000000 0.00071041300668
110000000 0.00114742988878
120000000 0.0029214998528
130000000 0.006729050489
140000000 0.0084766992192
150000000 0.0101132006454
160000000 0.0131273003862
180000000 0.017941801471
200000000 0.016994394138
#Header 
#Target 76 177 0
#Product 73 164 0
#Datapoints 17
1000000 0
55000000 0
60000000 1.4094891026E-9
65000000 3.513239535E-8
70000000 8.126219946E-7
75000000 1.31024988628E-5
80000000 0.000107340009638
90000000 0.00119776005324
100000000 0.0020349502992
110000000 0.0029125091604
120000000 0.009357590528
130000000 0.0130470009691
140000000 0.0142313995488
150000000 0.016798004673
160000000 0.018893797776
180000000 0.022067996082
200000000 0.021559096836
#Header 
#Target 76 177 0
#Product 73 165 0
#Datapoints 19
1000000 0
45000000 0
50000000 1.8742191884E-9
55000000 1.9310006816E-6
60000000 3.3691103099E-5
65000000 0.000172602996327
70000000 0.0005785260481
75000000 0.00129634987838
80000000 0.0021269395018
90000000 0.0028270092251
100000000 0.0039110594328
110000000 0.0121793996972
120000000 0.0162691006464
130000000 0.0158326001463
140000000 0.017552093232
150000000 0.019296301593
160000000 0.020047794354
180000000 0.020876596334
200000000 0.020368498476
#Header 
#Target 76 177 0
#Product 73 166 0
#Datapoints 21
1000000 0
35000000 0
40000000 1.7720997372E-9
45000000 6.7301498688E-8
50000000 1.56560012752E-6
55000000 2.0497503398E-5
60000000 0.0001621969868
65000000 0.00070561199507
70000000 0.0017027299562
75000000 0.002563969195
80000000 0.0025428606642
90000000 0.0018691006949
100000000 0.0068769906348
110000000 0.0119992005784
120000000 0.0111766011904
130000000 0.0113386005635
140000000 0.0127610001024
150000000 0.013210599579
160000000 0.0136923993108
180000000 0.0132667985648
200000000 0.0122255006826
#Header 
#Target 76 177 0
#Product 73 167 0
#Datapoints 24
1000000 0
26000000 0
28000000 7.594839545E-14
30000000 2.575331876E-12
35000000 5.9636692544E-8
40000000 7.3919993628E-6
45000000 6.3495697632E-5
50000000 0.00033486502036
55000000 0.00099411300172
60000000 0.00181653000352
65000000 0.0023642095468
70000000 0.002120500044
75000000 0.00149362007228
80000000 0.00163942004164
90000000 0.0071499106668
100000000 0.0110689000344
110000000 0.009328580791
120000000 0.009997049856
130000000 0.0114411011057
140000000 0.011696999808
150000000 0.0122745003306
160000000 0.0124714994166
180000000 0.0121054997833
200000000 0.0122135005392
#Header 
#Target 76 177 0
#Product 73 168 0
#Datapoints 28
1000000 0
19000000 0
20000000 1.368509418E-15
22000000 1.006759039E-12
24000000 2.253657728E-10
26000000 1.27563999576E-8
28000000 2.0045196785E-7
30000000 1.4707599866E-6
35000000 2.2991003984E-5
40000000 0.00015549299688
45000000 0.00052147105584
50000000 0.00100014997212
55000000 0.00131358997632
60000000 0.00108809998526
65000000 0.0007086649821
70000000 0.0006323549518
75000000 0.00127265998276
80000000 0.0028241991864
90000000 0.0054975294739
100000000 0.0048361994616
110000000 0.0048147401318
120000000 0.005354430464
130000000 0.0054643499785
140000000 0.0055861794912
150000000 0.0057413597988
160000000 0.005907969333
180000000 0.0061268508301
200000000 0.0062922495594
#Header 
#Target 76 177 0
#Product 73 169 0
#Datapoints 38
1000000 0
9000000 0
10000000 2.103066E-15
11000000 1.846067139E-13
12000000 7.795430736E-12
13000000 1.658929058E-10
14000000 2.0515597608E-9
15000000 1.73003958684E-8
16000000 1.0902997004898E-7
17000000 5.2918207836E-7
18000000 1.7119505772E-6
19000000 3.6921303432E-6
20000000 7.0758093753E-6
22000000 1.8289494162E-5
24000000 3.6365397708E-5
26000000 7.0138290606E-5
28000000 0.00012795199529
30000000 0.00020472400772
35000000 0.0003579759456
40000000 0.00047202692784
45000000 0.00056204795388
50000000 0.00042664703952
55000000 0.00028607898946
60000000 0.00041824706823
65000000 0.00101694999791
70000000 0.00205866089
75000000 0.003099650741
80000000 0.0034183593638
90000000 0.0028872206581
100000000 0.0029859993228
110000000 0.0034890009084
120000000 0.0037586993152
130000000 0.0039881000334
140000000 0.004219709808
150000000 0.0044389100517
160000000 0.0048245800932
180000000 0.0050271697828
200000000 0.0050015697942
#Header 
#Target 76 177 0
#Product 73 170 0
#Datapoints 43
1000000 0
4000000 0
5000000 1.297399648E-14
6000000 1.8174800784E-12
7000000 5.1733904611449E-11
8000000 1.0056799696E-9
9000000 1.36792013484E-8
10000000 9.6270912E-8
11000000 3.8716812E-7
12000000 9.9781914044E-7
13000000 1.9808301289E-6
14000000 3.4178696684E-6
15000000 5.41874984751E-6
16000000 8.2077501391314E-6
17000000 1.1758900504E-5
18000000 1.602390495E-5
19000000 2.1058996248E-5
20000000 2.6834401791E-5
22000000 4.0034600249E-5
24000000 6.2280400378E-5
26000000 7.9498007634E-5
28000000 7.769039429E-5
30000000 8.3729603038E-5
35000000 9.1581100416E-5
40000000 7.0172403132E-5
45000000 4.912130952E-5
50000000 7.8481500188E-5
55000000 0.00024031200668
60000000 0.00063604800917
65000000 0.00110628999148
70000000 0.0012637800214
75000000 0.00116515005882
80000000 0.00103695994276
90000000 0.00104850998736
100000000 0.00131047991568
110000000 0.00148191001404
120000000 0.0016854106112
130000000 0.0018589802182
140000000 0.0020148303648
150000000 0.0022298099742
160000000 0.0023866098606
180000000 0.0025270304455
200000000 0.0025785093282
#Header 
#Target 76 177 0
#Product 73 171 0
#Datapoints 30
1000000 0
17000000 0
18000000 1.449251148E-15
19000000 1.661571144E-14
20000000 1.489477491E-13
22000000 6.305098235E-12
24000000 1.47721879E-10
26000000 2.230020117E-9
28000000 2.510650629E-8
30000000 1.9602708522E-7
35000000 6.2268002368E-6
40000000 3.9723801936E-5
45000000 0.000116487996732
50000000 0.00024425393044
55000000 0.00038950207806
60000000 0.00043037298476
65000000 0.00038417904168
70000000 0.0003516839417
75000000 0.00036020900632
80000000 0.00039292899404
90000000 0.00053751903951
100000000 0.00066055999932
110000000 0.00082501095956
120000000 0.00099741007872
130000000 0.00115528002905
140000000 0.00127279991376
150000000 0.00135781010631
160000000 0.0014369799843
180000000 0.00148184999699
200000000 0.0015316107798
#Header 
#Target 76 177 0
#Product 73 172 0
#Datapoints 35
1000000 0
12000000 0
13000000 2.362207914E-14
14000000 3.379975812E-13
15000000 2.4894150957E-12
16000000 1.118855086404E-11
17000000 3.707408068E-11
18000000 1.166350662E-10
19000000 4.014674352E-10
20000000 1.4436097587E-9
22000000 1.4786302964E-8
24000000 8.876299754E-8
26000000 3.3813304697E-7
28000000 9.4513504515E-7
30000000 2.1389606326E-6
35000000 9.4235405888E-6
40000000 2.5555199124E-5
45000000 4.6734200796E-5
50000000 5.403850374E-5
55000000 5.3418996962E-5
60000000 5.3469707051E-5
65000000 5.6743295318E-5
70000000 6.533340411E-5
75000000 8.1715003748E-5
80000000 0.000103519004662
90000000 0.000155003980808
100000000 0.00022524909732
110000000 0.00030137496238
120000000 0.00035717496832
130000000 0.000407023008
140000000 0.00044032606944
150000000 0.00046851801567
160000000 0.0004809060396
180000000 0.00049329795064
200000000 0.00048482298126
#Header 
#Target 76 177 0
#Product 74 162 0
#Datapoints 11
1000000 0
90000000 0
100000000 2.160562248E-13
110000000 2.9187800884E-8
120000000 1.14158993408E-5
130000000 9.4718709806E-5
140000000 0.0001775690544
150000000 0.00019162793559
160000000 0.00027046505178
180000000 0.00081714500549
200000000 0.00112139001024
#Header 
#Target 76 177 0
#Product 74 163 0
#Datapoints 11
1000000 0
90000000 0
100000000 6.8248495692E-9
110000000 1.11670000666E-5
120000000 0.00025219792896
130000000 0.00067208400637
140000000 0.00088490408544
150000000 0.00108487994916
160000000 0.0016831199952
180000000 0.0029556505869
200000000 0.0029657601882
#Header 
#Target 76 177 0
#Product 74 164 0
#Datapoints 12
1000000 0
80000000 0
90000000 9.5408790736E-9
100000000 1.8900592152E-5
110000000 0.00069744010366
120000000 0.00271147008
130000000 0.0031680408844
140000000 0.00331650084
150000000 0.0047389691229
160000000 0.0056066696154
180000000 0.0070743104619
200000000 0.0069395204652
#Header 
#Target 76 177 0
#Product 74 165 0
#Datapoints 14
1000000 0
70000000 0
75000000 2.270295836E-11
80000000 2.4512698238E-8
90000000 5.8677195699E-5
100000000 0.0019331201448
110000000 0.0081205198678
120000000 0.0098245804032
130000000 0.0092705599931
140000000 0.0129196004736
150000000 0.015883206495
160000000 0.017113697496
180000000 0.01860700017
200000000 0.019308199344
#Header 
#Target 76 177 0
#Product 74 166 0
#Datapoints 16
1000000 0
60000000 0
65000000 2.791336259E-11
70000000 1.0430000386E-7
75000000 1.01693009178E-5
80000000 0.0002814590318
90000000 0.0059515399943
100000000 0.019282893084
110000000 0.021400592514
120000000 0.017546395648
130000000 0.025109795543
140000000 0.031313404992
150000000 0.032352600132
160000000 0.033285798504
180000000 0.033036308239
200000000 0.031501400226
#Header 
#Target 76 177 0
#Product 74 167 0
#Datapoints 18
1000000 0
50000000 0
55000000 1.8313687862E-14
60000000 6.873576619E-10
65000000 3.0032200077E-7
70000000 1.992410849E-5
75000000 0.00038035000946
80000000 0.0026164300028
90000000 0.020207800465
100000000 0.026622499644
110000000 0.018613698714
120000000 0.02770239488
130000000 0.036819993217
140000000 0.037437307488
150000000 0.038594406501
160000000 0.038320401294
180000000 0.035060797618
200000000 0.035636001882
#Header 
#Target 76 177 0
#Product 74 168 0
#Datapoints 20
1000000 0
40000000 0
45000000 2.086797336E-10
50000000 9.3984390396E-7
55000000 0.000148948001304
60000000 0.0025652608556
65000000 0.0095132799183
70000000 0.0201850935
75000000 0.03418189978
80000000 0.047119590318
90000000 0.04568119402
100000000 0.033747107628
110000000 0.049154502348
120000000 0.05907030016
130000000 0.058061990077
140000000 0.058352794992
150000000 0.057237704211
160000000 0.055634503428
180000000 0.055201906496
200000000 0.052564005888
#Header 
#Target 76 177 0
#Product 74 169 0
#Datapoints 22
1000000 0
30000000 0
35000000 3.224759824E-12
40000000 3.0020591952E-7
45000000 7.6766304408E-5
50000000 0.0032795894248
55000000 0.0150263004796
60000000 0.027755806319
65000000 0.037485904231
70000000 0.04495819614
75000000 0.044947697128
80000000 0.037084206544
90000000 0.024853696584
100000000 0.035220793296
110000000 0.04314740363
120000000 0.041411592192
130000000 0.040738702018
140000000 0.04009670448
150000000 0.039977800002
160000000 0.041127802002
180000000 0.03858149416
200000000 0.035466992514
#Header 
#Target 76 177 0
#Product 74 170 0
#Datapoints 26
1000000 0
22000000 0
24000000 2.164060304E-14
26000000 3.468874765E-11
28000000 4.7620606105E-9
30000000 1.18329993508E-7
35000000 5.1713397008E-5
40000000 0.00172050999432
45000000 0.0077583700416
50000000 0.019245091216
55000000 0.034496493482
60000000 0.042810697049
65000000 0.041321602883
70000000 0.03336000278
75000000 0.026103192632
80000000 0.024986194634
90000000 0.040431309015
100000000 0.047149303344
110000000 0.04666779587
120000000 0.047539699712
130000000 0.046649901935
140000000 0.046074500928
150000000 0.046885500036
160000000 0.047228496714
180000000 0.046669805391
200000000 0.044858296668
#Header 
#Target 76 177 0
#Product 74 171 0
#Datapoints 31
1000000 0
16000000 0
17000000 1.087447166E-15
18000000 5.566199718E-14
19000000 1.522499544E-12
20000000 2.342512467E-11
22000000 1.7025001674E-9
24000000 3.7343099328E-8
26000000 3.9304704445E-7
28000000 4.527060606E-6
30000000 4.7847591704E-5
35000000 0.00098722302224
40000000 0.0043040293062
45000000 0.0107840987508
50000000 0.0159818000836
55000000 0.015921200419
60000000 0.011885000154
65000000 0.008776349439
70000000 0.008275259499
75000000 0.0107931999394
80000000 0.0146718984796
90000000 0.019062602962
100000000 0.019771503024
110000000 0.020835308382
120000000 0.02177769472
130000000 0.022429808261
140000000 0.022942399104
150000000 0.023039497422
160000000 0.023199405642
180000000 0.022670395187
200000000 0.022758901932
#Header 
#Target 76 177 0
#Product 74 172 0
#Datapoints 38
1000000 0
9000000 0
10000000 2.13201E-13
11000000 2.2896682236E-11
12000000 1.03449009796E-8
13000000 9.168617234E-7
14000000 1.4351501176E-5
15000000 7.8669399546E-5
16000000 0.00025185700957548
17000000 0.00060841303042
18000000 0.0011811400152
19000000 0.0018307303272
20000000 0.0025808992578
22000000 0.0041198407374
24000000 0.0054407502406
26000000 0.0068436803257
28000000 0.008217310142
30000000 0.0093900985892
35000000 0.0118573001872
40000000 0.0133743993474
45000000 0.012877300254
50000000 0.010457899634
55000000 0.0088799103218
60000000 0.0093455501962
65000000 0.0115726990164
70000000 0.013835900845
75000000 0.0153849000312
80000000 0.0162541009176
90000000 0.0171826003354
100000000 0.018555291924
110000000 0.019448899598
120000000 0.019842891776
130000000 0.020297999463
140000000 0.020335893264
150000000 0.020402000265
160000000 0.020337699942
180000000 0.020039602616
200000000 0.019170905388
#Header 
#Target 76 177 0
#Product 74 173 0
#Datapoints 43
1000000 0
4000000 0
5000000 2.0473929712E-15
6000000 1.8114495483E-12
7000000 1.6735601535858E-10
8000000 7.3046201672E-9
9000000 1.73343033738E-7
10000000 1.74211002E-6
11000000 8.6671314666E-6
12000000 2.49370001048E-5
13000000 5.0928901086E-5
14000000 8.459652928E-5
15000000 0.000123704972955
16000000 0.0001705360227378
17000000 0.00022817598674
18000000 0.0003011290065
19000000 0.00039134900808
20000000 0.00049649604966
22000000 0.00073782506969
24000000 0.00105894007712
26000000 0.00138628004668
28000000 0.0015796199325
30000000 0.0017588900474
35000000 0.0017673795568
40000000 0.00141909999738
45000000 0.00126001006644
50000000 0.00131456989612
55000000 0.0018388794672
60000000 0.0027169003384
65000000 0.0034779204154
70000000 0.003923399961
75000000 0.0044317904768
80000000 0.0049825704274
90000000 0.0059452602317
100000000 0.00666237975
110000000 0.0070078604402
120000000 0.0072986804224
130000000 0.0074159002029
140000000 0.0074304807744
150000000 0.0074755796085
160000000 0.0074384092314
180000000 0.007187500122
200000000 0.0069439997814
#Header 
#Target 76 177 0
#Product 74 174 0
#Datapoints 29
1000000 0
18000000 0
19000000 1.804773816E-15
20000000 3.15810819E-14
22000000 3.751397982E-12
24000000 1.752209082E-10
26000000 4.0033692712E-9
28000000 5.496680024E-8
30000000 5.2313793398E-7
35000000 2.464410104E-5
40000000 0.000140685005916
45000000 0.00032036291196
50000000 0.00059900896172
55000000 0.00094714596472
60000000 0.00131184996973
65000000 0.00169895002843
70000000 0.002112350474
75000000 0.002496550263
80000000 0.0028012297022
90000000 0.0032369798294
100000000 0.0034188293412
110000000 0.0035409695564
120000000 0.0035412492288
130000000 0.0035502697944
140000000 0.0035573803968
150000000 0.0034855695438
160000000 0.0034330301712
180000000 0.0032715398364
200000000 0.0031324305072
#Header 
#Target 76 177 0
#Product 74 175 0
#Datapoints 32
1000000 0
15000000 0
16000000 1.6545396216E-15
17000000 8.758410466E-14
18000000 3.237233634E-12
19000000 6.215643792E-11
20000000 6.847144893E-10
22000000 2.4645901258E-8
24000000 2.6422793476E-7
26000000 1.33419007826E-6
28000000 4.2075192715E-6
30000000 9.4611404292E-6
35000000 3.122030392E-5
40000000 7.0770797994E-5
45000000 0.000138160004364
50000000 0.00024135606872
55000000 0.0003939209693
60000000 0.00055880007209
65000000 0.00070314013034
70000000 0.0008213539607
75000000 0.00091005192942
80000000 0.00097048808794
90000000 0.00103338995752
100000000 0.00104339995812
110000000 0.00103537991324
120000000 0.00101393989632
130000000 0.00099103396112
140000000 0.0009609570816
150000000 0.00094331391969
160000000 0.00091872701928
180000000 0.00085960111611
200000000 0.00080834902944
#Header 
#Target 76 177 0
#Product 75 165 0
#Datapoints 12
1000000 0
80000000 0
90000000 6.0950997413E-9
100000000 3.8155394628E-6
110000000 2.5295405854E-5
120000000 2.9071802368E-5
130000000 2.7436104206E-5
140000000 6.465550104E-5
150000000 9.3226508709E-5
160000000 0.000110076993684
180000000 0.000138043001987
200000000 0.00015013002918
#Header 
#Target 76 177 0
#Product 75 166 0
#Datapoints 14
1000000 0
70000000 0
75000000 4.540734888E-12
80000000 6.3976402278E-7
90000000 9.7383600768E-5
100000000 0.00037082204172
110000000 0.0004656489261
120000000 0.000364838912
130000000 0.00090683301086
140000000 0.00133492993776
150000000 0.00127593991893
160000000 0.00127519000812
180000000 0.00127679003001
200000000 0.0013495401024
#Header 
#Target 76 177 0
#Product 75 167 0
#Datapoints 16
1000000 0
60000000 0
65000000 4.6799473E-12
70000000 4.742160696E-6
75000000 0.000148499005514
80000000 0.00066330202874
90000000 0.0025977301979
100000000 0.0027251902704
110000000 0.0018381607666
120000000 0.0054832103424
130000000 0.0076812099483
140000000 0.0070911702912
150000000 0.0071136291984
160000000 0.0070802597502
180000000 0.0067972600421
200000000 0.0067207199928
#Header 
#Target 76 177 0
#Product 75 168 0
#Datapoints 18
1000000 0
50000000 0
55000000 1.2238696058E-14
60000000 6.3689004343E-6
65000000 0.00024448908181
70000000 0.0014665799928
75000000 0.004110889966
80000000 0.0083108701316
90000000 0.0094499388078
100000000 0.0055418195508
110000000 0.0155162989134
120000000 0.02346729472
130000000 0.020858703964
140000000 0.019498897536
150000000 0.01919150547
160000000 0.01833010452
180000000 0.017774806808
200000000 0.01659409542
#Header 
#Target 76 177 0
#Product 75 169 0
#Datapoints 20
1000000 0
40000000 0
45000000 5.194220136E-15
50000000 3.8443998736E-5
55000000 0.00091577301362
60000000 0.0040422794929
65000000 0.0100702009338
70000000 0.01860969669
75000000 0.020131407668
80000000 0.0142866009332
90000000 0.0085270202539
100000000 0.031205094648
110000000 0.041783593536
120000000 0.034461401088
130000000 0.032956305389
140000000 0.031827604224
150000000 0.030787793142
160000000 0.030486007314
180000000 0.028473904063
200000000 0.026227001664
#Header 
#Target 76 177 0
#Product 75 170 0
#Datapoints 21
1000000 0
35000000 0
40000000 2.1001800222E-5
45000000 0.00126152008824
50000000 0.0088955690772
55000000 0.023585597572
60000000 0.039996004164
65000000 0.040426091597
70000000 0.02712659365
75000000 0.015995499657
80000000 0.0157132981378
90000000 0.059527706056
100000000 0.078192196836
110000000 0.065420088764
120000000 0.06117769216
130000000 0.057224101102
140000000 0.05524130496
150000000 0.055183195272
160000000 0.0552743919
180000000 0.051152304907
200000000 0.047669205834
#Header 
#Target 76 177 0
#Product 75 171 0
#Datapoints 25
1000000 0
24000000 0
26000000 1.3713693428E-13
28000000 0.0004340020397
30000000 0.003459240641
35000000 0.029457494144
40000000 0.05222170044
45000000 0.061585297056
50000000 0.067096484884
55000000 0.053115205084
60000000 0.03103319648
65000000 0.020027897319
70000000 0.0278081037
75000000 0.060143093748
80000000 0.096921405336
90000000 0.106529004068
100000000 0.088115306136
110000000 0.085506304776
120000000 0.082335694848
130000000 0.079783006331
140000000 0.07887780312
150000000 0.077621200896
160000000 0.075303402678
180000000 0.072107195655
200000000 0.071683900578
#Header 
#Target 76 177 0
#Product 75 172 0
#Datapoints 30
1000000 0
17000000 0
18000000 0.0028587197928
19000000 0.0100785998304
20000000 0.017338699296
22000000 0.035058492051
24000000 0.056436892708
26000000 0.077023099053
28000000 0.091116096315
30000000 0.095396302566
35000000 0.089111398896
40000000 0.085059308412
45000000 0.06419940966
50000000 0.041269904936
55000000 0.030678401564
60000000 0.034541312093
65000000 0.062819193111
70000000 0.09644269804
75000000 0.107261999142
80000000 0.101616991012
90000000 0.085922391814
100000000 0.082909497528
110000000 0.079719305624
120000000 0.076520996864
130000000 0.075184104177
140000000 0.073828501392
150000000 0.071743303494
160000000 0.070679899836
180000000 0.068627697105
200000000 0.065131798368
#Header 
#Target 76 177 0
#Product 75 173 0
#Datapoints 41
1000000 0
6000000 0
7000000 3.1390003463595E-10
8000000 1.60476985764E-6
9000000 1.57519009536E-5
10000000 8.7482304E-5
11000000 0.0003627269856
12000000 0.00124518001614
13000000 0.0034164598488
14000000 0.007327212702
15000000 0.0131148020259
16000000 0.020981102144157
17000000 0.031046601924
18000000 0.040575296904
19000000 0.044861904504
20000000 0.04735340514
22000000 0.049019299358
24000000 0.050386399998
26000000 0.053825700187
28000000 0.05406930091
30000000 0.053011893534
35000000 0.035957700896
40000000 0.022567404522
45000000 0.019269006816
50000000 0.033755600996
55000000 0.069056198032
60000000 0.09580659945
65000000 0.100385999039
70000000 0.09321660673
75000000 0.089685206874
80000000 0.08826690208
90000000 0.088483712233
100000000 0.088332005112
110000000 0.085996804756
120000000 0.08583069696
130000000 0.084082896177
140000000 0.08158980528
150000000 0.080296504944
160000000 0.079386707232
180000000 0.07522370526
200000000 0.070920309438
#Header 
#Target 76 177 0
#Product 75 174 0
#Datapoints 45
1000000 0
2000000 1.24041001266E-13
3000000 1.76012000766E-11
4000000 7.991098128E-9
5000000 5.7611900567E-7
6000000 1.2718301967E-5
7000000 6.959272448025E-5
8000000 0.00033809296388
9000000 0.00135420983628
10000000 0.0033287994
11000000 0.00559467108
12000000 0.0070954113676
13000000 0.007956809611
14000000 0.008650159762
15000000 0.0093084022206
16000000 0.009963216677649
17000000 0.010516102298
18000000 0.010902500907
19000000 0.011170899864
20000000 0.0114116008086
22000000 0.013702600903
24000000 0.030755094144
26000000 0.028550700656
28000000 0.0129058012045
30000000 0.0091815891594
35000000 0.0058841702608
40000000 0.0129922007748
45000000 0.034836703536
50000000 0.052333194628
55000000 0.058403698966
60000000 0.059627206298
65000000 0.061208609924
70000000 0.06338019974
75000000 0.06604889194
80000000 0.067597006878
90000000 0.068931693942
100000000 0.068528194488
110000000 0.067415194514
120000000 0.06570950656
130000000 0.064304798964
140000000 0.062605106976
150000000 0.060919007133
160000000 0.058960994148
180000000 0.054999699095
200000000 0.051471901668
#Header 
#Target 76 177 0
#Product 75 175 0
#Datapoints 36
1000000 0
11000000 0
12000000 2.4173081336E-15
13000000 3.417574918E-14
14000000 3.893434358E-13
15000000 5.7834692478E-12
16000000 8.034429825048E-11
17000000 6.74826308E-10
18000000 5.4120804198E-9
19000000 4.9212592272E-8
20000000 6.961470318E-7
22000000 4.5052801442E-5
24000000 0.00044172596668
26000000 0.0016054394774
28000000 0.003659120807
30000000 0.0066159603604
35000000 0.0167945003408
40000000 0.026652104544
45000000 0.032193792204
50000000 0.037476196992
55000000 0.043272204826
60000000 0.047849797374
65000000 0.051407007725
70000000 0.05398139643
75000000 0.05608669747
80000000 0.057130694952
90000000 0.057838401317
100000000 0.057105400404
110000000 0.055755404578
120000000 0.053999812608
130000000 0.052084291035
140000000 0.05027980032
150000000 0.048223591128
160000000 0.046565306298
180000000 0.042507896739
200000000 0.03905950275
#Header 
#Target 76 177 0
#Product 75 176 0
#Datapoints 39
1000000 0
8000000 0
9000000 4.4063339796E-15
10000000 5.744574E-12
11000000 7.3788616584E-10
12000000 1.91393988844E-8
13000000 1.8063902289E-7
14000000 1.0556497738E-6
15000000 5.1473101959E-6
16000000 2.1120398709546E-5
17000000 6.7931095674E-5
18000000 0.00017392398012
19000000 0.00036213399648
20000000 0.0006343270299
22000000 0.0013317899306
24000000 0.00206494964
26000000 0.0028828304499
28000000 0.0038593999425
30000000 0.0050032698574
35000000 0.009482830344
40000000 0.016029198042
45000000 0.02224510596
50000000 0.02696239416
55000000 0.030472202574
60000000 0.033152908672
65000000 0.034948203263
70000000 0.03627879567
75000000 0.037119295744
80000000 0.037545705146
90000000 0.037571604409
100000000 0.036791197716
110000000 0.03566640334
120000000 0.034359394304
130000000 0.032961996102
140000000 0.031541302464
150000000 0.030240291027
160000000 0.028962491922
180000000 0.026192504492
200000000 0.023805196662
#Header 
#Target 76 177 0
#Product 76 168 0
#Datapoints 13
1000000 0
75000000 0
80000000 2.973521214E-13
90000000 6.1728000875E-8
100000000 4.693299546E-5
110000000 0.00062236992396
120000000 0.00093038395392
130000000 0.00071600502603
140000000 0.00062145896112
150000000 0.00062388097299
160000000 0.0005898569796
180000000 0.00058486808336
200000000 0.00054800898978
#Header 
#Target 76 177 0
#Product 76 169 0
#Datapoints 15
1000000 0
65000000 0
70000000 6.06743618E-15
75000000 5.918150572E-10
80000000 2.1209193384E-7
90000000 0.00019350399379
100000000 0.0021691900776
110000000 0.0029208798486
120000000 0.0021101297664
130000000 0.0019482696009
140000000 0.00187383072
150000000 0.0017970692577
160000000 0.001770150564
180000000 0.0017077205706
200000000 0.0015808294524
#Header 
#Target 76 177 0
#Product 76 170 0
#Datapoints 17
1000000 0
55000000 0
60000000 1.5534798937E-14
65000000 8.4335801887E-9
70000000 2.006290416E-6
75000000 0.00013484600941
80000000 0.0018305301908
90000000 0.0155174999329
100000000 0.016568799624
110000000 0.0112970000732
120000000 0.0102826000384
130000000 0.0097024609283
140000000 0.0091819103424
150000000 0.0090065595453
160000000 0.0087403001238
180000000 0.0078427608688
200000000 0.0074392997592
#Header 
#Target 76 177 0
#Product 76 171 0
#Datapoints 18
1000000 0
50000000 0
55000000 1.16024853E-9
60000000 2.671470079E-6
65000000 0.0003021380535
70000000 0.005939639719
75000000 0.025340298902
80000000 0.049223794266
90000000 0.048748904914
100000000 0.029929998696
110000000 0.026157408284
120000000 0.023587995648
130000000 0.021380395645
140000000 0.020768301072
150000000 0.019999406271
160000000 0.019125399888
180000000 0.017741508136
200000000 0.017245800804
#Header 
#Target 76 177 0
#Product 76 172 0
#Datapoints 20
1000000 0
40000000 0
45000000 4.6296303576E-8
50000000 2.84205948E-5
55000000 0.0045296999848
60000000 0.044279399819
65000000 0.118788994609
70000000 0.1662140038
75000000 0.153472002094
80000000 0.120452995932
90000000 0.079520904573
100000000 0.071137288248
110000000 0.065645491934
120000000 0.060463005696
130000000 0.057891107477
140000000 0.056441103168
150000000 0.054176898459
160000000 0.052403201424
180000000 0.049548196071
200000000 0.04732090425
#Header 
#Target 76 177 0
#Product 76 173 0
#Datapoints 22
1000000 0
30000000 0
35000000 2.9730299872E-9
40000000 1.76854001922E-5
45000000 0.0051303495816
50000000 0.076886896112
55000000 0.20469097028
60000000 0.25347998905
65000000 0.20920293498
70000000 0.15164400017
75000000 0.121334994068
80000000 0.108565999876
90000000 0.097578502521
100000000 0.090035397816
110000000 0.08450759278
120000000 0.08098390016
130000000 0.077204291171
140000000 0.073345299648
150000000 0.071037297831
160000000 0.069475705236
180000000 0.064793200076
200000000 0.059536210266
#Header 
#Target 76 177 0
#Product 76 174 0
#Datapoints 27
1000000 0
20000000 0
22000000 3.204216073E-13
24000000 2.0457098328E-9
26000000 3.6829205443E-7
28000000 1.08273007725E-5
30000000 8.7457002184E-5
35000000 0.062880097488
40000000 0.32817906186
45000000 0.49010501772
50000000 0.46131895368
55000000 0.34981405846
60000000 0.26455400427
65000000 0.22782398804
70000000 0.212598971
75000000 0.20455594986
80000000 0.19676098608
90000000 0.18299103246
100000000 0.17175791412
110000000 0.160632005538
120000000 0.15181299712
130000000 0.144849006673
140000000 0.137916006432
150000000 0.131575005768
160000000 0.12596100237
180000000 0.11419500048
200000000 0.10442800092
#Header 
#Target 76 177 0
#Product 76 175 0
#Datapoints 34
1000000 0
13000000 0
14000000 2.094339668E-13
15000000 9.827613504E-12
16000000 1.798592077311E-10
17000000 3.558519874E-9
18000000 6.3639195444E-8
19000000 7.1047701936E-7
20000000 4.9092304149E-6
22000000 0.00023722801202
24000000 0.020048201976
26000000 0.127618999563
28000000 0.2779689311
30000000 0.40906706172
35000000 0.50670996688
40000000 0.42027106836
45000000 0.31856799756
50000000 0.27521095732
55000000 0.2611749686
60000000 0.25252908053
65000000 0.24482791801
70000000 0.237035032
75000000 0.22905304666
80000000 0.22164391462
90000000 0.20506705362
100000000 0.1900120482
110000000 0.17640704194
120000000 0.16464904192
130000000 0.154332990973
140000000 0.14542199016
150000000 0.137218989693
160000000 0.130285998234
180000000 0.115788004695
200000000 0.103991996208
#Header 
#Target 76 177 0
#Product 76 176 0
#Datapoints 39
1000000 0
8000000 0
9000000 4.2738267621E-13
10000000 2.1905604E-9
11000000 1.49866999254E-5
12000000 0.00141328020448
13000000 0.017158301194
14000000 0.062314799736
15000000 0.128009995155
16000000 0.20106200542929
17000000 0.2795140439
18000000 0.33927800136
19000000 0.3481590024
20000000 0.35644796172
22000000 0.36962798063
24000000 0.36130305368
26000000 0.35556303184
28000000 0.3409829442
30000000 0.31687805382
35000000 0.29880496672
40000000 0.31331698476
45000000 0.31907898384
50000000 0.31699398588
55000000 0.30606696164
60000000 0.29669500551
65000000 0.28870793459
70000000 0.2760309955
75000000 0.26608297562
80000000 0.25369698714
90000000 0.23187806438
100000000 0.21289008
110000000 0.1964459925
120000000 0.18226003968
130000000 0.16989905779
140000000 0.15922302192
150000000 0.149837004282
160000000 0.141470997822
180000000 0.124894994004
200000000 0.11151300276
#Header 
#Target 76 177 0
#Product 76 177 0
#Datapoints 45
1000000 0
2000000 0
3000000 1.9580404038E-12
4000000 1.0614701392E-8
5000000 1.8848699599E-6
6000000 4.9304399284E-5
7000000 0.00029780601860385
8000000 0.00165707005228
9000000 0.00765271984785
10000000 0.021586608
11000000 0.04109471541
12000000 0.05844330433
13000000 0.07246401716
14000000 0.08468751986
15000000 0.094756979439
16000000 0.10273397302194
17000000 0.10909496442
18000000 0.1146010083
19000000 0.11961495504
20000000 0.12441394665
22000000 0.133190006155
24000000 0.141683003974
26000000 0.148923993151
28000000 0.153462002885
30000000 0.154784999646
35000000 0.148078990592
40000000 0.137619011478
45000000 0.128501999592
50000000 0.122101009836
55000000 0.11584200423
60000000 0.107801005405
65000000 0.099946204225
70000000 0.09217230529
75000000 0.085175997408
80000000 0.078427700846
90000000 0.066336996012
100000000 0.05584470684
110000000 0.04689870278
120000000 0.039361298432
130000000 0.033066298972
140000000 0.02784999576
150000000 0.02362860123
160000000 0.020143897452
180000000 0.0149280012552
200000000 0.0115668005706
#Header 
#Target 76 177 0
#Product 77 171 0
#Datapoints 15
1000000 0
65000000 0
70000000 2.647889257E-5
75000000 0.00023792402472
80000000 0.0005019260284
90000000 0.00032191107979
100000000 0.000134479993908
110000000 9.7304305298E-5
120000000 7.8002700288E-5
130000000 6.5071594329E-5
140000000 5.5289795136E-5
150000000 4.6927493754E-5
160000000 4.0971396186E-5
180000000 3.1908406871E-5
200000000 2.5797408786E-5
#Header 
#Target 76 177 0
#Product 77 172 0
#Datapoints 17
1000000 0
55000000 0
60000000 0.000131071008922
65000000 0.0020814707766
70000000 0.005171789402
75000000 0.0050257698858
80000000 0.0031133105778
90000000 0.00115661997113
100000000 0.00073459898616
110000000 0.00054190307702
120000000 0.00042784702464
130000000 0.00034436906392
140000000 0.00028804499136
150000000 0.00024431703645
160000000 0.00021283294914
180000000 0.00016582298117
200000000 0.000134437984644
#Header 
#Target 76 177 0
#Product 77 173 0
#Datapoints 19
1000000 0
45000000 0
50000000 0.0034399290848
55000000 0.0139064000266
60000000 0.0150270013236
65000000 0.0085126201083
70000000 0.004169030892
75000000 0.0024782597896
80000000 0.0018892307714
90000000 0.00132637004257
100000000 0.00101147987928
110000000 0.00080776207162
120000000 0.00066932998144
130000000 0.00057188892838
140000000 0.00049387593792
150000000 0.0004370310381
160000000 0.000390999042
180000000 0.00031716301485
200000000 0.00026509705254
#Header 
#Target 76 177 0
#Product 77 174 0
#Datapoints 21
1000000 0
35000000 0
40000000 0.0098055395958
45000000 0.057570004368
50000000 0.062013598348
55000000 0.031572402428
60000000 0.014382601339
65000000 0.0087220190582
70000000 0.006653439052
75000000 0.0054297607394
80000000 0.0046413492672
90000000 0.0035147196006
100000000 0.0028040293164
110000000 0.0023358806528
120000000 0.0019887505408
130000000 0.0017373907999
140000000 0.00153885003456
150000000 0.00138308003781
160000000 0.00125598008214
180000000 0.00104269003597
200000000 0.00088479408294
#Header 
#Target 76 177 0
#Product 77 175 0
#Datapoints 25
1000000 0
24000000 0
26000000 0.0009665661079
28000000 0.06960489678
30000000 0.17140896944
35000000 0.34269506128
40000000 0.22033598652
45000000 0.085676598084
50000000 0.04207029996
55000000 0.029755001486
60000000 0.024224192928
65000000 0.02050250482
70000000 0.017749599023
75000000 0.0155799011466
80000000 0.0137891993314
90000000 0.011111500118
100000000 0.0091662306528
110000000 0.00774000963
120000000 0.0066944401408
130000000 0.005916600452
140000000 0.0052942994544
150000000 0.0047689700121
160000000 0.004326739389
180000000 0.0035888296961
200000000 0.003059080023
#Header 
#Target 76 177 0
#Product 77 176 0
#Datapoints 30
1000000 0
17000000 0
18000000 0.051984202974
19000000 0.20618602848
20000000 0.34763703444
22000000 0.5496980296
24000000 0.64368398004
26000000 0.60943497844
28000000 0.47333896615
30000000 0.31719806798
35000000 0.099880302288
40000000 0.054902107884
45000000 0.043303092672
50000000 0.036684392576
55000000 0.031664994324
60000000 0.027873203564
65000000 0.02435940806
70000000 0.02146139567
75000000 0.019047710098
80000000 0.0169438996402
90000000 0.013595200033
100000000 0.0112461004188
110000000 0.0095021504048
120000000 0.0082075385856
130000000 0.0072278197201
140000000 0.0064482893808
150000000 0.0058104001056
160000000 0.0052724691936
180000000 0.004367169444
200000000 0.0036883499664
#Header 
#Target 76 177 0
#Product 77 177 0
#Datapoints 41
1000000 0
6000000 0
7000000 0.0031383604822836
8000000 0.0159198009632
9000000 0.0486695036709
10000000 0.119212002
11000000 0.223628978916
12000000 0.34168499538
13000000 0.4432170101
14000000 0.50880000578
15000000 0.547534968678
16000000 0.57060907867227
17000000 0.57608008952
18000000 0.52752497898
19000000 0.41162705568
20000000 0.30675302316
22000000 0.16833995419
24000000 0.103592999994
26000000 0.078697093978
28000000 0.06808740669
30000000 0.06230980393
35000000 0.052617495424
40000000 0.045308802786
45000000 0.039294990564
50000000 0.03418869246
55000000 0.029367295904
60000000 0.026080095823
65000000 0.022482601635
70000000 0.01991870556
75000000 0.0173021003996
80000000 0.0154877006222
90000000 0.0124167013898
100000000 0.0102040000764
110000000 0.0085867400154
120000000 0.0073963896832
130000000 0.0064907401944
140000000 0.0057643904208
150000000 0.0051822396309
160000000 0.0046906897716
180000000 0.0038570906033
200000000 0.0032407307178
#Header 
#Target 76 177 0
#Product 77 178 0
#Datapoints 45
1000000 0
2000000 2.2819898619E-12
3000000 1.87622000156E-8
4000000 3.1654098976E-6
5000000 9.16082960635E-5
6000000 0.00099984904159
7000000 0.0031664304318906
8000000 0.0096869281792
9000000 0.0242278981791
10000000 0.035780598
11000000 0.035097401718
12000000 0.0255204990864
13000000 0.01655670229
14000000 0.010574101992
15000000 0.00700180013268
16000000 0.004890540327879
17000000 0.003628620008
18000000 0.0028614695886
19000000 0.00236764998
20000000 0.0020306203146
22000000 0.0015598001848
24000000 0.00119415997322
26000000 0.000905948038
28000000 0.0007181699331
30000000 0.0006071250311
35000000 0.00047244006368
40000000 0.00040631298708
45000000 0.00037021693248
50000000 0.00034766098796
55000000 0.00032065202386
60000000 0.00030954693373
65000000 0.00027964497709
70000000 0.0002715720423
75000000 0.00024224592556
80000000 0.00023091695112
90000000 0.00020958195646
100000000 0.000194496003
110000000 0.000153250005856
120000000 0.000128491995136
130000000 0.000125108003881
140000000 0.000120063995424
150000000 0.000111243005487
160000000 9.9799494984E-5
180000000 7.4202201656E-5
200000000 4.848459981E-5
