#Header 
#Target 60 135 0
#Product 0 1 0
#Datapoints 40
1000000 0
7000000 0
8000000 0.00450444995
9000000 0.004208145514
10000000 0.0034597388397
11000000 0.0040042568592
12000000 0.0048435221631
13000000 0.06964414670553
14000000 0.27953646748
15000000 0.423663317
16000000 0.5421654963
17000000 0.6488105981
18000000 0.739837395
19000000 0.8152975696
20000000 0.885476893
22000000 1.0168153996
24000000 1.1220134334
26000000 1.2377594436
28000000 1.3600307904
30000000 1.505232114
35000000 1.799000736
40000000 1.972990848
45000000 2.136988098
50000000 2.261433636
55000000 2.369257605
60000000 2.461129191
65000000 2.548416556
70000000 2.619515124
75000000 2.701617264
80000000 2.76293472
90000000 2.914187422
100000000 3.056784915
110000000 3.205646623
120000000 3.34492358
130000000 3.477063422
140000000 3.653882902
150000000 3.838295085
160000000 4.023126822
180000000 4.408948535
200000000 4.81468176
#Header 
#Target 60 135 0
#Product 1 1 0
#Datapoints 45
1000000 0
2000000 9.14594518E-15
3000000 1.28796774E-8
4000000 1.73253669E-5
5000000 0.0009714696439
6000000 0.009421562112
7000000 0.042290048744
8000000 0.10888783906
9000000 0.21442099692
10000000 0.34783530749
11000000 0.49211507232
12000000 0.63085350918
13000000 0.7374849777719
14000000 0.82496882694
15000000 0.91605306485
16000000 0.9964865843
17000000 1.0717091261
18000000 1.1437508286
19000000 1.208136888
20000000 1.25119638
22000000 1.2768832076
24000000 1.2986286687
26000000 1.3953009324
28000000 1.547716284
30000000 1.664186258
35000000 1.756329588
40000000 1.841040384
45000000 1.99836259
50000000 2.087059128
55000000 2.17499084
60000000 2.225123127
65000000 2.279705244
70000000 2.321257799
75000000 2.365110747
80000000 2.39539664
90000000 2.47148492
100000000 2.529914061
110000000 2.590880323
120000000 2.646932516
130000000 2.697968469
140000000 2.766655188
150000000 2.839561485
160000000 2.914221518
180000000 3.07442763
200000000 3.260128608
#Header 
#Target 60 135 0
#Product 1 2 0
#Datapoints 40
1000000 0
7000000 0
8000000 3.178828653E-19
9000000 2.672393587E-13
10000000 2.8096009931E-10
11000000 2.2947487488E-8
12000000 3.5498281804E-7
13000000 4.149761376698E-6
14000000 3.0630977612E-5
15000000 0.00014156463377
16000000 0.0004490119521
17000000 0.001106392096
18000000 0.002239979994
19000000 0.003862985608
20000000 0.005877150552
22000000 0.010723797656
24000000 0.01604921184
26000000 0.02147411196
28000000 0.02671589688
30000000 0.03254658132
35000000 0.04405594752
40000000 0.05427318912
45000000 0.06056558858
50000000 0.06965068572
55000000 0.0749280422
60000000 0.08320797999
65000000 0.08719791356
70000000 0.09387538908
75000000 0.09722745958
80000000 0.1029841904
90000000 0.10320854068
100000000 0.10330199502
110000000 0.10115850542
120000000 0.09918505516
130000000 0.0972941088
140000000 0.09699127508
150000000 0.0974125233
160000000 0.09867197132
180000000 0.1026714023
200000000 0.11103851808
#Header 
#Target 60 135 0
#Product 1 3 0
#Datapoints 34
1000000 0
13000000 0
14000000 1.085930389E-17
15000000 6.9065956995E-14
16000000 1.484621088E-11
17000000 5.410178209E-10
18000000 1.0639039446E-8
19000000 1.5619406E-7
20000000 1.46588988E-6
22000000 3.094435916E-5
24000000 0.0001701670875
26000000 0.0004665494004
28000000 0.0009027559824
30000000 0.0014208747656
35000000 0.002996812065
40000000 0.004676944128
45000000 0.006352995922
50000000 0.00789971028
55000000 0.009346829195
60000000 0.010779235515
65000000 0.01221935246
70000000 0.013715271405
75000000 0.01530302392
80000000 0.01697696
90000000 0.02069609726
100000000 0.02498333958
110000000 0.02812915454
120000000 0.03137988536
130000000 0.03461789107
140000000 0.03783711646
150000000 0.0412807335
160000000 0.04463543292
180000000 0.05148382575
200000000 0.0588776064
#Header 
#Target 60 135 0
#Product 2 3 0
#Datapoints 38
1000000 0
9000000 0
10000000 1.4526834608E-20
11000000 6.582163248E-17
12000000 1.1127997888E-14
13000000 3.711689610779E-13
14000000 3.9264122008E-12
15000000 2.9894340609E-11
16000000 2.571103347E-10
17000000 2.540211366E-9
18000000 2.179145916E-8
19000000 1.466020696E-7
20000000 7.814880738E-7
22000000 1.2374836188E-5
24000000 0.00010010646432
26000000 0.0004337454684
28000000 0.0011591515728
30000000 0.002269793743
35000000 0.006197597172
40000000 0.01070387328
45000000 0.015085756028
50000000 0.01918166712
55000000 0.0224911137
60000000 0.02535465564
65000000 0.0277484196
70000000 0.03001209655
75000000 0.03215152454
80000000 0.0343037968
90000000 0.0388242448
100000000 0.04383883662
110000000 0.04698225916
120000000 0.05011276316
130000000 0.05324232879
140000000 0.0558635868
150000000 0.0584340852
160000000 0.06104495423
180000000 0.0662887309
200000000 0.07129320768
#Header 
#Target 60 135 0
#Product 2 4 0
#Datapoints 45
1000000 0
2000000 7.1480595E-16
3000000 1.1353456297E-11
4000000 8.904959445E-9
5000000 6.822409111E-7
6000000 1.3178868256E-5
7000000 0.00010234609622
8000000 0.0003949822877
9000000 0.0011246443049
10000000 0.0025865646917
11000000 0.0049716854568
12000000 0.008235171967
13000000 0.01202019641733
14000000 0.014647737606
15000000 0.017318138523
16000000 0.02068523007
17000000 0.02467695112
18000000 0.02917160244
19000000 0.03397819704
20000000 0.03898037416
22000000 0.05591668368
24000000 0.07040707032
26000000 0.06738067224
28000000 0.0727467306
30000000 0.07859571089
35000000 0.09189408228
40000000 0.10355899392
45000000 0.1115812271
50000000 0.115603026
55000000 0.11823376345
60000000 0.11887036659
65000000 0.12010381756
70000000 0.11910459075
75000000 0.11921234537
80000000 0.1184515696
90000000 0.1190432376
100000000 0.12010568607
110000000 0.12075217951
120000000 0.12219027356
130000000 0.12391612541
140000000 0.1309907914
150000000 0.1397218605
160000000 0.1491041383
180000000 0.164975631
200000000 0.175784256
#Header 
#Target 60 135 0
#Product 51 109 0
#Datapoints 10
1000000 0
100000000 0
110000000 1.1594098859E-13
120000000 2.403529684E-11
130000000 3.507284277E-10
140000000 2.8497603198E-9
150000000 3.6416898315E-8
160000000 3.2355197862E-7
180000000 1.1781300606E-5
200000000 0.0001735720176
#Header 
#Target 60 135 0
#Product 51 110 0
#Datapoints 11
1000000 0
90000000 0
100000000 2.576778435E-14
110000000 1.796637548E-11
120000000 8.675709416E-10
130000000 4.8756898358E-9
140000000 2.9544195566E-8
150000000 2.7688497675E-7
160000000 1.7970405752E-6
180000000 4.89053926E-5
200000000 0.00056513102112
#Header 
#Target 60 135 0
#Product 51 111 0
#Datapoints 12
1000000 0
80000000 0
90000000 3.082107104E-15
100000000 6.911137179E-12
110000000 5.368334754E-10
120000000 4.8894203416E-9
130000000 2.1118700582E-8
140000000 2.1533397548E-7
150000000 1.343549439E-6
160000000 6.7701996232E-6
180000000 0.00013646003545
200000000 0.0010412199648
#Header 
#Target 60 135 0
#Product 51 112 0
#Datapoints 12
1000000 0
80000000 0
90000000 1.444730612E-12
100000000 3.03925581E-10
110000000 4.0406403968E-9
120000000 1.8255598796E-8
130000000 1.11822001459E-7
140000000 6.469559945E-7
150000000 2.9882494815E-6
160000000 1.3502595886E-5
180000000 0.0001623039388
200000000 0.00099977399232
#Header 
#Target 60 135 0
#Product 51 113 0
#Datapoints 13
1000000 0
75000000 0
80000000 6.25718912E-14
90000000 4.199722742E-11
100000000 1.202940027E-9
110000000 5.0729402254E-9
120000000 4.034620454E-8
130000000 1.7801906024E-7
140000000 6.5076903524E-7
150000000 2.800199331E-6
160000000 1.01414999712E-5
180000000 8.594929915E-5
200000000 0.00041268396
#Header 
#Target 60 135 0
#Product 51 114 0
#Datapoints 15
1000000 0
65000000 0
70000000 1.527855892E-15
75000000 1.0647286432E-13
80000000 2.55747856E-12
90000000 1.750651702E-10
100000000 1.3906497204E-9
110000000 4.2937897595E-9
120000000 2.7963198716E-8
130000000 7.6249196926E-8
140000000 2.593679456E-7
150000000 9.768120102E-7
160000000 3.0191401071E-6
180000000 1.7162600445E-5
200000000 5.5002903456E-5
#Header 
#Target 60 135 0
#Product 52 110 0
#Datapoints 9
1000000 0
110000000 0
120000000 6.051334432E-12
130000000 5.846798006E-10
140000000 1.18053002888E-8
150000000 9.6082703895E-8
160000000 5.1920002121E-7
180000000 1.4726198475E-5
200000000 0.00013881896544
#Header 
#Target 60 135 0
#Product 52 111 0
#Datapoints 10
1000000 0
100000000 0
110000000 2.282615058E-14
120000000 1.36797508E-10
130000000 5.088129991E-9
140000000 5.554399145E-8
150000000 3.311450346E-7
160000000 2.0951503924E-6
180000000 5.897100411E-5
200000000 0.00048164203392
#Header 
#Target 60 135 0
#Product 52 112 0
#Datapoints 11
1000000 0
90000000 0
100000000 1.1857587327E-14
110000000 8.174790412E-11
120000000 8.1670896992E-9
130000000 8.8330996537E-8
140000000 5.1370496274E-7
150000000 2.825300427E-6
160000000 1.6126602011E-5
180000000 0.00023457400545
200000000 0.0016287402528
#Header 
#Target 60 135 0
#Product 52 113 0
#Datapoints 11
1000000 0
90000000 0
100000000 1.782813906E-11
110000000 5.404610037E-9
120000000 1.15519999356E-7
130000000 4.741409596E-7
140000000 2.104339874E-6
150000000 1.20760001895E-5
160000000 5.056950522E-5
180000000 0.0005864760699
200000000 0.0031504396224
#Header 
#Target 60 135 0
#Product 52 114 0
#Datapoints 12
1000000 0
80000000 0
90000000 2.384538926E-12
100000000 3.0646598481E-9
110000000 1.21029000768E-7
120000000 7.8634503956E-7
130000000 2.0698899473E-6
140000000 1.03901010566E-5
150000000 4.3032793575E-5
160000000 0.00014693096262
180000000 0.00115418997945
200000000 0.0038324601024
#Header 
#Target 60 135 0
#Product 52 115 0
#Datapoints 13
1000000 0
75000000 0
80000000 9.73174384E-15
90000000 1.2440895024E-10
100000000 2.1583593915E-8
110000000 2.1862297447E-7
120000000 7.147120178E-7
130000000 2.147490023E-6
140000000 8.387539214E-6
150000000 2.7482700345E-5
160000000 8.2043605059E-5
180000000 0.00047123203485
200000000 0.0012340900896
#Header 
#Target 60 135 0
#Product 52 116 0
#Datapoints 15
1000000 0
65000000 0
70000000 2.589951349E-15
75000000 4.282446559E-13
80000000 2.92251232E-11
90000000 9.327160233E-9
100000000 1.5802495086E-7
110000000 4.7817201364E-7
120000000 1.4287698272E-6
130000000 3.6402993053E-6
140000000 9.7009100034E-6
150000000 2.7096303795E-5
160000000 7.0630406002E-5
180000000 0.0002420729991
200000000 0.0004939399824
#Header 
#Target 60 135 0
#Product 52 117 0
#Datapoints 16
1000000 0
60000000 0
65000000 8.523706774E-16
70000000 1.728889562E-13
75000000 1.1226198091E-11
80000000 2.401308E-10
90000000 8.919050292E-9
100000000 3.9945005763E-8
110000000 7.8706493739E-8
120000000 2.6642497188E-7
130000000 5.5243001835E-7
140000000 1.310689937E-6
150000000 3.2456608125E-6
160000000 6.9262401E-6
180000000 1.729820381E-5
200000000 3.0139099488E-5
#Header 
#Target 60 135 0
#Product 53 112 0
#Datapoints 10
1000000 0
100000000 0
110000000 1.723327006E-13
120000000 6.519579764E-11
130000000 9.398253242E-10
140000000 6.379000389E-9
150000000 7.3882198845E-8
160000000 6.7878503641E-7
180000000 1.3808494745E-5
200000000 0.00013200595392
#Header 
#Target 60 135 0
#Product 53 113 0
#Datapoints 11
1000000 0
90000000 0
100000000 1.645976031E-13
110000000 9.249287908E-11
120000000 3.3676503268E-9
130000000 1.8694699569E-8
140000000 1.4783996166E-7
150000000 1.4356501905E-6
160000000 7.0742902178E-6
180000000 0.00012823094605
200000000 0.00082365701664
#Header 
#Target 60 135 0
#Product 53 114 0
#Datapoints 12
1000000 0
80000000 0
90000000 9.036467814E-15
100000000 3.310950009E-11
110000000 2.8248701479E-9
120000000 2.8234395412E-8
130000000 1.20036003626E-7
140000000 9.7353500378E-7
150000000 4.77942024E-6
160000000 1.9751700397E-5
180000000 0.0002510419684
200000000 0.00101020010304
#Header 
#Target 60 135 0
#Product 53 115 0
#Datapoints 13
1000000 0
75000000 0
80000000 5.80482448E-15
90000000 8.288624452E-11
100000000 1.3410499746E-8
110000000 1.4869500422E-7
120000000 7.7014492092E-7
130000000 3.8380997179E-6
140000000 1.6986004896E-5
150000000 6.212830173E-5
160000000 0.00022462704238
180000000 0.0016775395805
200000000 0.0048175700448
#Header 
#Target 60 135 0
#Product 53 116 0
#Datapoints 14
1000000 0
70000000 0
75000000 7.897400698E-14
80000000 1.162569408E-11
90000000 9.395210475E-9
100000000 2.4043807266E-7
110000000 9.7766501825E-7
120000000 5.500939978E-6
130000000 1.6825202079E-5
140000000 5.0071407422E-5
150000000 0.00016793697825
160000000 0.00050795103476
180000000 0.0023503596595
200000000 0.0052658003904
#Header 
#Target 60 135 0
#Product 53 117 0
#Datapoints 16
1000000 0
60000000 0
65000000 4.825678142E-14
70000000 1.0140793957E-11
75000000 5.014562637E-10
80000000 7.891640848E-9
90000000 1.6836100846E-7
100000000 6.5335602573E-7
110000000 3.3256997603E-6
120000000 1.5262202308E-5
130000000 3.0386394486E-5
140000000 8.2411987976E-5
150000000 0.0002394499548
160000000 0.0005424039985
180000000 0.0016941998825
200000000 0.0030659002944
#Header 
#Target 60 135 0
#Product 53 118 0
#Datapoints 17
1000000 0
55000000 0
60000000 8.876790387E-14
65000000 7.399533026E-12
70000000 2.526557634E-10
75000000 3.2749699304E-9
80000000 2.045879472E-8
90000000 1.14103998678E-7
100000000 2.9528601864E-7
110000000 1.8286203237E-6
120000000 5.5725791288E-6
130000000 8.4894498549E-6
140000000 2.0387300832E-5
150000000 4.6048499295E-5
160000000 8.6574605663E-5
180000000 0.0002184109612
200000000 0.0003259549488
#Header 
#Target 60 135 0
#Product 53 119 0
#Datapoints 20
1000000 0
40000000 0
45000000 1.697365684E-14
50000000 2.601511836E-12
55000000 1.125729286E-10
60000000 1.4102392851E-9
65000000 7.010179381E-9
70000000 2.0838404776E-8
75000000 4.6406296045E-8
80000000 7.525480144E-8
90000000 3.1386198722E-7
100000000 3.1146905466E-6
110000000 7.105449896E-6
120000000 1.06835003112E-5
130000000 1.9197204866E-5
140000000 3.6190899878E-5
150000000 6.368269578E-5
160000000 0.000105865995742
180000000 0.00019517905435
200000000 0.00025092099168
#Header 
#Target 60 135 0
#Product 54 114 0
#Datapoints 10
1000000 0
100000000 0
110000000 4.912810568E-15
120000000 2.03897172E-10
130000000 8.6461499047E-9
140000000 1.05327006886E-7
150000000 5.556870012E-7
160000000 2.7442502984E-6
180000000 5.441020309E-5
200000000 0.00023863694208
#Header 
#Target 60 135 0
#Product 54 115 0
#Datapoints 11
1000000 0
90000000 0
100000000 1.942460403E-15
110000000 3.92961876E-10
120000000 3.4126001732E-8
130000000 2.912700427E-7
140000000 1.377220059E-6
150000000 6.898660434E-6
160000000 3.2948201156E-5
180000000 0.00033691398515
200000000 0.00110229005856
#Header 
#Target 60 135 0
#Product 54 116 0
#Datapoints 12
1000000 0
80000000 0
90000000 1.761887014E-14
100000000 7.333165971E-10
110000000 1.19512997929E-7
120000000 1.799199678E-6
130000000 5.6268203369E-6
140000000 1.9499801672E-5
150000000 8.487900381E-5
160000000 0.0002880720076
180000000 0.001613760546
200000000 0.003877720464
#Header 
#Target 60 135 0
#Product 54 117 0
#Datapoints 12
1000000 0
80000000 0
90000000 7.924597506E-11
100000000 9.221819643E-8
110000000 2.7615397193E-6
120000000 1.4716797692E-5
130000000 3.2519501742E-5
140000000 0.000117706004418
150000000 0.00038845005555
160000000 0.00098381705435
180000000 0.0039695497895
200000000 0.0084831801888
#Header 
#Target 60 135 0
#Product 54 118 0
#Datapoints 14
1000000 0
70000000 0
75000000 4.670070419E-14
80000000 2.29730592E-11
90000000 8.6958704656E-8
100000000 5.9924693499E-6
110000000 3.4786897146E-5
120000000 8.194399902E-5
130000000 0.00017759400162
140000000 0.00048007797374
150000000 0.00115713997395
160000000 0.0024879705786
180000000 0.0078845300305
200000000 0.012914705184
#Header 
#Target 60 135 0
#Product 54 119 0
#Datapoints 16
1000000 0
60000000 0
65000000 1.92259726E-15
70000000 7.588519581E-13
75000000 1.581464018E-10
80000000 1.1265198672E-8
90000000 2.90132072E-6
100000000 3.3596906208E-5
110000000 7.197949832E-5
120000000 0.0001522460198
130000000 0.00033838101234
140000000 0.00070866096996
150000000 0.001442940282
160000000 0.0028010500115
180000000 0.0062179598445
200000000 0.0087224299008
#Header 
#Target 60 135 0
#Product 54 120 0
#Datapoints 18
1000000 0
50000000 0
55000000 5.30554816E-14
60000000 6.152492286E-12
65000000 3.812076124E-10
70000000 2.3897499554E-8
75000000 5.3823093344E-7
80000000 4.624749584E-6
90000000 4.1129299568E-5
100000000 7.2779901684E-5
110000000 0.00014677402917
120000000 0.00041657499324
130000000 0.00063388997245
140000000 0.0011053100156
150000000 0.002015419896
160000000 0.003212149564
180000000 0.005280530525
200000000 0.0066435500352
#Header 
#Target 60 135 0
#Product 54 121 0
#Datapoints 20
1000000 0
40000000 0
45000000 2.814921424E-15
50000000 4.422634524E-13
55000000 4.95978725E-11
60000000 4.3949300256E-9
65000000 1.38814997934E-7
70000000 1.5343105248E-6
75000000 7.1752601038E-6
80000000 1.578170048E-5
90000000 2.2545299104E-5
100000000 4.388719755E-5
110000000 0.00015392798182
120000000 0.0002374510012
130000000 0.00032133999009
140000000 0.00051290199962
150000000 0.0007780859796
160000000 0.00108204002556
180000000 0.001583179504
200000000 0.0017733398112
#Header 
#Target 60 135 0
#Product 54 122 0
#Datapoints 21
1000000 0
35000000 0
40000000 2.926778112E-13
45000000 9.876175988E-11
50000000 6.780020478E-9
55000000 1.37803995945E-7
60000000 9.5058502155E-7
65000000 2.7936793758E-6
70000000 4.6506302929E-6
75000000 5.9138396595E-6
80000000 5.948330752E-6
90000000 1.543110522E-5
100000000 6.2036902152E-5
110000000 8.3665608559E-5
120000000 0.0001070689992
130000000 0.00015024602894
140000000 0.0002295799786
150000000 0.00030046499535
160000000 0.00037491004265
180000000 0.0004546969452
200000000 0.00046353398784
#Header 
#Target 60 135 0
#Product 54 123 0
#Datapoints 23
1000000 0
28000000 0
30000000 6.995573078E-15
35000000 3.865238052E-12
40000000 3.576895104E-10
45000000 8.0728799676E-9
50000000 6.4435896756E-8
55000000 2.070169904E-7
60000000 3.888239895E-7
65000000 5.2022094126E-7
70000000 4.9915298082E-7
75000000 4.6588801049E-7
80000000 1.1244999584E-6
90000000 7.5355904326E-6
100000000 1.36770003414E-5
110000000 1.4015300969E-5
120000000 1.8814500624E-5
130000000 2.7007099791E-5
140000000 3.6529897154E-5
150000000 4.554610719E-5
160000000 5.3087806343E-5
180000000 5.9018401505E-5
200000000 5.6490108E-5
#Header 
#Target 60 135 0
#Product 55 116 0
#Datapoints 11
1000000 0
90000000 0
100000000 6.582282855E-14
110000000 1.453508384E-10
120000000 4.3782504112E-9
130000000 1.9455701342E-8
140000000 1.5303505032E-7
150000000 1.306339464E-6
160000000 5.4509496964E-6
180000000 4.1076400625E-5
200000000 0.00012690396768
#Header 
#Target 60 135 0
#Product 55 117 0
#Datapoints 12
1000000 0
80000000 0
90000000 1.3419487862E-13
100000000 3.606741531E-10
110000000 1.9999094144E-8
120000000 1.29105003192E-7
130000000 6.1379290721E-7
140000000 3.6500102724E-6
150000000 1.309040538E-5
160000000 3.803019571E-5
180000000 0.0002362349578
200000000 0.00062957098368
#Header 
#Target 60 135 0
#Product 55 118 0
#Datapoints 13
1000000 0
75000000 0
80000000 4.99314816E-15
90000000 2.357443666E-10
100000000 6.3282397026E-8
110000000 7.4201301727E-7
120000000 3.4583601188E-6
130000000 1.3818902223E-5
140000000 4.6252601686E-5
150000000 0.00013807606905
160000000 0.00037429997306
180000000 0.0016402805465
200000000 0.0031307800224
#Header 
#Target 60 135 0
#Product 55 119 0
#Datapoints 15
1000000 0
65000000 0
70000000 2.66493107E-15
75000000 2.46390612E-12
80000000 3.19011056E-10
90000000 1.9786803032E-7
100000000 3.5736801147E-6
110000000 1.24437004572E-5
120000000 5.3840391992E-5
130000000 0.000120418005722
140000000 0.00027864500644
150000000 0.00069220905915
160000000 0.0016245599032
180000000 0.004301080139
200000000 0.0065474904864
#Header 
#Target 60 135 0
#Product 55 120 0
#Datapoints 16
1000000 0
60000000 0
65000000 3.166479894E-13
70000000 1.0821000286E-10
75000000 7.5732299487E-9
80000000 1.4422799664E-7
90000000 3.2580801782E-6
100000000 6.7643596779E-6
110000000 2.4640498283E-5
120000000 8.7355594916E-5
130000000 0.00014097196309
140000000 0.00029377799168
150000000 0.0006449840481
160000000 0.00116909997295
180000000 0.00234666026
200000000 0.0034187306784
#Header 
#Target 60 135 0
#Product 55 121 0
#Datapoints 19
1000000 0
45000000 0
50000000 7.300198752E-15
55000000 6.93249535E-12
60000000 1.0745197362E-9
65000000 3.7577601332E-8
70000000 4.106670305E-7
75000000 1.8901401456E-6
80000000 4.584799856E-6
90000000 6.302229802E-6
100000000 4.0179493917E-5
110000000 0.00014087200127
120000000 0.00019721598544
130000000 0.00030773496761
140000000 0.00058237304514
150000000 0.0009704200641
160000000 0.0014642099342
180000000 0.002470220451
200000000 0.0030364505184
#Header 
#Target 60 135 0
#Product 55 122 0
#Datapoints 21
1000000 0
35000000 0
40000000 1.117178496E-14
45000000 1.926556912E-11
50000000 3.0633207528E-9
55000000 1.0199000493E-7
60000000 9.808509843E-7
65000000 4.1866797886E-6
70000000 9.0208103832E-6
75000000 1.23849985872E-5
80000000 1.177689968E-5
90000000 5.1679300094E-5
100000000 0.00029508301359
110000000 0.00043058598069
120000000 0.00057605394644
130000000 0.00099087392047
140000000 0.0015229296866
150000000 0.00220283052
160000000 0.0028741700013
180000000 0.0037015606825
200000000 0.0036154900512
#Header 
#Target 60 135 0
#Product 55 123 0
#Datapoints 24
1000000 0
26000000 0
28000000 2.45793648E-14
30000000 6.300884041E-13
35000000 2.808260091E-10
40000000 1.8753197952E-8
45000000 2.9173095994E-7
50000000 1.20782000724E-6
55000000 2.3336402155E-6
60000000 3.0334592772E-6
65000000 2.849919937E-6
70000000 2.5192303085E-6
75000000 1.16932996033E-5
80000000 5.598999952E-5
90000000 0.00017549798506
100000000 0.00017273096925
110000000 0.00025344100349
120000000 0.00047150491536
130000000 0.00063964806143
140000000 0.0009224549418
150000000 0.00113491993845
160000000 0.0013466001809
180000000 0.0016131202415
200000000 0.0016071396864
#Header 
#Target 60 135 0
#Product 55 124 0
#Datapoints 34
1000000 0
13000000 0
14000000 1.0530436424E-20
15000000 1.684760427E-19
16000000 2.030587361E-18
17000000 2.13077983E-17
18000000 4.385356038E-15
19000000 2.9758826E-14
20000000 1.775720604E-13
22000000 3.240375424E-12
24000000 3.612748578E-11
26000000 2.65885626E-10
28000000 1.4777895468E-9
30000000 6.2636801873E-9
35000000 9.5537495391E-8
40000000 4.9632897024E-7
45000000 1.1855699646E-6
50000000 1.8796805412E-6
55000000 1.9308398065E-6
60000000 1.34443998234E-6
65000000 3.2320594786E-6
70000000 2.3749695648E-5
75000000 8.8427497537E-5
80000000 0.0001628649568
90000000 0.00018462100166
100000000 0.00017494698069
110000000 0.00034592397574
120000000 0.00051757504368
130000000 0.00062410103763
140000000 0.00075929301678
150000000 0.00088877397525
160000000 0.00102163013446
180000000 0.001046269938
200000000 0.000966853032
#Header 
#Target 60 135 0
#Product 55 125 0
#Datapoints 22
1000000 0
30000000 0
35000000 2.389692669E-13
40000000 5.077314048E-11
45000000 4.235099204E-9
50000000 2.318359428E-7
55000000 3.820700081E-6
60000000 1.9373400027E-5
65000000 4.6043404036E-5
70000000 6.7953901098E-5
75000000 7.8498599453E-5
80000000 6.782369776E-5
90000000 6.7651601214E-5
100000000 0.00015847904475
110000000 0.00022720500345
120000000 0.00025951594492
130000000 0.00030321101706
140000000 0.0003461149779
150000000 0.00040324494585
160000000 0.00043117706515
180000000 0.0004264970433
200000000 0.00040670293056
#Header 
#Target 60 135 0
#Product 55 126 0
#Datapoints 24
1000000 0
26000000 0
28000000 1.1617785768E-15
30000000 5.382500662E-14
35000000 5.164168854E-11
40000000 5.2637907072E-9
45000000 1.35337009906E-7
50000000 1.19754006372E-6
55000000 4.2888594815E-6
60000000 7.6611607425E-6
65000000 8.4077301582E-6
70000000 6.5482594043E-6
75000000 4.902039534E-6
80000000 5.626359648E-6
90000000 2.3070592498E-5
100000000 4.0268594427E-5
110000000 4.2522204294E-5
120000000 4.7473398676E-5
130000000 5.5674694621E-5
140000000 6.3704899106E-5
150000000 6.9629998635E-5
160000000 7.3093393139E-5
180000000 7.585210589E-5
200000000 7.3930300704E-5
#Header 
#Target 60 135 0
#Product 56 118 0
#Datapoints 10
1000000 0
100000000 0
110000000 1.803803036E-10
120000000 3.5240394444E-8
130000000 2.4531297217E-7
140000000 9.5769095928E-7
150000000 3.22209024E-6
160000000 1.10024996536E-5
180000000 6.7688297825E-5
200000000 0.00015007096224
#Header 
#Target 60 135 0
#Product 56 119 0
#Datapoints 11
1000000 0
90000000 0
100000000 3.572570169E-10
110000000 1.6971607609E-7
120000000 2.617779604E-6
130000000 6.8880106932E-6
140000000 1.7109900606E-5
150000000 5.348540106E-5
160000000 0.00015862604589
180000000 0.0005466679552
200000000 0.00091821
#Header 
#Target 60 135 0
#Product 56 120 0
#Datapoints 12
1000000 0
80000000 0
90000000 3.694445794E-10
100000000 4.4732502264E-7
110000000 9.6792294019E-6
120000000 3.9937597432E-5
130000000 6.8905398051E-5
140000000 0.0001716579263
150000000 0.0004681949253
160000000 0.00099667698806
180000000 0.002256789746
200000000 0.0032604004896
#Header 
#Target 60 135 0
#Product 56 121 0
#Datapoints 14
1000000 0
70000000 0
75000000 1.4543688558E-13
80000000 1.434599712E-10
90000000 1.01382986898E-6
100000000 5.7396497706E-5
110000000 0.00027697203181
120000000 0.00044936895472
130000000 0.00075452703676
140000000 0.001710749637
150000000 0.0033234302985
160000000 0.0052799497023
180000000 0.0100869000865
200000000 0.01284860016
#Header 
#Target 60 135 0
#Product 56 122 0
#Datapoints 17
1000000 0
55000000 0
60000000 3.035301921E-15
65000000 1.319529786E-11
70000000 1.0968699409E-9
75000000 5.1974396182E-8
80000000 1.869090496E-6
90000000 0.00017583305838
100000000 0.00090643292952
110000000 0.00122029997728
120000000 0.00204600013
130000000 0.0040903002917
140000000 0.0070081902428
150000000 0.01118379945
160000000 0.016256997601
180000000 0.02344240231
200000000 0.024351398592
#Header 
#Target 60 135 0
#Product 56 123 0
#Datapoints 18
1000000 0
50000000 0
55000000 2.95899989E-12
60000000 7.668012978E-10
65000000 4.282290564E-8
70000000 2.2030401215E-6
75000000 4.9005206271E-5
80000000 0.000336732032
90000000 0.0017042195054
100000000 0.0018997101723
110000000 0.003106890456
120000000 0.0070751998908
130000000 0.0093579395392
140000000 0.013805394558
150000000 0.01901990106
160000000 0.023649304107
180000000 0.02840789559
200000000 0.0279023064
#Header 
#Target 60 135 0
#Product 56 124 0
#Datapoints 21
1000000 0
35000000 0
40000000 6.016664064E-14
45000000 9.684662624E-11
50000000 7.5197196228E-9
55000000 3.21716098E-7
60000000 1.26333012456E-5
65000000 0.00016820897076
70000000 0.00082176112657
75000000 0.001918000057
80000000 0.002619690528
90000000 0.002293819456
100000000 0.0048369701481
110000000 0.0116484995696
120000000 0.014346896804
130000000 0.017678597069
140000000 0.02261099939
150000000 0.027100095
160000000 0.030734505646
180000000 0.031410898925
200000000 0.030114995904
#Header 
#Target 60 135 0
#Product 56 125 0
#Datapoints 23
1000000 0
28000000 0
30000000 1.4441296128E-15
35000000 6.330735489E-12
40000000 6.793992576E-10
45000000 7.011829979E-8
50000000 5.2040698248E-6
55000000 0.000101662999845
60000000 0.00059264700291
65000000 0.00137866995232
70000000 0.0017422493945
75000000 0.001544310581
80000000 0.0011665199728
90000000 0.0025523493758
100000000 0.0072652403427
110000000 0.0085407310699
120000000 0.0093367503632
130000000 0.0113128997716
140000000 0.013633905316
150000000 0.015804001845
160000000 0.016666197392
180000000 0.0161000046
200000000 0.015052499232
#Header 
#Target 60 135 0
#Product 56 126 0
#Datapoints 26
1000000 0
22000000 0
24000000 1.600058286E-13
26000000 1.598361972E-11
28000000 5.963724684E-10
30000000 1.11525000724E-8
35000000 2.0902297728E-6
40000000 4.9363690368E-5
45000000 0.00031623198502
50000000 0.00079411888248
55000000 0.001010429992
60000000 0.00093787908507
65000000 0.00073211902612
70000000 0.00064046797501
75000000 0.0015287805329
80000000 0.003870340656
90000000 0.0075297103356
100000000 0.0072052603182
110000000 0.0079770989408
120000000 0.0100750998232
130000000 0.0116604002711
140000000 0.01303819768
150000000 0.0136948026
160000000 0.013687598574
180000000 0.013538402665
200000000 0.01258299744
#Header 
#Target 60 135 0
#Product 56 127 0
#Datapoints 36
1000000 0
11000000 0
12000000 7.186154733E-20
13000000 3.315924567899E-18
14000000 6.9234201656E-16
15000000 1.2840235289E-14
16000000 1.912010134E-13
17000000 2.152215521E-12
18000000 1.827276732E-11
19000000 1.1600796712E-10
20000000 6.027585354E-10
22000000 8.7832205604E-9
24000000 7.508039772E-8
26000000 4.2567296628E-7
28000000 1.7249700768E-6
30000000 5.1593900923E-6
35000000 2.6591603493E-5
40000000 4.4550497664E-5
45000000 4.8182998402E-5
50000000 3.8401598928E-5
55000000 2.5060194775E-5
60000000 3.4461207405E-5
65000000 0.00015650506318
70000000 0.00041394299615
75000000 0.00061775803509
80000000 0.0006731789792
90000000 0.00060474903814
100000000 0.00068284302888
110000000 0.00090536700856
120000000 0.00111676998008
130000000 0.00126827999844
140000000 0.0013646197942
150000000 0.001399110378
160000000 0.0014132395225
180000000 0.0013756502515
200000000 0.0013380403008
#Header 
#Target 60 135 0
#Product 56 128 0
#Datapoints 24
1000000 0
26000000 0
28000000 1.2613390932E-15
30000000 9.1227553E-14
35000000 2.504777808E-10
40000000 4.2919104384E-8
45000000 2.2309807996E-6
50000000 5.4797295168E-5
55000000 0.00033666705875
60000000 0.00066128410017
65000000 0.00076665504732
70000000 0.00070955395164
75000000 0.00062838994056
80000000 0.0005652189088
90000000 0.00072550707942
100000000 0.00109432996956
110000000 0.00132096001987
120000000 0.00148535952
130000000 0.0016213495263
140000000 0.0016586100308
150000000 0.0017203199025
160000000 0.001712499295
180000000 0.00169463955
200000000 0.001688360352
#Header 
#Target 60 135 0
#Product 56 129 0
#Datapoints 25
1000000 0
24000000 0
26000000 2.329848348E-15
28000000 3.756938592E-13
30000000 1.962960621E-11
35000000 1.27978003413E-8
40000000 5.6846797824E-7
45000000 3.5295496446E-6
50000000 5.8031603784E-6
55000000 5.2089097445E-6
60000000 3.9315004956E-6
65000000 3.1795193138E-6
70000000 3.1082305205E-6
75000000 4.1078195007E-6
80000000 6.345600352E-6
90000000 1.19796003504E-5
100000000 1.7176804632E-5
110000000 2.1869300083E-5
120000000 2.5421898872E-5
130000000 2.8414998304E-5
140000000 2.9951299936E-5
150000000 3.088739391E-5
160000000 3.143190115E-5
180000000 3.1373198985E-5
200000000 3.1167604416E-5
#Header 
#Target 60 135 0
#Product 56 130 0
#Datapoints 21
1000000 0
35000000 0
40000000 1.45632E-15
45000000 1.0948890652E-11
50000000 3.1938196752E-9
55000000 1.0059600353E-7
60000000 1.04127001326E-6
65000000 4.8247204102E-6
70000000 1.04763001416E-5
75000000 1.5954102108E-5
80000000 2.072649488E-5
90000000 3.048890585E-5
100000000 3.7290406416E-5
110000000 4.3032093906E-5
120000000 4.7403301112E-5
130000000 5.0997397815E-5
140000000 5.2568994994E-5
150000000 5.333699517E-5
160000000 5.254159651E-5
180000000 5.2187405215E-5
200000000 5.040099648E-5
#Header 
#Target 60 135 0
#Product 57 121 0
#Datapoints 13
1000000 0
75000000 0
80000000 1.079989456E-14
90000000 4.045478364E-10
100000000 1.00173001278E-7
110000000 6.9580606934E-7
120000000 1.3540395084E-6
130000000 3.900299613E-6
140000000 1.18466996816E-5
150000000 2.822530422E-5
160000000 5.0827797046E-5
180000000 0.00012812096725
200000000 0.00018908804448
#Header 
#Target 60 135 0
#Product 57 122 0
#Datapoints 14
1000000 0
70000000 0
75000000 1.4759494378E-12
80000000 6.131944E-10
90000000 5.4142798296E-7
100000000 7.7732393484E-6
110000000 1.13746001479E-5
120000000 3.0746502372E-5
130000000 7.8098700141E-5
140000000 0.00016370701444
150000000 0.0003237849909
160000000 0.00059911105878
180000000 0.00105575003625
200000000 0.0012258604896
#Header 
#Target 60 135 0
#Product 57 123 0
#Datapoints 16
1000000 0
60000000 0
65000000 1.279588879E-11
70000000 5.5474799651E-9
75000000 3.4740397286E-7
80000000 5.47033032E-6
90000000 6.145460316E-5
100000000 6.8229706308E-5
110000000 0.00019964094535
120000000 0.00061535001992
130000000 0.00078143107098
140000000 0.0013141502272
150000000 0.0021615293625
160000000 0.0029841100198
180000000 0.003934620374
200000000 0.0040990698816
#Header 
#Target 60 135 0
#Product 57 124 0
#Datapoints 19
1000000 0
45000000 0
50000000 1.0105490472E-15
55000000 1.866912795E-11
60000000 9.1156496265E-9
65000000 7.4365506502E-7
70000000 1.5051404345E-5
75000000 8.2981810373E-5
80000000 0.0001683680544
90000000 0.0001437119823
100000000 0.00044973794205
110000000 0.0015500999765
120000000 0.0019922297956
130000000 0.0025945200568
140000000 0.0037848892046
150000000 0.005075009133
160000000 0.0060256004107
180000000 0.006902279396
200000000 0.0070771195008
#Header 
#Target 60 135 0
#Product 57 125 0
#Datapoints 21
1000000 0
35000000 0
40000000 7.380456576E-14
45000000 8.2025498828E-9
50000000 2.0926998708E-6
55000000 4.2071805875E-5
60000000 0.00026737607493
65000000 0.00071653395216
70000000 0.00094184004953
75000000 0.00077350710288
80000000 0.0005633630912
90000000 0.0031055196784
100000000 0.0096652907568
110000000 0.0102960001386
120000000 0.011973199556
130000000 0.015952206144
140000000 0.02122100198
150000000 0.024952804995
160000000 0.026571200409
180000000 0.02604899895
200000000 0.025540496544
#Header 
#Target 60 135 0
#Product 57 126 0
#Datapoints 24
1000000 0
26000000 0
28000000 1.1682198732E-14
30000000 2.848538698E-12
35000000 1.6069697319E-8
40000000 2.423930496E-6
45000000 6.1689707968E-5
50000000 0.0004730990418
55000000 0.0012548400271
60000000 0.00150957993456
65000000 0.00113133002322
70000000 0.00074759197692
75000000 0.00136260001402
80000000 0.005076959888
90000000 0.017321900416
100000000 0.017128194276
110000000 0.017300704359
120000000 0.023812093192
130000000 0.028045294326
140000000 0.032816800246
150000000 0.034201404915
160000000 0.033597805982
180000000 0.032304699605
200000000 0.029506700448
#Header 
#Target 60 135 0
#Product 57 127 0
#Datapoints 33
1000000 0
14000000 0
15000000 9.1934747695E-16
16000000 3.626934181E-14
17000000 9.041981097E-13
18000000 1.650272454E-11
19000000 1.785085264E-10
20000000 1.2676599488E-9
22000000 2.6724598472E-8
24000000 2.7506501742E-7
26000000 1.8095905212E-6
28000000 8.1121692732E-6
30000000 2.6277302021E-5
35000000 0.00015485399865
40000000 0.00041640408192
45000000 0.0006928269691
50000000 0.00063724889844
55000000 0.000384994049
60000000 0.00050205398958
65000000 0.0028633494314
70000000 0.0089646002913
75000000 0.015241204852
80000000 0.01712960704
90000000 0.0127415999218
100000000 0.013867794603
110000000 0.02139210301
120000000 0.024237501864
130000000 0.02532599426
140000000 0.025797801282
150000000 0.02485789722
160000000 0.02415549903
180000000 0.0220722993
200000000 0.020231295072
#Header 
#Target 60 135 0
#Product 57 128 0
#Datapoints 42
1000000 0
5000000 0
6000000 6.513293132E-18
7000000 5.686118364E-15
8000000 3.713480771E-13
9000000 1.1857286753E-11
10000000 2.0897489701E-10
11000000 2.21726990088E-9
12000000 1.47300016663E-8
13000000 6.4917803576306E-8
14000000 1.72950987418E-7
15000000 4.27949990657E-7
16000000 9.8308804795E-7
17000000 2.0634394045E-6
18000000 3.9922303302E-6
19000000 7.186079528E-6
20000000 1.20583992004E-5
22000000 2.9112294068E-5
24000000 5.8188091242E-5
26000000 9.2980501824E-5
28000000 0.000134135000352
30000000 0.00018028599422
35000000 0.00026872496079
40000000 0.00020933001984
45000000 0.00012317300814
50000000 0.00028073793132
55000000 0.0025664396945
60000000 0.0087019099551
65000000 0.013831400251
70000000 0.0137218008828
75000000 0.0111165002434
80000000 0.008792590352
90000000 0.0102454001526
100000000 0.017096600316
110000000 0.018850593985
120000000 0.019243093732
130000000 0.019228999041
140000000 0.018837098578
150000000 0.01855760382
160000000 0.018038001917
180000000 0.01672819657
200000000 0.015966899232
#Header 
#Target 60 135 0
#Product 57 129 0
#Datapoints 28
1000000 0
19000000 0
20000000 1.432634168E-15
22000000 2.555579312E-13
24000000 1.549931973E-11
26000000 4.281546984E-10
28000000 6.6807602892E-9
30000000 7.6014701981E-8
35000000 1.6198794573E-5
40000000 0.00040583198592
45000000 0.0015083799556
50000000 0.0021874301064
55000000 0.0021773707285
60000000 0.0016151003622
65000000 0.00115783005232
70000000 0.00107587008049
75000000 0.001491569528
80000000 0.002192409856
90000000 0.00346876072
100000000 0.0042134605761
110000000 0.0048390304694
120000000 0.0052643803524
130000000 0.005490899911
140000000 0.005564300461
150000000 0.0055874000625
160000000 0.0055156993749
180000000 0.005406040115
200000000 0.0053311604832
#Header 
#Target 60 135 0
#Product 57 130 0
#Datapoints 32
1000000 0
15000000 0
16000000 5.285902635E-15
17000000 2.240548932E-13
18000000 5.852424636E-12
19000000 9.119811824E-11
20000000 9.292656548E-10
22000000 3.529899516E-8
24000000 4.6917803121E-7
26000000 3.2982395076E-6
28000000 1.6881597336E-5
30000000 6.7619005817E-5
35000000 0.00058567606032
40000000 0.00120395989632
45000000 0.00131832006096
50000000 0.00094721501952
55000000 0.0006219029993
60000000 0.0005139699579
65000000 0.0007547230144
70000000 0.00146896979197
75000000 0.0022937295032
80000000 0.00273521976
90000000 0.0029323994088
100000000 0.0030558592674
110000000 0.0031653801089
120000000 0.0032439596376
130000000 0.0033420699438
140000000 0.003277510097
150000000 0.0032748901095
160000000 0.0032146804755
180000000 0.0031421401405
200000000 0.0029937004896
#Header 
#Target 60 135 0
#Product 57 131 0
#Datapoints 23
1000000 0
28000000 0
30000000 1.853934766E-14
35000000 5.152603053E-10
40000000 2.1333497856E-7
45000000 7.2947594972E-6
50000000 7.9544589432E-5
55000000 0.00027826998045
60000000 0.00050153995656
65000000 0.0006940489594
70000000 0.00076287098491
75000000 0.00078478096424
80000000 0.0008001490224
90000000 0.00087180403464
100000000 0.00094511793213
110000000 0.00098279499196
120000000 0.00101035998592
130000000 0.00101748007277
140000000 0.00101019003754
150000000 0.0009931430406
160000000 0.00096905698045
180000000 0.0009299019642
200000000 0.0008890180848
#Header 
#Target 60 135 0
#Product 57 132 0
#Datapoints 24
1000000 0
26000000 0
28000000 1.632308748E-15
30000000 5.349950479E-13
35000000 4.7661705975E-9
40000000 4.5549706368E-7
45000000 3.958550309E-6
50000000 1.09558996008E-5
55000000 1.6789296205E-5
60000000 1.903629465E-5
65000000 2.05494942E-5
70000000 2.2505801686E-5
75000000 2.4925498405E-5
80000000 2.726569664E-5
90000000 3.0884496646E-5
100000000 3.2853796869E-5
110000000 3.3623197467E-5
120000000 3.3957706288E-5
130000000 3.3913004377E-5
140000000 3.316669414E-5
150000000 3.207959385E-5
160000000 3.1161794196E-5
180000000 2.939299849E-5
200000000 2.7807806208E-5
#Header 
#Target 60 135 0
#Product 58 123 0
#Datapoints 12
1000000 0
80000000 0
90000000 5.33634762E-13
100000000 1.11860008935E-8
110000000 1.5616597543E-6
120000000 9.3371101112E-6
130000000 1.4234599589E-5
140000000 2.7643104116E-5
150000000 5.846209161E-5
160000000 9.9119494539E-5
180000000 0.00015705901515
200000000 0.0001663830048
#Header 
#Target 60 135 0
#Product 58 124 0
#Datapoints 14
1000000 0
70000000 0
75000000 2.906352334E-14
80000000 3.96145568E-11
90000000 3.4066600864E-7
100000000 2.777150655E-5
110000000 0.000122785997425
120000000 0.00015290702344
130000000 0.00020107304931
140000000 0.00035855702846
150000000 0.0005565169815
160000000 0.00073414698981
180000000 0.00087383395455
200000000 0.00094518699456
#Header 
#Target 60 135 0
#Product 58 125 0
#Datapoints 16
1000000 0
60000000 0
65000000 1.2591790224E-13
70000000 3.92217738E-10
75000000 2.6225898222E-8
80000000 1.135000048E-6
90000000 0.00014890306528
100000000 0.00081180500079
110000000 0.00094434604189
120000000 0.00107991006676
130000000 0.0018183003461
140000000 0.0026944001406
150000000 0.0035962004775
160000000 0.0038599694978
180000000 0.003868459704
200000000 0.0039753893568
#Header 
#Target 60 135 0
#Product 58 126 0
#Datapoints 18
1000000 0
50000000 0
55000000 2.81838568E-11
60000000 3.9058496019E-8
65000000 1.5208598848E-6
70000000 3.4054295372E-5
75000000 0.00044215793167
80000000 0.001982119776
90000000 0.0056261902976
100000000 0.0049562900037
110000000 0.0057336497888
120000000 0.0093757004124
130000000 0.0119981002981
140000000 0.0142715966
150000000 0.015336904965
160000000 0.015012205702
180000000 0.014903204895
200000000 0.013930298784
#Header 
#Target 60 135 0
#Product 58 127 0
#Datapoints 20
1000000 0
40000000 0
45000000 1.845915554E-11
50000000 2.38635936E-8
55000000 5.010049748E-7
60000000 1.5491404818E-5
65000000 0.00015972902216
70000000 0.00057353004988
75000000 0.00095623396471
80000000 0.0009781739968
90000000 0.00071348103978
100000000 0.00101652000459
110000000 0.0018531295497
120000000 0.002502440398
130000000 0.0030870203497
140000000 0.0034034002888
150000000 0.003470640108
160000000 0.0035468900649
180000000 0.003559810642
200000000 0.0033634899456
#Header 
#Target 60 135 0
#Product 58 128 0
#Datapoints 23
1000000 0
28000000 0
30000000 2.617896115E-14
35000000 1.6063597017E-8
40000000 1.9017697152E-6
45000000 7.527439241E-5
50000000 0.00145569004812
55000000 0.0115711003815
60000000 0.028691794305
65000000 0.03782979898
70000000 0.033495801982
75000000 0.025104298398
80000000 0.02062170656
90000000 0.040139896998
100000000 0.066712905231
110000000 0.071698605762
120000000 0.072658196968
130000000 0.072368196705
140000000 0.069945093644
150000000 0.068019310935
160000000 0.065910199251
180000000 0.060571802515
200000000 0.058438596864
#Header 
#Target 60 135 0
#Product 58 129 0
#Datapoints 28
1000000 0
19000000 0
20000000 1.74169324E-15
22000000 3.325994672E-12
24000000 6.561807738E-10
26000000 2.5989901524E-8
28000000 3.0989606784E-7
30000000 1.6526698862E-6
35000000 0.000149895985941
40000000 0.0050815602048
45000000 0.02889480363
50000000 0.05477489556
55000000 0.058013105315
60000000 0.041040291726
65000000 0.026761804066
70000000 0.023121297028
75000000 0.037938500785
80000000 0.06712550208
90000000 0.107567997782
100000000 0.106325994273
110000000 0.105044995542
120000000 0.103357012744
130000000 0.100223997748
140000000 0.097613506868
150000000 0.093993507405
160000000 0.090978303312
180000000 0.086437305305
200000000 0.083440207008
#Header 
#Target 60 135 0
#Product 58 130 0
#Datapoints 34
1000000 0
13000000 0
14000000 2.4789121094E-14
15000000 1.6678945738E-12
16000000 1.23831757E-10
17000000 5.4956302084E-9
18000000 1.3284303912E-7
19000000 1.707609648E-6
20000000 1.23546998778E-5
22000000 0.00020084594244
24000000 0.00117165002235
26000000 0.0036709394652
28000000 0.0087486703284
30000000 0.017554498278
35000000 0.043845905142
40000000 0.051422407296
45000000 0.04072009907
50000000 0.02523670842
55000000 0.01808690356
60000000 0.029484500283
65000000 0.066595493674
70000000 0.104515997947
75000000 0.121346992624
80000000 0.1195400024
90000000 0.109785000048
100000000 0.10578600084
110000000 0.102789997469
120000000 0.09973200536
130000000 0.097438002025
140000000 0.093967405418
150000000 0.09108978903
160000000 0.088047305827
180000000 0.083896894105
200000000 0.079946504064
#Header 
#Target 60 135 0
#Product 58 131 0
#Datapoints 43
1000000 0
4000000 0
5000000 2.922629332E-19
6000000 6.5735359E-15
7000000 5.729133066E-12
8000000 8.5815204475E-10
9000000 4.4170504418E-8
10000000 1.00203015044E-6
11000000 1.16485993944E-5
12000000 7.6602310895E-5
13000000 0.00030195005955504
14000000 0.000669762009732
15000000 0.00130065982977
16000000 0.0022987301481
17000000 0.0037309404994
18000000 0.005613079518
19000000 0.0078157394216
20000000 0.0100641006998
22000000 0.014411503392
24000000 0.018068605788
26000000 0.01803489816
28000000 0.017740701024
30000000 0.016687603916
35000000 0.0113246006328
40000000 0.0065924803968
45000000 0.005932259774
50000000 0.02129509998
55000000 0.052100708935
60000000 0.069101188173
65000000 0.071232296784
70000000 0.065069299953
75000000 0.060288396583
80000000 0.05761600208
90000000 0.05510019725
100000000 0.053834098575
110000000 0.051753999183
120000000 0.05049689408
130000000 0.049122603481
140000000 0.04702730857
150000000 0.0451281045
160000000 0.043745498797
180000000 0.04092390412
200000000 0.038325808032
#Header 
#Target 60 135 0
#Product 58 132 0
#Datapoints 30
1000000 0
17000000 0
18000000 1.152316368E-15
19000000 5.990815216E-14
20000000 1.707952134E-12
22000000 3.634226596E-10
24000000 2.2084494105E-8
26000000 5.6110904904E-7
28000000 7.4189792328E-6
30000000 6.1459202583E-5
35000000 0.00439004982
40000000 0.033443892864
45000000 0.052998791118
50000000 0.04927159776
55000000 0.04438730197
60000000 0.040911998805
65000000 0.039418996292
70000000 0.038954996282
75000000 0.03883870037
80000000 0.03885040432
90000000 0.038119796412
100000000 0.037008707463
110000000 0.035719604834
120000000 0.034382795184
130000000 0.033138498274
140000000 0.031507099148
150000000 0.02981250432
160000000 0.028485995902
180000000 0.026033901635
200000000 0.024008596128
#Header 
#Target 60 135 0
#Product 58 133 0
#Datapoints 33
1000000 0
14000000 0
15000000 1.4813232763E-14
16000000 1.942713074E-13
17000000 1.243423112E-11
18000000 7.277533938E-10
19000000 1.9228998792E-8
20000000 2.6961197284E-7
22000000 1.20666989872E-5
24000000 0.000120334993566
26000000 0.0004111979286
28000000 0.00068438502744
30000000 0.00078171703112
35000000 0.00078630895473
40000000 0.00078895010304
45000000 0.00078357902728
50000000 0.00086745890616
55000000 0.0009859020424
60000000 0.00109043999406
65000000 0.00116698997532
70000000 0.00122811992918
75000000 0.001265180071
80000000 0.0012808500432
90000000 0.00128296013542
100000000 0.001257010041
110000000 0.00121400995449
120000000 0.00117033992152
130000000 0.00112617000055
140000000 0.00106396000012
150000000 0.0010056999711
160000000 0.00095754594052
180000000 0.0008666780254
200000000 0.00078862501152
#Header 
#Target 60 135 0
#Product 59 126 0
#Datapoints 16
1000000 0
60000000 0
65000000 1.1530893558E-15
70000000 1.2092497084E-10
75000000 5.0237705488E-8
80000000 1.541640464E-6
90000000 2.2622102108E-5
100000000 2.2144303563E-5
110000000 2.2570703647E-5
120000000 5.9643700164E-5
130000000 8.6472590953E-5
140000000 0.000118361998918
150000000 0.0001288059984
160000000 0.00013198596177
180000000 0.0001332440225
200000000 0.00012367394112
#Header 
#Target 60 135 0
#Product 59 127 0
#Datapoints 18
1000000 0
50000000 0
55000000 1.64316592E-13
60000000 1.6504797384E-8
65000000 2.2718900918E-6
70000000 3.6635295259E-5
75000000 0.00012693500535
80000000 0.000162625008
90000000 8.8020597686E-5
100000000 0.00015974806881
110000000 0.00046252994333
120000000 0.00057331999488
130000000 0.00063711698288
140000000 0.00066916001878
150000000 0.00065419999515
160000000 0.00064037703431
180000000 0.0006209670564
200000000 0.00056289208224
#Header 
#Target 60 135 0
#Product 59 128 0
#Datapoints 20
1000000 0
40000000 0
45000000 1.357909903E-10
50000000 7.8961194312E-7
55000000 4.0299699495E-5
60000000 0.00045328699098
65000000 0.00131186990474
70000000 0.00143180999792
75000000 0.00099816199477
80000000 0.0006768349952
90000000 0.001567950208
100000000 0.0043008400467
110000000 0.0047491592361
120000000 0.0046565994304
130000000 0.0045630593519
140000000 0.0043054205172
150000000 0.004068190182
160000000 0.0039091903617
180000000 0.003549320547
200000000 0.0034125798144
#Header 
#Target 60 135 0
#Product 59 129 0
#Datapoints 22
1000000 0
30000000 0
35000000 4.2055807131E-7
40000000 5.0597799552E-5
45000000 0.00049240108624
50000000 0.00069071201892
55000000 0.00055452507165
60000000 0.0005181289803
65000000 0.00037248906564
70000000 0.0005980369973
75000000 0.0026409096993
80000000 0.005586430304
90000000 0.0064820699798
100000000 0.0050258008728
110000000 0.0042709796227
120000000 0.00373958046
130000000 0.0033985101766
140000000 0.0031406405608
150000000 0.0028940003805
160000000 0.0027568998067
180000000 0.002521729666
200000000 0.0023899502112
#Header 
#Target 60 135 0
#Product 59 130 0
#Datapoints 27
1000000 0
20000000 0
22000000 7.94102738E-11
24000000 2.2884701829E-7
26000000 1.30796997132E-5
28000000 0.00011344900224
30000000 0.00048616001885
35000000 0.0077875402488
40000000 0.021176908032
45000000 0.017989002696
50000000 0.0094456005336
55000000 0.005487829875
60000000 0.0062871498648
65000000 0.022116895904
70000000 0.053176698895
75000000 0.073445997719
80000000 0.0723158072
90000000 0.05868840409
100000000 0.052356207954
110000000 0.048916099518
120000000 0.04592909378
130000000 0.044131901331
140000000 0.042115596608
150000000 0.040378694775
160000000 0.03856440107
180000000 0.03684579609
200000000 0.035065606272
#Header 
#Target 60 135 0
#Product 59 131 0
#Datapoints 38
1000000 0
9000000 0
10000000 5.603747116E-13
11000000 2.7080453304E-10
12000000 2.16110985699E-8
13000000 0.00031521207769202
14000000 0.001125600082
15000000 0.00145329964311
16000000 0.0016958604061
17000000 0.0020466701574
18000000 0.0026005297374
19000000 0.003365290032
20000000 0.004265020172
22000000 0.0064179796252
24000000 0.0087642499584
26000000 0.009976810968
28000000 0.009830080194
30000000 0.0081698513189
35000000 0.0039168196665
40000000 0.0022728101376
45000000 0.0022647804312
50000000 0.013650699678
55000000 0.035485102565
60000000 0.043327800189
65000000 0.040147297444
70000000 0.03652870101
75000000 0.036063898068
80000000 0.0363702976
90000000 0.03652930465
100000000 0.035952499209
110000000 0.034990000732
120000000 0.034246197536
130000000 0.033324294255
140000000 0.032015297764
150000000 0.030864404145
160000000 0.029926406432
180000000 0.02797409858
200000000 0.026332501056
#Header 
#Target 60 135 0
#Product 59 132 0
#Datapoints 45
1000000 0
2000000 0
3000000 1.13531994121E-11
4000000 8.9051306475E-9
5000000 6.8223995994E-7
6000000 1.31792002792E-5
7000000 0.000102345987184
8000000 0.00039497005548
9000000 0.00112457002082
10000000 0.002585289795
11000000 0.00495677025072
12000000 0.0081368175897
13000000 0.010853405153726
14000000 0.0108431021372
15000000 0.0116253944142
16000000 0.012881202114
17000000 0.014079904101
18000000 0.01491930171
19000000 0.015337602256
20000000 0.015614900952
22000000 0.02169470446
24000000 0.023682107205
26000000 0.0121800002436
28000000 0.0085537803864
30000000 0.0065973998505
35000000 0.0049770691854
40000000 0.047152303872
45000000 0.19973701538
50000000 0.26233899384
55000000 0.2251760533
60000000 0.17850896361
65000000 0.15275807032
70000000 0.14024800387
75000000 0.133442008414
80000000 0.12864501104
90000000 0.119390000184
100000000 0.112361992617
110000000 0.106177006936
120000000 0.100743003832
130000000 0.095904500132
140000000 0.090511897838
150000000 0.0857471004
160000000 0.081355399099
180000000 0.07416150385
200000000 0.06821899488
#Header 
#Target 60 135 0
#Product 59 133 0
#Datapoints 36
1000000 0
11000000 0
12000000 7.87713241E-15
13000000 2.584350397047E-13
14000000 2.6720679302E-12
15000000 1.9598294303E-11
16000000 1.587537755E-10
17000000 1.4947300813E-9
18000000 1.2525194916E-8
19000000 9.2825106176E-8
20000000 1.435260274E-6
22000000 0.00039497101072
24000000 0.0093399401544
26000000 0.045099295824
28000000 0.085338401052
30000000 0.097706600145
35000000 0.083754297588
40000000 0.06917000448
45000000 0.057554704396
50000000 0.05503580544
55000000 0.055757799075
60000000 0.056747199735
65000000 0.057453495892
70000000 0.057550505974
75000000 0.057091001612
80000000 0.05641480208
90000000 0.054138003428
100000000 0.051537106827
110000000 0.048850904434
120000000 0.046297009392
130000000 0.043867596682
140000000 0.04125119621
150000000 0.038795196525
160000000 0.036500994998
180000000 0.032776295635
200000000 0.02981169552
#Header 
#Target 60 135 0
#Product 59 134 0
#Datapoints 39
1000000 0
8000000 0
9000000 3.859534136E-13
10000000 1.19474992868E-9
11000000 3.15018991944E-7
12000000 1.59421979025E-5
13000000 0.00022165907091274
14000000 0.00109178024096
15000000 0.0035678002808
16000000 0.0088760097728
17000000 0.017631101795
18000000 0.02892039876
19000000 0.0403756992
20000000 0.049566394136
22000000 0.058583299632
24000000 0.060222101358
26000000 0.060075095568
28000000 0.056687796444
30000000 0.05112959935
35000000 0.041893607223
40000000 0.041322206208
45000000 0.0422732065
50000000 0.0422395974
55000000 0.042404305405
60000000 0.042045701553
65000000 0.041500507212
70000000 0.040563205766
75000000 0.039453097473
80000000 0.03824229136
90000000 0.035764906226
100000000 0.033294200043
110000000 0.030984004384
120000000 0.02898489636
130000000 0.027112800673
140000000 0.025156400236
150000000 0.02349380379
160000000 0.021990604038
180000000 0.019507402955
200000000 0.01753630224
#Header 
#Target 60 135 0
#Product 60 129 0
#Datapoints 17
1000000 0
55000000 0
60000000 2.539064718E-10
65000000 5.4754301084E-7
70000000 1.14842003341E-5
75000000 0.0001494920275
80000000 0.0008079100848
90000000 0.0018183699916
100000000 0.0016404706449
110000000 0.0016038804924
120000000 0.0015853601372
130000000 0.00149780064
140000000 0.0014604596212
150000000 0.0013780698285
160000000 0.0013423399184
180000000 0.0012747100245
200000000 0.0012292596192
#Header 
#Target 60 135 0
#Product 60 130 0
#Datapoints 20
1000000 0
40000000 0
45000000 9.16394129E-15
50000000 6.7691097012E-8
55000000 7.661229972E-6
60000000 0.000130852996164
65000000 0.0016576698234
70000000 0.0048110904884
75000000 0.0072074095618
80000000 0.007575579648
90000000 0.0060516894374
100000000 0.0053318105466
110000000 0.0050346292924
120000000 0.0046678595428
130000000 0.004461489746
140000000 0.0043002901878
150000000 0.004037819694
160000000 0.0038500099508
180000000 0.0036841993895
200000000 0.0035047598688
#Header 
#Target 60 135 0
#Product 60 131 0
#Datapoints 21
1000000 0
35000000 0
40000000 1.6975794816E-7
45000000 2.765559951E-5
50000000 0.00142162002444
55000000 0.0124233993125
60000000 0.029867994756
65000000 0.036422904626
70000000 0.029429398287
75000000 0.022239099732
80000000 0.01844050208
90000000 0.015710200584
100000000 0.014058092784
110000000 0.0129908003941
120000000 0.012113401346
130000000 0.0114420994989
140000000 0.0108712003136
150000000 0.010302600864
160000000 0.0098507102317
180000000 0.0090853598145
200000000 0.0085360898112
#Header 
#Target 60 135 0
#Product 60 132 0
#Datapoints 26
1000000 0
22000000 0
24000000 1.418139195E-13
26000000 5.3814601176E-9
28000000 1.11336010464E-6
30000000 2.1927493057E-5
35000000 0.0010651700163
40000000 0.049893302784
45000000 0.131914982598
50000000 0.16659606348
55000000 0.13172799585
60000000 0.092749598721
65000000 0.073502105972
70000000 0.0642664077
75000000 0.059197204419
80000000 0.05568699136
90000000 0.050278404222
100000000 0.045856498962
110000000 0.042417096899
120000000 0.039685507352
130000000 0.037543099391
140000000 0.035319997702
150000000 0.03313270635
160000000 0.031177194256
180000000 0.028150597215
200000000 0.025783995168
#Header 
#Target 60 135 0
#Product 60 133 0
#Datapoints 33
1000000 0
14000000 0
15000000 5.7359364447E-14
16000000 1.138285743E-11
17000000 3.866250976E-10
18000000 7.4909201922E-9
19000000 1.12589997992E-7
20000000 1.08663001622E-6
22000000 2.4222603548E-5
24000000 0.00059398499523
26000000 0.02267979534
28000000 0.101722012356
30000000 0.22183902659
35000000 0.44702300838
40000000 0.44792593152
45000000 0.29547003038
50000000 0.20089401024
55000000 0.1691389403
60000000 0.15522305247
65000000 0.146322006378
70000000 0.139180998581
75000000 0.132477008039
80000000 0.1266149976
90000000 0.115030004014
100000000 0.105698992737
110000000 0.097544100277
120000000 0.090431293752
130000000 0.084427091399
140000000 0.078132098894
150000000 0.072711597285
160000000 0.068183197615
180000000 0.06056069317
200000000 0.054399899328
#Header 
#Target 60 135 0
#Product 60 134 0
#Datapoints 39
1000000 0
8000000 0
9000000 2.891222106E-13
10000000 8.408780039E-10
11000000 1.2813799536E-7
12000000 4.33642004911E-5
13000000 0.047555906948241
14000000 0.239383006308
15000000 0.388388039263
16000000 0.51041700786
17000000 0.61836896551
18000000 0.71040101652
19000000 0.78583606168
20000000 0.83755406784
22000000 0.88174195824
24000000 0.88758095091
26000000 0.8282999952
28000000 0.70268599944
30000000 0.57613208623
35000000 0.39984506874
40000000 0.35548094208
45000000 0.33190506132
50000000 0.31256296764
55000000 0.293667968
60000000 0.27949999437
65000000 0.26340402074
70000000 0.25050801128
75000000 0.23437294385
80000000 0.22254596
90000000 0.19791895806
100000000 0.17745495912
110000000 0.1608719911
120000000 0.14694093596
130000000 0.13550900272
140000000 0.124376996684
150000000 0.11466500799
160000000 0.1063980047
180000000 0.09284630749
200000000 0.082751298048
#Header 
#Target 60 135 0
#Product 60 135 0
#Datapoints 46
1000000 0
1000000 0
2000000 6.6232807E-15
3000000 8.8675988359E-9
4000000 1.19049995505E-5
5000000 0.00069705403915
6000000 0.00701571004
7000000 0.0322122983116
8000000 0.083888291487
9000000 0.167169012677
10000000 0.27398496477
11000000 0.391152002184
12000000 0.505222979782
13000000 0.55637105542369
14000000 0.475812970796
15000000 0.429198985845
16000000 0.38796801649
17000000 0.34213997207
18000000 0.29734498818
19000000 0.25818604936
20000000 0.22635303726
22000000 0.18546302632
24000000 0.1677260226
26000000 0.16076903676
28000000 0.15653098728
30000000 0.15200305167
35000000 0.138812000418
40000000 0.127121007744
45000000 0.117010010894
50000000 0.112359999444
55000000 0.10562100813
60000000 0.097656399198
65000000 0.090203901282
70000000 0.082750098962
75000000 0.075618403611
80000000 0.06922300112
90000000 0.0574384047
100000000 0.047620093209
110000000 0.039462391637
120000000 0.032759705476
130000000 0.027304903045
140000000 0.022759997392
150000000 0.01906799958
160000000 0.016119798214
180000000 0.011887298867
200000000 0.0092272908672
#Header 
#Target 60 135 0
#Product 61 132 0
#Datapoints 21
1000000 0
35000000 0
40000000 5.6682997248E-9
45000000 0.00036432096232
50000000 0.0019167200052
55000000 0.0017993902685
60000000 0.00096356796984
65000000 0.00056145106758
70000000 0.00040167200871
75000000 0.0003179489878
80000000 0.0002627209312
90000000 0.00019233194382
100000000 0.00015100000614
110000000 0.000123954989794
120000000 0.000104391994416
130000000 9.0794396105E-5
140000000 7.9416206512E-5
150000000 7.0344098265E-5
160000000 6.3148993739E-5
180000000 5.2344199315E-5
200000000 4.4269603104E-5
#Header 
#Target 60 135 0
#Product 61 133 0
#Datapoints 24
1000000 0
26000000 0
28000000 3.7487097588E-8
30000000 0.00054801302012
35000000 0.006416960316
40000000 0.0044718801024
45000000 0.001628400046
50000000 0.00092664303732
55000000 0.0007261520772
60000000 0.0006176409741
65000000 0.00053228198718
70000000 0.00046745103386
75000000 0.00041434200805
80000000 0.0003719640288
90000000 0.00030326206616
100000000 0.00025018203792
110000000 0.00021514201297
120000000 0.0001856619456
130000000 0.00016208906413
140000000 0.00014364301872
150000000 0.00012859295055
160000000 0.000115177995465
180000000 9.5346801835E-5
200000000 8.1580597824E-5
#Header 
#Target 60 135 0
#Product 61 134 0
#Datapoints 29
1000000 0
18000000 0
19000000 0.00033010604408
20000000 0.0065759598478
22000000 0.038674798448
24000000 0.06980841186
26000000 0.091274996484
28000000 0.081857400612
30000000 0.058832302268
35000000 0.023355594561
40000000 0.0147051998592
45000000 0.0117053999958
50000000 0.0097494105324
55000000 0.0083376303945
60000000 0.0072194307273
65000000 0.00634577002
70000000 0.005572569506
75000000 0.0049050596346
80000000 0.004373359536
90000000 0.00351365941
100000000 0.0028786601085
110000000 0.0024240900188
120000000 0.0020776006608
130000000 0.0018123505743
140000000 0.0015957896708
150000000 0.0014215295475
160000000 0.0012699205051
180000000 0.0010477400375
200000000 0.0008913839424
#Header 
#Target 60 135 0
#Product 61 135 0
#Datapoints 40
1000000 0
7000000 0
8000000 0.00037800695933
9000000 0.00046277005693
10000000 0.00039484517193
11000000 0.00034639600752
12000000 0.00031517901717
13000000 0.0045724809125633
14000000 0.00845468085884
15000000 0.0102135995612
16000000 0.011502701926
17000000 0.01258420444
18000000 0.012908798118
19000000 0.01297200224
20000000 0.014041801228
22000000 0.013781002092
24000000 0.0130565995215
26000000 0.0123396996984
28000000 0.0116873999064
30000000 0.0109998998922
35000000 0.0097881095169
40000000 0.0082312607616
45000000 0.0068726096404
50000000 0.0057779490384
55000000 0.0048805193745
60000000 0.0053100703017
65000000 0.0036070304508
70000000 0.0039828796688
75000000 0.0034460100657
80000000 0.003014250512
90000000 0.0023427498072
100000000 0.001871900559
110000000 0.0015342707621
120000000 0.00128521998248
130000000 0.00109586995511
140000000 0.00093673597438
150000000 0.00080889596655
160000000 0.00070595301439
180000000 0.00055077791745
200000000 0.00057607699872
#Header 
#Target 60 135 0
#Product 61 136 0
#Datapoints 46
1000000 0
1000000 5.2526200724E-19
2000000 1.2569499156E-9
3000000 1.66601018856E-6
4000000 8.2767392085E-5
5000000 0.00079370212012
6000000 0.0030955898888
7000000 0.0067354372136
8000000 0.0089396290984
9000000 0.0098085603974
10000000 0.0093051922458
11000000 0.0077351491512
12000000 0.00579323994742
13000000 0.0037899302129177
14000000 0.00209554033032
15000000 0.00140695024232
16000000 0.0010837097217
17000000 0.00089690101134
18000000 0.00076313400588
19000000 0.000636511058
20000000 0.00053425898736
22000000 0.00038170502656
24000000 0.00028710302526
26000000 0.0002315590104
28000000 0.000198569949
30000000 0.00017757392918
35000000 0.00014943200688
40000000 0.000121165005312
45000000 0.00011504899483
50000000 0.00010216899462
55000000 9.8192098235E-5
60000000 8.8160492799E-5
65000000 8.5370998412E-5
70000000 7.7095394553E-5
75000000 7.3115690822E-5
80000000 6.966220352E-5
90000000 5.829140888E-5
100000000 5.3852500671E-5
110000000 4.9711604396E-5
120000000 4.1004703268E-5
130000000 3.3923204735E-5
140000000 3.1677205308E-5
150000000 2.978449791E-5
160000000 2.7330297137E-5
180000000 2.2103794355E-5
200000000 1.5882603744E-5
