#Header 
#Target 84 199 1
#Product 0 1 0
#Datapoints 41
1000000 0
6000000 0
7000000 3.382078286E-5
8000000 0.00233785356
9000000 0.015445032464
10000000 0.05349880932
11000000 0.12725383496
12000000 0.23475784709
13000000 0.3643301568
14000000 0.5020627077084
15000000 0.6368095329408
16000000 0.7609643402531
17000000 0.8711827161328
18000000 0.97529404764
19000000 1.13114763945
20000000 1.33276825176
22000000 1.75717190518
24000000 2.08898689987
26000000 2.29353564088
28000000 2.4951536485
30000000 2.70950337987
35000000 3.35245358472
40000000 3.73541632944
45000000 4.05931542819
50000000 4.37456098014
55000000 4.61829102345
60000000 4.703183856
65000000 4.64964747248
70000000 4.67515546274
75000000 4.7774945904
80000000 4.89590290096
90000000 5.19606462004
100000000 5.4861491641
110000000 5.76260205822
120000000 6.01863888912
130000000 6.24180422503
140000000 6.44338492242
150000000 6.6464151351
160000000 6.84284542938
180000000 7.21540678818
200000000 7.77479588446
#Header 
#Target 84 199 1
#Product 1 1 0
#Datapoints 45
1000000 0
2000000 0
3000000 1.467210094E-15
4000000 2.085072384E-11
5000000 8.28244668E-9
6000000 4.849595037E-7
7000000 8.463457849E-6
8000000 6.52727418E-5
9000000 0.0004731883484
10000000 0.002825537022
11000000 0.0097252799
12000000 0.020270852065
13000000 0.03106033344
14000000 0.04264746979267
15000000 0.06074598992736
16000000 0.0939093764026
17000000 0.147642627536
18000000 0.220370786024
19000000 0.290334616275
20000000 0.346723431792
22000000 0.407242167178
24000000 0.406156773152
26000000 0.409281978316
28000000 0.466366461302
30000000 0.571988446225
35000000 0.787784485124
40000000 0.999854707872
45000000 1.251454677924
50000000 1.323198365931
55000000 1.457918167095
60000000 1.49795973432
65000000 1.467670264032
70000000 1.481833590236
75000000 1.538473881084
80000000 1.609420524384
90000000 1.7464247493
100000000 1.8754625137
110000000 1.99810381194
120000000 2.10184749762
130000000 2.18941433344
140000000 2.25939524118
150000000 2.3266684821
160000000 2.39142018222
180000000 2.50589768977
200000000 2.643806901
#Header 
#Target 84 199 1
#Product 1 2 0
#Datapoints 40
1000000 0
7000000 0
8000000 4.38844182E-19
9000000 2.9009112332E-15
10000000 1.083173784E-12
11000000 4.292208312E-11
12000000 8.265012115E-10
13000000 1.860213504E-8
14000000 3.887712276442E-7
15000000 4.678867520384E-6
16000000 3.405446304515E-5
17000000 0.0001662255125952
18000000 0.000572752813952
19000000 0.0014396037675
20000000 0.00282014965344
22000000 0.00683294889436
24000000 0.01187380958283
26000000 0.017319517742
28000000 0.0218773849062
30000000 0.0272287052387
35000000 0.0396243827388
40000000 0.0505818355776
45000000 0.0602920696917
50000000 0.0701920774854
55000000 0.0754401556935
60000000 0.082033505064
65000000 0.0823003257408
70000000 0.0874206706292
75000000 0.0912861617416
80000000 0.0979869887984
90000000 0.1000392655654
100000000 0.102351352143
110000000 0.1018272944106
120000000 0.10111969536
130000000 0.1000873697666
140000000 0.0987222961938
150000000 0.097895775408
160000000 0.0968779380582
180000000 0.0951079817881
200000000 0.0951377591801
#Header 
#Target 84 199 1
#Product 1 3 0
#Datapoints 35
1000000 0
12000000 0
13000000 1.542954816E-17
14000000 8.86770580151E-15
15000000 3.469899306192E-13
16000000 6.758707680259E-12
17000000 2.93033417584E-10
18000000 9.878233818E-9
19000000 1.671167106E-7
20000000 1.58897086704E-6
22000000 3.62434296999E-5
24000000 0.000213243301258
26000000 0.000598969596304
28000000 0.001167025557376
30000000 0.00186423202903
35000000 0.0038865381081
40000000 0.00602905416432
45000000 0.00810658422222
50000000 0.00997741861012
55000000 0.01168911825705
60000000 0.0129893636376
65000000 0.01393807846384
70000000 0.01527006476826
75000000 0.01695962467864
80000000 0.0188969787376
90000000 0.023359189798
100000000 0.028674062124
110000000 0.0326530681524
120000000 0.0367738849572
130000000 0.0408852960411
140000000 0.044867487423
150000000 0.048858521508
160000000 0.0528387764688
180000000 0.0603554908113
200000000 0.0665328329214
#Header 
#Target 84 199 1
#Product 2 3 0
#Datapoints 39
1000000 0
8000000 0
9000000 8.539666598E-20
10000000 1.388394381E-17
11000000 5.020344784E-16
12000000 6.354109936E-15
13000000 4.9660128E-14
14000000 5.334177639843E-13
15000000 7.90294455072E-12
16000000 9.67598700999E-11
17000000 8.706221321168E-10
18000000 5.94319597664E-9
19000000 3.229890984E-8
20000000 1.45744458456E-7
22000000 1.92564874648E-6
24000000 1.62603912744E-5
26000000 9.17527806836E-5
28000000 0.00033875039393
30000000 0.000853839690144
35000000 0.0032483272642
40000000 0.00650014818192
45000000 0.009915599826
50000000 0.01320250855729
55000000 0.0161544540339
60000000 0.0182162556072
65000000 0.0194245709392
70000000 0.020920947649
75000000 0.0226781503032
80000000 0.0246209769248
90000000 0.0287555200142
100000000 0.033410472728
110000000 0.0367571019384
120000000 0.04007977287
130000000 0.0433147432902
140000000 0.046512362574
150000000 0.049777949634
160000000 0.053058285603
180000000 0.0594079098763
200000000 0.0642382464583
#Header 
#Target 84 199 1
#Product 2 4 0
#Datapoints 45
1000000 0
2000000 7.7582644014E-16
3000000 2.195314072E-11
4000000 1.025814096E-8
5000000 6.721560204E-7
6000000 1.4866141554E-5
7000000 0.00016103543899
8000000 0.000924184296
9000000 0.0038576030764
10000000 0.01119389766
11000000 0.02399294996
12000000 0.0421259187
13000000 0.065763072
14000000 0.0954020728526
15000000 0.1301332691952
16000000 0.1689846842047
17000000 0.2103843307776
18000000 0.25336574604
19000000 0.29052134265
20000000 0.315715026424
22000000 0.328882341802
24000000 0.334995136593
26000000 0.360927885724
28000000 0.374153176924
30000000 0.388778370561
35000000 0.454102091984
40000000 0.555036605904
45000000 0.623167429203
50000000 0.662594885134
55000000 0.602992918125
60000000 0.49648123224
65000000 0.408477531456
70000000 0.376693174444
75000000 0.376042984324
80000000 0.382370349216
90000000 0.385957561206
100000000 0.37487268803
110000000 0.366844386906
120000000 0.361360039002
130000000 0.355616767866
140000000 0.347808398112
150000000 0.34426207008
160000000 0.341107812432
180000000 0.334206221769
200000000 0.342134284057
#Header 
#Target 84 199 1
#Product 76 171 0
#Datapoints 10
1000000 0
100000000 0
110000000 1.73683793844E-14
120000000 5.03072165262E-10
130000000 2.092288024097E-7
140000000 6.815322544608E-6
150000000 3.25482285837E-5
160000000 7.266785992254E-5
180000000 0.0003112660039905
200000000 0.0010866118367324
#Header 
#Target 84 199 1
#Product 76 172 0
#Datapoints 10
1000000 0
100000000 0
110000000 2.27671401312E-13
120000000 5.22427106952E-10
130000000 7.159554920009E-8
140000000 1.2273049563888E-6
150000000 6.41191203987E-6
160000000 2.00660789088E-5
180000000 7.61208487102E-5
200000000 0.0003258533486171
#Header 
#Target 84 199 1
#Product 77 172 0
#Datapoints 10
1000000 0
100000000 0
110000000 7.82500183488E-14
120000000 4.25482633056E-10
130000000 7.351614530357E-8
140000000 8.101909492632E-7
150000000 3.73154259093E-6
160000000 1.807265450682E-5
180000000 9.357931874259E-5
200000000 0.0005897298526882
#Header 
#Target 84 199 1
#Product 77 173 0
#Datapoints 11
1000000 0
90000000 0
100000000 2.2994152257E-15
110000000 1.010737307988E-10
120000000 2.534947724748E-8
130000000 4.76357018281E-7
140000000 3.009928979664E-6
150000000 1.204930617594E-5
160000000 3.95070339789E-5
180000000 0.00010481635457329
200000000 0.0005282681513341
#Header 
#Target 84 199 1
#Product 77 174 0
#Datapoints 11
1000000 0
90000000 0
100000000 1.06607748764E-9
110000000 6.280362421326E-7
120000000 1.0365010816224E-5
130000000 3.528791680037E-5
140000000 7.104911084574E-5
150000000 0.000214219741047
160000000 0.000350221404636
180000000 0.0006428258472054
200000000 0.0012248373871628
#Header 
#Target 84 199 1
#Product 77 175 0
#Datapoints 12
1000000 0
80000000 0
90000000 2.9816695125E-12
100000000 7.52959271599E-9
110000000 8.057034724842E-7
120000000 9.338993843442E-6
130000000 3.00054455703E-5
140000000 7.647672159162E-5
150000000 0.0002244102597
160000000 0.0003961381215096
180000000 0.0008535817025345
200000000 0.001588948296518
#Header 
#Target 84 199 1
#Product 77 176 0
#Datapoints 14
1000000 0
70000000 0
75000000 3.50603908144E-15
80000000 3.60641721504E-11
90000000 4.322918932192E-8
100000000 1.702919383083E-6
110000000 6.307656024474E-6
120000000 7.68111324234E-6
130000000 1.2393728386022E-5
140000000 2.80177615953E-5
150000000 4.57903255992E-5
160000000 6.38626804785E-5
180000000 0.00010684718773716
200000000 0.0001994538642126
#Header 
#Target 84 199 1
#Product 78 173 0
#Datapoints 8
1000000 0
120000000 0
130000000 5.89559842466E-12
140000000 7.7124813921E-8
150000000 2.09029000137E-6
160000000 1.1321506308762E-5
180000000 5.252581269129E-5
200000000 0.0005935241617042
#Header 
#Target 84 199 1
#Product 78 174 0
#Datapoints 9
1000000 0
110000000 0
120000000 1.063837688628E-11
130000000 4.782207425901E-8
140000000 3.661972629942E-6
150000000 4.14858918765E-5
160000000 0.00011565313502688
180000000 0.0005076968244419
200000000 0.001897120071202
#Header 
#Target 84 199 1
#Product 78 175 0
#Datapoints 10
1000000 0
100000000 0
110000000 6.17693501106E-14
120000000 1.602985851588E-9
130000000 6.593429318387E-7
140000000 2.08809453636E-5
150000000 8.9150771283E-5
160000000 0.00017192725371
180000000 0.0006649030496752
200000000 0.001773380829443
#Header 
#Target 84 199 1
#Product 78 176 0
#Datapoints 11
1000000 0
90000000 0
100000000 1.39900816581E-15
110000000 9.47020616712E-11
120000000 1.657957079595E-7
130000000 1.024835391957E-5
140000000 8.287234835808E-5
150000000 0.000220085294583
160000000 0.0004579416704304
180000000 0.0012398986646938
200000000 0.003628093549217
#Header 
#Target 84 199 1
#Product 78 177 0
#Datapoints 11
1000000 0
90000000 0
100000000 3.060877237E-13
110000000 7.513832062314E-9
120000000 1.73612062071E-6
130000000 2.871318462515E-5
140000000 0.00012401785935636
150000000 0.00025270738074
160000000 0.0005059282759416
180000000 0.0009855375235955
200000000 0.002296992343033
#Header 
#Target 84 199 1
#Product 78 178 0
#Datapoints 12
1000000 0
80000000 0
90000000 1.71518454744E-11
100000000 8.62551047651E-8
110000000 9.811555747362E-6
120000000 9.10115917698E-5
130000000 0.0002219910127688
140000000 0.0003128004519768
150000000 0.000527044968606
160000000 0.0008448267620988
180000000 0.0013571088523478
200000000 0.002095875181477
#Header 
#Target 84 199 1
#Product 78 179 0
#Datapoints 13
1000000 0
75000000 0
80000000 1.698733894936E-12
90000000 3.022805009826E-8
100000000 7.27122864022E-6
110000000 0.00013655963240838
120000000 0.0004622901349332
130000000 0.0005738450575274
140000000 0.0007251396309252
150000000 0.001141731104706
160000000 0.0013148035829298
180000000 0.0015010841403544
200000000 0.001771355319597
#Header 
#Target 84 199 1
#Product 78 180 0
#Datapoints 16
1000000 0
60000000 0
65000000 2.95154028576E-15
70000000 1.285563333822E-11
75000000 1.571150335776E-9
80000000 4.340312247128E-8
90000000 4.85714177326E-6
100000000 7.0661398118E-5
110000000 0.0002295782610876
120000000 0.0002875394677818
130000000 0.0003412452421317
140000000 0.0005293427113752
150000000 0.000633046486299
160000000 0.000685705609809
180000000 0.0008562699657585
200000000 0.0008958737695627
#Header 
#Target 84 199 1
#Product 79 175 0
#Datapoints 9
1000000 0
110000000 0
120000000 6.64149318288E-11
130000000 3.083887193329E-8
140000000 1.1715673045362E-6
150000000 5.77308561546E-6
160000000 1.4375549671974E-5
180000000 0.00010845754977757
200000000 0.0003643563498064
#Header 
#Target 84 199 1
#Product 79 176 0
#Datapoints 10
1000000 0
100000000 0
110000000 1.397939260752E-12
120000000 7.602807669738E-9
130000000 1.1987905371122E-6
140000000 1.0413463486224E-5
150000000 2.97383140275E-5
160000000 0.00010660819402152
180000000 0.0003074267882594
200000000 0.0013193635801166
#Header 
#Target 84 199 1
#Product 79 177 0
#Datapoints 11
1000000 0
90000000 0
100000000 7.044635458E-14
110000000 3.910207536612E-9
120000000 8.007730194522E-7
130000000 1.0030252751181E-5
140000000 3.73543000587E-5
150000000 0.0001105427881428
160000000 0.0002909542619232
180000000 0.0005600896095105
200000000 0.001778915762067
#Header 
#Target 84 199 1
#Product 79 178 0
#Datapoints 11
1000000 0
90000000 0
100000000 6.00504308693E-9
110000000 3.384398321442E-6
120000000 5.41280316111E-5
130000000 0.0001845040477061
140000000 0.0003760536774558
150000000 0.001154770741626
160000000 0.00190483620939
180000000 0.003567775996407
200000000 0.006269356823092
#Header 
#Target 84 199 1
#Product 79 179 0
#Datapoints 12
1000000 0
80000000 0
90000000 5.6069066179E-12
100000000 1.431055616937E-8
110000000 1.5273149031234E-6
120000000 1.728933323214E-5
130000000 5.389231468303E-5
140000000 0.00013965301068912
150000000 0.000415735294563
160000000 0.0007223469738786
180000000 0.0015344415373832
200000000 0.002730398229571
#Header 
#Target 84 199 1
#Product 79 180 0
#Datapoints 14
1000000 0
70000000 0
75000000 2.7719228432E-13
80000000 4.726424063016E-9
90000000 5.011617475298E-6
100000000 0.000183383233401
110000000 0.0006751047501306
120000000 0.0007534605662442
130000000 0.0012400606911416
140000000 0.002848643992872
150000000 0.00354085013175
160000000 0.003880403858736
180000000 0.005388755816067
200000000 0.006312362122558
#Header 
#Target 84 199 1
#Product 79 181 0
#Datapoints 15
1000000 0
65000000 0
70000000 3.26012540546E-11
75000000 4.099366657344E-8
80000000 1.245463438164E-6
90000000 0.0001339030801087
100000000 0.00054306842896
110000000 0.0005818732299918
120000000 0.0010377368396016
130000000 0.002528117649291
140000000 0.003126720875328
150000000 0.00314678760741
160000000 0.003801055431618
180000000 0.004567889544385
200000000 0.004885460874956
#Header 
#Target 84 199 1
#Product 79 182 0
#Datapoints 17
1000000 0
55000000 0
60000000 4.1601783636E-9
65000000 1.827099716448E-7
70000000 7.219147202882E-7
75000000 1.836696145368E-6
80000000 9.481250350576E-6
90000000 6.57605394194E-5
100000000 0.0001154564495547
110000000 0.00015748932395034
120000000 0.0003206269212918
130000000 0.0005922199050077
140000000 0.0007147506685908
150000000 0.000788435221134
160000000 0.0009551913284214
180000000 0.0011040427916131
200000000 0.0011138480568015
#Header 
#Target 84 199 1
#Product 79 183 0
#Datapoints 20
1000000 0
40000000 0
45000000 1.96194304977E-15
50000000 9.845972403189E-9
55000000 9.47870562834E-7
60000000 3.539513376E-6
65000000 4.279947131472E-6
70000000 7.83728352033E-6
75000000 1.4009205606284E-5
80000000 1.912012927504E-5
90000000 3.977019619972E-5
100000000 6.18859688973E-5
110000000 9.12757100634E-5
120000000 0.000214418800836
130000000 0.0002952281734684
140000000 0.0003094871681934
150000000 0.00036275337111
160000000 0.0004230243508356
180000000 0.0004545994850781
200000000 0.000472677924039
#Header 
#Target 84 199 1
#Product 79 184 0
#Datapoints 21
1000000 0
35000000 0
40000000 1.746535933824E-12
45000000 6.68824553892E-11
50000000 6.97874225789E-10
55000000 1.19805511059E-8
60000000 9.16148181312E-8
65000000 4.933105831664E-7
70000000 1.863363807706E-6
75000000 5.47325031694E-6
80000000 1.2297818573656E-5
90000000 2.424054993192E-5
100000000 2.32204250891E-5
110000000 5.277584194956E-5
120000000 0.00010005230772462
130000000 0.0001113718785286
140000000 0.00011796514668216
150000000 0.0001346848376844
160000000 0.00014038172058978
180000000 0.00015172747152443
200000000 0.00015160349510508
#Header 
#Target 84 199 1
#Product 80 176 0
#Datapoints 8
1000000 0
120000000 0
130000000 1.331876525969E-15
140000000 3.74705686224E-10
150000000 3.57845894949E-7
160000000 3.096665663706E-6
180000000 1.881992883863E-5
200000000 0.0001819742151405
#Header 
#Target 84 199 1
#Product 80 177 0
#Datapoints 8
1000000 0
120000000 0
130000000 1.096006665591E-10
140000000 3.486569200008E-7
150000000 1.064166138888E-5
160000000 4.724862130188E-5
180000000 0.00012689643960022
200000000 0.0008218219748598
#Header 
#Target 84 199 1
#Product 80 178 0
#Datapoints 9
1000000 0
110000000 0
120000000 4.22221791816E-11
130000000 9.869758816994E-8
140000000 8.576260547058E-6
150000000 8.52558075996E-5
160000000 0.0001910858556528
180000000 0.0007879360027318
200000000 0.002014291276397
#Header 
#Target 84 199 1
#Product 80 179 0
#Datapoints 10
1000000 0
100000000 0
110000000 7.70564101734E-13
120000000 1.4046845149614E-8
130000000 9.640670976332E-6
140000000 0.00019802684034
150000000 0.000563405921142
160000000 0.00076990766373
180000000 0.002196158167
200000000 0.004016218177003
#Header 
#Target 84 199 1
#Product 80 180 0
#Datapoints 11
1000000 0
90000000 0
100000000 2.6798480331E-14
110000000 1.3981850285202E-8
120000000 1.0797033621066E-5
130000000 0.0003033637685129
140000000 0.0013964917621278
150000000 0.00200087651304
160000000 0.003210003228096
180000000 0.005906902626763
200000000 0.010192736523305
#Header 
#Target 84 199 1
#Product 80 181 0
#Datapoints 11
1000000 0
90000000 0
100000000 1.84474468597E-9
110000000 4.265480004894E-6
120000000 0.0001901685632556
130000000 0.001162946664412
140000000 0.002129320916958
150000000 0.00275375409894
160000000 0.00463660069401
180000000 0.006679942338682
200000000 0.009419948165932
#Header 
#Target 84 199 1
#Product 80 182 0
#Datapoints 12
1000000 0
80000000 0
90000000 8.37565714104E-10
100000000 4.17765183512E-6
110000000 0.0004529213718768
120000000 0.003453798999108
130000000 0.005916456962236
140000000 0.005840555870832
150000000 0.00918159713094
160000000 0.011766432074274
180000000 0.013853238311596
200000000 0.01676693257822
#Header 
#Target 84 199 1
#Product 80 183 0
#Datapoints 14
1000000 0
70000000 0
75000000 4.53868859192E-15
80000000 5.63515978744E-11
90000000 8.788082522968E-7
100000000 0.0001680955974377
110000000 0.00188351099073
120000000 0.003636170790108
130000000 0.003383753629349
140000000 0.00465144196965
150000000 0.00634651163979
160000000 0.006561779916456
180000000 0.007413787236498
200000000 0.008012384745716
#Header 
#Target 84 199 1
#Product 80 184 0
#Datapoints 16
1000000 0
60000000 0
65000000 9.31042604496E-13
70000000 3.995059587706E-9
75000000 4.5426492181E-7
80000000 1.149341867144E-5
90000000 0.0008323561069334
100000000 0.00421365543983
110000000 0.005765632234218
120000000 0.00542251845099
130000000 0.006878383963265
140000000 0.009113475619386
150000000 0.00987542616591
160000000 0.010397835489096
180000000 0.011869868600845
200000000 0.011355676583619
#Header 
#Target 84 199 1
#Product 80 185 0
#Datapoints 18
1000000 0
50000000 0
55000000 4.1036272407E-14
60000000 6.0530416128E-10
65000000 1.5566912808064E-7
70000000 5.182807547688E-6
75000000 8.38108879174E-5
80000000 0.0006072748491944
90000000 0.004396681374876
100000000 0.00559007721819
110000000 0.004168165453866
120000000 0.004943121001638
130000000 0.005870295634223
140000000 0.005626868568324
150000000 0.0052986326532
160000000 0.005092857789552
180000000 0.004845834939783
200000000 0.004313279388405
#Header 
#Target 84 199 1
#Product 80 186 0
#Datapoints 20
1000000 0
40000000 0
45000000 1.51333935522E-13
50000000 8.507561330606E-9
55000000 2.10158803296E-6
60000000 5.56673638752E-5
65000000 0.0004280212496896
70000000 0.0016503827894628
75000000 0.003817306497116
80000000 0.005541105282448
90000000 0.00513696130437
100000000 0.00411238561014
110000000 0.004811817857904
120000000 0.005684801022522
130000000 0.00600243686577
140000000 0.006110672512062
150000000 0.00627280898964
160000000 0.006409684512306
180000000 0.006359069138069
200000000 0.006238078818654
#Header 
#Target 84 199 1
#Product 80 187 0
#Datapoints 21
1000000 0
35000000 0
40000000 5.2335920928E-13
45000000 3.50082431919E-10
50000000 4.642423212973E-8
55000000 5.96991769803E-7
60000000 2.39705027352E-6
65000000 5.856397628608E-6
70000000 1.213851701314E-5
75000000 2.15903097676E-5
80000000 3.216745690256E-5
90000000 4.345293209222E-5
100000000 3.74659859679E-5
110000000 4.804941102984E-5
120000000 6.60027883896E-5
130000000 7.944192671097E-5
140000000 9.470738552508E-5
150000000 0.0001063829874114
160000000 0.00011506531318254
180000000 0.00013116592077873
200000000 0.00013851973460386
#Header 
#Target 84 199 1
#Product 80 188 0
#Datapoints 25
1000000 0
24000000 0
26000000 7.50036239538E-13
28000000 1.544779671824E-10
30000000 5.494726617821E-9
35000000 2.48440119508E-6
40000000 0.00011804940430608
45000000 0.0004687465436775
50000000 0.0007937135050858
55000000 0.00099703098378
60000000 0.000916312110336
65000000 0.0007627907741168
70000000 0.0006803268953978
75000000 0.000659582580188
80000000 0.0006628153958608
90000000 0.0006770604992144
100000000 0.000729690776952
110000000 0.0008593037120088
120000000 0.0009235394900232
130000000 0.000951632507412
140000000 0.000993472500093
150000000 0.001021203503238
160000000 0.0010457293832838
180000000 0.0010558577436678
200000000 0.0010325156968778
#Header 
#Target 84 199 1
#Product 80 189 0
#Datapoints 30
1000000 0
17000000 0
18000000 5.23576485784E-20
19000000 1.051383790425E-18
20000000 1.174768786328E-17
22000000 3.29847364282E-15
24000000 1.094053557727E-13
26000000 2.0012505572E-12
28000000 2.3689277554E-11
30000000 1.89325544044E-10
35000000 1.2348569799487E-8
40000000 1.888697999712E-7
45000000 9.512622758331E-7
50000000 3.234687704833E-6
55000000 8.23536863253E-6
60000000 1.601815726728E-5
65000000 2.647668379664E-5
70000000 3.268295172864E-5
75000000 3.130992697196E-5
80000000 2.568739780808E-5
90000000 2.551370357718E-5
100000000 4.38920389761E-5
110000000 5.579041821534E-5
120000000 6.441975081834E-5
130000000 7.366489715897E-5
140000000 8.067387685686E-5
150000000 8.97851734284E-5
160000000 9.515669204178E-5
180000000 0.00010628849720303
200000000 0.00011104629195581
#Header 
#Target 84 199 1
#Product 80 190 0
#Datapoints 35
1000000 0
12000000 0
13000000 6.29681856E-15
14000000 6.82249139665E-13
15000000 2.040362720496E-11
16000000 3.486027084542E-10
17000000 4.4333748899664E-9
18000000 4.137545167336E-8
19000000 2.53762954305E-7
20000000 1.0740556796096E-6
22000000 7.982001161296E-6
24000000 2.898121921045E-5
26000000 7.506949857918E-5
28000000 0.0001551694340729
30000000 0.0002451485753703
35000000 0.0003737239234754
40000000 0.0003956411726112
45000000 0.0003700916625252
50000000 0.000316955854592
55000000 0.0002825479940985
60000000 0.000263784170664
65000000 0.0002619333051504
70000000 0.000269047736812
75000000 0.0002684586310672
80000000 0.000271949928252
90000000 0.0002962668903684
100000000 0.000325222679405
110000000 0.0003453287822946
120000000 0.000361639059438
130000000 0.0003708335502283
140000000 0.00037855168245
150000000 0.000381560389212
160000000 0.0003827229914304
180000000 0.0003886124968815
200000000 0.0003863775864111
#Header 
#Target 84 199 1
#Product 81 180 0
#Datapoints 10
1000000 0
100000000 0
110000000 9.06000604236E-13
120000000 6.396454410462E-9
130000000 9.49357968415E-7
140000000 7.374711751788E-6
150000000 1.65787828971E-5
160000000 6.22712796957E-5
180000000 0.00012239691125186
200000000 0.0003546287370259
#Header 
#Target 84 199 1
#Product 81 181 0
#Datapoints 11
1000000 0
90000000 0
100000000 3.6221545031E-13
110000000 4.214622506562E-8
120000000 5.079372059244E-6
130000000 4.586031349219E-5
140000000 0.00013151598858396
150000000 0.000368729327775
160000000 0.000826700192784
180000000 0.0013159413180697
200000000 0.002457023273957
#Header 
#Target 84 199 1
#Product 81 182 0
#Datapoints 12
1000000 0
80000000 0
90000000 4.8385549646E-16
100000000 1.318306517814E-8
110000000 5.525602999434E-6
120000000 6.115559831172E-5
130000000 0.00016036769477683
140000000 0.0002845522103766
150000000 0.000843113145387
160000000 0.0012632571118944
180000000 0.002097081015524
200000000 0.003330770931212
#Header 
#Target 84 199 1
#Product 81 183 0
#Datapoints 12
1000000 0
80000000 0
90000000 2.881102395248E-9
100000000 4.00658316705E-6
110000000 0.0002157729215184
120000000 0.0009080523430638
130000000 0.0011697010635374
140000000 0.002965264735944
150000000 0.00570754170762
160000000 0.006200270857152
180000000 0.009344399781478
200000000 0.011869633271297
#Header 
#Target 84 199 1
#Product 81 184 0
#Datapoints 14
1000000 0
70000000 0
75000000 1.7282420008E-12
80000000 3.651002740432E-8
90000000 3.311218588804E-5
100000000 0.000811405276604
110000000 0.002056856028174
120000000 0.001730074617648
130000000 0.003297001680391
140000000 0.00672231427644
150000000 0.00727440020055
160000000 0.007810532925912
180000000 0.010562539758302
200000000 0.010840174935958
#Header 
#Target 84 199 1
#Product 81 185 0
#Datapoints 16
1000000 0
60000000 0
65000000 5.1580626912E-16
70000000 8.28940233058E-11
75000000 8.323772259208E-8
80000000 2.66979024548E-6
90000000 0.000202876640946
100000000 0.000618063755244
110000000 0.0006770116099062
120000000 0.0013480036984878
130000000 0.003144760645564
140000000 0.003558255804888
150000000 0.00359021190888
160000000 0.00439491418155
180000000 0.005247728699198
200000000 0.005369945924782
#Header 
#Target 84 199 1
#Product 81 186 0
#Datapoints 17
1000000 0
55000000 0
60000000 2.81868437088E-7
65000000 1.69801368548E-5
70000000 7.800970169372E-5
75000000 0.0001836221901192
80000000 0.0006784908037536
90000000 0.00195914709809
100000000 0.001558989822945
110000000 0.002540230922898
120000000 0.005597617221348
130000000 0.006233835851031
140000000 0.006101533951068
150000000 0.00703356645618
160000000 0.007703450643924
180000000 0.008311625746416
200000000 0.008815034502882
#Header 
#Target 84 199 1
#Product 81 187 0
#Datapoints 20
1000000 0
40000000 0
45000000 4.08009205989E-13
50000000 2.156700554606E-6
55000000 0.000225795822057
60000000 0.000888772786272
65000000 0.0010614396118976
70000000 0.0016547200104864
75000000 0.002356816572292
80000000 0.002227172337608
90000000 0.0013875030435756
100000000 0.00277229289858
110000000 0.005158987273098
120000000 0.005197438043976
130000000 0.004481633836206
140000000 0.004496603181924
150000000 0.00451151868192
160000000 0.004322620134198
180000000 0.004062800239716
200000000 0.003702693045539
#Header 
#Target 84 199 1
#Product 81 188 0
#Datapoints 21
1000000 0
35000000 0
40000000 7.07940211008E-6
45000000 0.00018625070435103
50000000 0.0004680006865339
55000000 0.0004735059911595
60000000 0.00042067251828
65000000 0.0004828183192576
70000000 0.0005293293513274
75000000 0.0004657966157012
80000000 0.0003669691212136
90000000 0.0003350254306826
100000000 0.00079788479755
110000000 0.0011183502229542
120000000 0.0011866392888804
130000000 0.0013543558597681
140000000 0.0014909367246498
150000000 0.00164331877515
160000000 0.001769981249988
180000000 0.00187904503124
200000000 0.001879258330203
#Header 
#Target 84 199 1
#Product 81 189 0
#Datapoints 25
1000000 0
24000000 0
26000000 6.14137792714E-16
28000000 5.459162878208E-7
30000000 1.2538090336618E-5
35000000 0.0007053209354738
40000000 0.003262965427056
45000000 0.004697998617213
50000000 0.004579627338676
55000000 0.00410856553224
60000000 0.00298792792872
65000000 0.002035073188848
70000000 0.0016835719062886
75000000 0.002165264882088
80000000 0.003372153732824
90000000 0.00500589608967
100000000 0.00488970324839
110000000 0.004237629147468
120000000 0.003895431200532
130000000 0.003763420277729
140000000 0.003628611040086
150000000 0.00347239366869
160000000 0.0033603338241
180000000 0.003243701724064
200000000 0.003016860733734
#Header 
#Target 84 199 1
#Product 81 190 0
#Datapoints 31
1000000 0
16000000 0
17000000 6.526537647024E-16
18000000 3.641099871312E-6
19000000 4.583033649825E-5
20000000 0.00012619854384
22000000 0.0003357640243316
24000000 0.0005538378214681
26000000 0.0007700881808862
28000000 0.0010076045874378
30000000 0.0011207150542826
35000000 0.0008254039544569
40000000 0.000659295240048
45000000 0.0006346664370981
50000000 0.0005385873749854
55000000 0.0004707081427815
60000000 0.000405007332912
65000000 0.0004185279352192
70000000 0.0005114192939862
75000000 0.0006795388094796
80000000 0.000895080742828
90000000 0.0012610128854764
100000000 0.001349840897552
110000000 0.0014167075509594
120000000 0.0015256697930262
130000000 0.0016053964127277
140000000 0.001680947205462
150000000 0.00174093829812
160000000 0.00180604092294
180000000 0.001934054095233
200000000 0.002082806416636
#Header 
#Target 84 199 1
#Product 81 191 0
#Datapoints 40
1000000 0
7000000 0
8000000 6.1794012E-20
9000000 2.0774595114E-12
10000000 2.2708100679E-10
11000000 8.2973607668E-9
12000000 1.32375988125E-7
13000000 1.03467984E-6
14000000 4.8158262230783E-6
15000000 1.565749207728E-5
16000000 3.9414196752138E-5
17000000 8.248333446472E-5
18000000 0.0001496417002992
19000000 0.0002319183449475
20000000 0.0003113035138576
22000000 0.000396506292088
24000000 0.0003931832691059
26000000 0.000396447704692
28000000 0.0004173702196048
30000000 0.0004361505263612
35000000 0.0003827898360838
40000000 0.000266131824672
45000000 0.0002091118421667
50000000 0.0002304862196195
55000000 0.0004511538261945
60000000 0.000659836128672
65000000 0.0006983149904768
70000000 0.0006850691386196
75000000 0.000668255578298
80000000 0.0006610242244192
90000000 0.0006476974453348
100000000 0.000659183930727
110000000 0.0006845458909986
120000000 0.0007033488321078
130000000 0.0007426740872898
140000000 0.0007740670553142
150000000 0.000814099300932
160000000 0.0008524838618604
180000000 0.000905809337783
200000000 0.0009290537809666
#Header 
#Target 84 199 1
#Product 81 192 0
#Datapoints 45
1000000 0
2000000 0
3000000 2.12105719E-19
4000000 5.845371096E-16
5000000 1.63929980246E-13
6000000 1.46457994968E-11
7000000 5.4877404455E-10
8000000 8.344340172E-9
9000000 6.8400605222E-8
10000000 3.4802303382E-7
11000000 1.13805996444E-6
12000000 2.57644981544E-6
13000000 4.610860416E-6
14000000 7.279485802773E-6
15000000 1.0482561642608E-5
16000000 1.3941280500735E-5
17000000 1.7336611777392E-5
18000000 2.033309962392E-5
19000000 2.271908858025E-5
20000000 2.449602410768E-5
22000000 2.650977066465E-5
24000000 3.123532448673E-5
26000000 4.181973792226E-5
28000000 3.07018539873E-5
30000000 2.468687597138E-5
35000000 1.6299086002193E-5
40000000 1.0631800926432E-5
45000000 9.302959858896E-6
50000000 1.971443936982E-5
55000000 4.07667595257E-5
60000000 6.7328206848E-5
65000000 9.329965132656E-5
70000000 0.0001112668074833
75000000 0.0001285083155916
80000000 0.00014597440246656
90000000 0.000177120146112
100000000 0.000207677870826
110000000 0.000245339241354
120000000 0.0002948129926776
130000000 0.0003462874974181
140000000 0.0003973746824646
150000000 0.000448045251342
160000000 0.0004899545784522
180000000 0.0005514559527629
200000000 0.0005861218154432
#Header 
#Target 84 199 1
#Product 81 193 0
#Datapoints 36
1000000 0
11000000 0
12000000 3.529463796E-18
13000000 1.798597056E-16
14000000 1.029011152043E-14
15000000 1.972152909872E-13
16000000 2.54471804134E-12
17000000 2.333663751488E-11
18000000 1.61825195528E-10
19000000 8.98102938375E-10
20000000 4.48248263588E-9
22000000 1.775221846483E-7
24000000 4.053128797939E-6
26000000 3.361763353576E-5
28000000 0.00014034544587926
30000000 0.0003438976833131
35000000 0.0008618569092532
40000000 0.001152871852032
45000000 0.0012890174937585
50000000 0.0013918359504868
55000000 0.001497093858702
60000000 0.001515119268096
65000000 0.0014554743184816
70000000 0.0014415684565808
75000000 0.0014424243146152
80000000 0.0014510410851176
90000000 0.001453682512905
100000000 0.001444927969926
110000000 0.0014395922395614
120000000 0.0014383338752892
130000000 0.0014285941836824
140000000 0.001412526456021
150000000 0.001398324447279
160000000 0.0013825490839704
180000000 0.0013476169580105
200000000 0.0012723753519001
#Header 
#Target 84 199 1
#Product 81 194 0
#Datapoints 38
1000000 0
9000000 0
10000000 8.560665201E-19
11000000 1.093748796E-16
12000000 4.104081454E-15
13000000 5.70582528E-14
14000000 4.674061753312E-13
15000000 2.349826548416E-12
16000000 1.053029599828E-11
17000000 4.812034190496E-11
18000000 2.14585520368E-10
19000000 8.5300455795E-10
20000000 2.898689702584E-9
22000000 2.216293412821E-8
24000000 1.0397978554158E-7
26000000 3.269549619306E-7
28000000 7.659021950762E-7
30000000 1.4110383940688E-6
35000000 4.363019508485E-6
40000000 1.078916978064E-5
45000000 1.905085605093E-5
50000000 2.493748153052E-5
55000000 2.919714482295E-5
60000000 3.0482338824E-5
65000000 3.135242617232E-5
70000000 3.261803032708E-5
75000000 3.563754254004E-5
80000000 3.99727359476E-5
90000000 5.347036700096E-5
100000000 7.43773743105E-5
110000000 9.714420737226E-5
120000000 0.000117934878744
130000000 0.0001351996295941
140000000 0.00014865017331096
150000000 0.0001593630680943
160000000 0.0001659062006568
180000000 0.0001744832534238
200000000 0.000174696310945
#Header 
#Target 84 199 1
#Product 82 182 0
#Datapoints 9
1000000 0
110000000 0
120000000 7.84681104102E-13
130000000 4.563227723064E-8
140000000 1.4650936706766E-5
150000000 9.61232751873E-5
160000000 0.0001292157422451
180000000 0.0002574031147856
200000000 0.0004765193488559
#Header 
#Target 84 199 1
#Product 82 183 0
#Datapoints 10
1000000 0
100000000 0
110000000 3.9161933622E-15
120000000 4.664487160218E-9
130000000 3.291440956669E-6
140000000 4.408834816188E-5
150000000 9.13568443236E-5
160000000 9.313529923206E-5
180000000 0.0002130786230496
200000000 0.0002991225668241
#Header 
#Target 84 199 1
#Product 82 184 0
#Datapoints 11
1000000 0
90000000 0
100000000 4.0585974618E-14
110000000 4.507667117946E-8
120000000 2.210593191282E-5
130000000 0.0003983403306839
140000000 0.0012772861212072
150000000 0.00122888630274
160000000 0.0015488677741572
180000000 0.003003048018034
200000000 0.00375732076433
#Header 
#Target 84 199 1
#Product 82 185 0
#Datapoints 11
1000000 0
90000000 0
100000000 5.62906110141E-9
110000000 6.491854816974E-6
120000000 0.0002195717704182
130000000 0.0009080964666188
140000000 0.001119220284273
150000000 0.001087160648196
160000000 0.0017668301535
180000000 0.002376555281002
200000000 0.002596204289001
#Header 
#Target 84 199 1
#Product 82 186 0
#Datapoints 12
1000000 0
80000000 0
90000000 2.910565992306E-8
100000000 3.71241144542E-5
110000000 0.001993486562208
120000000 0.008432604361326
130000000 0.009020147786247
140000000 0.007882960893618
150000000 0.01151638195533
160000000 0.013522996900098
180000000 0.014640729030917
200000000 0.01664281922761
#Header 
#Target 84 199 1
#Product 82 187 0
#Datapoints 14
1000000 0
70000000 0
75000000 1.498862464456E-12
80000000 5.237935026776E-9
90000000 2.000677586474E-5
100000000 0.00204314024167
110000000 0.01256053683285
120000000 0.015625225096608
130000000 0.012670104008904
140000000 0.01660909186614
150000000 0.0192469509249
160000000 0.01895458947408
180000000 0.02053197666509
200000000 0.01952807504186
#Header 
#Target 84 199 1
#Product 82 188 0
#Datapoints 16
1000000 0
60000000 0
65000000 5.670627584E-11
70000000 1.6795759298984E-7
75000000 1.2178715873828E-5
80000000 0.000254870698744
90000000 0.009786890084636
100000000 0.0338345617592
110000000 0.03482532662958
120000000 0.02829529433016
130000000 0.0375363826254
140000000 0.042110943273
150000000 0.0417883018653
160000000 0.04345111328022
180000000 0.04352588007942
200000000 0.04146217089453
#Header 
#Target 84 199 1
#Product 82 189 0
#Datapoints 18
1000000 0
50000000 0
55000000 2.0786563746E-11
60000000 1.189396997208E-7
65000000 1.0358831405904E-5
70000000 0.000208441719392
75000000 0.001962527215124
80000000 0.00787110622448
90000000 0.02300251800238
100000000 0.0213200843214
110000000 0.01668476050029
120000000 0.02019810446898
130000000 0.02263758647211
140000000 0.02261333873424
150000000 0.0228322150776
160000000 0.0225730446876
180000000 0.02258387956975
200000000 0.02154610271084
#Header 
#Target 84 199 1
#Product 82 190 0
#Datapoints 20
1000000 0
40000000 0
45000000 7.77797034102E-12
50000000 4.001276003647E-7
55000000 8.767211778E-5
60000000 0.0021089788524
65000000 0.012277955933248
70000000 0.03215404854316
75000000 0.05267033141076
80000000 0.06340321658656
90000000 0.0526965949076
100000000 0.0391982962817
110000000 0.0454749978924
120000000 0.05035009490766
130000000 0.04918390248687
140000000 0.04835914841262
150000000 0.0475762796724
160000000 0.04784561497224
180000000 0.04678468258067
200000000 0.04552446081133
#Header 
#Target 84 199 1
#Product 82 191 0
#Datapoints 22
1000000 0
30000000 0
35000000 2.44994815791E-15
40000000 5.51926380288E-9
45000000 2.441282816445E-6
50000000 0.0003142891884158
55000000 0.003030682622175
60000000 0.008533097874
65000000 0.014532635929728
70000000 0.01857490379252
75000000 0.01920493029336
80000000 0.016730858151072
90000000 0.011681214191346
100000000 0.01298773339646
110000000 0.01503789626169
120000000 0.014504436983808
130000000 0.01418410505206
140000000 0.01411721709699
150000000 0.01406799722046
160000000 0.013943540490372
180000000 0.013651413127879
200000000 0.013165474326947
#Header 
#Target 84 199 1
#Product 82 192 0
#Datapoints 26
1000000 0
22000000 0
24000000 6.82575612329E-14
26000000 2.8316268331E-10
28000000 5.836627373016E-8
30000000 2.064680707775E-6
35000000 0.0010104581576622
40000000 0.04445485863072
45000000 0.13239761780124
50000000 0.14974991692583
55000000 0.134514177525
60000000 0.1076397261912
65000000 0.08671844633328
70000000 0.073190821409
75000000 0.06432465866008
80000000 0.05980545858632
90000000 0.06203902258666
100000000 0.0627922359788
110000000 0.06081212615112
120000000 0.06003138127308
130000000 0.05897809735799
140000000 0.0580337297022
150000000 0.0574846751154
160000000 0.05648254721622
180000000 0.05495343541811
200000000 0.05235982084635
#Header 
#Target 84 199 1
#Product 82 193 0
#Datapoints 32
1000000 0
15000000 0
16000000 7.395634008195E-15
17000000 8.070642565536E-13
18000000 3.0635635104E-11
19000000 5.388357345E-10
20000000 5.41672154012E-9
22000000 1.545878892875E-7
24000000 1.3590259448714E-6
26000000 1.62796868571E-5
28000000 0.000176750039298
30000000 0.0008902075117355
35000000 0.005283618578482
40000000 0.00940767866352
45000000 0.011971277888658
50000000 0.013220717062319
55000000 0.01319501421342
60000000 0.01140138769392
65000000 0.009823300827584
70000000 0.009065925377568
75000000 0.00904498768124
80000000 0.009564397674312
90000000 0.010239426723008
100000000 0.01046833817373
110000000 0.01069076241414
120000000 0.01093419737805
130000000 0.011073850178054
140000000 0.01118846710827
150000000 0.01116113175699
160000000 0.011169538695486
180000000 0.01120223811065
200000000 0.010827829343875
#Header 
#Target 84 199 1
#Product 82 194 0
#Datapoints 37
1000000 0
10000000 0
11000000 1.4049993244E-12
12000000 1.93398001926E-8
13000000 4.921071168E-6
14000000 0.00014717797654891
15000000 0.001185884232656
16000000 0.0045488064301071
17000000 0.011364349200832
18000000 0.02168551406904
19000000 0.03289526861475
20000000 0.0424359215092
22000000 0.05142569947886
24000000 0.04899363008865
26000000 0.04614510602772
28000000 0.04681461739898
30000000 0.04735571421308
35000000 0.04541880907614
40000000 0.04633841573088
45000000 0.04578420524271
50000000 0.04289146924673
55000000 0.03961279242765
60000000 0.0361240351416
65000000 0.03287599771104
70000000 0.03130878783924
75000000 0.03016634556292
80000000 0.02942464632792
90000000 0.02800910660884
100000000 0.0274228563468
110000000 0.02695362722496
120000000 0.02632292239992
130000000 0.02572415419384
140000000 0.0250263763407
150000000 0.0245285257239
160000000 0.02397075332796
180000000 0.02285839137776
200000000 0.02162914235329
#Header 
#Target 84 199 1
#Product 82 195 0
#Datapoints 44
1000000 0
3000000 0
4000000 1.136367684E-18
5000000 4.489956104E-15
6000000 1.62658999584E-12
7000000 4.1599390989E-10
8000000 7.177879842E-8
9000000 2.31114020542E-6
10000000 2.1789195978E-5
11000000 8.864510228E-5
12000000 0.000201332982361
13000000 0.00032367398784
14000000 0.00043855386586747
15000000 0.00053751779072784
16000000 0.00061019512472142
17000000 0.0006516342619072
18000000 0.0006726487660512
19000000 0.000691870560405
20000000 0.0007233326987152
22000000 0.0008241645820776
24000000 0.0009700089018984
26000000 0.0011472416635408
28000000 0.0012159160879046
30000000 0.0012718307842919
35000000 0.0013059756493894
40000000 0.0012180750983376
45000000 0.0011094972934716
50000000 0.0010312610011119
55000000 0.0010187414421795
60000000 0.001027997781552
65000000 0.0010762543045584
70000000 0.0011443216774628
75000000 0.0012628646444428
80000000 0.0014100358449736
90000000 0.0016892582577486
100000000 0.00190752478954
110000000 0.002064693157488
120000000 0.00215767679751
130000000 0.002221123104227
140000000 0.002265395456088
150000000 0.00228226098423
160000000 0.002293721632638
180000000 0.002275466709827
200000000 0.002201453708218
#Header 
#Target 84 199 1
#Product 82 196 0
#Datapoints 29
1000000 0
18000000 0
19000000 1.100407951425E-14
20000000 1.30518723744E-13
22000000 8.41865506917E-12
24000000 2.44828900082E-10
26000000 4.219641863594E-9
28000000 4.76427525796E-8
30000000 3.833643430624E-7
35000000 1.3797203146927E-5
40000000 8.951852857008E-5
45000000 0.0002431397714427
50000000 0.0004494700028013
55000000 0.000724444655571
60000000 0.00104381242056
65000000 0.001371383577568
70000000 0.001739820772196
75000000 0.002088939062168
80000000 0.002399363824624
90000000 0.002871135283226
100000000 0.00317844061907
110000000 0.003354296427738
120000000 0.003439493318802
130000000 0.003479458975778
140000000 0.003481148270796
150000000 0.00346357283376
160000000 0.0034457434209
180000000 0.003376224501113
200000000 0.00323948524095
#Header 
#Target 84 199 1
#Product 82 197 0
#Datapoints 32
1000000 0
15000000 0
16000000 2.942251567715E-14
17000000 9.051607584992E-13
18000000 1.47981171E-11
19000000 1.48205289675E-10
20000000 9.738526344E-10
22000000 1.775972419523E-8
24000000 1.3184439769943E-7
26000000 5.218462610178E-7
28000000 1.3292843170868E-6
30000000 2.499007621516E-6
35000000 8.525513776447E-6
40000000 2.474660038656E-5
45000000 5.4573921303E-5
50000000 0.00010041048904081
55000000 0.0001614122452917
60000000 0.00021809797884
65000000 0.0002595022729104
70000000 0.0002974037967096
75000000 0.0003285848885144
80000000 0.0003536121537824
90000000 0.0003845605582
100000000 0.000399409803232
110000000 0.0004141532425698
120000000 0.0004096386424908
130000000 0.0004025027204095
140000000 0.000394401399888
150000000 0.000386132415984
160000000 0.0003780896825646
180000000 0.0003630150710525
200000000 0.0003423676716289
#Header 
#Target 84 199 1
#Product 83 187 0
#Datapoints 13
1000000 0
75000000 0
80000000 1.351055275192E-14
90000000 2.850657305258E-8
100000000 1.9173465879E-5
110000000 0.000351732463902
120000000 0.0004863047179044
130000000 0.0003290103188305
140000000 0.000708846562446
150000000 0.000911436211461
160000000 0.0008854133054418
180000000 0.0010397348531304
200000000 0.0010237294609299
#Header 
#Target 84 199 1
#Product 83 188 0
#Datapoints 14
1000000 0
70000000 0
75000000 4.09970343944E-13
80000000 1.534153086116E-8
90000000 8.563336030802E-6
100000000 0.0001230155707134
110000000 0.0002010896947386
120000000 0.00011446539409002
130000000 0.0002681322077007
140000000 0.0004054906067214
150000000 0.000415844882307
160000000 0.00048686705388
180000000 0.0005702322291756
200000000 0.000561227454169
#Header 
#Target 84 199 1
#Product 83 189 0
#Datapoints 16
1000000 0
60000000 0
65000000 8.86559166944E-13
70000000 3.37727335363E-7
75000000 2.37973493758E-5
80000000 0.00016311596117416
90000000 0.002626269895872
100000000 0.00361904642534
110000000 0.002135476307268
120000000 0.007238388491016
130000000 0.009721110122836
140000000 0.008787209408094
150000000 0.00876380038002
160000000 0.008763480796572
180000000 0.008801797419794
200000000 0.008463287656256
#Header 
#Target 84 199 1
#Product 83 190 0
#Datapoints 18
1000000 0
50000000 0
55000000 5.1141939498E-15
60000000 5.8379599656E-6
65000000 0.0002617975947792
70000000 0.0009777927365862
75000000 0.001440011511456
80000000 0.002714307183032
90000000 0.003133477742458
100000000 0.00171652114246
110000000 0.00526354612974
120000000 0.007660516155456
130000000 0.008150485205059
140000000 0.00916739362296
150000000 0.0097068811941
160000000 0.01032006746304
180000000 0.010971896314795
200000000 0.010712287625349
#Header 
#Target 84 199 1
#Product 83 191 0
#Datapoints 20
1000000 0
40000000 0
45000000 6.586068351555E-9
50000000 0.0015431680004936
55000000 0.0239767233381
60000000 0.044706753504
65000000 0.02884392147632
70000000 0.02224195779078
75000000 0.020979720391
80000000 0.015130818728504
90000000 0.00798404317109
100000000 0.0224999781171
110000000 0.03080737084482
120000000 0.02828398223658
130000000 0.02908890785186
140000000 0.03016299476622
150000000 0.0310738983498
160000000 0.03090536554572
180000000 0.02971304852998
200000000 0.02885211985598
#Header 
#Target 84 199 1
#Product 83 192 0
#Datapoints 21
1000000 0
35000000 0
40000000 0.002031180208512
45000000 0.04873728893022
50000000 0.11221799085289
55000000 0.08878588858035
60000000 0.0475173091008
65000000 0.02812812941216
70000000 0.017277071942904
75000000 0.011356443485408
80000000 0.009565390483296
90000000 0.016858194416588
100000000 0.0214828153664
110000000 0.02280689319474
120000000 0.02558131633626
130000000 0.02716832838729
140000000 0.02774008297176
150000000 0.0282828191871
160000000 0.02852821264842
180000000 0.02865733188828
200000000 0.02792094883806
#Header 
#Target 84 199 1
#Product 83 193 0
#Datapoints 25
1000000 0
24000000 0
26000000 1.046602483358E-10
28000000 0.0008985458984988
30000000 0.013332178893082
35000000 0.15523999718288
40000000 0.2360609126256
45000000 0.15807341737836
50000000 0.09518903073225
55000000 0.06512794475265
60000000 0.0400723183224
65000000 0.02582071471632
70000000 0.02343203328526
75000000 0.03478405766808
80000000 0.0516825664012
90000000 0.05939514737506
100000000 0.0567437530748
110000000 0.05825561628942
120000000 0.05914974392916
130000000 0.05915042654886
140000000 0.0594547076403
150000000 0.0587020449204
160000000 0.05835725551386
180000000 0.05832069214066
200000000 0.05651701544782
#Header 
#Target 84 199 1
#Product 83 194 0
#Datapoints 31
1000000 0
16000000 0
17000000 2.452289030128E-12
18000000 0.0006265119266496
19000000 0.007558515040425
20000000 0.02013473242456
22000000 0.04998911608339
24000000 0.07647681923102
26000000 0.09693939852088
28000000 0.11268282821416
30000000 0.11002360884067
35000000 0.05975824878823
40000000 0.03459304235616
45000000 0.02218864208814
50000000 0.013481310959051
55000000 0.010269997075845
60000000 0.01191857436504
65000000 0.01838950330752
70000000 0.02369684882606
75000000 0.02583756156716
80000000 0.02700793663856
90000000 0.031713849146
100000000 0.0363058243764
110000000 0.0389904381945
120000000 0.04061624848782
130000000 0.04164494547715
140000000 0.04217119227678
150000000 0.0427618063245
160000000 0.04315171058568
180000000 0.04315113172679
200000000 0.04260234197013
#Header 
#Target 84 199 1
#Product 83 195 0
#Datapoints 41
1000000 0
6000000 0
7000000 5.6931404398E-12
8000000 4.544429862E-5
9000000 0.0008512021668
10000000 0.0041231100471
11000000 0.0123148995788
12000000 0.0274549010425
13000000 0.04982599296
14000000 0.07857351142242
15000000 0.11143453036064
16000000 0.14584567365093
17000000 0.17903286206176
18000000 0.209100665648
19000000 0.2230614037275
20000000 0.217693696228
22000000 0.1686788258663
24000000 0.11690204545474
26000000 0.09072347623546
28000000 0.0789412230253
30000000 0.07208285870576
35000000 0.05187069785091
40000000 0.03661738788576
45000000 0.0301377432543
50000000 0.03549603866913
55000000 0.05985032978925
60000000 0.0740906362728
65000000 0.07267520123664
70000000 0.06862966834334
75000000 0.06791351864472
80000000 0.06958985690152
90000000 0.0722146249104
100000000 0.0734727600993
110000000 0.07386747598854
120000000 0.07318909418646
130000000 0.07267135456505
140000000 0.07158733637664
150000000 0.0707615401473
160000000 0.06981147507168
180000000 0.06773026637959
200000000 0.06465266201605
#Header 
#Target 84 199 1
#Product 83 196 0
#Datapoints 46
1000000 0
1000000 0
2000000 8.40649093674E-17
3000000 1.47794045E-11
4000000 6.882840732E-9
5000000 4.4808294266E-7
6000000 9.8487906732E-6
7000000 0.000105461006525
8000000 0.0005600030268
9000000 0.00187710003232
10000000 0.0043076797467
11000000 0.0068836294268
12000000 0.0082939805207
13000000 0.008566518912
14000000 0.008449227652409
15000000 0.008255742593824
16000000 0.008037007676901
17000000 0.0078040012533968
18000000 0.007540470456072
19000000 0.007252308682275
20000000 0.00698020745328
22000000 0.006982593053901
24000000 0.01218448618101
26000000 0.01802632347092
28000000 0.00876109064988
30000000 0.005315650331439
35000000 0.003060767855946
40000000 0.006836851044432
45000000 0.012669651006276
50000000 0.016867837932881
55000000 0.0208413733554
60000000 0.0245468298096
65000000 0.02762562703376
70000000 0.03113440472592
75000000 0.03423769744836
80000000 0.0367543372904
90000000 0.0403783456356
100000000 0.0424933358245
110000000 0.04334200128198
120000000 0.04347234201102
130000000 0.04327635732483
140000000 0.04256362542186
150000000 0.0418153074165
160000000 0.04109659069086
180000000 0.03941656396752
200000000 0.03712656237324
#Header 
#Target 84 199 1
#Product 83 197 0
#Datapoints 36
1000000 0
11000000 0
12000000 6.202345368E-15
13000000 4.65110784E-14
14000000 4.56294426084E-13
15000000 6.451087739216E-12
16000000 7.824752045246E-11
17000000 7.255420386336E-10
18000000 7.338705260248E-9
19000000 1.01761755078E-7
20000000 1.1052506162352E-6
22000000 2.911100216258E-5
24000000 0.0002430090244517
26000000 0.0011722565282728
28000000 0.003658558960376
30000000 0.007394914593318
35000000 0.015221771110351
40000000 0.0213316620024
45000000 0.02739722928855
50000000 0.03397851516631
55000000 0.0400609404468
60000000 0.0434665514808
65000000 0.04479959641152
70000000 0.04638384577078
75000000 0.0481037380166
80000000 0.04969405059696
90000000 0.05137053639942
100000000 0.0516754392986
110000000 0.05115706061652
120000000 0.05003090225226
130000000 0.04854353739661
140000000 0.04691009486664
150000000 0.0452832539754
160000000 0.04384428859458
180000000 0.04105022535092
200000000 0.03771824917524
#Header 
#Target 84 199 1
#Product 83 198 0
#Datapoints 39
1000000 0
8000000 0
9000000 6.464144342E-13
10000000 1.169780403E-10
11000000 5.826279536E-9
12000000 1.11169983794E-7
13000000 1.031350176E-6
14000000 5.5572207835593E-6
15000000 1.9644739527488E-5
16000000 5.1032941643435E-5
17000000 0.00010558381408608
18000000 0.0001846352827584
19000000 0.0002830757133225
20000000 0.0003902696612824
22000000 0.0005911884528633
24000000 0.00076708502897
26000000 0.0010031293736654
28000000 0.0013863981145938
30000000 0.00194495286986
35000000 0.004430514275088
40000000 0.008012713624656
45000000 0.011499213755304
50000000 0.014339059606157
55000000 0.0165054836115
60000000 0.01766283347808
65000000 0.0179346954664
70000000 0.0183832764735
75000000 0.01895493831812
80000000 0.01943412440656
90000000 0.01995708564766
100000000 0.0200079609017
110000000 0.01971347137686
120000000 0.01918510901016
130000000 0.0185199387755
140000000 0.01783984357242
150000000 0.0171715677921
160000000 0.0164951327835
180000000 0.015282263619934
200000000 0.01393423984019
#Header 
#Target 84 199 1
#Product 84 190 0
#Datapoints 13
1000000 0
75000000 0
80000000 1.48637565412E-13
90000000 1.4018998691684E-7
100000000 6.72285569039E-5
110000000 0.00145269753903
120000000 0.002583625024908
130000000 0.00215958076781
140000000 0.002088334808268
150000000 0.00221422852137
160000000 0.002342068640766
180000000 0.002419975191274
200000000 0.002338473031533
#Header 
#Target 84 199 1
#Product 84 191 0
#Datapoints 14
1000000 0
70000000 0
75000000 5.99898263328E-11
80000000 5.802910211816E-8
90000000 8.282001512344E-5
100000000 0.00304638309806
110000000 0.006319083971628
120000000 0.004694505388932
130000000 0.004210464528263
140000000 0.004310097873282
150000000 0.00425929727064
160000000 0.00416435679837
180000000 0.00398861500423
200000000 0.00381349970434
#Header 
#Target 84 199 1
#Product 84 192 0
#Datapoints 17
1000000 0
55000000 0
60000000 1.17976635504E-15
65000000 1.798855218064E-9
70000000 1.014744383118E-6
75000000 3.76818785938E-5
80000000 0.0005889370328224
90000000 0.011118180941896
100000000 0.01676747630274
110000000 0.013534900172388
120000000 0.013561119315072
130000000 0.013786020794201
140000000 0.013824113346096
150000000 0.01359051917985
160000000 0.013560772853016
180000000 0.013114465992918
200000000 0.012984638874104
#Header 
#Target 84 199 1
#Product 84 193 0
#Datapoints 18
1000000 0
50000000 0
55000000 1.254657467115E-10
60000000 4.33407284352E-7
65000000 2.66413528376E-5
70000000 0.000426638113335
75000000 0.002792755221424
80000000 0.00770933323036
90000000 0.011325879551602
100000000 0.00997535171486
110000000 0.010542187244664
120000000 0.010854636213486
130000000 0.010952141543077
140000000 0.010911548797206
150000000 0.01083826375854
160000000 0.010754391438828
180000000 0.01071362078852
200000000 0.010394113526155
#Header 
#Target 84 199 1
#Product 84 194 0
#Datapoints 20
1000000 0
40000000 0
45000000 6.862065889503E-9
50000000 7.433184204342E-6
55000000 0.001181508732963
60000000 0.0106209746244
65000000 0.03913349250656
70000000 0.07385379612744
75000000 0.08434245378076
80000000 0.07294459103768
90000000 0.05709366614378
100000000 0.0558642727161
110000000 0.0549549263682
120000000 0.05375817825726
130000000 0.05251875602362
140000000 0.05133733516926
150000000 0.0505883607855
160000000 0.04993850596716
180000000 0.04876902853867
200000000 0.04663763030668
#Header 
#Target 84 199 1
#Product 84 195 0
#Datapoints 22
1000000 0
30000000 0
35000000 1.427374521035E-10
40000000 9.290353731456E-7
45000000 0.0002305237813296
50000000 0.005738763732754
55000000 0.01960809900075
60000000 0.0231980060088
65000000 0.0183971258848
70000000 0.015200600948294
75000000 0.014865293666384
80000000 0.015508461660848
90000000 0.016307722224766
100000000 0.01672977211601
110000000 0.016752217062222
120000000 0.016583466996978
130000000 0.016406956939036
140000000 0.01618312762431
150000000 0.01590152085456
160000000 0.015641900617104
180000000 0.015082852776885
200000000 0.014309798167324
#Header 
#Target 84 199 1
#Product 84 196 0
#Datapoints 27
1000000 0
20000000 0
22000000 6.42448972661E-14
24000000 3.70881943978E-10
26000000 9.23820651902E-8
28000000 3.320563186508E-6
30000000 3.138364802608E-5
35000000 0.010803287743064
40000000 0.15141639237408
45000000 0.3246196214085
50000000 0.313401844912
55000000 0.243114340716
60000000 0.1859686045056
65000000 0.16019243311568
70000000 0.15293272522886
75000000 0.15078150260712
80000000 0.14895816212312
90000000 0.14482904574838
100000000 0.1406941602452
110000000 0.13557698478108
120000000 0.13086320660376
130000000 0.1259300928331
140000000 0.12101594163456
150000000 0.116610002697
160000000 0.11239500154986
180000000 0.10493912602586
200000000 0.09657465022974
#Header 
#Target 84 199 1
#Product 84 197 0
#Datapoints 34
1000000 0
13000000 0
14000000 4.826055766078E-15
15000000 1.579753775376E-13
16000000 2.600947532849E-12
17000000 1.060567949728E-10
18000000 3.541806206504E-9
19000000 5.903587470675E-8
20000000 5.503267694472E-7
22000000 1.455304831582E-5
24000000 0.0004168047599963
26000000 0.003281852967694
28000000 0.012516072033402
30000000 0.02732847425973
35000000 0.04686633621524
40000000 0.03845793043536
45000000 0.03365753339784
50000000 0.03572432584526
55000000 0.03853842330195
60000000 0.0393574223448
65000000 0.03871749213248
70000000 0.03865410890218
75000000 0.03895345438208
80000000 0.03929004688216
90000000 0.03906374357802
100000000 0.0384369705896
110000000 0.03737192786658
120000000 0.03613548283794
130000000 0.03470670303516
140000000 0.0333155925969
150000000 0.0319731212355
160000000 0.03079127579454
180000000 0.02851552918836
200000000 0.02600341400688
#Header 
#Target 84 199 1
#Product 84 198 0
#Datapoints 39
1000000 0
8000000 0
9000000 2.9145690948E-15
10000000 7.7296329E-11
11000000 1.29423001456E-7
12000000 1.34484002975E-5
13000000 0.00028686896832
14000000 0.0024521827995346
15000000 0.011633741386016
16000000 0.035376296634084
17000000 0.078495700829008
18000000 0.1389464429408
19000000 0.19652034312
20000000 0.241846715448
22000000 0.2876880787179
24000000 0.2803174152649
26000000 0.2685244914564
28000000 0.270899752769
30000000 0.2712519341735
35000000 0.2688921275076
40000000 0.2903320230048
45000000 0.3045861831672
50000000 0.3077731820813
55000000 0.301935052224
60000000 0.28889576604
65000000 0.2656437905488
70000000 0.2523785690468
75000000 0.2422844764144
80000000 0.2356508427496
90000000 0.221012886213
100000000 0.207939433291
110000000 0.195932467305
120000000 0.1848987748764
130000000 0.1745982390267
140000000 0.1650995501862
150000000 0.1567906914963
160000000 0.14926381719912
180000000 0.13596509173704
200000000 0.12248278387779
#Header 
#Target 84 199 1
#Product 84 199 0
#Datapoints 45
1000000 0
2000000 0
3000000 1.4497999404E-15
4000000 1.8369999492E-11
5000000 4.983669125E-9
6000000 1.88863002027E-7
7000000 2.20250989133E-6
8000000 1.1168899224E-5
9000000 5.2126900154E-5
10000000 0.00025597502106
11000000 0.00088117301328
12000000 0.00193841013201
13000000 0.0031174699008
14000000 0.0042265500519818
15000000 0.0051374107560864
16000000 0.0057663188305113
17000000 0.006151326413264
18000000 0.006461295981528
19000000 0.006837384570225
20000000 0.007369735217896
22000000 0.008684266784318
24000000 0.009891973846651
26000000 0.010703685996592
28000000 0.011133490622964
30000000 0.011254702486713
35000000 0.010793503151876
40000000 0.009892300580448
45000000 0.008906358739212
50000000 0.007884329034205
55000000 0.006940782326205
60000000 0.00597085715016
65000000 0.004977870663424
70000000 0.004271859418196
75000000 0.003694814037628
80000000 0.003353357235272
90000000 0.002723453085402
100000000 0.00227091940093
110000000 0.001928648587248
120000000 0.0016713594732606
130000000 0.0014633776586483
140000000 0.0013015009215792
150000000 0.001167762433908
160000000 0.0010587965663124
180000000 0.0008916669710284
200000000 0.0007515065727399
#Header 
#Target 84 199 1
#Product 85 194 0
#Datapoints 17
1000000 0
55000000 0
60000000 2.0980659168E-6
65000000 6.053245343936E-5
70000000 0.00017241690992214
75000000 0.000141411537386
80000000 6.946753048888E-5
90000000 2.990591864624E-5
100000000 2.35406048101E-5
110000000 1.95413323122E-5
120000000 1.6206006134142E-5
130000000 1.3720867814314E-5
140000000 1.1770175271726E-5
150000000 1.027766537103E-5
160000000 9.130502657124E-6
180000000 7.236830080176E-6
200000000 5.821628359204E-6
#Header 
#Target 84 199 1
#Product 85 195 0
#Datapoints 20
1000000 0
40000000 0
45000000 1.8524734552896E-7
50000000 0.002595363856995
55000000 0.02134592023005
60000000 0.0261524318832
65000000 0.011334492802128
70000000 0.00460729648041
75000000 0.00286265640738
80000000 0.002300389856808
90000000 0.00174518505875
100000000 0.001387361905357
110000000 0.0011304849853368
120000000 0.0009589081877244
130000000 0.0008278185511527
140000000 0.0007235860920132
150000000 0.000642925690959
160000000 0.0005770071776664
180000000 0.0004787124736138
200000000 0.000401508019736
#Header 
#Target 84 199 1
#Product 85 196 0
#Datapoints 21
1000000 0
35000000 0
40000000 0.004338210068112
45000000 0.05228191572615
50000000 0.08381749387934
55000000 0.04809583925055
60000000 0.018662858802
65000000 0.009707626436384
70000000 0.007170234316704
75000000 0.006084047604936
80000000 0.005345242417152
90000000 0.004312262723216
100000000 0.00358907664922
110000000 0.003051954646956
120000000 0.002664145952538
130000000 0.002356617076139
140000000 0.00210683080809
150000000 0.00190689849948
160000000 0.00174212122185
180000000 0.0014785430213697
200000000 0.0012636856955175
#Header 
#Target 84 199 1
#Product 85 197 0
#Datapoints 25
1000000 0
24000000 0
26000000 6.826015225758E-5
28000000 0.01719658446448
30000000 0.08605748927377
35000000 0.3248134569844
40000000 0.2855291348064
45000000 0.11047895755842
50000000 0.04293981536754
55000000 0.02771472707055
60000000 0.0218299694256
65000000 0.01784746326192
70000000 0.015335027763884
75000000 0.013520792526388
80000000 0.0121731413128
90000000 0.010103618195776
100000000 0.00853944534959
110000000 0.007357155533532
120000000 0.006445435943748
130000000 0.005719344114921
140000000 0.005137008455946
150000000 0.0046598926596
160000000 0.004229905428702
180000000 0.003593535864682
200000000 0.003055274981903
#Header 
#Target 84 199 1
#Product 85 198 0
#Datapoints 30
1000000 0
17000000 0
18000000 0.005859607418744
19000000 0.0551689072815
20000000 0.1329323947256
22000000 0.2795994479338
24000000 0.3710620652245
26000000 0.3993648780046
28000000 0.3740183428916
30000000 0.2827261234938
35000000 0.0809075427255
40000000 0.03423329106528
45000000 0.02597334381642
50000000 0.0221370377943
55000000 0.019273692549735
60000000 0.0165360207096
65000000 0.01383895824456
70000000 0.011949763150708
75000000 0.010603151287008
80000000 0.009506979364056
90000000 0.007809099750592
100000000 0.00657350778285
110000000 0.005635956284298
120000000 0.004920184177122
130000000 0.004353848671297
140000000 0.003893017109256
150000000 0.00351960282942
160000000 0.00320561789823
180000000 0.002709055857088
200000000 0.002291736035411
#Header 
#Target 84 199 1
#Product 85 199 0
#Datapoints 41
1000000 0
6000000 0
7000000 3.3820496312E-5
8000000 0.002291930088
9000000 0.0145864020412
10000000 0.049339599408
11000000 0.11482699494
12000000 0.207033998356
13000000 0.31372098624
14000000 0.42001804733721
15000000 0.51110411973392
16000000 0.57292691254136
17000000 0.59901129018288
18000000 0.5851677407416
19000000 0.513617262465
20000000 0.4099224931024
22000000 0.2223831310637
24000000 0.11657719063796
26000000 0.07385395599262
28000000 0.0585300375466
30000000 0.05111838145085
35000000 0.0427028534966
40000000 0.03727033052256
45000000 0.0327554082372
50000000 0.02901068566812
55000000 0.02494653169905
60000000 0.0217132075944
65000000 0.01784773040832
70000000 0.015584304455608
75000000 0.013574971486944
80000000 0.012350362003184
90000000 0.009890417069946
100000000 0.00831822143986
110000000 0.007144306418502
120000000 0.006232874477742
130000000 0.00551693011088
140000000 0.004938741343698
150000000 0.0044578891797
160000000 0.00406445345181
180000000 0.003438134183915
200000000 0.002900046418991
#Header 
#Target 84 199 1
#Product 85 200 0
#Datapoints 46
1000000 0
1000000 0
2000000 1.88374546449E-14
3000000 4.455780329E-10
4000000 1.5762899556E-7
5000000 7.8345394446E-6
6000000 0.00012874599432
7000000 0.00102869991751
8000000 0.00410487924
9000000 0.0106905012404
10000000 0.018858703743
11000000 0.022461907524
12000000 0.0195002999741
13000000 0.014061599424
14000000 0.009437715166657
15000000 0.006200586567288
16000000 0.0041038566990358
17000000 0.0027988696229488
18000000 0.002001431861152
19000000 0.00150906371565
20000000 0.0011884271269104
22000000 0.0007778771447935
24000000 0.0005249527392603
26000000 0.000380032754657
28000000 0.0003058484765274
30000000 0.0002665557223077
35000000 0.000221944645558
40000000 0.0001922387457312
45000000 0.000164303128374
50000000 0.00016797456952055
55000000 0.0001466140383747
60000000 0.0001443668208696
65000000 0.00012139900016656
70000000 0.00011700216097568
75000000 0.00010626473447156
80000000 0.00010898472315016
90000000 9.131413538352E-5
100000000 9.02551531305E-5
110000000 7.886083001364E-5
120000000 6.195974865504E-5
130000000 5.661117913267E-5
140000000 5.581809357084E-5
150000000 5.3054655795E-5
160000000 4.878693225576E-5
180000000 3.907169228437E-5
200000000 2.759630375146E-5
