#Header 
#Target 87 225 0
#Product 0 1 0
#Datapoints 45
1000000 0
2000000 1.8320601285E-16
3000000 1.112346089E-11
4000000 2.340644310942E-7
5000000 2.4698376252E-5
6000000 0.000519793563609
7000000 0.00441785216652
8000000 0.021354926856
9000000 0.070936517834
10000000 0.1802647177936
11000000 0.37337714495
12000000 0.680049696427
13000000 1.10342648068
14000000 1.569099483936
15000000 2.002858371028
16000000 2.382268589888
17000000 2.71844465084
18000000 3.04027496424
19000000 3.3640485557
20000000 3.66089469548
22000000 4.32372767376
24000000 4.92636192897
26000000 5.35709700783
28000000 5.74949976887
30000000 6.14583227121
35000000 6.89359779133
40000000 7.319818219
45000000 7.51317557497
50000000 7.58036029842
55000000 7.64130230432
60000000 7.78450623027
65000000 7.96237701501
70000000 8.17124337323
75000000 8.3666110605
80000000 8.5515276252
90000000 8.908090302
100000000 9.242613042
110000000 9.5455920099
120000000 9.78268047078
130000000 9.97539807501
140000000 10.1655520836
150000000 10.3768923492
160000000 10.6074916206
180000000 11.09580209874
200000000 11.57499219974
#Header 
#Target 87 225 0
#Product 1 1 0
#Datapoints 44
1000000 0
3000000 0
4000000 2.155515564207E-15
5000000 7.09643864688E-12
6000000 1.930100877738E-9
7000000 1.154444849088E-7
8000000 2.69103659865E-6
9000000 3.325442116402E-5
10000000 0.0002466505170008
11000000 0.001135862015702
12000000 0.0033380107751
13000000 0.0067503255596
14000000 0.0105788624538
15000000 0.01450445182604
16000000 0.01894043377728
17000000 0.0244285670513
18000000 0.0312296939754
19000000 0.039282371954
20000000 0.0483800960489
22000000 0.0690621036028
24000000 0.0936297275781
26000000 0.122003573679
28000000 0.1537083272192
30000000 0.188473166646
35000000 0.285850042667
40000000 0.3917237296
45000000 0.50058653521
50000000 0.604821417694
55000000 0.70343603445
60000000 0.792785447949
65000000 0.874130498164
70000000 0.948459642158
75000000 1.01608770368
80000000 1.07715020028
90000000 1.1847528867
100000000 1.2776671752
110000000 1.35711112607
120000000 1.42289525343
130000000 1.475535050472
140000000 1.521619438
150000000 1.5637342071
160000000 1.604104685736
180000000 1.679891856276
200000000 1.75348275174
#Header 
#Target 87 225 0
#Product 1 2 0
#Datapoints 41
1000000 0
6000000 0
7000000 3.35956752516E-16
8000000 1.65538111395E-12
9000000 6.2919657003E-10
10000000 3.95457717754E-8
11000000 9.21475144818E-7
12000000 1.066797853513E-5
13000000 7.22735788536E-5
14000000 0.0003177499737228
15000000 0.000972284955667
16000000 0.00188497811732
17000000 0.00376504523989
18000000 0.00630346487574
19000000 0.00931693144096
20000000 0.01263481123487
22000000 0.0196976622612
24000000 0.0268085243574
26000000 0.0321549041427
28000000 0.0389153133757
30000000 0.0449938624746
35000000 0.05920236257
40000000 0.07421620766
45000000 0.0931951605292
50000000 0.1115777828386
55000000 0.133987382281
60000000 0.1489265242839
65000000 0.1624056021192
70000000 0.1696440011441
75000000 0.1768926616835
80000000 0.181820019066
90000000 0.18231679161
100000000 0.18365776884
110000000 0.182670451093
120000000 0.1810846296728
130000000 0.1798023014169
140000000 0.177966391244
150000000 0.176473055304
160000000 0.175759186848
180000000 0.176804428896
200000000 0.182164093074
#Header 
#Target 87 225 0
#Product 1 3 0
#Datapoints 42
1000000 0
5000000 0
6000000 1.07256631302E-20
7000000 5.81816362104E-16
8000000 2.1562664778E-13
9000000 5.9151531397E-11
10000000 3.88379915473E-9
11000000 1.01081286394E-7
12000000 1.367926181584E-6
13000000 1.110999417056E-5
14000000 5.699407553556E-5
15000000 0.000192456250111
16000000 0.0004690511633304
17000000 0.000910240246965
18000000 0.00151099844562
19000000 0.00224810438918
20000000 0.00309134005642
22000000 0.00497644829264
24000000 0.00700513574328
26000000 0.00900255937449
28000000 0.01097923024094
30000000 0.0129597865305
35000000 0.01841206814084
40000000 0.02620068808
45000000 0.0385422917011
50000000 0.05422319539
55000000 0.0686104957708
60000000 0.0796574602461
65000000 0.0859174660938
70000000 0.0894092279395
75000000 0.092026518395
80000000 0.094634078553
90000000 0.10106871816
100000000 0.10871880864
110000000 0.114649763841
120000000 0.1197269757334
130000000 0.1241852301768
140000000 0.12850178002
150000000 0.132558671856
160000000 0.1368458709744
180000000 0.1443485392488
200000000 0.152405895539
#Header 
#Target 87 225 0
#Product 2 3 0
#Datapoints 36
1000000 0
11000000 0
12000000 5.50681720699E-20
13000000 2.013928671328E-17
14000000 2.165579156184E-15
15000000 9.47114590274E-14
16000000 2.145468686512E-12
17000000 2.97387153726E-11
18000000 2.82954539898E-10
19000000 2.0048394519E-9
20000000 1.123631772307E-8
22000000 2.07331401376E-7
24000000 2.26994810886E-6
26000000 1.546268162994E-5
28000000 7.53634459646E-5
30000000 0.000241633043961
35000000 0.001267424070807
40000000 0.002888595472
45000000 0.00469690693296
50000000 0.00655841111952
55000000 0.00843147469936
60000000 0.01043861465031
65000000 0.01232161360738
70000000 0.013923373541
75000000 0.0152159421778
80000000 0.0164116184442
90000000 0.018892947687
100000000 0.02168080044
110000000 0.023721633926
120000000 0.0257051266556
130000000 0.0276313123239
140000000 0.029567173532
150000000 0.031546465704
160000000 0.0335981756124
180000000 0.037693094688
200000000 0.0417637979634
#Header 
#Target 87 225 0
#Product 2 4 0
#Datapoints 45
1000000 0
2000000 1.43224707149E-14
3000000 5.8451324295E-10
4000000 5.67153713254E-8
5000000 2.18387055216E-7
6000000 7.55448226191E-7
7000000 2.39896818552E-6
8000000 7.41988698045E-6
9000000 2.121597254392E-5
10000000 5.633587618054E-5
11000000 0.000130482173138
12000000 0.000368039184695
13000000 0.00146455094192
14000000 0.004506517700856
15000000 0.00984482724937
16000000 0.01715122359744
17000000 0.0258783386992
18000000 0.0362605950984
19000000 0.0510443135951
20000000 0.0809809414733
22000000 0.1216623953336
24000000 0.161503049712
26000000 0.221260690446
28000000 0.274588466836
30000000 0.317822612958
35000000 0.404306214984
40000000 0.4239102259
45000000 0.43522454026
50000000 0.473704095826
55000000 0.551804802228
60000000 0.636252074535
65000000 0.699653139075
70000000 0.748093060267
75000000 0.77984715249
80000000 0.79588760223
90000000 0.798874668
100000000 0.7636425888
110000000 0.71729549198
120000000 0.674915401132
130000000 0.635527670472
140000000 0.61609031316
150000000 0.60319592424
160000000 0.593154076368
180000000 0.586372955994
200000000 0.582966161036
#Header 
#Target 87 225 0
#Product 82 207 0
#Datapoints 21
1000000 0
35000000 0
40000000 2.2932409955E-7
45000000 1.8830393151393E-5
50000000 0.0001332142416033
55000000 0.0003727108684806
60000000 0.0006100524595473
65000000 0.0009224316696342
70000000 0.0013671404550132
75000000 0.0016927638621635
80000000 0.001677833988117
90000000 0.00131807434044
100000000 0.0010761005034
110000000 0.001036954902056
120000000 0.001019826721382
130000000 0.0009678643554789
140000000 0.001003892305216
150000000 0.000965115777522
160000000 0.0009541681750692
180000000 0.0009113097756966
200000000 0.0009314828276986
#Header 
#Target 87 225 0
#Product 82 209 0
#Datapoints 26
1000000 0
22000000 0
24000000 9.464841235218E-9
26000000 5.487147832524E-7
28000000 4.088056177625E-6
30000000 1.2546989225988E-5
35000000 4.288267017226E-5
40000000 6.9715662884E-5
45000000 9.60453852798E-5
50000000 0.0002242103376136
55000000 0.0004608230262618
60000000 0.0005644358566308
65000000 0.0007179638360862
70000000 0.0006196237286358
75000000 0.000609849125809
80000000 0.000527749068546
90000000 0.00048397981665
100000000 0.00052965624816
110000000 0.000605314160896
120000000 0.0006060086780104
130000000 0.0006393823912947
140000000 0.000660010978396
150000000 0.00070057665483
160000000 0.0007258548120012
180000000 0.0007494340842846
200000000 0.0008027490250394
#Header 
#Target 87 225 0
#Product 83 201 0
#Datapoints 11
1000000 0
90000000 0
100000000 4.761437772E-13
110000000 1.42365994045E-9
120000000 1.7889195189222E-7
130000000 4.632942007695E-6
140000000 4.07866873392E-5
150000000 0.0001650518816466
160000000 0.0003681343644636
180000000 0.0007192501821894
200000000 0.0008562304761614
#Header 
#Target 87 225 0
#Product 83 207 0
#Datapoints 18
1000000 0
50000000 0
55000000 3.67052001664E-15
60000000 4.4427431829E-10
65000000 2.043714550779E-7
70000000 9.347177815948E-6
75000000 0.0001019539123344
80000000 0.000456311925783
90000000 0.0021462097788
100000000 0.0041496401622
110000000 0.00490865623753
120000000 0.004450534730194
130000000 0.003733500453354
140000000 0.00334061376264
150000000 0.00305245352022
160000000 0.002940103617192
180000000 0.002732923869948
200000000 0.002576209191482
#Header 
#Target 87 225 0
#Product 83 208 0
#Datapoints 19
1000000 0
45000000 0
50000000 4.80220170638E-12
55000000 5.615536088112E-8
60000000 9.587520348714E-6
65000000 0.0001768765162252
70000000 0.0009995941823175
75000000 0.00286585093935
80000000 0.00559364904231
90000000 0.0112880740182
100000000 0.013803289461
110000000 0.01237216962467
120000000 0.011129437538716
130000000 0.00980851052184
140000000 0.0095913262708
150000000 0.00920035049778
160000000 0.008833390458816
180000000 0.008584046294142
200000000 0.008340401925806
#Header 
#Target 87 225 0
#Product 83 209 0
#Datapoints 20
1000000 0
40000000 0
45000000 1.575201989756E-11
50000000 4.8520115033E-7
55000000 7.579168744296E-5
60000000 0.0009285618653322
65000000 0.003335871004026
70000000 0.006855801516998
75000000 0.01068517745946
80000000 0.01421269678122
90000000 0.017644319649
100000000 0.017214643017
110000000 0.01581792671564
120000000 0.015183983373132
130000000 0.015185512805709
140000000 0.01504391945744
150000000 0.01511657712318
160000000 0.015299544888516
180000000 0.015623240281296
200000000 0.015639875312744
#Header 
#Target 87 225 0
#Product 83 210 0
#Datapoints 21
1000000 0
35000000 0
40000000 1.8565043196E-9
45000000 1.7425718698815E-5
50000000 0.0006787067577368
55000000 0.003107698309888
60000000 0.006338180690325
65000000 0.009318096786724
70000000 0.01211216782405
75000000 0.014075126714915
80000000 0.01505239684326
90000000 0.0151331092851
100000000 0.0152976702372
110000000 0.01560274867887
120000000 0.015875917810522
130000000 0.015790188465996
140000000 0.01578873498828
150000000 0.0159490951503
160000000 0.015841014434112
180000000 0.0157306053798
200000000 0.015518812923496
#Header 
#Target 87 225 0
#Product 83 211 0
#Datapoints 22
1000000 0
30000000 0
35000000 1.1061184974922E-8
40000000 1.47635695445E-5
45000000 0.0003536782727847
50000000 0.0015892157064004
55000000 0.003615548861652
60000000 0.006709422698814
65000000 0.009947411827243
70000000 0.012168265798353
75000000 0.012886684141975
80000000 0.0126996715272
90000000 0.0119873280213
100000000 0.0101343340722
110000000 0.00956045474266
120000000 0.008911611699312
130000000 0.008717631285597
140000000 0.00841599572284
150000000 0.0082598695881
160000000 0.008196165615036
180000000 0.008136865081554
200000000 0.008096303084496
#Header 
#Target 87 225 0
#Product 83 212 0
#Datapoints 25
1000000 0
24000000 0
26000000 4.1834173905E-12
28000000 3.22401727348E-9
30000000 2.806541274816E-7
35000000 9.21765732152E-5
40000000 0.00074040603693
45000000 0.002341292763746
50000000 0.005788686148284
55000000 0.009893637781924
60000000 0.011739806666313
65000000 0.013516775334062
70000000 0.013479020917054
75000000 0.01300063822106
80000000 0.01271432536122
90000000 0.0115235910189
100000000 0.010556351949
110000000 0.01005376710874
120000000 0.00958499023328
130000000 0.009282110766648
140000000 0.00904454829392
150000000 0.00888096914484
160000000 0.008733814308744
180000000 0.008337190056282
200000000 0.008120646493366
#Header 
#Target 87 225 0
#Product 83 213 0
#Datapoints 28
1000000 0
19000000 0
20000000 2.78221638893E-15
22000000 2.84995837016E-12
24000000 3.92377277205E-10
26000000 1.343057365971E-8
28000000 1.943321925871E-7
30000000 1.196943472632E-6
35000000 9.313823528039E-6
40000000 2.6371398263E-5
45000000 3.957806345579E-5
50000000 0.00015764358375402
55000000 0.0002943829446676
60000000 0.0004104051064212
65000000 0.0007355194673893
70000000 0.0007941943381197
75000000 0.000778591690583
80000000 0.000651450956478
90000000 0.00062458320588
100000000 0.00070007076126
110000000 0.000818221102372
120000000 0.000912123219378
130000000 0.0010032399880155
140000000 0.001109919487064
150000000 0.001212881539506
160000000 0.0013194981949044
180000000 0.0014896339420542
200000000 0.0015644037168958
#Header 
#Target 87 225 0
#Product 84 202 0
#Datapoints 11
1000000 0
90000000 0
100000000 1.6065551346E-12
110000000 1.296586417537E-8
120000000 1.4691653745048E-6
130000000 3.103569788577E-5
140000000 0.000232642932656
150000000 0.000716543335326
160000000 0.0015290703493128
180000000 0.002977807516206
200000000 0.003406034179348
#Header 
#Target 87 225 0
#Product 84 203 0
#Datapoints 12
1000000 0
80000000 0
90000000 4.705860087E-15
100000000 3.621584148E-10
110000000 1.789908257567E-7
120000000 7.013299799058E-6
130000000 7.491554687646E-5
140000000 0.000304055762408
150000000 0.000704816765484
160000000 0.0011476845440508
180000000 0.0016420990199658
200000000 0.001804470118386
#Header 
#Target 87 225 0
#Product 84 204 0
#Datapoints 12
1000000 0
80000000 0
90000000 2.294896404E-11
100000000 7.0812703182E-8
110000000 2.99292501845E-6
120000000 3.483249887558E-5
130000000 0.0002273231623962
140000000 0.000776086214628
150000000 0.001475711462082
160000000 0.0019369693392
180000000 0.002345534594826
200000000 0.00270509714943
#Header 
#Target 87 225 0
#Product 84 205 0
#Datapoints 13
1000000 0
75000000 0
80000000 4.2815069073E-13
90000000 2.8538915223E-8
100000000 2.2528234716E-6
110000000 6.9966636582E-5
120000000 0.000394404582957
130000000 0.0010165334700246
140000000 0.001726939085528
150000000 0.00214587899604
160000000 0.00233808020502
180000000 0.002697812423766
200000000 0.002862133593846
#Header 
#Target 87 225 0
#Product 84 206 0
#Datapoints 15
1000000 0
65000000 0
70000000 6.04122278851E-15
75000000 9.7710315017E-10
80000000 1.346935551465E-7
90000000 2.2002427848E-5
100000000 0.00021424119522
110000000 0.000579770307427
120000000 0.00095222503292
130000000 0.0014143122082425
140000000 0.00181373770692
150000000 0.00191149259652
160000000 0.00203007204414
180000000 0.002281797474156
200000000 0.00227890658052
#Header 
#Target 87 225 0
#Product 84 207 0
#Datapoints 16
1000000 0
60000000 0
65000000 5.23025954154E-11
70000000 9.862525759814E-8
75000000 6.34696225744E-6
80000000 9.01231061976E-5
90000000 0.00178163997096
100000000 0.0058800660438
110000000 0.00837006050432
120000000 0.007526771584024
130000000 0.006106274777949
140000000 0.00563666274616
150000000 0.00514281799356
160000000 0.00482218400916
180000000 0.0044979536694
200000000 0.004155254126686
#Header 
#Target 87 225 0
#Product 84 208 0
#Datapoints 17
1000000 0
55000000 0
60000000 2.057197161261E-9
65000000 9.567026008837E-7
70000000 2.794987945575E-5
75000000 0.0002523048206245
80000000 0.001043334103539
90000000 0.0041570807673
100000000 0.0057083058006
110000000 0.00491873462554
120000000 0.00423982763715
130000000 0.003827186841666
140000000 0.00360165714736
150000000 0.00353081559324
160000000 0.003639516841884
180000000 0.00356336782605
200000000 0.00365518850633
#Header 
#Target 87 225 0
#Product 84 209 0
#Datapoints 19
1000000 0
45000000 0
50000000 4.47769067746E-11
55000000 6.694492281452E-7
60000000 4.990016922396E-5
65000000 0.0005499820221896
70000000 0.002685597197535
75000000 0.00720937694134
80000000 0.01301679766506
90000000 0.0193920741564
100000000 0.0156466237356
110000000 0.011059510272
120000000 0.009171532032656
130000000 0.008338245604626
140000000 0.0078791297636
150000000 0.00819439445682
160000000 0.007902436753008
180000000 0.00778812696816
200000000 0.007679387076684
#Header 
#Target 87 225 0
#Product 84 210 0
#Datapoints 21
1000000 0
35000000 0
40000000 1.9300689436E-15
45000000 5.481293041389E-8
50000000 4.272678724184E-5
55000000 0.000858082643241
60000000 0.004463717124702
65000000 0.011686837120222
70000000 0.02127195260764
75000000 0.03027742292015
80000000 0.0357459951555
90000000 0.031806092727
100000000 0.022089085512
110000000 0.01819087076172
120000000 0.017339244206172
130000000 0.016626134592924
140000000 0.01636446115356
150000000 0.01665468570636
160000000 0.017079377328132
180000000 0.017024591254032
200000000 0.01722084550614
#Header 
#Target 87 225 0
#Product 84 211 0
#Datapoints 22
1000000 0
30000000 0
35000000 1.720696565589E-15
40000000 2.2762331228E-5
45000000 0.0014163500526836
50000000 0.007947472236782
55000000 0.018005759910784
60000000 0.02574145519935
65000000 0.03101251054979
70000000 0.0333999977864
75000000 0.0310871498259
80000000 0.0253190788347
90000000 0.0157957980849
100000000 0.0123400020822
110000000 0.01150249133131
120000000 0.011407539792068
130000000 0.011706304499517
140000000 0.01242030906968
150000000 0.01287373382178
160000000 0.0130633232163
180000000 0.013574752661388
200000000 0.014372764277594
#Header 
#Target 87 225 0
#Product 84 212 0
#Datapoints 23
1000000 0
28000000 0
30000000 9.26810157582E-10
35000000 2.275670602045E-5
40000000 0.00078271950883
45000000 0.003348409659206
50000000 0.005546938964814
55000000 0.00992671278856
60000000 0.018605402445003
65000000 0.02337826484598
70000000 0.02244289242496
75000000 0.01841977130665
80000000 0.01402583356986
90000000 0.0107162710038
100000000 0.0106471275612
110000000 0.01117071360231
120000000 0.012193937602238
130000000 0.011791605422853
140000000 0.01238173601244
150000000 0.01286325688128
160000000 0.013387386638724
180000000 0.014451794603148
200000000 0.014276312881178
#Header 
#Target 87 225 0
#Product 84 213 0
#Datapoints 26
1000000 0
22000000 0
24000000 1.591084382517E-6
26000000 9.215337916425E-5
28000000 0.0006856313674271
30000000 0.002091012364374
35000000 0.006596608482117
40000000 0.0084018634609
45000000 0.008969143631204
50000000 0.013652925931632
55000000 0.018031666439118
60000000 0.01717391776023
65000000 0.01349882509657
70000000 0.009535597141196
75000000 0.007297669491105
80000000 0.00623327280072
90000000 0.0068949500055
100000000 0.0077785781424
110000000 0.00852554318214
120000000 0.009129426337836
130000000 0.009754072565307
140000000 0.010274273798
150000000 0.0106302221181
160000000 0.010790503091676
180000000 0.011051941447482
200000000 0.011471480962314
#Header 
#Target 87 225 0
#Product 84 214 0
#Datapoints 31
1000000 0
16000000 0
17000000 2.18657766056E-11
18000000 2.288064686808E-8
19000000 4.188132625916E-7
20000000 2.691776942965E-6
22000000 3.506572995552E-5
24000000 0.0001778237880039
26000000 0.0004517341242495
28000000 0.0007508277743782
30000000 0.0003566869601787
35000000 0.0004517629964998
40000000 0.00151966536421
45000000 0.003950746045295
50000000 0.003642794858794
55000000 0.002860870657538
60000000 0.0019311796384551
65000000 0.0014345432166648
70000000 0.0011482259433253
75000000 0.0011846735858475
80000000 0.001398014516493
90000000 0.00174760817616
100000000 0.002119722384
110000000 0.00252660583071
120000000 0.002846002616856
130000000 0.003048863394903
140000000 0.00323408155784
150000000 0.0033308890446
160000000 0.00352973021604
180000000 0.003638562402018
200000000 0.003841312505458
#Header 
#Target 87 225 0
#Product 84 215 0
#Datapoints 36
1000000 0
11000000 0
12000000 2.86620933061E-12
13000000 9.32165319912E-11
14000000 9.805696731504E-10
15000000 1.1727165522768E-7
16000000 1.4853131154736E-6
17000000 5.125208949431E-6
18000000 1.0754007271416E-5
19000000 1.746392141702E-5
20000000 2.29043049829E-5
22000000 3.205413005212E-5
24000000 3.620774332644E-5
26000000 4.233404245116E-5
28000000 6.976305242769E-5
30000000 0.00014866325452734
35000000 0.000618536070914
40000000 0.00087866727473
45000000 0.0006947905765372
50000000 0.000433289686999
55000000 0.0003290544104928
60000000 0.0003422290677234
65000000 0.0003477015960154
70000000 0.0004280645508461
75000000 0.000468428966005
80000000 0.00056213569902
90000000 0.0007644398754
100000000 0.00094657826796
110000000 0.001094734438837
120000000 0.0012021748940222
130000000 0.0012893324406504
140000000 0.001348879154916
150000000 0.001406428559718
160000000 0.0014588297151372
180000000 0.0015579800495202
200000000 0.0016211005511486
#Header 
#Target 87 225 0
#Product 84 216 0
#Datapoints 41
1000000 0
6000000 0
7000000 2.36872281996E-15
8000000 3.3564512826E-13
9000000 1.5002998597958E-10
10000000 3.7233698967146E-9
11000000 1.5747347293318E-8
12000000 4.097903540994E-8
13000000 7.62779316528E-8
14000000 1.1922776931516E-7
15000000 1.762677389704E-7
16000000 2.6028524415744E-7
17000000 4.177724378616E-7
18000000 1.0381628644068E-6
19000000 2.552755411787E-6
20000000 1.0361476163181E-5
22000000 5.326960645424E-5
24000000 8.376922002885E-5
26000000 0.0001675467313425
28000000 0.0002589317954683
30000000 0.0003413023183266
35000000 0.0003773324600829
40000000 0.00028532418292
45000000 0.00019960436782486
50000000 0.0002024340034054
55000000 0.0002371136658252
60000000 0.0002804747553102
65000000 0.0003213696644455
70000000 0.0004009597531534
75000000 0.000469885333834
80000000 0.000535855774608
90000000 0.00069057663882
100000000 0.0008048785719
110000000 0.000899373252761
120000000 0.000965880079066
130000000 0.0010136774449326
140000000 0.001062954147208
150000000 0.001096835410008
160000000 0.0011378837446284
180000000 0.0012045265354554
200000000 0.001267479594192
#Header 
#Target 87 225 0
#Product 84 217 0
#Datapoints 44
1000000 0
3000000 0
4000000 8.273274585433E-14
5000000 1.85256273543E-12
6000000 2.4798486417705E-11
7000000 2.3050177317168E-10
8000000 1.56054808815E-9
9000000 8.269175398736E-9
10000000 3.5383115553984E-8
11000000 1.2904925190332E-7
12000000 4.188533824719E-7
13000000 1.2231656436288E-6
14000000 3.2869916427492E-6
15000000 8.238887359009E-6
16000000 1.9175267613384E-5
17000000 4.123996308528E-5
18000000 8.775494490126E-5
19000000 0.000219382999623
20000000 0.0006883453038429
22000000 0.0009119234080352
24000000 0.000372287274744
26000000 0.0003270773463771
28000000 0.0002599434154193
30000000 0.0002311109804985
35000000 0.00015384186458427
40000000 0.000112415329327
45000000 0.00013227599089161
50000000 0.00016122191067736
55000000 0.0002252043960836
60000000 0.0003352359320805
65000000 0.0004729711794511
70000000 0.0006220111676254
75000000 0.0007607348760795
80000000 0.00089111765106
90000000 0.00110150312709
100000000 0.00124040152938
110000000 0.001322344382276
120000000 0.001388871135519
130000000 0.0014101333541373
140000000 0.001434693753264
150000000 0.001442945781108
160000000 0.001465018168026
180000000 0.001462005170538
200000000 0.00145489102559
#Header 
#Target 87 225 0
#Product 85 203 0
#Datapoints 10
1000000 0
100000000 0
110000000 2.2349805966E-12
120000000 4.582428074812E-8
130000000 8.45387079438E-6
140000000 0.0001728199309824
150000000 0.001009669917438
160000000 0.002681499350628
180000000 0.005746610996802
200000000 0.006495854798168
#Header 
#Target 87 225 0
#Product 85 204 0
#Datapoints 11
1000000 0
90000000 0
100000000 1.4621506848E-15
110000000 1.77974024599E-9
120000000 1.6561407081016E-6
130000000 7.564271935209E-5
140000000 0.000685942668652
150000000 0.00225018511692
160000000 0.00345367116486
180000000 0.004978035930642
200000000 0.005068072215722
#Header 
#Target 87 225 0
#Product 85 205 0
#Datapoints 11
1000000 0
90000000 0
100000000 6.683895582E-11
110000000 4.12578206365E-7
120000000 5.572356589828E-5
130000000 0.0008105107034616
140000000 0.0035910111056
150000000 0.00712062210834
160000000 0.009241421816424
180000000 0.009821694404754
200000000 0.009741426112052
#Header 
#Target 87 225 0
#Product 85 206 0
#Datapoints 12
1000000 0
80000000 0
90000000 2.653310127E-13
100000000 2.1247469568E-8
110000000 7.8917056105E-6
120000000 0.0001985081634144
130000000 0.0012924185547204
140000000 0.00370285376852
150000000 0.00600498974088
160000000 0.00657885035136
180000000 0.006667263808056
200000000 0.00656648518371
#Header 
#Target 87 225 0
#Product 85 207 0
#Datapoints 12
1000000 0
80000000 0
90000000 7.190302398E-10
100000000 1.89145438482E-6
110000000 0.0001232148209738
120000000 0.001247656114761
130000000 0.004246021825746
140000000 0.00691781121628
150000000 0.0077526530484
160000000 0.007389256878612
180000000 0.00696392413449
200000000 0.006704137778602
#Header 
#Target 87 225 0
#Product 85 208 0
#Datapoints 14
1000000 0
70000000 0
75000000 1.407608121815E-14
80000000 6.4489786683E-11
90000000 1.2098463468E-6
100000000 0.000135718739754
110000000 0.001423747290269
120000000 0.00495973640603
130000000 0.009229223171562
140000000 0.01062438715112
150000000 0.00983007739506
160000000 0.008872622295432
180000000 0.008340604880946
200000000 0.00796102676982
#Header 
#Target 87 225 0
#Product 85 209 0
#Datapoints 15
1000000 0
65000000 0
70000000 5.36658613876E-13
75000000 8.10125115695E-10
80000000 1.971627661101E-7
90000000 7.5997990266E-5
100000000 0.00110853134652
110000000 0.00482463745935
120000000 0.009479050593348
130000000 0.011752501253211
140000000 0.01062200022672
150000000 0.00980322636696
160000000 0.009370305716604
180000000 0.008767772757402
200000000 0.0084192180245
#Header 
#Target 87 225 0
#Product 85 210 0
#Datapoints 16
1000000 0
60000000 0
65000000 1.028978573458E-10
70000000 1.2633983425462E-7
75000000 1.1412250788435E-5
80000000 0.0001793535486792
90000000 0.0034971933891
100000000 0.0130364602758
110000000 0.0222627972092
120000000 0.02523459598114
130000000 0.02266118952777
140000000 0.0201677882872
150000000 0.0193430668704
160000000 0.01855748296164
180000000 0.01764971631096
200000000 0.01743799241568
#Header 
#Target 87 225 0
#Product 85 211 0
#Datapoints 18
1000000 0
50000000 0
55000000 1.406293084208E-13
60000000 7.732638129645E-9
65000000 3.068110600753E-6
70000000 0.00012314776151587
75000000 0.0011272272989075
80000000 0.00443318621151
90000000 0.0180796511754
100000000 0.031345801266
110000000 0.0358352727187
120000000 0.03355358723654
130000000 0.03045709715022
140000000 0.0299438589172
150000000 0.0292483642776
160000000 0.0294521671332
180000000 0.02903249370486
200000000 0.0288210646467
#Header 
#Target 87 225 0
#Product 85 212 0
#Datapoints 19
1000000 0
45000000 0
50000000 2.73170176604E-11
55000000 2.572173909384E-7
60000000 3.415716332226E-5
65000000 0.0004760035653615
70000000 0.002090564653947
75000000 0.00487905634531
80000000 0.00814105334532
90000000 0.0134010971238
100000000 0.0148285816692
110000000 0.01483540799341
120000000 0.015019008311594
130000000 0.015694153709226
140000000 0.01603057888636
150000000 0.01607650358808
160000000 0.015915922689408
180000000 0.016401924665562
200000000 0.015971630621002
#Header 
#Target 87 225 0
#Product 85 213 0
#Datapoints 20
1000000 0
40000000 0
45000000 4.63815141922E-11
50000000 1.2369578331864E-6
55000000 0.00016767226628872
60000000 0.001813244025978
65000000 0.005995573291576
70000000 0.011805861655504
75000000 0.01798662694346
80000000 0.0231166318257
90000000 0.027534550803
100000000 0.0254629089
110000000 0.0237220318319
120000000 0.02247809634014
130000000 0.02135369977977
140000000 0.021167622462
150000000 0.0208198645746
160000000 0.02080768182696
180000000 0.0205779968937
200000000 0.0199766573895
#Header 
#Target 87 225 0
#Product 85 214 0
#Datapoints 21
1000000 0
35000000 0
40000000 4.3023090313E-9
45000000 4.079229052511E-5
50000000 0.001583978810193
55000000 0.007254174109682
60000000 0.014734665736098
65000000 0.02145093790554
70000000 0.0275265839471
75000000 0.0316985521706
80000000 0.0332000951856
90000000 0.032299197705
100000000 0.032536189608
110000000 0.033077538509
120000000 0.03348576785624
130000000 0.03291853790598
140000000 0.0330592798228
150000000 0.033153018327
160000000 0.03259631960844
180000000 0.03215235347892
200000000 0.0309709923917
#Header 
#Target 87 225 0
#Product 85 215 0
#Datapoints 23
1000000 0
28000000 0
30000000 3.1683251136E-14
35000000 2.911102306976E-7
40000000 0.00023521065078
45000000 0.00358920686309
50000000 0.011889618723424
55000000 0.02343786717032
60000000 0.03618786271551
65000000 0.04652813090244
70000000 0.05060169291569
75000000 0.0501229058932
80000000 0.0486901953342
90000000 0.046184193459
100000000 0.044892554304
110000000 0.0427070318201
120000000 0.0418132062992
130000000 0.04088217308898
140000000 0.0400093216972
150000000 0.0391957639554
160000000 0.03905944424928
180000000 0.03756616791354
200000000 0.03758263867994
#Header 
#Target 87 225 0
#Product 85 216 0
#Datapoints 25
1000000 0
24000000 0
26000000 2.54044383885E-11
28000000 1.863476331408E-8
30000000 1.5400163571195E-6
35000000 0.0004390951771616
40000000 0.0032737421927
45000000 0.009893814050822
50000000 0.02407192756982
55000000 0.0392932212512
60000000 0.04869122247429
65000000 0.05039977729765
70000000 0.04952861314394
75000000 0.04797987604095
80000000 0.0470713381593
90000000 0.044716870644
100000000 0.04211470536
110000000 0.0403048739018
120000000 0.03869580336062
130000000 0.03696638738196
140000000 0.0353931175884
150000000 0.0341498925846
160000000 0.03306164977416
180000000 0.03133098207552
200000000 0.0298710371869
#Header 
#Target 87 225 0
#Product 85 217 0
#Datapoints 29
1000000 0
18000000 0
19000000 2.7934746933E-14
20000000 2.30106587216E-12
22000000 1.618084808604E-9
24000000 1.3101983070447E-7
26000000 2.260603773564E-6
28000000 1.4203035539541E-5
30000000 4.264553450034E-5
35000000 0.0002094002998254
40000000 0.00067475158331
45000000 0.0018977018881324
50000000 0.003028342739084
55000000 0.003502535503502
60000000 0.003759768323322
65000000 0.00397824866109
70000000 0.004240591913005
75000000 0.004124532543845
80000000 0.00373457153055
90000000 0.0034958787555
100000000 0.0035479899546
110000000 0.00373556901105
120000000 0.00420251302338
130000000 0.004344693475248
140000000 0.00470889394676
150000000 0.00481630347978
160000000 0.00513009612486
180000000 0.005492651376174
200000000 0.005710411723798
#Header 
#Target 87 225 0
#Product 85 218 0
#Datapoints 34
1000000 0
13000000 0
14000000 2.935769366124E-14
15000000 2.346589974746E-12
16000000 6.483627258992E-11
17000000 1.003117465003E-9
18000000 9.230895448326E-9
19000000 5.350819032118E-8
20000000 1.819063750119E-7
22000000 8.87781718032E-7
24000000 2.10232686027E-6
26000000 4.853467586733E-6
28000000 5.422389786486E-6
30000000 8.482447021872E-6
35000000 3.145893884647E-5
40000000 8.8851759367E-5
45000000 0.00012925524261993
50000000 0.000205054370378
55000000 0.0003443659238476
60000000 0.0004629998664852
65000000 0.0004686058611146
70000000 0.00045923588319
75000000 0.00042731328892
80000000 0.000414799287252
90000000 0.00049244081415
100000000 0.00069663524814
110000000 0.000972960264596
120000000 0.0012911267560114
130000000 0.0015669906713592
140000000 0.0018328797638
150000000 0.00202020522132
160000000 0.002166428259324
180000000 0.002479978773882
200000000 0.002711428286946
#Header 
#Target 87 225 0
#Product 85 219 0
#Datapoints 38
1000000 0
9000000 0
10000000 7.754916667652E-16
11000000 2.59119637122E-14
12000000 4.4380184464E-13
13000000 4.817076860344E-12
14000000 3.335846270568E-11
15000000 1.719463531655E-10
16000000 5.744661747912E-10
17000000 1.601159047056E-9
18000000 3.90915916656E-9
19000000 1.1176821518534E-8
20000000 1.896599890119E-8
22000000 2.266678470804E-8
24000000 3.538156896957E-8
26000000 6.508837364358E-8
28000000 1.297086348212E-7
30000000 2.431201622637E-7
35000000 7.189790622025E-7
40000000 3.1584067543E-6
45000000 1.4197635351787E-5
50000000 3.10733550218E-5
55000000 3.976163201356E-5
60000000 3.727511931066E-5
65000000 3.623107132106E-5
70000000 3.51549586283E-5
75000000 3.89323659956E-5
80000000 5.84009735799E-5
90000000 0.000152970296184
100000000 0.00031411170804
110000000 0.00052447218763
120000000 0.0006903424960516
130000000 0.0008770805578854
140000000 0.00100032143042
150000000 0.001128734466756
160000000 0.0012497803957632
180000000 0.0013504851405816
200000000 0.0014761594066904
#Header 
#Target 87 225 0
#Product 86 204 0
#Datapoints 9
1000000 0
110000000 0
120000000 7.68168444505E-9
130000000 3.491812069098E-6
140000000 8.56888271736E-5
150000000 0.00047033152023
160000000 0.0013489576963968
180000000 0.003548439088566
200000000 0.00370681201598
#Header 
#Target 87 225 0
#Product 86 205 0
#Datapoints 10
1000000 0
100000000 0
110000000 7.2371693529E-10
120000000 1.2859322938462E-6
130000000 7.114192328799E-5
140000000 0.000586090980684
150000000 0.00186217759338
160000000 0.0036695370726
180000000 0.00543813393993
200000000 0.005536790122492
#Header 
#Target 87 225 0
#Product 86 206 0
#Datapoints 11
1000000 0
90000000 0
100000000 1.1883326598E-11
110000000 1.775521306576E-7
120000000 2.70129522362E-5
130000000 0.0003818571287712
140000000 0.001659322362912
150000000 0.00381371951064
160000000 0.005545514229948
180000000 0.006358056225066
200000000 0.006548577253272
#Header 
#Target 87 225 0
#Product 86 207 0
#Datapoints 12
1000000 0
80000000 0
90000000 6.569098896E-14
100000000 4.3685712798E-8
110000000 1.9757733246E-5
120000000 0.000393697549637
130000000 0.002055819452988
140000000 0.00474421145448
150000000 0.00689468975988
160000000 0.00745980293646
180000000 0.007496209073574
200000000 0.007927121020874
#Header 
#Target 87 225 0
#Product 86 208 0
#Datapoints 12
1000000 0
80000000 0
90000000 1.0663282662E-9
100000000 5.4287310948E-6
110000000 0.00025565643554
120000000 0.00194292756336
130000000 0.005273874943047
140000000 0.007581221857
150000000 0.0083674593678
160000000 0.00842636670246
180000000 0.008567316048456
200000000 0.008286592305674
#Header 
#Target 87 225 0
#Product 86 209 0
#Datapoints 13
1000000 0
75000000 0
80000000 6.975773469E-10
90000000 9.6631653693E-6
100000000 0.0005504190237
110000000 0.00367553448469
120000000 0.008483713273434
130000000 0.010891636124745
140000000 0.010934401969
150000000 0.01034046442494
160000000 0.010047123876132
180000000 0.00951221137749
200000000 0.00846529631934
#Header 
#Target 87 225 0
#Product 86 210 0
#Datapoints 15
1000000 0
65000000 0
70000000 8.38841499811E-14
75000000 1.5260219521785E-8
80000000 2.34215921415E-6
90000000 0.00043871162154
100000000 0.0047589158526
110000000 0.01314644903111
120000000 0.017840328023126
130000000 0.016425341785353
140000000 0.0141118739356
150000000 0.012904584654
160000000 0.012254446426824
180000000 0.011366262713298
200000000 0.010270247752274
#Header 
#Target 87 225 0
#Product 86 211 0
#Datapoints 16
1000000 0
60000000 0
65000000 2.5808012549E-10
70000000 4.110367419298E-7
75000000 2.36377823563E-5
80000000 0.000309424826718
90000000 0.0053194574946
100000000 0.0154644926046
110000000 0.0192055724921
120000000 0.016151132390946
130000000 0.012741412724037
140000000 0.01099598282384
150000000 0.01012097915244
160000000 0.010012711761276
180000000 0.009286420638672
200000000 0.008730463611092
#Header 
#Target 87 225 0
#Product 86 212 0
#Datapoints 18
1000000 0
50000000 0
55000000 1.286119345444E-12
60000000 2.07798285981E-8
65000000 8.983568531366E-6
70000000 0.0002551118619182
75000000 0.0022521874025
80000000 0.00892756320918
90000000 0.034262696889
100000000 0.045113959176
110000000 0.0366317097994
120000000 0.0267810267011
130000000 0.02236753390434
140000000 0.0207670857796
150000000 0.0195035187828
160000000 0.01858837458408
180000000 0.01717340301702
200000000 0.0169034808297
#Header 
#Target 87 225 0
#Product 86 213 0
#Datapoints 19
1000000 0
45000000 0
50000000 5.22893795112E-10
55000000 4.504660833098E-6
60000000 0.0002541441796938
65000000 0.002325709468137
70000000 0.009826686002224
75000000 0.02326720698085
80000000 0.0376273057965
90000000 0.047353043583
100000000 0.034484829912
110000000 0.023552997616
120000000 0.01894166452262
130000000 0.017721432998427
140000000 0.01660945292036
150000000 0.01529644983516
160000000 0.014723378585076
180000000 0.014356665389412
200000000 0.013883506356634
#Header 
#Target 87 225 0
#Product 86 214 0
#Datapoints 21
1000000 0
35000000 0
40000000 8.704542028E-15
45000000 4.336413944284E-7
50000000 0.0002129286003988
55000000 0.003194299034204
60000000 0.013711438160541
65000000 0.03055680404777
70000000 0.04796909066572
75000000 0.0563535108045
80000000 0.0528483747477
90000000 0.03335843634
100000000 0.020551677978
110000000 0.01539556476111
120000000 0.012833927417976
130000000 0.011552762107071
140000000 0.01058906067
150000000 0.00993444010026
160000000 0.009169290139968
180000000 0.00865471571418
200000000 0.008077844839872
#Header 
#Target 87 225 0
#Product 86 215 0
#Datapoints 22
1000000 0
30000000 0
35000000 1.781663375785E-13
40000000 0.000129856124314
45000000 0.006679887449244
50000000 0.03268090259174
55000000 0.06650728326656
60000000 0.08698176232581
65000000 0.09293711215327
70000000 0.08611311727445
75000000 0.07002305768885
80000000 0.0524191728123
90000000 0.030896569731
100000000 0.022955072946
110000000 0.0199641516686
120000000 0.018127182604734
130000000 0.01751402604579
140000000 0.0167188709706
150000000 0.01619305137294
160000000 0.01569271718364
180000000 0.01579007396964
200000000 0.01552241100218
#Header 
#Target 87 225 0
#Product 86 216 0
#Datapoints 24
1000000 0
26000000 0
28000000 3.36397239481E-14
30000000 1.59704817507E-7
35000000 0.001857772805078
40000000 0.02953576241
45000000 0.0783735500553
50000000 0.10141684684898
55000000 0.09703497994418
60000000 0.09112380209295
65000000 0.07183036863728
70000000 0.05326715666153
75000000 0.03858924509475
80000000 0.0289580347938
90000000 0.020668602945
100000000 0.0181883408772
110000000 0.01801153836217
120000000 0.01877670248538
130000000 0.01950257916867
140000000 0.0201240519356
150000000 0.020569903341
160000000 0.02129211625212
180000000 0.0222940489374
200000000 0.02231673803932
#Header 
#Target 87 225 0
#Product 86 217 0
#Datapoints 27
1000000 0
20000000 0
22000000 1.49315305832E-15
24000000 6.612214695225E-5
26000000 0.003593254899072
28000000 0.02544268984463
30000000 0.07481213036049
35000000 0.2183677333216
40000000 0.24515509613
45000000 0.18899923856067
50000000 0.13586625981344
55000000 0.09931492448902
60000000 0.07327728916563
65000000 0.05336580956113
70000000 0.04035276989513
75000000 0.03275677008625
80000000 0.0289186677675
90000000 0.026353806375
100000000 0.02670325398
110000000 0.0276844735236
120000000 0.02869319831504
130000000 0.02993119774725
140000000 0.0307180838692
150000000 0.0315180674484
160000000 0.03213642036108
180000000 0.03251096139366
200000000 0.03390133970084
#Header 
#Target 87 225 0
#Product 86 218 0
#Datapoints 32
1000000 0
15000000 0
16000000 5.443986898776E-14
17000000 1.033353038704E-7
18000000 7.428677450526E-5
19000000 0.0011156382782099
20000000 0.006012116112068
22000000 0.0405191652866
24000000 0.10497904864203
26000000 0.1682583817905
28000000 0.203723369076
30000000 0.1982828573703
35000000 0.12992285250833
40000000 0.08528938061
45000000 0.07443745272746
50000000 0.05760791854064
55000000 0.0452098982095
60000000 0.03367360081536
65000000 0.02699908475737
70000000 0.02292237243849
75000000 0.0222352028857
80000000 0.0238698516126
90000000 0.027025130283
100000000 0.030168995454
110000000 0.0334803519151
120000000 0.0364402182207
130000000 0.03769087548618
140000000 0.0394895464756
150000000 0.0402171993444
160000000 0.04119376023924
180000000 0.04268879840136
200000000 0.04351489097158
#Header 
#Target 87 225 0
#Product 86 219 0
#Datapoints 37
1000000 0
10000000 0
11000000 8.874832787048E-7
12000000 0.00010312475311631
13000000 0.0009799982227544
14000000 0.003695172554094
15000000 0.008566524044533
16000000 0.015169641296832
17000000 0.02284950797396
18000000 0.0311147636679
19000000 0.03883652679087
20000000 0.04422928925283
22000000 0.04759275465648
24000000 0.04251281294112
26000000 0.03492717799902
28000000 0.02907199274652
30000000 0.02579791924191
35000000 0.0255498113688
40000000 0.025016254221
45000000 0.02031205821068
50000000 0.0153992259018
55000000 0.012958614714346
60000000 0.012015224762541
65000000 0.012328548007996
70000000 0.013241240928475
75000000 0.01504819373715
80000000 0.01751210468637
90000000 0.021936304908
100000000 0.025545694902
110000000 0.0286928239179
120000000 0.03058882907052
130000000 0.03243175362927
140000000 0.0334904516928
150000000 0.0343007251626
160000000 0.03471647330004
180000000 0.03519700499034
200000000 0.03555547980304
#Header 
#Target 87 225 0
#Product 86 220 0
#Datapoints 43
1000000 0
4000000 0
5000000 6.023917864602E-12
6000000 5.809346787672E-9
7000000 1.2455048533452E-7
8000000 8.44757622522E-7
9000000 3.536151972367E-6
10000000 1.0725470748498E-5
11000000 2.598428317862E-5
12000000 4.751505896089E-5
13000000 6.76184644944E-5
14000000 7.965850892916E-5
15000000 8.498193521962E-5
16000000 0.000119863381852
17000000 0.0001258550366657
18000000 0.0001491459739464
19000000 0.0002190639794398
20000000 0.0005250858535934
22000000 0.001722399031056
24000000 0.002236009039665
26000000 0.003827951286402
28000000 0.005347311041741
30000000 0.00654507197514
35000000 0.006867376880119
40000000 0.005308512461
45000000 0.004009154166558
50000000 0.003746876327792
55000000 0.004562897380772
60000000 0.005989995444147
65000000 0.008226749017982
70000000 0.010961876617209
75000000 0.013830281627225
80000000 0.01665823169997
90000000 0.021400298271
100000000 0.025099802598
110000000 0.0275885971496
120000000 0.02929077171342
130000000 0.03021806026752
140000000 0.0308636862576
150000000 0.0312020263386
160000000 0.03116365731528
180000000 0.03144234026058
200000000 0.0310278750201
#Header 
#Target 87 225 0
#Product 86 221 0
#Datapoints 45
1000000 0
2000000 0
3000000 1.04983982636E-14
4000000 5.408964798834E-12
5000000 8.942546658606E-11
6000000 9.804949044192E-10
7000000 7.9185958236E-9
8000000 4.75102828746E-8
9000000 2.2884342135704E-7
10000000 9.0169476801624E-7
11000000 3.050242801266E-6
12000000 9.144007799996E-6
13000000 2.5243995362688E-5
14000000 6.543334876488E-5
15000000 0.0001555530115598
16000000 0.00034781171231264
17000000 0.000723834160539
18000000 0.001503436862208
19000000 0.003778480832664
20000000 0.011716439593716
22000000 0.01560884038648
24000000 0.006738832514463
26000000 0.00595470217686
28000000 0.005058437536108
30000000 0.004429156947108
35000000 0.003044480066074
40000000 0.0022270091543
45000000 0.002585298829932
50000000 0.00335444541926
55000000 0.004475494985344
60000000 0.006278248491636
65000000 0.008415978142484
70000000 0.010592016758365
75000000 0.01270202078341
80000000 0.01448164650219
90000000 0.0174827038371
100000000 0.01953331575
110000000 0.0207182780886
120000000 0.02133934475372
130000000 0.02166788080092
140000000 0.0215024559096
150000000 0.0214561198878
160000000 0.02135218814652
180000000 0.02078476829094
200000000 0.0201434345633
#Header 
#Target 87 225 0
#Product 86 222 0
#Datapoints 45
1000000 0
2000000 1.421070221111E-14
3000000 5.80194943551E-10
4000000 5.630024980239E-8
5000000 2.167623032982E-7
6000000 7.436637453573E-7
7000000 2.2520272449492E-6
8000000 6.4847894952E-6
9000000 1.733562550559E-5
10000000 4.43862098383E-5
11000000 9.977163827776E-5
12000000 0.00020632443381678
13000000 0.00038740274328296
14000000 0.0006567461164572
15000000 0.0010168919677408
16000000 0.0014662440421816
17000000 0.002076213154745
18000000 0.003201798849222
19000000 0.006575158980145
20000000 0.01692268900377
22000000 0.013956826817296
24000000 0.003505470054348
26000000 0.002340068112246
28000000 0.0016285774894366
30000000 0.0013204543577337
35000000 0.0013877582556296
40000000 0.0023453617684
45000000 0.003514390973448
50000000 0.005356405382354
55000000 0.007916888895602
60000000 0.0107847191001
65000000 0.013634882400964
70000000 0.016325118248551
75000000 0.018581662659315
80000000 0.0207079699596
90000000 0.023644409127
100000000 0.025240444398
110000000 0.0260788663734
120000000 0.02624223009898
130000000 0.02607465082155
140000000 0.0256824450976
150000000 0.0251607130008
160000000 0.02461365544344
180000000 0.02341702326666
200000000 0.02254371318998
#Header 
#Target 87 225 0
#Product 86 223 0
#Datapoints 34
1000000 0
13000000 0
14000000 2.14647522972E-15
15000000 9.4068582886E-14
16000000 2.13046963936E-12
17000000 2.95226682181E-11
18000000 2.80904072436E-10
19000000 1.98987634512E-9
20000000 1.1146306018144E-8
22000000 2.048258929024E-7
24000000 2.2241781396E-6
26000000 1.4863422532554E-5
28000000 6.99200000068E-5
30000000 0.0002079424243866
35000000 0.0007480417630349
40000000 0.00156059397417
45000000 0.003193763781569
50000000 0.005276826859278
55000000 0.007442572894268
60000000 0.009470433045348
65000000 0.011284587330643
70000000 0.012866698356778
75000000 0.01423807062251
80000000 0.01523351497269
90000000 0.0166578201606
100000000 0.0173909982012
110000000 0.01757530275526
120000000 0.017500756665056
130000000 0.017032413292776
140000000 0.01664802777228
150000000 0.01608573921006
160000000 0.015641671789884
180000000 0.01474344560763
200000000 0.013829175031922
#Header 
#Target 87 225 0
#Product 86 224 0
#Datapoints 32
1000000 0
15000000 0
16000000 1.663702138784E-14
17000000 6.14637612659E-13
18000000 1.287219444E-11
19000000 1.83306491368E-10
20000000 1.821256730612E-9
22000000 6.687892913944E-8
24000000 1.1257805983506E-6
26000000 9.45916879851E-6
28000000 4.845547546045E-5
30000000 0.00017049256418892
35000000 0.0012562855664414
40000000 0.0036315547618
45000000 0.006624642005156
50000000 0.009544805364588
55000000 0.012128178590148
60000000 0.014350455184362
65000000 0.016170403959534
70000000 0.017661963342387
75000000 0.018834259834075
80000000 0.01976157949332
90000000 0.020882035275
100000000 0.02131773267
110000000 0.0212269913078
120000000 0.02082488498272
130000000 0.02022275766981
140000000 0.0195079382916
150000000 0.0188460089844
160000000 0.01818332586588
180000000 0.016921966876542
200000000 0.015802298777678
#Header 
#Target 87 225 0
#Product 87 206 0
#Datapoints 8
1000000 0
120000000 0
130000000 4.626903085074E-8
140000000 8.73394302632E-6
150000000 0.0001267233961734
160000000 0.0005052489873144
180000000 0.0011521524320466
200000000 0.0011006075038168
#Header 
#Target 87 225 0
#Product 87 207 0
#Datapoints 9
1000000 0
110000000 0
120000000 1.8031178643562E-8
130000000 9.170826223725E-6
140000000 0.000247462861692
150000000 0.001349362388868
160000000 0.002993803350468
180000000 0.00404051087448
200000000 0.004070248255588
#Header 
#Target 87 225 0
#Product 87 208 0
#Datapoints 10
1000000 0
100000000 0
110000000 1.32815494529E-9
120000000 2.678785515448E-6
130000000 0.00014430937828461
140000000 0.001265050369988
150000000 0.0035633621868
160000000 0.00582494807664
180000000 0.00595269292794
200000000 0.005408651063054
#Header 
#Target 87 225 0
#Product 87 209 0
#Datapoints 11
1000000 0
90000000 0
100000000 7.056384426E-11
110000000 3.86131295982E-7
120000000 4.85063000107E-5
130000000 0.0006828100423995
140000000 0.00241460195496
150000000 0.00429775769826
160000000 0.004677576639876
180000000 0.00427403116131
200000000 0.003505136171614
#Header 
#Target 87 225 0
#Product 87 210 0
#Datapoints 12
1000000 0
80000000 0
90000000 7.469094711E-13
100000000 7.7402946738E-8
110000000 3.29835948208E-5
120000000 0.0008116217820452
130000000 0.004220892822363
140000000 0.00876132625376
150000000 0.01018896874944
160000000 0.009563737216572
180000000 0.007722085354092
200000000 0.006410044492266
#Header 
#Target 87 225 0
#Product 87 211 0
#Datapoints 13
1000000 0
75000000 0
80000000 7.1716547301E-15
90000000 1.00354433904E-8
100000000 1.334892975E-5
110000000 0.000559514812848
120000000 0.003566864020104
130000000 0.008815937714499
140000000 0.01169057782424
150000000 0.01080990562626
160000000 0.009439007706996
180000000 0.008048488529616
200000000 0.007584138966638
#Header 
#Target 87 225 0
#Product 87 212 0
#Datapoints 14
1000000 0
70000000 0
75000000 6.35304946675E-13
80000000 7.4240130678E-10
90000000 6.7571521461E-6
100000000 0.00048869345694
110000000 0.0042460917547
120000000 0.011831184854342
130000000 0.016121996859405
140000000 0.01525444618952
150000000 0.01320424637142
160000000 0.012295417554336
180000000 0.011347766886924
200000000 0.010895426545504
#Header 
#Target 87 225 0
#Product 87 213 0
#Datapoints 16
1000000 0
60000000 0
65000000 3.69624566168E-15
70000000 1.442257447673E-10
75000000 8.010573349625E-8
80000000 5.57228035812E-6
90000000 0.00064138117146
100000000 0.005821289331
110000000 0.01548682353188
120000000 0.02158118736144
130000000 0.02122019338944
140000000 0.0189848249652
150000000 0.01756262179074
160000000 0.016981750022076
180000000 0.01545024245805
200000000 0.01462993434301
#Header 
#Target 87 225 0
#Product 87 214 0
#Datapoints 17
1000000 0
55000000 0
60000000 1.521230161671E-14
65000000 1.186994813136E-9
70000000 6.116158268192E-7
75000000 2.551551233665E-5
80000000 0.000267332711919
90000000 0.003077083833
100000000 0.0083775812016
110000000 0.01195963973545
120000000 0.011753747960276
130000000 0.010445389508532
140000000 0.00965138164764
150000000 0.00965991773526
160000000 0.00921219090246
180000000 0.00897037314135
200000000 0.008580421373884
#Header 
#Target 87 225 0
#Product 87 215 0
#Datapoints 18
1000000 0
50000000 0
55000000 8.08740393624E-12
60000000 5.287421020926E-8
65000000 6.703106431351E-6
70000000 0.00011616440185434
75000000 0.0006196380867635
80000000 0.001550217455808
90000000 0.0035196028056
100000000 0.0046214722086
110000000 0.00473322710538
120000000 0.004459143791172
130000000 0.004654104715362
140000000 0.00489811064852
150000000 0.00492597980628
160000000 0.004808723713752
180000000 0.004690129941786
200000000 0.005117300933058
#Header 
#Target 87 225 0
#Product 87 216 0
#Datapoints 19
1000000 0
45000000 0
50000000 4.0648712819E-11
55000000 2.27571350286E-7
60000000 1.7383582285773E-5
65000000 0.00017968549401319
70000000 0.0006329158314325
75000000 0.0013309206905225
80000000 0.00206890117854
90000000 0.0036898380753
100000000 0.0042776319066
110000000 0.00456768309266
120000000 0.003840413350998
130000000 0.004409109258573
140000000 0.00362267285016
150000000 0.00382458370008
160000000 0.004032100641996
180000000 0.003367415743026
200000000 0.00377603043332
#Header 
#Target 87 225 0
#Product 87 217 0
#Datapoints 20
1000000 0
40000000 0
45000000 3.936346325916E-9
50000000 1.642381100061E-5
55000000 0.000758995284029
60000000 0.004367844633537
65000000 0.010086619111404
70000000 0.016095079728105
75000000 0.02167720869895
80000000 0.0260059052673
90000000 0.028981919358
100000000 0.030257368596
110000000 0.0321868545737
120000000 0.03340014239996
130000000 0.03393543988359
140000000 0.0339426213188
150000000 0.0344467834386
160000000 0.03466962071496
180000000 0.03531139135158
200000000 0.03482334315632
#Header 
#Target 87 225 0
#Product 87 218 0
#Datapoints 21
1000000 0
35000000 0
40000000 1.00343271917E-8
45000000 3.774999588766E-5
50000000 0.0011231994073326
55000000 0.004425441151394
60000000 0.008333729198289
65000000 0.012611545099802
70000000 0.016952352240817
75000000 0.02035423119625
80000000 0.0224798040999
90000000 0.024038564451
100000000 0.025128008022
110000000 0.0253384203372
120000000 0.02567959903152
130000000 0.02606124722553
140000000 0.025361161484
150000000 0.0261230177754
160000000 0.02521938619956
180000000 0.02495581579962
200000000 0.02500439174368
#Header 
#Target 87 225 0
#Product 87 219 0
#Datapoints 23
1000000 0
28000000 0
30000000 8.34396504999E-13
35000000 2.332009071762E-6
40000000 0.0007861074676
45000000 0.006863324733443
50000000 0.017620294435068
55000000 0.03028450286276
60000000 0.04413670732977
65000000 0.05510886571597
70000000 0.06225549016232
75000000 0.06729914158065
80000000 0.0696453767058
90000000 0.073829509968
100000000 0.078917061678
110000000 0.0809828698504
120000000 0.08075355015784
130000000 0.0800786339766
140000000 0.0805900695064
150000000 0.077867716251
160000000 0.07823468406012
180000000 0.07547226143454
200000000 0.07335913610392
#Header 
#Target 87 225 0
#Product 87 220 0
#Datapoints 26
1000000 0
22000000 0
24000000 1.226863559925E-14
26000000 2.5186165971E-10
28000000 1.179805645443E-7
30000000 6.357778351914E-6
35000000 0.0008814795438394
40000000 0.0048380264352
45000000 0.013462956488304
50000000 0.03166382128026
55000000 0.05100306518158
60000000 0.06486415167639
65000000 0.07187314289749
70000000 0.07570727205867
75000000 0.07754170168255
80000000 0.0793705424967
90000000 0.080945277336
100000000 0.08050721952
110000000 0.0790210232323
120000000 0.07788701380488
130000000 0.07573099317111
140000000 0.0726277742716
150000000 0.071234972991
160000000 0.06815486465844
180000000 0.06534716943906
200000000 0.0628699457686
#Header 
#Target 87 225 0
#Product 87 221 0
#Datapoints 30
1000000 0
17000000 0
18000000 1.75321060692E-13
19000000 3.09982081182E-11
20000000 1.447531243543E-9
22000000 4.126509473196E-7
24000000 1.790376399042E-5
26000000 0.0001927289436999
28000000 0.0008196019036773
30000000 0.002099190532086
35000000 0.008732619053117
40000000 0.030859195521
45000000 0.07657885626155
50000000 0.11441849655678
55000000 0.13438501925024
60000000 0.14401894171335
65000000 0.14734221298621
70000000 0.14981012635603
75000000 0.15191043050435
80000000 0.1527393324366
90000000 0.149831999724
100000000 0.14654634735
110000000 0.1409620493945
120000000 0.13462085589288
130000000 0.12900513774015
140000000 0.1236521777772
150000000 0.1186943287218
160000000 0.11422279554336
180000000 0.10602655909074
200000000 0.09902807850744
#Header 
#Target 87 225 0
#Product 87 222 0
#Datapoints 35
1000000 0
12000000 0
13000000 4.250114107448E-13
14000000 7.52646690168E-11
15000000 4.800597034598E-9
16000000 1.1814009275128E-7
17000000 1.601608184528E-6
18000000 1.330181777646E-5
19000000 7.009426409285E-5
20000000 0.000241320897598
22000000 0.001146018482972
24000000 0.002744486054238
26000000 0.004727258356587
28000000 0.007305086896963
30000000 0.011858999080029
35000000 0.04433056522363
40000000 0.095393722459
45000000 0.13142068250055
50000000 0.14781285480416
55000000 0.15519038878442
60000000 0.15800169102861
65000000 0.15915190941991
70000000 0.15873259600135
75000000 0.1572848039917
80000000 0.1544748598848
90000000 0.146803119123
100000000 0.138771225528
110000000 0.1307880123853
120000000 0.12286188704972
130000000 0.11633558034306
140000000 0.109826160472
150000000 0.1041540328374
160000000 0.09954438531156
180000000 0.09080831427726
200000000 0.08367547393146
#Header 
#Target 87 225 0
#Product 87 223 0
#Datapoints 40
1000000 0
7000000 0
8000000 2.1418931397E-13
9000000 5.877248939254E-11
10000000 3.858231926582E-9
11000000 1.0039437546104E-7
12000000 1.3583290321898E-6
13000000 1.1034732391032E-5
14000000 5.6596860429624E-5
15000000 0.00019112960845071
16000000 0.00046635791805472
17000000 0.0009090475263167
18000000 0.001531031213628
19000000 0.002349190897834
20000000 0.003415178791013
22000000 0.006851081696448
24000000 0.013867455510516
26000000 0.02636496881262
28000000 0.0447397971038
30000000 0.0671771423934
35000000 0.11929712406134
40000000 0.150454712359
45000000 0.16541797617554
50000000 0.17099210436308
55000000 0.17358388219202
60000000 0.17436357192606
65000000 0.17390141185835
70000000 0.17083759989856
75000000 0.1667906156637
80000000 0.1631591742186
90000000 0.154091256084
100000000 0.144813621108
110000000 0.1363587707769
120000000 0.12838160314826
130000000 0.12071274923406
140000000 0.113809452732
150000000 0.1077305508786
160000000 0.1020425902944
180000000 0.0928968319911
200000000 0.08570539279388
#Header 
#Target 87 225 0
#Product 87 224 0
#Datapoints 40
1000000 0
7000000 0
8000000 1.6514721861E-12
9000000 6.280043657888E-10
10000000 3.9655150935994E-8
11000000 9.343249652838E-7
12000000 1.0989744696915E-5
13000000 7.574136669544E-5
14000000 0.00033976345851096
15000000 0.0010706994733275
16000000 0.002234680101008
17000000 0.004768424367572
18000000 0.008697586696428
19000000 0.01418294099437
20000000 0.02120486786638
22000000 0.0389175609834
24000000 0.0588013599987
26000000 0.07623888186678
28000000 0.09247007720585
30000000 0.10527133712019
35000000 0.12642072884288
40000000 0.135426572617
45000000 0.1382515631863
50000000 0.13674160740838
55000000 0.13958731817318
60000000 0.13543478624082
65000000 0.13332789440795
70000000 0.12887628694717
75000000 0.1258203752561
80000000 0.1210459351647
90000000 0.112448867394
100000000 0.104808812472
110000000 0.0976381118462
120000000 0.09096326014776
130000000 0.08456936821317
140000000 0.0790976854056
150000000 0.074228637171
160000000 0.07009572819312
180000000 0.06306999806004
200000000 0.0574852813358
#Header 
#Target 87 225 0
#Product 87 225 0
#Datapoints 44
1000000 0
3000000 0
4000000 2.154432738398E-15
5000000 7.096613098872E-12
6000000 1.930030969554E-9
7000000 1.1543781553752E-7
8000000 2.69065124259E-6
9000000 3.3249055879452E-5
10000000 0.00024659137308652
11000000 0.0011354812463668
12000000 0.003336124486268
13000000 0.006741918684336
14000000 0.010544501919396
15000000 0.014379934849297
16000000 0.018542443046296
17000000 0.02334200525771
18000000 0.02867845162368
19000000 0.03407242780127
20000000 0.03901227007293
22000000 0.04641565170572
24000000 0.05131997420868
26000000 0.05451336330003
28000000 0.05647401982231
30000000 0.05717123640837
35000000 0.05515686144288
40000000 0.051494190951
45000000 0.04891826241341
50000000 0.04787796050596
55000000 0.04556273471988
60000000 0.04278443257209
65000000 0.0407022241285
70000000 0.03818350869991
75000000 0.0362068090223
80000000 0.0337980526926
90000000 0.029433570339
100000000 0.025298974506
110000000 0.0214362898112
120000000 0.017943257189606
130000000 0.014933446678104
140000000 0.01240741967792
150000000 0.0103205644269
160000000 0.00865809752766
180000000 0.00623372307495
200000000 0.004743263992968
#Header 
#Target 87 225 0
#Product 88 210 0
#Datapoints 11
1000000 0
90000000 0
100000000 2.696796882E-14
110000000 1.121176422766E-7
120000000 2.512348011306E-5
130000000 0.0003276883398204
140000000 0.000975201473928
150000000 0.001204245004014
160000000 0.0009345075520956
180000000 0.0004118427387342
200000000 0.0003295604466024
#Header 
#Target 87 225 0
#Product 88 211 0
#Datapoints 11
1000000 0
90000000 0
100000000 5.4747440826E-8
110000000 2.78301828746E-5
120000000 0.000543451858348
130000000 0.001959277039584
140000000 0.0026291972266
150000000 0.00191378602974
160000000 0.0013258769918772
180000000 0.0007381198257924
200000000 0.0006656990830832
#Header 
#Target 87 225 0
#Product 88 212 0
#Datapoints 12
1000000 0
80000000 0
90000000 9.0432412875E-9
100000000 1.90677952452E-5
110000000 0.000682602266038
120000000 0.003448119634624
130000000 0.005579604759513
140000000 0.00478666999392
150000000 0.00299508232452
160000000 0.00195540128238
180000000 0.0014486129330694
200000000 0.001173698147183
#Header 
#Target 87 225 0
#Product 88 213 0
#Datapoints 14
1000000 0
70000000 0
75000000 3.56505957745E-15
80000000 1.05291990489E-9
90000000 1.33525358889E-5
100000000 0.00086194793178
110000000 0.00566629180861
120000000 0.010609020081688
130000000 0.009776020497264
140000000 0.00591584675632
150000000 0.0036499008312
160000000 0.002703533861196
180000000 0.002049491879466
200000000 0.0015707738981094
#Header 
#Target 87 225 0
#Product 88 214 0
#Datapoints 15
1000000 0
65000000 0
70000000 1.696458122492E-10
75000000 1.5816696908845E-7
80000000 9.66126243579E-6
90000000 0.00091909341123
100000000 0.0068868205068
110000000 0.01340990631708
120000000 0.012221930539868
130000000 0.007728728945286
140000000 0.00487283796476
150000000 0.00379357018794
160000000 0.003352469231832
180000000 0.002592096569238
200000000 0.001988295251526
#Header 
#Target 87 225 0
#Product 88 215 0
#Datapoints 16
1000000 0
60000000 0
65000000 7.935617340838E-9
70000000 2.113386590546E-6
75000000 5.78657480891E-5
80000000 0.00051463494033
90000000 0.0055422781083
100000000 0.0119522545662
110000000 0.01134917818804
120000000 0.006890062030768
130000000 0.004482544164615
140000000 0.00344476083772
150000000 0.00287016182856
160000000 0.00246095691576
180000000 0.001867330829316
200000000 0.001504081877271
#Header 
#Target 87 225 0
#Product 88 216 0
#Datapoints 18
1000000 0
50000000 0
55000000 7.6446223564E-11
60000000 3.645642308979E-7
65000000 2.462120362306E-5
70000000 0.0002780784856913
75000000 0.001285702250371
80000000 0.00306420134958
90000000 0.0054632729328
100000000 0.0042702376158
110000000 0.00271327106756
120000000 0.001977019593682
130000000 0.0016678562010054
140000000 0.001430320835976
150000000 0.001216547672964
160000000 0.0010647626281908
180000000 0.000837532796781
200000000 0.0007243844532448
#Header 
#Target 87 225 0
#Product 88 217 0
#Datapoints 19
1000000 0
45000000 0
50000000 1.8201434990674E-8
55000000 1.463258294866E-5
60000000 0.0003363791556213
65000000 0.0019130330232728
70000000 0.005560692334022
75000000 0.009885769994345
80000000 0.01309696451049
90000000 0.0122719814091
100000000 0.0080959450338
110000000 0.00559334618319
120000000 0.004355993211626
130000000 0.003622906177365
140000000 0.0031228598542
150000000 0.00262279463238
160000000 0.00231859176486
180000000 0.00183282501837
200000000 0.0015366517259086
#Header 
#Target 87 225 0
#Product 88 218 0
#Datapoints 20
1000000 0
40000000 0
45000000 8.434534721787E-6
50000000 0.0008015664797764
55000000 0.005895114839578
60000000 0.016308537212616
65000000 0.02774744236231
70000000 0.03498503672314
75000000 0.0350659275246
80000000 0.0307308029322
90000000 0.019719817008
100000000 0.013610282673
110000000 0.01081860288182
120000000 0.00915036940902
130000000 0.007815649621983
140000000 0.00657607901876
150000000 0.00570982294038
160000000 0.005072271687672
180000000 0.004130623922928
200000000 0.00341965571764
#Header 
#Target 87 225 0
#Product 88 219 0
#Datapoints 22
1000000 0
30000000 0
35000000 2.47916324159E-10
40000000 0.00050836292731
45000000 0.013331069838033
50000000 0.0442926448601
55000000 0.06928049847592
60000000 0.07779409493592
65000000 0.0731817685522
70000000 0.05891472569486
75000000 0.0462384979483
80000000 0.0370699672707
90000000 0.02433656763
100000000 0.0185957223738
110000000 0.01462273297423
120000000 0.012230684728738
130000000 0.010213352078631
140000000 0.00883159694916
150000000 0.00783085965168
160000000 0.007035305942448
180000000 0.005756703206568
200000000 0.0048023748048
#Header 
#Target 87 225 0
#Product 88 220 0
#Datapoints 24
1000000 0
26000000 0
28000000 1.2544885314099E-8
30000000 0.00010497393133152
35000000 0.03675828389512
40000000 0.20397173314
45000000 0.3271421060546
50000000 0.3199618957236
55000000 0.2499215764926
60000000 0.17389978508133
65000000 0.12380584299798
70000000 0.09029165871439
75000000 0.06774069437695
80000000 0.0544326541206
90000000 0.040585634556
100000000 0.032915363754
110000000 0.0271484184847
120000000 0.02228407151222
130000000 0.0196318855221
140000000 0.01725707576112
150000000 0.0153536778018
160000000 0.014001293459076
180000000 0.011567525225058
200000000 0.010138303615238
#Header 
#Target 87 225 0
#Product 88 221 0
#Datapoints 26
1000000 0
22000000 0
24000000 0.0009842869176507
26000000 0.02483622174723
28000000 0.11941604808465
30000000 0.2694620476128
35000000 0.5179236850316
40000000 0.44026039771
45000000 0.2830837037505
50000000 0.17482024781858
55000000 0.11443045355
60000000 0.08110197419775
65000000 0.06180294651575
70000000 0.05067490180851
75000000 0.0434967724506
80000000 0.0385802024538
90000000 0.03126989046
100000000 0.026114793276
110000000 0.0222417839881
120000000 0.01941254871374
130000000 0.017212503570636
140000000 0.01524967234072
150000000 0.01379347480992
160000000 0.01246862019312
180000000 0.010568321181528
200000000 0.009150654577332
#Header 
#Target 87 225 0
#Product 88 222 0
#Datapoints 32
1000000 0
15000000 0
16000000 5.347827527088E-5
17000000 0.005642448895701
18000000 0.03705706489878
19000000 0.11310517239041
20000000 0.2240902996596
22000000 0.4896737634228
24000000 0.7042076427567
26000000 0.8015534797233
28000000 0.7655707133813
30000000 0.6396966001263
35000000 0.3266049719256
40000000 0.182237234683
45000000 0.11451706658198
50000000 0.08918716819896
55000000 0.07075869093188
60000000 0.06097146337524
65000000 0.05311318482074
70000000 0.04827788408527
75000000 0.0432244688862
80000000 0.0381818622003
90000000 0.031557231804
100000000 0.027210739686
110000000 0.0232190977222
120000000 0.01984052714602
130000000 0.018034167746001
140000000 0.01590445236532
150000000 0.01463399421354
160000000 0.013354685874348
180000000 0.01132813335594
200000000 0.009699021627206
#Header 
#Target 87 225 0
#Product 88 223 0
#Datapoints 37
1000000 0
10000000 0
11000000 0.002848543790344
12000000 0.04568444184789
13000000 0.171609438714
14000000 0.34852365748908
15000000 0.52053596782075
16000000 0.6635748378076
17000000 0.7744199726393
18000000 0.8384915333118
19000000 0.8386094880513
20000000 0.7760271769888
22000000 0.5888301528032
24000000 0.4171261529457
26000000 0.2964603979248
28000000 0.2226179136361
30000000 0.17826664892022
35000000 0.12438260128975
40000000 0.09961968254
45000000 0.08414498408865
50000000 0.07291067583332
55000000 0.0639061439272
60000000 0.05600526226053
65000000 0.04922634416777
70000000 0.0437265165988
75000000 0.03889772773355
80000000 0.0346431023778
90000000 0.028245802794
100000000 0.023624874702
110000000 0.0201277667851
120000000 0.017515088974698
130000000 0.015410265910743
140000000 0.01367115077864
150000000 0.01234725385764
160000000 0.011192516782188
180000000 0.00951221137749
200000000 0.008218205249826
#Header 
#Target 87 225 0
#Product 88 224 0
#Datapoints 44
1000000 0
3000000 0
4000000 3.748717100805E-9
5000000 8.153850880197E-6
6000000 0.00022951232563689
7000000 0.0020910160297308
8000000 0.010305934785015
9000000 0.034497032765412
10000000 0.088012234973982
11000000 0.17849409589428
12000000 0.26516072981316
13000000 0.28433401870528
14000000 0.24572324335344
15000000 0.1955801064926
16000000 0.15911435809688
17000000 0.1366195986704
18000000 0.1238872279272
19000000 0.11644010192108
20000000 0.11153781794309
22000000 0.10560772858856
24000000 0.10000592241996
26000000 0.09453870956286
28000000 0.08915725452168
30000000 0.08381101008663
35000000 0.07257178802091
40000000 0.063025465496
45000000 0.05472188547223
50000000 0.04737802446234
55000000 0.04160365359136
60000000 0.0361783291056
65000000 0.03165671070958
70000000 0.02780432697588
75000000 0.0245640707158
80000000 0.0219030105924
90000000 0.0178012364283
100000000 0.0148025918352
110000000 0.01256441501807
120000000 0.0108244010371
130000000 0.009497826487935
140000000 0.00845794816252
150000000 0.007609441671
160000000 0.006897439198524
180000000 0.00579207127785
200000000 0.00498423933847
#Header 
#Target 87 225 0
#Product 88 225 0
#Datapoints 45
1000000 0
2000000 0
3000000 1.10443989725E-11
4000000 2.2650823133277E-7
5000000 8.388034227804E-6
6000000 6.069419796357E-5
7000000 0.0002350762156464
8000000 0.0007374564456945
9000000 0.001905799880635
10000000 0.0041036726816998
11000000 0.007529374039744
12000000 0.011806799218994
13000000 0.01609740666412
14000000 0.019633157030028
15000000 0.022300913051986
16000000 0.02423271323176
17000000 0.02556573701361
18000000 0.02640967750434
19000000 0.02686112595015
20000000 0.02667725232337
22000000 0.0263579520182
24000000 0.02556187530669
26000000 0.02442880186575
28000000 0.02317797091787
30000000 0.02190335281899
35000000 0.019009625196244
40000000 0.0163326725856
45000000 0.013953161410184
50000000 0.012343344364208
55000000 0.010472181149928
60000000 0.009327819552051
65000000 0.007871455950523
70000000 0.007107639705831
75000000 0.00607659971639
80000000 0.00557097673524
90000000 0.0044956419579
100000000 0.0037545503736
110000000 0.00317971720623
120000000 0.00273351175503
130000000 0.002385838265457
140000000 0.00211864307084
150000000 0.0019087217331
160000000 0.0017247159526212
180000000 0.0014485085721954
200000000 0.0012148813384364
