#Header 
#Target 75 181 0
#Product 0 1 0
#Datapoints 44
1000000 0
3000000 0
4000000 2.054590276E-6
5000000 0.0001113679601
6000000 0.0013538204984
7000000 0.008777739844377
8000000 0.036069557858
9000000 0.1008153275
10000000 0.20228476275
11000000 0.32001223415
12000000 0.5351886675
13000000 0.8352503745
14000000 1.1073570553
15000000 1.3569936128
16000000 1.585555813028
17000000 1.783287902
18000000 1.945475634
19000000 2.076243576
20000000 2.179905648
22000000 2.410668918
24000000 2.942438625
26000000 3.352932208
28000000 3.60772782
30000000 3.77555669
35000000 4.3374505896
40000000 4.78571347884
45000000 5.1127891654
50000000 5.42335307549
55000000 5.61960808216
60000000 5.80444115625
65000000 5.96901124688
70000000 6.11212368676
75000000 6.24297333639
80000000 6.3602096636
90000000 6.61963042152
100000000 6.8561597535
110000000 7.11509139572
120000000 7.37397018666
130000000 7.62380889012
140000000 7.85865269964
150000000 8.08486143225
160000000 8.30014964697
180000000 8.75910606183
200000000 9.41625044639
#Header 
#Target 75 181 0
#Product 1 1 0
#Datapoints 45
1000000 0
2000000 0
3000000 1.0976388016E-14
4000000 4.918212624E-11
5000000 5.158953051E-9
6000000 3.845257042E-7
7000000 1.342910482074E-5
8000000 0.0002158858568
9000000 0.0016401215
10000000 0.006211693089
11000000 0.014038393187
12000000 0.024185139975
13000000 0.037028327136
14000000 0.052569354451
15000000 0.069648068928
16000000 0.08674919672727
17000000 0.102740823
18000000 0.1174195248
19000000 0.1314747
20000000 0.1458598198
22000000 0.1774431792
24000000 0.212031225
26000000 0.2496070368
28000000 0.2901615084
30000000 0.332759224
35000000 0.445895018496
40000000 0.566349344064
45000000 0.684061933065
50000000 0.795106464411
55000000 0.898704766573
60000000 0.993564602761
65000000 1.080171698611
70000000 1.15654613568
75000000 1.224063643614
80000000 1.285598944994
90000000 1.395197972208
100000000 1.484393438445
110000000 1.562460736542
120000000 1.633976099714
130000000 1.69710402588
140000000 1.75418845111
150000000 1.80730031613
160000000 1.85747662659
180000000 1.95954455025
200000000 2.11022190603
#Header 
#Target 75 181 0
#Product 1 2 0
#Datapoints 39
1000000 0
8000000 0
9000000 3.756797875E-18
10000000 2.515403079E-13
11000000 1.4300140771E-10
12000000 2.2301460675E-8
13000000 7.472260643E-7
14000000 1.0145303111E-5
15000000 7.2626852032E-5
16000000 0.0003201909803246
17000000 0.0009678096159
18000000 0.002183784544
19000000 0.003970786368
20000000 0.006208533229
22000000 0.011512380096
24000000 0.017300815
26000000 0.02312668858
28000000 0.02818332988
30000000 0.03355953544
35000000 0.0456807678831
40000000 0.0561775513558
45000000 0.0653350751445
50000000 0.0739250658664
55000000 0.0798544185368
60000000 0.0872867874188
65000000 0.0912875906355
70000000 0.0983866755976
75000000 0.1023759922164
80000000 0.1085298938854
90000000 0.1080365874228
100000000 0.1080922438515
110000000 0.1054764827866
120000000 0.1029545126386
130000000 0.1012088524596
140000000 0.0994240111119
150000000 0.0973300041354
160000000 0.0953418360076
180000000 0.0921095124858
200000000 0.0938353170227
#Header 
#Target 75 181 0
#Product 1 3 0
#Datapoints 37
1000000 0
10000000 0
11000000 4.112769255E-17
12000000 3.849842925E-14
13000000 2.6804185718E-12
14000000 1.3818741935E-10
15000000 5.8091471632E-9
16000000 1.226694293858E-7
17000000 1.377186633E-6
18000000 9.282978842E-6
19000000 4.00587072E-5
20000000 0.0001179134994
22000000 0.0004762400832
24000000 0.0011046814625
26000000 0.001936020976
28000000 0.002891926968
30000000 0.003920028368
35000000 0.0065061758844
40000000 0.00897759801064
45000000 0.01110648372785
50000000 0.01295062633683
55000000 0.01464966372084
60000000 0.01635425568891
65000000 0.01808203355186
70000000 0.0199316702364
75000000 0.0219125127375
80000000 0.024037995215
90000000 0.0285838398612
100000000 0.0339227202975
110000000 0.0377984650258
120000000 0.0416698453472
130000000 0.0452613194748
140000000 0.0486918193273
150000000 0.0522128534952
160000000 0.0555513661699
180000000 0.0617230591917
200000000 0.0681984749994
#Header 
#Target 75 181 0
#Product 2 3 0
#Datapoints 37
1000000 0
10000000 0
11000000 2.0055738164E-20
12000000 2.925180135E-18
13000000 3.2574495546E-16
14000000 2.3441411972E-14
15000000 9.018543808E-13
16000000 1.882174119551E-11
17000000 2.444789005E-10
18000000 1.591841516E-9
19000000 1.1440125192E-8
20000000 6.438386438E-8
22000000 1.1716337934E-6
24000000 1.2093375E-5
26000000 7.583882568E-5
28000000 0.0002764001644
30000000 0.000713575102
35000000 0.00275784964398
40000000 0.00553514055094
45000000 0.0084527699662
50000000 0.01124764170719
55000000 0.01387759061344
60000000 0.0160364865742
65000000 0.01803109604022
70000000 0.0197752302852
75000000 0.0215009146926
80000000 0.0231533534752
90000000 0.0266256024948
100000000 0.030461353029
110000000 0.0330991991646
120000000 0.0357455543004
130000000 0.038407000254
140000000 0.0411080809934
150000000 0.0438324044412
160000000 0.0465568145662
180000000 0.0517846333206
200000000 0.0560250610733
#Header 
#Target 75 181 0
#Product 2 4 0
#Datapoints 45
1000000 0
2000000 1.3021510284E-12
3000000 4.351250194E-11
4000000 2.7083565792E-9
5000000 2.906078193E-8
6000000 3.331670846E-7
7000000 2.265609474765E-6
8000000 9.897026086E-6
9000000 2.991071E-5
10000000 7.259237496E-5
11000000 0.00016857945671
12000000 0.00030006456075
13000000 0.00045385972907
14000000 0.00072192499811
15000000 0.0011195418992
16000000 0.001649372725638
17000000 0.002366879608
18000000 0.003456449424
19000000 0.005439345024
20000000 0.010026147817
22000000 0.0284503212
24000000 0.01869296625
26000000 0.01662424304
28000000 0.01755236708
30000000 0.01946017914
35000000 0.0262167592791
40000000 0.0340530653057
45000000 0.039784736481
50000000 0.0430447014501
55000000 0.0472152255511
60000000 0.0524096711586
65000000 0.0576994103759
70000000 0.0611545219636
75000000 0.0641420691555
80000000 0.0676922274756
90000000 0.0784036918296
100000000 0.0845772654915
110000000 0.0867230478346
120000000 0.088102116515
130000000 0.090409398828
140000000 0.0917880594798
150000000 0.0943197301959
160000000 0.096096163704
180000000 0.1007251586688
200000000 0.1184724704163
#Header 
#Target 75 181 0
#Product 69 155 0
#Datapoints 9
1000000 0
110000000 0
120000000 1.147224352134E-12
130000000 2.816722933968E-9
140000000 1.919407866231E-7
150000000 2.431587772998E-6
160000000 1.4421725979803E-5
180000000 0.00010419803999979
200000000 0.0006613658483224
#Header 
#Target 75 181 0
#Product 69 156 0
#Datapoints 9
1000000 0
110000000 0
120000000 4.3072517726E-11
130000000 2.932609714224E-8
140000000 5.752254743082E-7
150000000 4.406385074898E-6
160000000 1.5613078453856E-5
180000000 8.558283913842E-5
200000000 0.0004112991374143
#Header 
#Target 75 181 0
#Product 70 156 0
#Datapoints 9
1000000 0
110000000 0
120000000 3.015740594118E-9
130000000 4.29709228002E-7
140000000 7.237701996969E-6
150000000 4.069210394679E-5
160000000 0.00014745913008185
180000000 0.0012668117504643
200000000 0.004700539592575
#Header 
#Target 75 181 0
#Product 70 157 0
#Datapoints 10
1000000 0
100000000 0
110000000 6.26218844624E-13
120000000 5.703504858576E-9
130000000 2.761426202496E-7
140000000 2.425867129585E-6
150000000 1.5452351305692E-5
160000000 6.886615103145E-5
180000000 0.0005521809919314
200000000 0.003303015101236
#Header 
#Target 75 181 0
#Product 70 158 0
#Datapoints 11
1000000 0
90000000 0
100000000 1.08537408396E-11
110000000 1.989827387088E-8
120000000 2.017769820444E-6
130000000 1.709339884368E-5
140000000 6.013984440261E-5
150000000 0.0002159579963802
160000000 0.0005082777625176
180000000 0.0014031666250827
200000000 0.003777768952718
#Header 
#Target 75 181 0
#Product 70 159 0
#Datapoints 11
1000000 0
90000000 0
100000000 7.17361543785E-12
110000000 6.502753569606E-9
120000000 3.506071817024E-7
130000000 3.866649789312E-6
140000000 1.5780927789596E-5
150000000 5.753099878854E-5
160000000 0.00013909345888623
180000000 0.0004161682341999
200000000 0.0008622111081426
#Header 
#Target 75 181 0
#Product 70 160 0
#Datapoints 12
1000000 0
80000000 0
90000000 8.8454391264E-14
100000000 4.9960985439E-10
110000000 1.1341588001816E-7
120000000 2.349287136448E-6
130000000 1.3294149969768E-5
140000000 4.183772129747E-5
150000000 9.837288846279E-5
160000000 0.0001626374457927
180000000 0.0003975577879734
200000000 0.0005985741914854
#Header 
#Target 75 181 0
#Product 71 157 0
#Datapoints 8
1000000 0
120000000 0
130000000 1.555325089332E-11
140000000 1.517665453326E-8
150000000 7.829291334696E-7
160000000 1.2298110148945E-5
180000000 0.00010519798462644
200000000 0.0010808326383366
#Header 
#Target 75 181 0
#Product 71 158 0
#Datapoints 9
1000000 0
110000000 0
120000000 1.91054286346E-13
130000000 9.810515140584E-9
140000000 4.034369128E-6
150000000 5.526989347629E-5
160000000 0.0002231951641153
180000000 0.0011262271093008
200000000 0.005196793680242
#Header 
#Target 75 181 0
#Product 71 159 0
#Datapoints 9
1000000 0
110000000 0
120000000 4.9075962201E-10
130000000 6.505001426508E-7
140000000 1.4100099022457E-5
150000000 0.00013653927417846
160000000 0.0003850205853111
180000000 0.002232714585312
200000000 0.004986024343993
#Header 
#Target 75 181 0
#Product 71 160 0
#Datapoints 10
1000000 0
100000000 0
110000000 4.69120481546E-12
120000000 1.029179481057E-7
130000000 5.713744306488E-6
140000000 7.954530584608E-5
150000000 0.0003307202305104
160000000 0.0006493982162663
180000000 0.00234693113658
200000000 0.004557538269636
#Header 
#Target 75 181 0
#Product 71 161 0
#Datapoints 11
1000000 0
90000000 0
100000000 5.8697404809E-14
110000000 6.878379554472E-9
120000000 1.737951574436E-6
130000000 4.39333815372E-5
140000000 0.0002169318223951
150000000 0.0004793229675102
160000000 0.0010047399901813
180000000 0.001895137058283
200000000 0.003290984717574
#Header 
#Target 75 181 0
#Product 71 162 0
#Datapoints 11
1000000 0
90000000 0
100000000 5.38068525015E-11
110000000 1.0238327377422E-7
120000000 8.391130228012E-6
130000000 8.5667468736E-5
140000000 0.000241828647216
150000000 0.0004282919845221
160000000 0.0006309478540023
180000000 0.0009374893227135
200000000 0.0013184797831282
#Header 
#Target 75 181 0
#Product 71 163 0
#Datapoints 12
1000000 0
80000000 0
90000000 1.178437497228E-12
100000000 1.134924148281E-8
110000000 1.923970518054E-6
120000000 3.685714956924E-5
130000000 0.00016280626100556
140000000 0.0003167805124759
150000000 0.0004318219167
160000000 0.0005592356650392
180000000 0.0009368893404501
200000000 0.0009849755527352
#Header 
#Target 75 181 0
#Product 71 164 0
#Datapoints 12
1000000 0
80000000 0
90000000 9.41343801588E-11
100000000 8.54779892856E-8
110000000 5.77792069735E-6
120000000 5.779552393272E-5
130000000 0.0001674961302684
140000000 0.0002274662606897
150000000 0.0002724316314477
160000000 0.0003667143862615
180000000 0.0004518628423974
200000000 0.0004314851402461
#Header 
#Target 75 181 0
#Product 71 165 0
#Datapoints 14
1000000 0
70000000 0
75000000 7.5179381214E-14
80000000 2.02452229434E-11
90000000 2.006005790772E-8
100000000 1.927948368075E-6
110000000 3.233062191136E-5
120000000 0.00012099523562504
130000000 0.00016244828725488
140000000 0.0001699787707591
150000000 0.0002191898610402
160000000 0.0002571388039374
180000000 0.0002675747435772
200000000 0.0002890276064901
#Header 
#Target 75 181 0
#Product 72 158 0
#Datapoints 7
1000000 0
130000000 0
140000000 1.3733615179616E-8
150000000 9.432014617848E-7
160000000 5.291479169812E-6
180000000 0.00010449101533476
200000000 0.0006639266841052
#Header 
#Target 75 181 0
#Product 72 159 0
#Datapoints 8
1000000 0
120000000 0
130000000 1.667901900336E-8
140000000 8.520127083532E-7
150000000 8.803660131294E-6
160000000 4.123455212405E-5
180000000 0.0006950525040555
200000000 0.001932396750313
#Header 
#Target 75 181 0
#Product 72 160 0
#Datapoints 9
1000000 0
110000000 0
120000000 2.855927647118E-8
130000000 4.709004868272E-6
140000000 3.536799097588E-5
150000000 0.00012654870055125
160000000 0.0004491691058029
180000000 0.002376948834642
200000000 0.006337872067179
#Header 
#Target 75 181 0
#Product 72 161 0
#Datapoints 10
1000000 0
100000000 0
110000000 2.748439960742E-9
120000000 1.92750311705E-6
130000000 3.156879470748E-5
140000000 0.00014728773077281
150000000 0.0004740791871027
160000000 0.001932313458381
180000000 0.004489798610259
200000000 0.0114306923417
#Header 
#Target 75 181 0
#Product 72 162 0
#Datapoints 11
1000000 0
90000000 0
100000000 1.560900553875E-10
110000000 3.257570837814E-6
120000000 0.00010073602445046
130000000 0.0006071099186736
140000000 0.0014907665241794
150000000 0.003591739189623
160000000 0.005786199267228
180000000 0.010600196705436
200000000 0.01608635028644
#Header 
#Target 75 181 0
#Product 72 163 0
#Datapoints 12
1000000 0
80000000 0
90000000 7.38079046964E-13
100000000 1.24856052456E-8
110000000 3.95622661439E-6
120000000 8.43333758036E-5
130000000 0.0004000073975028
140000000 0.0012391673419229
150000000 0.002539564051302
160000000 0.003894774732826
180000000 0.008189369161419
200000000 0.009591889782842
#Header 
#Target 75 181 0
#Product 72 164 0
#Datapoints 13
1000000 0
75000000 0
80000000 3.63014977182E-13
90000000 5.251377738672E-8
100000000 4.611433616625E-5
110000000 0.0006459264824322
120000000 0.0013689859850366
130000000 0.002322724425012
140000000 0.004233360169258
150000000 0.006497947087071
160000000 0.008342786866071
180000000 0.009837005017974
200000000 0.010537839246222
#Header 
#Target 75 181 0
#Product 72 165 0
#Datapoints 14
1000000 0
70000000 0
75000000 5.36002500705E-15
80000000 9.43745381514E-12
90000000 9.752966412336E-8
100000000 2.032356054E-5
110000000 0.0002495829283192
120000000 0.0007277903361022
130000000 0.0011428128880524
140000000 0.001889309007809
150000000 0.002712227220729
160000000 0.003272530258672
180000000 0.003527184836673
200000000 0.003571969880066
#Header 
#Target 75 181 0
#Product 72 166 0
#Datapoints 15
1000000 0
65000000 0
70000000 1.043214082144E-12
75000000 5.29734194031E-10
80000000 5.42395626747E-8
90000000 1.566197606628E-5
100000000 0.0002649615544725
110000000 0.0008055406416458
120000000 0.0010297293714694
130000000 0.00167680145466
140000000 0.002404467784978
150000000 0.00267004818705
160000000 0.002821367369291
180000000 0.003093591562608
200000000 0.002906094694216
#Header 
#Target 75 181 0
#Product 72 167 0
#Datapoints 16
1000000 0
60000000 0
65000000 3.94760121779E-12
70000000 3.054264448196E-9
75000000 1.464323698635E-7
80000000 2.409219062718E-6
90000000 0.00011127600407124
100000000 0.000519524579706
110000000 0.000536370565145
120000000 0.0006588430145248
130000000 0.0010732857576948
140000000 0.0012694959712876
150000000 0.0013159648916625
160000000 0.0014089738014326
180000000 0.0014578644402243
200000000 0.0014731116447417
#Header 
#Target 75 181 0
#Product 72 168 0
#Datapoints 18
1000000 0
50000000 0
55000000 3.04850299642E-11
60000000 8.402883316296E-9
65000000 3.26840953623E-7
70000000 4.602849841252E-6
75000000 3.247711900398E-5
80000000 0.00012655034892318
90000000 0.0005376573931284
100000000 0.0005264832959145
110000000 0.0005864456790276
120000000 0.0010253894877338
130000000 0.0012956763536544
140000000 0.0013838310950162
150000000 0.0014874777092625
160000000 0.0015351088684213
180000000 0.00166630592931
200000000 0.00179028498727
#Header 
#Target 75 181 0
#Product 72 169 0
#Datapoints 20
1000000 0
40000000 0
45000000 1.22518527355E-14
50000000 3.92108996874E-10
55000000 4.223460113357E-8
60000000 8.336965502774E-7
65000000 9.153416771875E-6
70000000 5.34531828766E-5
75000000 0.00017338487959548
80000000 0.0003047945266782
90000000 0.0002899022026608
100000000 0.00024535328175
110000000 0.0004470507698698
120000000 0.0006301481396966
130000000 0.0006724081559436
140000000 0.0007388705449813
150000000 0.0008265084285102
160000000 0.0009070428560437
180000000 0.0010274807770077
200000000 0.0011843771055872
#Header 
#Target 75 181 0
#Product 72 170 0
#Datapoints 22
1000000 0
30000000 0
35000000 1.328898284052E-14
40000000 1.248457980462E-9
45000000 1.0964471540785E-7
50000000 1.6032822889223E-6
55000000 1.1123222626071E-5
60000000 4.25989226333E-5
65000000 0.00011798654702487
70000000 0.0002085788350776
75000000 0.0002324708322069
80000000 0.0001910769949946
90000000 0.000163365579531
100000000 0.0003254886359685
110000000 0.0004789145669082
120000000 0.0005477524331216
130000000 0.000610547776842
140000000 0.0006586929717677
150000000 0.0007074953323923
160000000 0.0007619996453558
180000000 0.000909518285883
200000000 0.0011109309888109
#Header 
#Target 75 181 0
#Product 72 171 0
#Datapoints 24
1000000 0
26000000 0
28000000 3.1060392E-14
30000000 4.5223876E-12
35000000 4.874087963232E-9
40000000 1.3838878566667E-7
45000000 1.935324496665E-6
50000000 1.2054841460095E-5
55000000 4.307480941037E-5
60000000 8.400434897481E-5
65000000 9.267826674026E-5
70000000 7.179990930008E-5
75000000 5.445991664127E-5
80000000 5.439215838862E-5
90000000 0.00011241596021616
100000000 0.0001984736832225
110000000 0.0002477019608386
120000000 0.000278973998555
130000000 0.0003058864220148
140000000 0.0003441753058023
150000000 0.0003909076300575
160000000 0.0004812177581094
180000000 0.0006640016408724
200000000 0.0007979376638624
#Header 
#Target 75 181 0
#Product 72 172 0
#Datapoints 30
1000000 0
17000000 0
18000000 1.165090022E-14
19000000 2.856210744E-13
20000000 3.919292557E-12
22000000 1.311089598E-10
24000000 1.3302400125E-9
26000000 1.08737998582E-8
28000000 5.1459896768E-8
30000000 1.7186296506E-7
35000000 1.6088790911196E-6
40000000 5.492740153411E-6
45000000 1.6681754284685E-5
50000000 3.559922798908E-5
55000000 4.24324001654E-5
60000000 3.428979593388E-5
65000000 2.773795484239E-5
70000000 2.734198663404E-5
75000000 3.736202028657E-5
80000000 5.903865798792E-5
90000000 0.00011597786831196
100000000 0.00015956395540245
110000000 0.0001793724128904
120000000 0.0002015251302274
130000000 0.0002426009949876
140000000 0.000305678051872
150000000 0.0004075139746377
160000000 0.0004985900577394
180000000 0.0006836079275619
200000000 0.0008302928156071
#Header 
#Target 75 181 0
#Product 72 173 0
#Datapoints 37
1000000 0
10000000 0
11000000 4.558088787E-15
12000000 6.335550675E-14
13000000 7.009119557E-13
14000000 7.2413966851E-12
15000000 5.12521904E-11
16000000 2.369094266385E-10
17000000 7.6909331E-10
18000000 1.9312195828E-9
19000000 4.33157982E-9
20000000 8.7123091393E-9
22000000 3.0186906876E-8
24000000 8.5282897E-8
26000000 2.051850224E-7
28000000 4.3083895708E-7
30000000 8.1818406208E-7
35000000 3.011228695236E-6
40000000 6.931707878732E-6
45000000 9.250785369595E-6
50000000 7.898522557296E-6
55000000 6.685513166504E-6
60000000 6.747949196571E-6
65000000 9.649490709357E-6
70000000 1.6967044400904E-5
75000000 2.822608237407E-5
80000000 4.082734951802E-5
90000000 5.97834851022E-5
100000000 7.444793825565E-5
110000000 8.70170288896E-5
120000000 0.00011456247165734
130000000 0.0001692850937592
140000000 0.0002389137830904
150000000 0.0003260993040198
160000000 0.0004118496440436
180000000 0.0005562357507435
200000000 0.0006420617892916
#Header 
#Target 75 181 0
#Product 72 174 0
#Datapoints 43
1000000 0
4000000 0
5000000 1.2022791585E-15
6000000 8.27827973E-14
7000000 2.594464628238E-12
8000000 3.8876312166E-11
9000000 2.9180901375E-10
10000000 1.1837799351E-9
11000000 3.11913010304E-9
12000000 6.388068645E-9
13000000 1.10542019337E-8
14000000 1.72595966564E-8
15000000 2.553379692E-8
16000000 3.7347201995532E-8
17000000 5.5716102552E-8
18000000 8.700250119E-8
19000000 1.4642903856E-7
20000000 2.9230402089E-7
22000000 1.00027997874E-6
24000000 7.144179875E-7
26000000 6.782439032E-7
28000000 7.6880296052E-7
30000000 9.0184102502E-7
35000000 1.1307893350017E-6
40000000 1.062608122968E-6
45000000 1.068547063318E-6
50000000 1.2898437613124E-6
55000000 2.335363046177E-6
60000000 4.635096968219E-6
65000000 8.799820573302E-6
70000000 1.39527886381E-5
75000000 1.839997129131E-5
80000000 2.295102272762E-5
90000000 2.803994617788E-5
100000000 3.57806608482E-5
110000000 5.829068288206E-5
120000000 0.00010387190589174
130000000 0.0001664290725528
140000000 0.0002327401281141
150000000 0.0003006664490652
160000000 0.0003552187925764
180000000 0.0004440020525778
200000000 0.0004975325253737
#Header 
#Target 75 181 0
#Product 72 175 0
#Datapoints 27
1000000 0
20000000 0
22000000 9.47103948E-15
24000000 3.928085875E-13
26000000 7.86863467E-12
28000000 9.239428028E-11
30000000 6.990357432E-10
35000000 1.983008277819E-8
40000000 1.7669970632608E-7
45000000 5.140076188205E-7
50000000 9.543504888267E-7
55000000 1.6817982670767E-6
60000000 2.63665625539E-6
65000000 3.738093666254E-6
70000000 4.617939084772E-6
75000000 5.285704724559E-6
80000000 6.025423805596E-6
90000000 8.521378533072E-6
100000000 2.11257258426E-5
110000000 4.823094090042E-5
120000000 8.475134941378E-5
130000000 0.00012316191491124
140000000 0.00015600336260595
150000000 0.0001858202184525
160000000 0.0002110775504207
180000000 0.0002413048438611
200000000 0.0002585452525059
#Header 
#Target 75 181 0
#Product 73 160 0
#Datapoints 6
1000000 0
140000000 0
150000000 5.388713538171E-8
160000000 5.270120251468E-6
180000000 7.051131255915E-5
200000000 0.0002579533296025
#Header 
#Target 75 181 0
#Product 73 161 0
#Datapoints 7
1000000 0
130000000 0
140000000 2.997211955904E-8
150000000 9.993671097498E-6
160000000 8.910224026961E-5
180000000 0.0002199775961724
200000000 0.0008329167126565
#Header 
#Target 75 181 0
#Product 73 162 0
#Datapoints 8
1000000 0
120000000 0
130000000 1.650122542872E-8
140000000 1.948357059174E-5
150000000 0.0003046262832402
160000000 0.0007250551344129
180000000 0.001983424587729
200000000 0.004099841424516
#Header 
#Target 75 181 0
#Product 73 163 0
#Datapoints 9
1000000 0
110000000 0
120000000 5.111728393156E-9
130000000 1.637502359262E-5
140000000 0.0004062167033933
150000000 0.0011738609225154
160000000 0.002079197121158
180000000 0.006330059128689
200000000 0.00873631594917
#Header 
#Target 75 181 0
#Product 73 164 0
#Datapoints 10
1000000 0
100000000 0
110000000 6.97500303212E-11
120000000 4.28235107468E-6
130000000 0.0003828192588132
140000000 0.001773564125029
150000000 0.003898307151552
160000000 0.006679374159497
180000000 0.010435102463577
200000000 0.012531332310625
#Header 
#Target 75 181 0
#Product 73 165 0
#Datapoints 11
1000000 0
90000000 0
100000000 3.4429071066E-10
110000000 7.21670658647E-6
120000000 0.000361123710332
130000000 0.002461257583656
140000000 0.006019763576745
150000000 0.008876197893648
160000000 0.011071858163406
180000000 0.014065462876929
200000000 0.014548327120979
#Header 
#Target 75 181 0
#Product 73 166 0
#Datapoints 12
1000000 0
80000000 0
90000000 3.82926642804E-13
100000000 2.030866378035E-7
110000000 6.455094553936E-5
120000000 0.001129355423882
130000000 0.004846030353204
140000000 0.007784018492303
150000000 0.008867559855381
160000000 0.010088898990274
180000000 0.011635657060698
200000000 0.010886820904874
#Header 
#Target 75 181 0
#Product 73 167 0
#Datapoints 13
1000000 0
75000000 0
80000000 1.408398967768E-13
90000000 3.756869157168E-8
100000000 1.83863212524E-5
110000000 0.0006923247028298
120000000 0.004784951915674
130000000 0.008665372764972
140000000 0.008614834223118
150000000 0.009788649283146
160000000 0.011192553756304
180000000 0.011738553863997
200000000 0.011802171944982
#Header 
#Target 75 181 0
#Product 73 168 0
#Datapoints 14
1000000 0
70000000 0
75000000 4.10031884115E-14
80000000 3.56935444996E-10
90000000 2.38293630792E-6
100000000 0.000202027525125
110000000 0.002956791577432
120000000 0.007326141769506
130000000 0.007070698379316
140000000 0.006922695277254
150000000 0.007989195038448
160000000 0.008507961236675
180000000 0.008444078203761
200000000 0.00887978794678
#Header 
#Target 75 181 0
#Product 73 169 0
#Datapoints 16
1000000 0
60000000 0
65000000 1.748277199929E-15
70000000 1.213670757104E-10
75000000 4.752693499365E-8
80000000 1.4368398642676E-6
90000000 0.00014713301299932
100000000 0.00234083544117
110000000 0.006359537929276
120000000 0.006357439356492
130000000 0.006224932929252
140000000 0.007199472782113
150000000 0.007708816379796
160000000 0.007980562563258
180000000 0.008779315583139
200000000 0.009023270606923
#Header 
#Target 75 181 0
#Product 73 170 0
#Datapoints 17
1000000 0
55000000 0
60000000 1.701913742045E-13
65000000 1.073946209908E-9
70000000 1.5016373198996E-7
75000000 3.539756008509E-6
80000000 4.000825358452E-5
90000000 0.0013229341852464
100000000 0.00493117509315
110000000 0.005404203459044
120000000 0.00493040512552
130000000 0.005267291835216
140000000 0.00570355692409
150000000 0.006074945601
160000000 0.006348867344589
180000000 0.006725304026853
200000000 0.00709544351361
#Header 
#Target 75 181 0
#Product 73 171 0
#Datapoints 19
1000000 0
45000000 0
50000000 2.23868686055E-14
55000000 5.79700420691E-10
60000000 1.2730085520934E-7
65000000 2.892984040941E-6
70000000 3.488718163736E-5
75000000 0.0002545584618696
80000000 0.0010477878807656
90000000 0.004087140657444
100000000 0.004573744988535
110000000 0.003982214539652
120000000 0.004288131115716
130000000 0.004853720147508
140000000 0.005482456307647
150000000 0.006039457487127
160000000 0.00662823573681
180000000 0.007565771695251
200000000 0.008319257063751
#Header 
#Target 75 181 0
#Product 73 172 0
#Datapoints 20
1000000 0
40000000 0
45000000 8.16222906555E-12
50000000 1.0557950224423E-8
55000000 5.065155317887E-7
60000000 8.012847384792E-6
65000000 7.65977492479E-5
70000000 0.0004520741056936
75000000 0.0014949330747351
80000000 0.002623005367814
90000000 0.003066146722512
100000000 0.00287436888498
110000000 0.003003341134164
120000000 0.00349617178148
130000000 0.00405531309888
140000000 0.004541575917145
150000000 0.005161663846275
160000000 0.005683503526549
180000000 0.006514071241863
200000000 0.006998347441674
#Header 
#Target 75 181 0
#Product 73 173 0
#Datapoints 22
1000000 0
30000000 0
35000000 7.78213404756E-13
40000000 5.425771438136E-9
45000000 3.89612980498E-7
50000000 5.386723606082E-6
55000000 5.058944100787E-5
60000000 0.000263074627894
65000000 0.0008700893288159
70000000 0.0016469949983864
75000000 0.001978423761321
80000000 0.001878890935662
90000000 0.0016941740631876
100000000 0.00189814963404
110000000 0.002406232378818
120000000 0.002990931935068
130000000 0.003794773584804
140000000 0.004655251726369
150000000 0.005503489531725
160000000 0.006103717166207
180000000 0.006965984573217
200000000 0.007348928480276
#Header 
#Target 75 181 0
#Product 73 174 0
#Datapoints 25
1000000 0
24000000 0
26000000 3.028020558E-15
28000000 7.464295792E-13
30000000 4.34227991E-11
35000000 2.401948228743E-8
40000000 6.578378556645E-7
45000000 8.13067908618E-6
50000000 7.389655247093E-5
55000000 0.0003675194097753
60000000 0.0008372543561003
65000000 0.0010710366935495
70000000 0.0010792235632516
75000000 0.0010153517452806
80000000 0.0009685606792784
90000000 0.0010328720504004
100000000 0.0014192650486095
110000000 0.0020728646794
120000000 0.002883415474002
130000000 0.003519354845448
140000000 0.004066126812635
150000000 0.004675023425196
160000000 0.005171083916944
180000000 0.005858966188791
200000000 0.006168011823613
#Header 
#Target 75 181 0
#Product 73 175 0
#Datapoints 31
1000000 0
16000000 0
17000000 1.342354547E-14
18000000 3.707239268E-13
19000000 6.062568696E-12
20000000 6.70281865E-11
22000000 2.8889103978E-9
24000000 3.9799207875E-8
26000000 2.2511002456E-7
28000000 6.3585409684E-7
30000000 1.49798993602E-6
35000000 1.6293290448666E-5
40000000 6.077849892737E-5
45000000 0.0001871575867665
50000000 0.0003979830946672
55000000 0.0005270434160855
60000000 0.0005296712265156
65000000 0.0005052768095063
70000000 0.0004901465230844
75000000 0.0005036109984906
80000000 0.0005576503026016
90000000 0.0009615259653228
100000000 0.001740555127605
110000000 0.00263416398589
120000000 0.003463382515684
130000000 0.004181896791204
140000000 0.004781106854934
150000000 0.005176472826123
160000000 0.005524819662067
180000000 0.005956533774309
200000000 0.006325043516761
#Header 
#Target 75 181 0
#Product 73 176 0
#Datapoints 34
1000000 0
13000000 0
14000000 1.7752550233E-15
15000000 1.4020300576E-14
16000000 7.869388038292E-14
17000000 1.267838991E-12
18000000 2.070732772E-11
19000000 2.13889944E-10
20000000 1.4863797952E-9
22000000 2.57720022E-8
24000000 1.7458504875E-7
26000000 6.9950802502E-7
28000000 2.1058394024E-6
30000000 5.2252501078E-6
35000000 3.003608419041E-5
40000000 8.480896130462E-5
45000000 0.00012727665419175
50000000 0.00014123932824715
55000000 0.00013920003815298
60000000 0.00013442177645303
65000000 0.00013390334479186
70000000 0.00015772562501644
75000000 0.0002374827298956
80000000 0.0003967037084582
90000000 0.0009025406323524
100000000 0.0014772132698235
110000000 0.001955669344854
120000000 0.002360246455714
130000000 0.002662199545944
140000000 0.002884077738034
150000000 0.003074040869148
160000000 0.00319737253727
180000000 0.003408769648554
200000000 0.0034543560482
#Header 
#Target 75 181 0
#Product 73 177 0
#Datapoints 40
1000000 0
7000000 0
8000000 4.336435778E-14
9000000 2.720169375E-12
10000000 6.121189683E-11
11000000 6.5384700689E-10
12000000 4.22939983275E-9
13000000 1.88674984825E-8
14000000 6.07154002839E-8
15000000 1.48286970864E-7
16000000 2.9894101043158E-7
17000000 5.3619804631E-7
18000000 8.8480590532E-7
19000000 1.379510124E-6
20000000 1.9970307235E-6
22000000 3.8552101308E-6
24000000 7.1219700125E-6
26000000 1.048470002E-5
28000000 1.5719300884E-5
30000000 1.9948305342E-5
35000000 2.929388167971E-5
40000000 3.118894655842E-5
45000000 2.899822613485E-5
50000000 2.822886298442E-5
55000000 3.145117537317E-5
60000000 4.419060124318E-5
65000000 9.517433532401E-5
70000000 0.0002183726047412
75000000 0.0003880860332181
80000000 0.0006132351408222
90000000 0.0010227123627732
100000000 0.001393215882864
110000000 0.0016417902886612
120000000 0.001828188156018
130000000 0.001970019302664
140000000 0.00207851086642
150000000 0.002139000025623
160000000 0.002204421525561
180000000 0.00226215305424
200000000 0.002253009978309
#Header 
#Target 75 181 0
#Product 73 178 0
#Datapoints 25
1000000 0
24000000 0
26000000 1.3396688504E-15
28000000 8.413228092E-14
30000000 2.472177094E-12
35000000 1.049158918488E-9
40000000 3.639824288324E-8
45000000 3.452280907565E-7
50000000 2.91571553875E-6
55000000 2.153745175986E-5
60000000 7.379273518973E-5
65000000 0.00016839991689063
70000000 0.0002736558206876
75000000 0.000367943373756
80000000 0.000461026355673
90000000 0.0005934449699208
100000000 0.000687598269948
110000000 0.0007436699852938
120000000 0.0007851441069276
130000000 0.000815894253162
140000000 0.000828227767339
150000000 0.00083906886252
160000000 0.0008567849038657
180000000 0.0008644191028371
200000000 0.0008539934939595
#Header 
#Target 75 181 0
#Product 73 179 0
#Datapoints 25
1000000 0
24000000 0
26000000 9.515550586E-15
28000000 2.70106946E-13
30000000 3.545163E-12
35000000 6.81059751042E-10
40000000 7.985347778394E-8
45000000 2.172834739565E-6
50000000 1.5416224941264E-5
55000000 4.941226479246E-5
60000000 9.674642705748E-5
65000000 0.00014672518531793
70000000 0.0001889421077752
75000000 0.000219627031533
80000000 0.0002462797999818
90000000 0.0002743216837308
100000000 0.0002906688074265
110000000 0.0002978031495626
120000000 0.0002998900827776
130000000 0.00030005751843
140000000 0.0002993252177202
150000000 0.0003013294613004
160000000 0.0002966482187365
180000000 0.0002929138499523
200000000 0.0002844638900442
#Header 
#Target 75 181 0
#Product 74 163 0
#Datapoints 8
1000000 0
120000000 0
130000000 6.59195766E-9
140000000 5.938036792814E-6
150000000 2.290894464777E-5
160000000 4.097516898972E-5
180000000 0.0003816664663206
200000000 0.0006504323346623
#Header 
#Target 75 181 0
#Product 74 164 0
#Datapoints 9
1000000 0
110000000 0
120000000 6.280622042156E-8
130000000 1.5662453543724E-5
140000000 8.569705393857E-5
150000000 0.0001949548759227
160000000 0.0006135004693648
180000000 0.0013811373330987
200000000 0.001733068311973
#Header 
#Target 75 181 0
#Product 74 165 0
#Datapoints 10
1000000 0
100000000 0
110000000 1.95108835311E-8
120000000 2.701693929074E-5
130000000 0.0002767045414344
140000000 0.00082929959933
150000000 0.001913670261702
160000000 0.003434993665321
180000000 0.005212061719314
200000000 0.005814519913502
#Header 
#Target 75 181 0
#Product 74 166 0
#Datapoints 11
1000000 0
90000000 0
100000000 8.95822638498E-9
110000000 2.215558822902E-5
120000000 0.000699116379199
130000000 0.002526046404972
140000000 0.004515738442191
150000000 0.007217756943771
160000000 0.009748621639969
180000000 0.012003242993343
200000000 0.011424392307916
#Header 
#Target 75 181 0
#Product 74 167 0
#Datapoints 12
1000000 0
80000000 0
90000000 9.41042042748E-11
100000000 2.588008665435E-6
110000000 0.0003395235774978
120000000 0.002998382063236
130000000 0.0063336286326
140000000 0.008635813591196
150000000 0.013591531630779
160000000 0.015604077737378
180000000 0.01559720024949
200000000 0.01545377266793
#Header 
#Target 75 181 0
#Product 74 168 0
#Datapoints 13
1000000 0
75000000 0
80000000 3.11798590168E-11
90000000 2.710236371148E-5
100000000 0.001531291636194
110000000 0.008070417344762
120000000 0.012020626169706
130000000 0.013505541954324
140000000 0.02295063088408
150000000 0.02882869674777
160000000 0.02885545291491
180000000 0.02860851411351
200000000 0.02833188863219
#Header 
#Target 75 181 0
#Product 74 169 0
#Datapoints 15
1000000 0
65000000 0
70000000 1.018864185248E-15
75000000 1.778207964687E-10
80000000 1.158085607601E-5
90000000 0.002230200183528
100000000 0.010126679888715
110000000 0.014543570004546
120000000 0.012151321365106
130000000 0.0203067683466
140000000 0.0263344742055
150000000 0.0243245813655
160000000 0.02346896512845
180000000 0.02354331021078
200000000 0.02172754615637
#Header 
#Target 75 181 0
#Product 74 170 0
#Datapoints 16
1000000 0
60000000 0
65000000 5.0325963184E-12
70000000 9.797192480972E-6
75000000 0.0003627574582023
80000000 0.002176403622432
90000000 0.013883324260824
100000000 0.02132852688675
110000000 0.016423201362554
120000000 0.02513800759554
130000000 0.03289663388916
140000000 0.03232552857589
150000000 0.03252814182702
160000000 0.03207351729951
180000000 0.03087072911739
200000000 0.03048288711085
#Header 
#Target 75 181 0
#Product 74 171 0
#Datapoints 17
1000000 0
55000000 0
60000000 3.431628763784E-9
65000000 9.078427506935E-6
70000000 0.000271501905142
75000000 0.002213990829288
80000000 0.008633508663312
90000000 0.01902628537344
100000000 0.01221851347188
110000000 0.015094151358254
120000000 0.02209262546498
130000000 0.02460467536296
140000000 0.02569430998201
150000000 0.02493276389679
160000000 0.02517279411864
180000000 0.02712816551607
200000000 0.02580642199457
#Header 
#Target 75 181 0
#Product 74 172 0
#Datapoints 19
1000000 0
45000000 0
50000000 3.28911508681E-6
55000000 0.0003008308893035
60000000 0.001958042740473
65000000 0.005936317642685
70000000 0.014092787601048
75000000 0.02316547800084
80000000 0.02477539006878
90000000 0.014762599819128
100000000 0.01674037010892
110000000 0.0253635776707
120000000 0.03038189711228
130000000 0.0317176857162
140000000 0.03210733536453
150000000 0.03404537429025
160000000 0.03515620736743
180000000 0.03409480520673
200000000 0.03173370885708
#Header 
#Target 75 181 0
#Product 74 173 0
#Datapoints 21
1000000 0
35000000 0
40000000 4.78540220935E-11
45000000 7.55909993139E-6
50000000 0.0003428964175574
55000000 0.002572661654389
60000000 0.010563103536849
65000000 0.02074644576394
70000000 0.0218982646584
75000000 0.016024812442527
80000000 0.010743974836452
90000000 0.011035102447404
100000000 0.01912279827645
110000000 0.02509969345878
120000000 0.02788270710498
130000000 0.02921178716484
140000000 0.03086428591524
150000000 0.03246774435627
160000000 0.03267089361918
180000000 0.03222157199241
200000000 0.03275906372693
#Header 
#Target 75 181 0
#Product 74 174 0
#Datapoints 23
1000000 0
28000000 0
30000000 5.2899497516E-7
35000000 0.0009292244446638
40000000 0.003921213738281
45000000 0.006645062023215
50000000 0.012908038563952
55000000 0.02166894134368
60000000 0.02202749536797
65000000 0.015433210231977
70000000 0.010519741646596
75000000 0.009136214509317
80000000 0.010773774153922
90000000 0.01942277873868
100000000 0.0272627388747
110000000 0.0313719539516
120000000 0.03440324268598
130000000 0.03782694089856
140000000 0.03925193067301
150000000 0.0390983626875
160000000 0.03987341110809
180000000 0.04243618484604
200000000 0.04202646521264
#Header 
#Target 75 181 0
#Product 74 175 0
#Datapoints 27
1000000 0
20000000 0
22000000 3.883898214E-12
24000000 2.741459525E-8
26000000 4.2369399678E-6
28000000 8.5061204096E-5
30000000 0.0004323799805
35000000 0.002664268050048
40000000 0.009572373583129
45000000 0.01700855548007
50000000 0.016951018129451
55000000 0.011867518417725
60000000 0.00847175424186
65000000 0.007517918056722
70000000 0.0088064967328
75000000 0.012248978303058
80000000 0.01699964483178
90000000 0.02609390341872
100000000 0.03259586574165
110000000 0.0373405362752
120000000 0.0408050983277
130000000 0.04192146009768
140000000 0.04334615051022
150000000 0.04548039942852
160000000 0.04635354759537
180000000 0.04605234020694
200000000 0.04643202582977
#Header 
#Target 75 181 0
#Product 74 176 0
#Datapoints 35
1000000 0
12000000 0
13000000 5.3866369601E-11
14000000 4.53779991178E-9
15000000 1.75296986048E-7
16000000 3.0646899246931E-6
17000000 2.5892496026E-5
18000000 0.00012134097226
19000000 0.0003670199472
20000000 0.00080304400267
22000000 0.0017593604784
24000000 0.0018706695875
26000000 0.0023787604902
28000000 0.0037395705832
30000000 0.0058073910154
35000000 0.011551993542315
40000000 0.011986079885388
45000000 0.009504695040505
50000000 0.007671383382901
55000000 0.006992591975554
60000000 0.008042046420821
65000000 0.01119346224858
70000000 0.016014258527904
75000000 0.02119312288359
80000000 0.0261277550781
90000000 0.03385049014728
100000000 0.03910246442565
110000000 0.04243165757974
120000000 0.04372728224718
130000000 0.045238029537
140000000 0.04666120848662
150000000 0.04673154703452
160000000 0.0466747375464
180000000 0.04692751825863
200000000 0.04646453132323
#Header 
#Target 75 181 0
#Product 74 177 0
#Datapoints 42
1000000 0
5000000 0
6000000 8.228116795E-13
7000000 3.8054799765045E-10
8000000 4.177978566E-8
9000000 1.3038501125E-6
10000000 1.396530072E-5
11000000 6.867689395E-5
12000000 0.000138864992625
13000000 0.000195227002187
14000000 0.000305622985329
15000000 0.000463804015472
16000000 0.00064083302360792
17000000 0.00083224194562
18000000 0.0010620700734
19000000 0.0014126997744
20000000 0.0020925997782
22000000 0.0063049503384
24000000 0.0071071604625
26000000 0.0080813507778
28000000 0.0089571306084
30000000 0.0093164905724
35000000 0.008522214209559
40000000 0.006775258340067
45000000 0.00570180412942
50000000 0.006517269398717
55000000 0.009423494833851
60000000 0.013875973669099
65000000 0.01926196782131
70000000 0.02447392086204
75000000 0.0286656881364
80000000 0.03227992253382
90000000 0.03675410245836
100000000 0.0396570514929
110000000 0.04100210866058
120000000 0.04196114000358
130000000 0.0421023644838
140000000 0.04175852572343
150000000 0.04160284980771
160000000 0.04155153731466
180000000 0.04049505482628
200000000 0.03862063892178
#Header 
#Target 75 181 0
#Product 74 178 0
#Datapoints 45
1000000 0
2000000 1.29543985536E-12
3000000 4.3379497872E-11
4000000 2.70660988656E-9
5000000 2.9045304804E-8
6000000 3.3305500753E-7
7000000 2.2647005207064E-6
8000000 9.8528791178E-6
9000000 2.8598096125E-5
10000000 5.8594493853E-5
11000000 9.9799613627E-5
12000000 0.000160916019525
13000000 0.000257901004625
14000000 0.000414704026096
15000000 0.000652291001264
16000000 0.0009993631968716
17000000 0.0014982595169
18000000 0.002255880022
19000000 0.0036266298864
20000000 0.0070638597319
22000000 0.020166805008
24000000 0.0095784602375
26000000 0.0060395903672
28000000 0.0046409499748
30000000 0.0037705297662
35000000 0.002833717857219
40000000 0.004000653374123
45000000 0.00693409122392
50000000 0.011481344413357
55000000 0.017479578930015
60000000 0.02336997935179
65000000 0.02852914565734
70000000 0.03253901057316
75000000 0.03545555382831
80000000 0.03801731105042
90000000 0.04076199236916
100000000 0.04236866154555
110000000 0.04250355938096
120000000 0.0421690307094
130000000 0.0418322670426
140000000 0.04096045681116
150000000 0.04002013208679
160000000 0.03902224746307
180000000 0.0372123743775
200000000 0.03494404522148
#Header 
#Target 75 181 0
#Product 74 179 0
#Datapoints 34
1000000 0
13000000 0
14000000 2.0685240089E-14
15000000 7.9858859248E-13
16000000 1.671201778499E-11
17000000 2.174920131E-10
18000000 1.4236899224E-9
19000000 1.02485997624E-8
20000000 5.7754000091E-8
22000000 1.05485992416E-6
24000000 1.09542995625E-5
26000000 6.9089104042E-5
28000000 0.00025302892336
30000000 0.0006536140756
35000000 0.002515659388503
40000000 0.005742081662877
45000000 0.01086857086203
50000000 0.016125922790635
55000000 0.02103375969679
60000000 0.02462548349173
65000000 0.02761435866206
70000000 0.02982625675744
75000000 0.03143923982178
80000000 0.03256360986034
90000000 0.03393088225236
100000000 0.03409711841835
110000000 0.03360128472178
120000000 0.0327701049767
130000000 0.03179588394552
140000000 0.03075749188358
150000000 0.02975165009748
160000000 0.02863925551542
180000000 0.02668528753971
200000000 0.02462798361522
#Header 
#Target 75 181 0
#Product 74 180 0
#Datapoints 38
1000000 0
9000000 0
10000000 4.981358655E-14
11000000 5.564415724E-12
12000000 1.8713881575E-10
13000000 2.31374009983E-9
14000000 1.22232030436E-8
15000000 3.70988950368E-8
16000000 8.1629506635985E-8
17000000 1.5371397424E-7
18000000 2.6649297166E-7
19000000 4.370939772E-7
20000000 8.2408494636E-7
22000000 4.699589706E-6
24000000 3.44690045E-5
26000000 0.00017194402528
28000000 0.00056356306296
30000000 0.00137438996518
35000000 0.0055713866025
40000000 0.011425181419393
45000000 0.016854952972095
50000000 0.0211375044678
55000000 0.02441412990505
60000000 0.02685515813076
65000000 0.02859443964188
70000000 0.02985584350944
75000000 0.03074815076802
80000000 0.03129144100628
90000000 0.03154024221876
100000000 0.0310991151195
110000000 0.03029840330826
120000000 0.0292879398378
130000000 0.0282486371364
140000000 0.02717064909627
150000000 0.02604580528623
160000000 0.0250855058215
180000000 0.02311652365341
200000000 0.0210770859468
#Header 
#Target 75 181 0
#Product 75 167 0
#Datapoints 9
1000000 0
110000000 0
120000000 3.012731759786E-7
130000000 7.45435196106E-5
140000000 0.0004310786652977
150000000 0.0011496019384029
160000000 0.0011382646864976
180000000 0.0010285707809235
200000000 0.0010469143592541
#Header 
#Target 75 181 0
#Product 75 168 0
#Datapoints 10
1000000 0
100000000 0
110000000 7.089831180084E-8
120000000 9.532894165004E-5
130000000 0.0010101482999544
140000000 0.003939582533395
150000000 0.00495827236365
160000000 0.0044499327287
180000000 0.004600405046256
200000000 0.004642032750785
#Header 
#Target 75 181 0
#Product 75 169 0
#Datapoints 11
1000000 0
90000000 0
100000000 6.55493232447E-8
110000000 8.635716497838E-5
120000000 0.0015249999021698
130000000 0.008335325542536
140000000 0.011375615608505
150000000 0.00955615981905
160000000 0.008436393369
180000000 0.007355130529323
200000000 0.007662441984513
#Header 
#Target 75 181 0
#Product 75 170 0
#Datapoints 12
1000000 0
80000000 0
90000000 2.87204301126E-9
100000000 4.188017993565E-5
110000000 0.001773505049272
120000000 0.015604385486746
130000000 0.02438589808152
140000000 0.02004254475806
150000000 0.01627381450548
160000000 0.014680614343452
180000000 0.01606569440199
200000000 0.014754715679384
#Header 
#Target 75 181 0
#Product 75 171 0
#Datapoints 13
1000000 0
75000000 0
80000000 2.38282123716E-10
90000000 2.448993093048E-5
100000000 0.002139882151455
110000000 0.0239994203636
120000000 0.04012391028366
130000000 0.03324112745676
140000000 0.02716743846489
150000000 0.02431008597252
160000000 0.02581496852489
180000000 0.02595770450532
200000000 0.02144756327198
#Header 
#Target 75 181 0
#Product 75 172 0
#Datapoints 15
1000000 0
65000000 0
70000000 3.0013910732E-14
75000000 2.542404671184E-8
80000000 6.730078393142E-6
90000000 0.0014009620985676
100000000 0.02711754326985
110000000 0.05181750977142
120000000 0.04571430104444
130000000 0.03812492042784
140000000 0.03571428513624
150000000 0.0358824973575
160000000 0.03485961368412
180000000 0.02873400859674
200000000 0.02663468755801
#Header 
#Target 75 181 0
#Product 75 173 0
#Datapoints 16
1000000 0
60000000 0
65000000 3.415857970821E-9
70000000 5.09295253896E-6
75000000 0.00015111427472715
80000000 0.0016318458
90000000 0.03662920979964
100000000 0.07294779805575
110000000 0.06613339869188
120000000 0.05613089219556
130000000 0.05180905094196
140000000 0.05139181438009
150000000 0.04912464681927
160000000 0.04537198895522
180000000 0.04237748756214
200000000 0.04135809194763
#Header 
#Target 75 181 0
#Product 75 174 0
#Datapoints 18
1000000 0
50000000 0
55000000 3.97088755764E-12
60000000 6.656779836052E-7
65000000 7.788863854362E-5
70000000 0.001151282467582
75000000 0.010922103073035
80000000 0.04148833772512
90000000 0.09308747223972
100000000 0.0824002874535
110000000 0.07218507966036
120000000 0.06850389503608
130000000 0.06683074809588
140000000 0.06379098089407
150000000 0.06186961710129
160000000 0.06112517129086
180000000 0.05838347799858
200000000 0.05406621667149
#Header 
#Target 75 181 0
#Product 75 175 0
#Datapoints 20
1000000 0
40000000 0
45000000 1.828383375525E-13
50000000 5.319533866605E-7
55000000 8.763739353489E-5
60000000 0.0014272471174855
65000000 0.012831341900862
70000000 0.0476639800962
75000000 0.08998657966452
80000000 0.10780573511422
90000000 0.100094294754
100000000 0.09532339158315
110000000 0.09105557872058
120000000 0.0861564984749
130000000 0.08325935500476
140000000 0.08193391830094
150000000 0.08081381577975
160000000 0.07951813699439
180000000 0.07722225511071
200000000 0.07426705565635
#Header 
#Target 75 181 0
#Product 75 176 0
#Datapoints 21
1000000 0
35000000 0
40000000 4.061103740078E-9
45000000 2.560933410525E-5
50000000 0.0006870117498783
55000000 0.009082067994238
60000000 0.04770047059043
65000000 0.09612501350154
70000000 0.11730222582
75000000 0.1152509329293
80000000 0.11178265211854
90000000 0.10796308251948
100000000 0.10689561861105
110000000 0.1024012705275
120000000 0.09792632876446
130000000 0.09359093600604
140000000 0.08945918422698
150000000 0.08662176456171
160000000 0.08523610532975
180000000 0.08268915596661
200000000 0.07952517717997
#Header 
#Target 75 181 0
#Product 75 177 0
#Datapoints 24
1000000 0
26000000 0
28000000 1.4307692076E-13
30000000 1.3703789862E-9
35000000 3.627978979509E-5
40000000 0.0010130184988182
45000000 0.01273646533957
50000000 0.05560003100372
55000000 0.11112422637065
60000000 0.14011374043843
65000000 0.14718118045782
70000000 0.15157969846552
75000000 0.15382622408832
80000000 0.15368477154368
90000000 0.15037594425072
100000000 0.14353445101575
110000000 0.14006290228428
120000000 0.13590764109188
130000000 0.1314635515176
140000000 0.12739858284735
150000000 0.12350082818625
160000000 0.1195402322247
180000000 0.11124375840591
200000000 0.10272753443652
#Header 
#Target 75 181 0
#Product 75 178 0
#Datapoints 27
1000000 0
20000000 0
22000000 2.365158474E-10
24000000 2.5205404875E-7
26000000 1.51167996428E-5
28000000 0.00016389598424
30000000 0.00061588298122
35000000 0.007215746620035
40000000 0.0462083219899
45000000 0.1038607202829
50000000 0.14407431535245
55000000 0.16223386622158
60000000 0.17086946426436
65000000 0.17333785371174
70000000 0.17264737053668
75000000 0.17111792139162
80000000 0.16941545681814
90000000 0.1622076243588
100000000 0.1546091054124
110000000 0.14697965446156
120000000 0.13933449923708
130000000 0.13241552566776
140000000 0.12593563757915
150000000 0.12097293404625
160000000 0.11516541611824
180000000 0.10624795358739
200000000 0.09690495364807
#Header 
#Target 75 181 0
#Product 75 179 0
#Datapoints 36
1000000 0
11000000 0
12000000 3.8486180025E-14
13000000 2.6756173545E-12
14000000 1.3755798671E-10
15000000 5.77713991024E-9
16000000 1.2197497393587E-7
17000000 1.3692201498E-6
18000000 9.2255504708E-6
19000000 3.9806495664E-5
20000000 0.000118528997932
22000000 0.0006012700281
24000000 0.002350330325
26000000 0.007706210049
28000000 0.018421895776
30000000 0.035286004678
35000000 0.10114294353129
40000000 0.16219672697851
45000000 0.1986673830925
50000000 0.2140940610186
55000000 0.217121563572
60000000 0.2178670604175
65000000 0.2157962460093
70000000 0.2131348250512
75000000 0.2090372201526
80000000 0.2038726605448
90000000 0.1900209141468
100000000 0.1782843151965
110000000 0.16646594583832
120000000 0.15625182924498
130000000 0.14764490652144
140000000 0.13969405245388
150000000 0.13191748372404
160000000 0.12547499863961
180000000 0.11395165460736
200000000 0.10306651159278
#Header 
#Target 75 181 0
#Product 75 180 0
#Datapoints 38
1000000 0
9000000 0
10000000 4.00090509E-11
11000000 4.2431703727E-9
12000000 1.28035001025E-7
13000000 3.41513994636E-6
14000000 4.83332946391E-5
15000000 0.000294355969296
16000000 0.001038149590929
17000000 0.002628609647
18000000 0.0054163797478
19000000 0.009735260232
20000000 0.016093894186
22000000 0.035328300336
24000000 0.062998704125
26000000 0.095332494948
28000000 0.127712996848
30000000 0.158529011966
35000000 0.2139458477934
40000000 0.2381936673312
45000000 0.2445283704745
50000000 0.2416998019947
55000000 0.2381883180069
60000000 0.2332579524214
65000000 0.2239813000393
70000000 0.2161957594628
75000000 0.206471280939
80000000 0.1985698869596
90000000 0.1813540452516
100000000 0.16667772306495
110000000 0.15383539491844
120000000 0.14260437253874
130000000 0.132848520999
140000000 0.12488568004134
150000000 0.1169991004575
160000000 0.11046058954829
180000000 0.09916672255014
200000000 0.08898956134676
#Header 
#Target 75 181 0
#Product 75 181 0
#Datapoints 45
1000000 0
2000000 0
3000000 1.0976599173E-14
4000000 4.91819162E-11
5000000 5.1589797357E-9
6000000 3.8451498123E-7
7000000 1.3429003416129E-5
8000000 0.0002158839961
9000000 0.0016401204625
10000000 0.0062113007817
11000000 0.0140358990758
12000000 0.02417739921
13000000 0.0370064017763
14000000 0.0524884024198
15000000 0.0693488946048
16000000 0.085900509026365
17000000 0.100874008309
18000000 0.113905998354
19000000 0.12531404904
20000000 0.13545600544
22000000 0.15266600118
24000000 0.1638270025
26000000 0.16971793192
28000000 0.1718090816
30000000 0.17062307992
35000000 0.16020491641281
40000000 0.15020774313188
45000000 0.14215461492295
50000000 0.13783433637519
55000000 0.13283907425526
60000000 0.1264498561242
65000000 0.12074351187523
70000000 0.1134652863786
75000000 0.10737206343822
80000000 0.09995050085514
90000000 0.08647966366452
100000000 0.07365126580725
110000000 0.0619975368711
120000000 0.05173916547464
130000000 0.04297212433056
140000000 0.03563499227034
150000000 0.02955565830498
160000000 0.02466311708773
180000000 0.01753693640235
200000000 0.013040806415993
#Header 
#Target 75 181 0
#Product 76 170 0
#Datapoints 10
1000000 0
100000000 0
110000000 3.4382149531E-5
120000000 0.0008182496517496
130000000 0.0012270092227668
140000000 0.0008095545406492
150000000 0.0005579215960548
160000000 0.0004526639572362
180000000 0.0004510438681566
200000000 0.0003462796204679
#Header 
#Target 75 181 0
#Product 76 171 0
#Datapoints 11
1000000 0
90000000 0
100000000 5.870945084685E-5
110000000 0.00280533765061
120000000 0.005013802382344
130000000 0.002993255724696
140000000 0.001684128582724
150000000 0.0013991514880779
160000000 0.0013582059034984
180000000 0.0009067005065076
200000000 0.0007886760353767
#Header 
#Target 75 181 0
#Product 76 172 0
#Datapoints 12
1000000 0
80000000 0
90000000 0.0003104496720972
100000000 0.010653562807155
110000000 0.01717977566756
120000000 0.010057102385806
130000000 0.005522572596552
140000000 0.004569265180501
150000000 0.003915146446377
160000000 0.003065937417194
180000000 0.00252669350445
200000000 0.001872781005091
#Header 
#Target 75 181 0
#Product 76 173 0
#Datapoints 14
1000000 0
70000000 0
75000000 7.652512547589E-9
80000000 0.0002402280091744
90000000 0.01835760553452
100000000 0.032179782036
110000000 0.01740246844702
120000000 0.00894228742995
130000000 0.007129194802596
140000000 0.00589883790242
150000000 0.004480412374875
160000000 0.003948643088312
180000000 0.003076722675636
200000000 0.002203602846825
#Header 
#Target 75 181 0
#Product 76 174 0
#Datapoints 16
1000000 0
60000000 0
65000000 8.032170644954E-7
70000000 0.0014029987870756
75000000 0.017822479268055
80000000 0.05729769609876
90000000 0.082372175586
100000000 0.03782940855255
110000000 0.02009226728242
120000000 0.015347394553932
130000000 0.01197010630728
140000000 0.009298414939133
150000000 0.008258113377021
160000000 0.007062608037777
180000000 0.00497581057221
200000000 0.004064504266935
#Header 
#Target 75 181 0
#Product 76 175 0
#Datapoints 17
1000000 0
55000000 0
60000000 0.002337429457269
65000000 0.04144668978782
70000000 0.12530309378756
75000000 0.17043894031773
80000000 0.14034905569178
90000000 0.0540819293256
100000000 0.02931256429095
110000000 0.02109543289636
120000000 0.015958671545754
130000000 0.012698574413364
140000000 0.010702845639667
150000000 0.0090175423746
160000000 0.007515999766328
180000000 0.00569433347175
200000000 0.004636494326501
#Header 
#Target 75 181 0
#Product 76 176 0
#Datapoints 19
1000000 0
45000000 0
50000000 0.006294690112088
55000000 0.09215556460652
60000000 0.2434857764276
65000000 0.2872635138963
70000000 0.2051329030556
75000000 0.1164119068539
80000000 0.0688525604975
90000000 0.03957332879736
100000000 0.0279939142515
110000000 0.02070004968036
120000000 0.016315556447764
130000000 0.013675035093888
140000000 0.011455513305468
150000000 0.009634566135648
160000000 0.008372085826366
180000000 0.006783720988632
200000000 0.005483018716094
#Header 
#Target 75 181 0
#Product 76 177 0
#Datapoints 21
1000000 0
35000000 0
40000000 0.005114782090677
45000000 0.203713403957
50000000 0.4606418920796
55000000 0.4522528334535
60000000 0.2732705567892
65000000 0.14186324457934
70000000 0.0859080006486
75000000 0.06340525919742
80000000 0.05144161799764
90000000 0.03657452044752
100000000 0.02784472068315
110000000 0.02233168714156
120000000 0.01869137085998
130000000 0.015724149658812
140000000 0.013759113754591
150000000 0.012139590833346
160000000 0.0110289601227
180000000 0.009096194186703
200000000 0.007537489283505
#Header 
#Target 75 181 0
#Product 76 178 0
#Datapoints 23
1000000 0
28000000 0
30000000 0.0152127989692
35000000 0.4044146955399
40000000 0.7416597997263
45000000 0.596315486837
50000000 0.2901445683878
55000000 0.14889896658585
60000000 0.10049308946116
65000000 0.07909253134252
70000000 0.0655181055906
75000000 0.05604818685396
80000000 0.04893716985352
90000000 0.03846266101044
100000000 0.03119671757625
110000000 0.0262811394099
120000000 0.02280930704416
130000000 0.01999208260752
140000000 0.01778303860142
150000000 0.015933633551154
160000000 0.014422024739096
180000000 0.012178836150441
200000000 0.010320151449275
#Header 
#Target 75 181 0
#Product 76 179 0
#Datapoints 27
1000000 0
20000000 0
22000000 0.088830708372
24000000 0.4754249325
26000000 0.78340091514
28000000 0.95307887856
30000000 1.01746999438
35000000 0.6572326254129
40000000 0.2692146016049
45000000 0.1459986013318
50000000 0.10971648203523
55000000 0.09011487863925
60000000 0.07734510008193
65000000 0.06684148180523
70000000 0.0585617054438
75000000 0.05177427145422
80000000 0.04603262938248
90000000 0.03714729422688
100000000 0.03070093533735
110000000 0.02598395438746
120000000 0.02250111070438
130000000 0.0198464834628
140000000 0.01764914878675
150000000 0.015846336406875
160000000 0.014375026266612
180000000 0.012087138293313
200000000 0.010265254636515
#Header 
#Target 75 181 0
#Product 76 180 0
#Datapoints 36
1000000 0
11000000 0
12000000 0.094780078425
13000000 0.275621980787
14000000 0.432864979035
15000000 0.575651966448
16000000 0.70867503592083
17000000 0.82415694396
18000000 0.91703300882
19000000 0.9887239488
20000000 1.04260996073
22000000 1.01917002978
24000000 0.69471605
26000000 0.42087393528
28000000 0.26962594808
30000000 0.19591693792
35000000 0.13643691209031
40000000 0.11397981958958
45000000 0.0972888331114
50000000 0.08396059692951
55000000 0.07284618935165
60000000 0.06403902262763
65000000 0.05610181461368
70000000 0.04927854764456
75000000 0.04352600782992
80000000 0.03864749363514
90000000 0.03103605644868
100000000 0.0255480992418
110000000 0.02159741619926
120000000 0.01868466038964
130000000 0.016385223433224
140000000 0.014615578862764
150000000 0.013165349477904
160000000 0.011957522974188
180000000 0.010028917258989
200000000 0.008485589532113
#Header 
#Target 75 181 0
#Product 76 181 0
#Datapoints 44
1000000 0
3000000 0
4000000 1.06465999376E-6
5000000 5.1438304503E-5
6000000 0.00060911302281
7000000 0.0038437104367116
8000000 0.0152784979692
9000000 0.041027200875
10000000 0.078009194718
11000000 0.115702991873
12000000 0.103356026325
13000000 0.068735195481
14000000 0.0494359965155
15000000 0.0367462005008
16000000 0.026212502389227
17000000 0.018167805379
18000000 0.012896995752
19000000 0.009922250544
20000000 0.0082053503271
22000000 0.006754839399
24000000 0.00614754
26000000 0.0057078294392
28000000 0.0053675602976
30000000 0.0050570601998
35000000 0.004324836864126
40000000 0.003728693558716
45000000 0.003151241987075
50000000 0.002682067340722
55000000 0.002373554502594
60000000 0.002015701596429
65000000 0.0018027976770199
70000000 0.0015133070745572
75000000 0.001372345182264
80000000 0.0011728853611098
90000000 0.0009337707197352
100000000 0.0007703646317985
110000000 0.0006512343316832
120000000 0.0005675856382028
130000000 0.0004996264442436
140000000 0.0004440220500459
150000000 0.0004005822649152
160000000 0.0003638764891254
180000000 0.0003053043974487
200000000 0.0002572052767516
#Header 
#Target 75 181 0
#Product 76 182 0
#Datapoints 45
1000000 0
2000000 2.25321981732E-12
3000000 2.479889913E-8
4000000 2.14348004416E-6
5000000 1.5667896191E-5
6000000 0.000114358991461
7000000 0.00042517303262721
8000000 0.00091870611154
9000000 0.0012657998
10000000 0.00123447002427
11000000 0.0010781298507
12000000 0.00099237305925
13000000 0.00099382387933
14000000 0.00105569986822
15000000 0.00114140017824
16000000 0.0012142099293049
17000000 0.0012323802679
18000000 0.0011886304184
19000000 0.00110249998584
20000000 0.00100667997011
22000000 0.00082708504704
24000000 0.00069142703875
26000000 0.00060112196904
28000000 0.00054458100908
30000000 0.00050306499926
35000000 0.0004410318485034
40000000 0.0003922002897988
45000000 0.0003696989899155
50000000 0.0003405794457317
55000000 0.0003224176920065
60000000 0.0002988742633353
65000000 0.000283152528559
70000000 0.0002611829706304
75000000 0.000248561623065
80000000 0.0002316020722756
90000000 0.0002041024016628
100000000 0.0001797173243745
110000000 0.000153358412787
120000000 0.00014382032315182
130000000 0.00012972164522268
140000000 0.00010990031752015
150000000 9.300149739921E-5
160000000 8.600208305784E-5
180000000 7.626329017092E-5
200000000 6.067907394152E-5
