#Header 
#Target 60 141 1
#Product 0 1 0
#Datapoints 44
1000000 0
3000000 0
4000000 2.67366494E-5
5000000 0.0020752052152
6000000 0.013941173248
7000000 0.050670592461
8000000 0.12818962117
9000000 0.25139532726
10000000 0.40330823036
11000000 0.55435049436
12000000 0.686022094273
13000000 0.79374528526
14000000 0.88071712631
15000000 1.032843243871
16000000 1.371248592
17000000 1.685114332
18000000 1.921211072
19000000 2.08326144
20000000 2.189510574
22000000 2.292402884
24000000 2.37236109
26000000 2.6243343
28000000 2.954038338
30000000 3.188983028
35000000 3.403065965
40000000 3.6656808
45000000 3.91371348
50000000 4.039205276
55000000 4.180106216
60000000 4.265726304
65000000 4.345251007
70000000 4.424549484
75000000 4.494553114
80000000 4.558630208
90000000 4.720565304
100000000 4.86636696
110000000 5.024936016
120000000 5.17245696
130000000 5.308395048
140000000 5.438198534
150000000 5.57756136
160000000 5.796420812
180000000 6.232900016
200000000 6.675524562
#Header 
#Target 60 141 1
#Product 1 1 0
#Datapoints 45
1000000 0
2000000 1.706911972E-14
3000000 5.408666388E-10
4000000 1.50476888E-7
5000000 4.14739687E-6
6000000 6.051455596E-5
7000000 0.00039179721492
8000000 0.001388264805
9000000 0.003295408236
10000000 0.006125072408
11000000 0.010216157328
12000000 0.01777451943989
13000000 0.03432188138
14000000 0.067624564091
15000000 0.110230593575
16000000 0.1220456384
17000000 0.1257561248
18000000 0.1309730048
19000000 0.13866528
20000000 0.1499896062
22000000 0.1815552176
24000000 0.2320731842
26000000 0.2926756035
28000000 0.3456508842
30000000 0.3990233719
35000000 0.5554981835
40000000 0.7296605675
45000000 0.8125040784
50000000 0.920989252
55000000 1.0261732364
60000000 1.1170287996
65000000 1.1952276904
70000000 1.2495604092
75000000 1.3048955567
80000000 1.349540896
90000000 1.421357301
100000000 1.481526872
110000000 1.543298136
120000000 1.599450624
130000000 1.650268884
140000000 1.696822562
150000000 1.742485299
160000000 1.8008921
180000000 1.927472848
200000000 2.077504947
#Header 
#Target 60 141 1
#Product 1 2 0
#Datapoints 41
1000000 0
6000000 0
7000000 3.8998184832E-18
8000000 1.1227561657E-13
9000000 2.3616761226E-11
10000000 7.001954736E-10
11000000 9.353955208E-9
12000000 3.409756596776E-7
13000000 7.1586082706E-6
14000000 6.6596543646E-5
15000000 0.0003349536985732
16000000 0.0010645215392
17000000 0.002424726468
18000000 0.004382777344
19000000 0.0067893072
20000000 0.009485093172
22000000 0.01530430156
24000000 0.02126622432
26000000 0.02706428025
28000000 0.03156253191
30000000 0.03672384771
35000000 0.04827529785
40000000 0.05821282775
45000000 0.06681508944
50000000 0.07503826296
55000000 0.07987205252
60000000 0.08714563172
65000000 0.09121702058
70000000 0.09702255192
75000000 0.10064209619
80000000 0.1056772816
90000000 0.10467306486
100000000 0.10423276472
110000000 0.10075554456
120000000 0.09845922816
130000000 0.09646049292
140000000 0.09465361777
150000000 0.09307760538
160000000 0.0929069414
180000000 0.0951745984
200000000 0.10028154381
#Header 
#Target 60 141 1
#Product 1 3 0
#Datapoints 36
1000000 0
11000000 0
12000000 3.258789886948E-16
13000000 2.9948923646E-13
14000000 2.6948567221E-11
15000000 1.44180621086E-9
16000000 5.617656856E-8
17000000 9.188928532E-7
18000000 7.339268288E-6
19000000 3.29806464E-5
20000000 9.73681332E-5
22000000 0.0003806027428
24000000 0.0009093643922
26000000 0.00161712054
28000000 0.002434065984
30000000 0.003280956803
35000000 0.005516321395
40000000 0.0076722276
45000000 0.009561728292
50000000 0.011191095452
55000000 0.012707650332
60000000 0.014213587808
65000000 0.015754708854
70000000 0.01738140828
75000000 0.01909565822
80000000 0.0209323312
90000000 0.0250614
100000000 0.02974639304
110000000 0.03289533912
120000000 0.03614270976
130000000 0.0394413162
140000000 0.04264325543
150000000 0.045858009
160000000 0.04910051076
180000000 0.05510575392
200000000 0.06195674142
#Header 
#Target 60 141 1
#Product 2 3 0
#Datapoints 37
1000000 0
10000000 0
11000000 6.94564338E-20
12000000 1.388861322033E-17
13000000 6.6334325667E-16
14000000 2.1407669464E-14
15000000 1.107571126179E-12
16000000 3.791849656E-11
17000000 7.034161972E-10
18000000 8.049245952E-9
19000000 6.38162304E-8
20000000 3.803343396E-7
22000000 7.031626424E-6
24000000 6.358621632E-5
26000000 0.000296224362
28000000 0.0008524283652
30000000 0.001684431776
35000000 0.004674846735
40000000 0.008108121425
45000000 0.011509972308
50000000 0.014627032944
55000000 0.01732700424
60000000 0.01951847016
65000000 0.02146389591
70000000 0.02320919244
75000000 0.02494087011
80000000 0.02661847232
90000000 0.030206358
100000000 0.0341982704
110000000 0.03675531024
120000000 0.0392933376
130000000 0.04184753628
140000000 0.04442505445
150000000 0.04697000289
160000000 0.04906481328
180000000 0.05326692056
200000000 0.05729315571
#Header 
#Target 60 141 1
#Product 2 4 0
#Datapoints 45
1000000 0
2000000 1.6158096988E-16
3000000 4.8949932E-12
4000000 1.5804056308E-9
5000000 3.89762148E-8
6000000 5.071957656E-7
7000000 3.6110324763E-6
8000000 1.551225198E-5
9000000 4.599057492E-5
10000000 0.00010647074872
11000000 0.000214513273
12000000 0.0004058804951401
13000000 0.00075877832344
14000000 0.0013963540964
15000000 0.00232394955249
16000000 0.00324639644
17000000 0.004354770936
18000000 0.005758977664
19000000 0.00764870496
20000000 0.010573718868
22000000 0.02764038528
24000000 0.0348982876
26000000 0.02409735825
28000000 0.02553656886
30000000 0.02808933419
35000000 0.03546308675
40000000 0.042985031
45000000 0.048229617
50000000 0.05272482768
55000000 0.05702392748
60000000 0.0608399358
65000000 0.06385844774
70000000 0.06592069944
75000000 0.0686425269
80000000 0.07279417024
90000000 0.07696414908
100000000 0.07739312392
110000000 0.07860244632
120000000 0.07917654528
130000000 0.08007989616
140000000 0.08023388195
150000000 0.08043722283
160000000 0.08663529952
180000000 0.0990262868
200000000 0.10986782436
#Header 
#Target 60 141 1
#Product 52 114 0
#Datapoints 8
1000000 0
120000000 0
130000000 3.555544344E-14
140000000 5.014428361E-11
150000000 5.085239193E-9
160000000 1.16570003256E-7
180000000 8.509339552E-6
200000000 0.00021827502039
#Header 
#Target 60 141 1
#Product 52 115 0
#Datapoints 8
1000000 0
120000000 0
130000000 6.199762404E-13
140000000 4.42756556E-10
150000000 1.18368991761E-8
160000000 1.4776703788E-7
180000000 7.454289836E-6
200000000 0.000124532997246
#Header 
#Target 60 141 1
#Product 53 115 0
#Datapoints 8
1000000 0
120000000 0
130000000 2.543145396E-13
140000000 2.505532606E-10
150000000 6.5516095443E-9
160000000 8.5940100904E-8
180000000 1.0643900764E-5
200000000 0.00024751194552
#Header 
#Target 60 141 1
#Product 53 116 0
#Datapoints 9
1000000 0
110000000 0
120000000 3.692929536E-14
130000000 1.415629116E-10
140000000 9.7654002244E-9
150000000 7.1000499042E-8
160000000 7.6789097672E-7
180000000 3.976549276E-5
200000000 0.00056944399617
#Header 
#Target 60 141 1
#Product 53 117 0
#Datapoints 10
1000000 0
100000000 0
110000000 9.96239964E-15
120000000 7.32644352E-11
130000000 7.4801697828E-9
140000000 7.3788306399E-8
150000000 3.1430804247E-7
160000000 2.7136701256E-6
180000000 6.8980590952E-5
200000000 0.00060140301858
#Header 
#Target 60 141 1
#Product 53 118 0
#Datapoints 10
1000000 0
100000000 0
110000000 4.577022144E-13
120000000 4.462760448E-10
130000000 1.4063593632E-8
140000000 6.5521900541E-8
150000000 2.124110703E-7
160000000 1.30165996548E-6
180000000 1.8363403744E-5
200000000 0.000106727997222
#Header 
#Target 60 141 1
#Product 54 116 0
#Datapoints 7
1000000 0
130000000 0
140000000 2.328397826E-12
150000000 1.1590899462E-9
160000000 9.8003299324E-8
180000000 1.13881005672E-5
200000000 0.00023859003441
#Header 
#Target 60 141 1
#Product 54 117 0
#Datapoints 8
1000000 0
120000000 0
130000000 3.381134856E-13
140000000 9.976024465E-10
150000000 7.9124800209E-8
160000000 1.58065957E-6
180000000 7.05521978E-5
200000000 0.00091295000559
#Header 
#Target 60 141 1
#Product 54 118 0
#Datapoints 9
1000000 0
110000000 0
120000000 2.619869184E-14
130000000 4.991730612E-10
140000000 1.22055993064E-7
150000000 1.644460002E-6
160000000 1.3539204224E-5
180000000 0.0003046360436
200000000 0.0022134394275
#Header 
#Target 60 141 1
#Product 54 119 0
#Datapoints 9
1000000 0
110000000 0
120000000 2.695279104E-11
130000000 3.9960696996E-8
140000000 1.3490006008E-6
150000000 6.617640051E-6
160000000 3.613859886E-5
180000000 0.00049018701256
200000000 0.0022445199021
#Header 
#Target 60 141 1
#Product 54 120 0
#Datapoints 10
1000000 0
100000000 0
110000000 1.4068389504E-11
120000000 3.4435404288E-8
130000000 1.7683800552E-6
140000000 9.4723895525E-6
150000000 2.2613699274E-5
160000000 8.8935197932E-5
180000000 0.00072601703832
200000000 0.0022467096456
#Header 
#Target 60 141 1
#Product 54 121 0
#Datapoints 11
1000000 0
90000000 0
100000000 7.620103456E-14
110000000 2.1747096168E-9
120000000 4.0311502848E-7
130000000 3.8113204536E-6
140000000 9.4081199091E-6
150000000 2.0854905084E-5
160000000 6.9526294992E-5
180000000 0.0003340030036
200000000 0.00080402698929
#Header 
#Target 60 141 1
#Product 54 122 0
#Datapoints 12
1000000 0
80000000 0
90000000 2.634940854E-14
100000000 5.265198064E-10
110000000 1.2856800372E-7
120000000 1.6871404032E-6
130000000 5.1346096164E-6
140000000 1.01235997111E-5
150000000 2.0705294487E-5
160000000 4.8773401544E-5
180000000 0.00015459998848
200000000 0.00029281805406
#Header 
#Target 60 141 1
#Product 55 118 0
#Datapoints 8
1000000 0
120000000 0
130000000 3.344112948E-13
140000000 8.856939985E-10
150000000 2.343070461E-8
160000000 2.613689722E-7
180000000 2.1259793912E-5
200000000 0.00026686700628
#Header 
#Target 60 141 1
#Product 55 119 0
#Datapoints 9
1000000 0
110000000 0
120000000 7.173328896E-13
130000000 1.9281901584E-9
140000000 1.11226010132E-7
150000000 6.7771695753E-7
160000000 6.1722799712E-6
180000000 0.00017675998872
200000000 0.00100319999997
#Header 
#Target 60 141 1
#Product 55 120 0
#Datapoints 10
1000000 0
100000000 0
110000000 2.068696008E-14
120000000 5.607346176E-10
130000000 7.6083909396E-8
140000000 5.4865702639E-7
150000000 1.6904701215E-6
160000000 1.00767003456E-5
180000000 0.00013740903176
200000000 0.00058033591917
#Header 
#Target 60 141 1
#Product 55 121 0
#Datapoints 11
1000000 0
90000000 0
100000000 1.0799598488E-14
110000000 4.943577816E-10
120000000 8.6825696256E-8
130000000 7.57960005E-7
140000000 2.1332306718E-6
150000000 7.9919094786E-6
160000000 3.6584804284E-5
180000000 0.00024961697992
200000000 0.00075771094833
#Header 
#Target 60 141 1
#Product 55 122 0
#Datapoints 12
1000000 0
80000000 0
90000000 1.637747748E-15
100000000 3.487210384E-10
110000000 1.2035399532E-7
120000000 2.1987500544E-6
130000000 6.503150346E-6
140000000 1.8767805113E-5
150000000 5.4657297204E-5
160000000 0.0001698709698
180000000 0.00076111106848
200000000 0.0016933305417
#Header 
#Target 60 141 1
#Product 55 123 0
#Datapoints 12
1000000 0
80000000 0
90000000 1.0659586392E-10
100000000 4.2905603104E-8
110000000 8.0788791216E-7
120000000 2.6512593408E-6
130000000 9.6500505948E-6
140000000 2.6951405151E-5
150000000 4.6226499993E-5
160000000 0.00010119300646
180000000 0.00031491101712
200000000 0.00057400207032
#Header 
#Target 60 141 1
#Product 55 124 0
#Datapoints 14
1000000 0
70000000 0
75000000 6.366610868E-15
80000000 3.917136256E-12
90000000 1.5165699822E-8
100000000 1.02278993152E-6
110000000 6.2393807856E-6
120000000 1.169970048E-5
130000000 3.5459292528E-5
140000000 7.3738006553E-5
150000000 0.000110933989245
160000000 0.00020370394296
180000000 0.00043367600472
200000000 0.00060389604471
#Header 
#Target 60 141 1
#Product 55 125 0
#Datapoints 16
1000000 0
60000000 0
65000000 5.438732278E-15
70000000 5.337533724E-12
75000000 5.388960927E-10
80000000 1.6224702208E-8
90000000 1.05008990814E-6
100000000 6.7477597208E-6
110000000 1.06574001264E-5
120000000 2.3403299328E-5
130000000 5.6951291892E-5
140000000 8.5881493455E-5
150000000 0.000119990000292
160000000 0.00017916395224
180000000 0.00026702402104
200000000 0.00034177503927
#Header 
#Target 60 141 1
#Product 56 120 0
#Datapoints 8
1000000 0
120000000 0
130000000 6.111701112E-13
140000000 2.9558904147E-9
150000000 2.3581704042E-7
160000000 3.4172504576E-6
180000000 7.6672503096E-5
200000000 0.00048410697846
#Header 
#Target 60 141 1
#Product 56 121 0
#Datapoints 9
1000000 0
110000000 0
120000000 1.654331904E-13
130000000 3.2142996996E-9
140000000 9.0453098265E-7
150000000 9.450109512E-6
160000000 6.3220001712E-5
180000000 0.0007282159696
200000000 0.0029434999104
#Header 
#Target 60 141 1
#Product 56 122 0
#Datapoints 10
1000000 0
100000000 0
110000000 9.319465584E-15
120000000 2.9943903744E-9
130000000 1.783339734E-6
140000000 3.3704407358E-5
150000000 0.000113178994728
160000000 0.00042668204068
180000000 0.0027722205056
200000000 0.0074889000522
#Header 
#Target 60 141 1
#Product 56 123 0
#Datapoints 10
1000000 0
100000000 0
110000000 4.349148744E-10
120000000 1.7702903808E-6
130000000 5.8016198592E-5
140000000 0.00022344493976
150000000 0.00040439502315
160000000 0.00113417994228
180000000 0.0048432003256
200000000 0.0105598001229
#Header 
#Target 60 141 1
#Product 56 124 0
#Datapoints 11
1000000 0
90000000 0
100000000 2.548146776E-10
110000000 1.413279984E-6
120000000 7.6583895552E-5
130000000 0.00037798905804
140000000 0.0006415119624
150000000 0.00116890001529
160000000 0.0028808507084
180000000 0.0082264793016
200000000 0.013960895844
#Header 
#Target 60 141 1
#Product 56 125 0
#Datapoints 12
1000000 0
80000000 0
90000000 1.917241326E-12
100000000 1.8904597208E-7
110000000 2.594460168E-5
120000000 0.00022550206464
130000000 0.00048353997252
140000000 0.00077317201029
150000000 0.0014409401211
160000000 0.0026383196756
180000000 0.0053370294824
200000000 0.0074697502089
#Header 
#Target 60 141 1
#Product 56 126 0
#Datapoints 13
1000000 0
75000000 0
80000000 2.653295392E-12
90000000 1.13601011706E-7
100000000 2.2599498544E-5
110000000 0.00024967204416
120000000 0.00055629199872
130000000 0.00091810497768
140000000 0.0016335096072
150000000 0.0022300298736
160000000 0.0032894404032
180000000 0.0056895304648
200000000 0.0061153200213
#Header 
#Target 60 141 1
#Product 56 127 0
#Datapoints 15
1000000 0
65000000 0
70000000 1.2454499568E-14
75000000 1.1794200194E-11
80000000 2.5237599904E-9
90000000 2.102909445E-6
100000000 3.3578896288E-5
110000000 8.6354396496E-5
120000000 0.000117787004928
130000000 0.00019900302048
140000000 0.00028559807712
150000000 0.00038005099419
160000000 0.00051541394604
180000000 0.00066295296648
200000000 0.00066885305025
#Header 
#Target 60 141 1
#Product 56 128 0
#Datapoints 17
1000000 0
55000000 0
60000000 9.07494868E-14
65000000 4.508931539E-11
70000000 4.464510054E-9
75000000 2.0369397832E-7
80000000 3.644090384E-6
90000000 7.7319195408E-5
100000000 0.000210867986
110000000 0.00026089200912
120000000 0.00037095003648
130000000 0.0005728429872
140000000 0.00072486204978
150000000 0.0008763350445
160000000 0.00099229095868
180000000 0.00108144997184
200000000 0.00112686005313
#Header 
#Target 60 141 1
#Product 56 129 0
#Datapoints 18
1000000 0
50000000 0
55000000 2.174681184E-13
60000000 2.356327428E-11
65000000 9.766781995E-10
70000000 3.7377599688E-8
75000000 4.1304102409E-7
80000000 1.6337404864E-6
90000000 4.4339307012E-6
100000000 4.3996502312E-6
110000000 5.9488707288E-6
120000000 1.04117004288E-5
130000000 1.3924996008E-5
140000000 1.8637700823E-5
150000000 2.1067806876E-5
160000000 2.419530736E-5
180000000 2.746490432E-5
200000000 2.8803406401E-5
#Header 
#Target 60 141 1
#Product 56 130 0
#Datapoints 21
1000000 0
35000000 0
40000000 2.866686325E-15
45000000 2.552395494E-12
50000000 1.868981484E-10
55000000 7.5741497312E-9
60000000 3.3326298516E-7
65000000 3.6291597262E-6
70000000 1.27050986448E-5
75000000 2.7681399247E-5
80000000 4.6927397088E-5
90000000 5.707350558E-5
100000000 6.060061028E-5
110000000 9.0289696152E-5
120000000 0.000118977002496
130000000 0.00014582498568
140000000 0.00016585094614
150000000 0.00018483303984
160000000 0.00019677601664
180000000 0.00021696002272
200000000 0.00022409999052
#Header 
#Target 60 141 1
#Product 57 122 0
#Datapoints 9
1000000 0
110000000 0
120000000 6.202469376E-15
130000000 3.931820442E-9
140000000 1.7475793139E-7
150000000 7.5781795002E-7
160000000 3.6599501708E-6
180000000 5.5108203304E-5
200000000 0.00021713105295
#Header 
#Target 60 141 1
#Product 57 123 0
#Datapoints 10
1000000 0
100000000 0
110000000 1.2142996632E-13
120000000 1.3295100672E-8
130000000 1.3811795712E-6
140000000 6.5856406576E-6
150000000 1.28481998832E-5
160000000 5.590820326E-5
180000000 0.00042588003864
200000000 0.00119563995957
#Header 
#Target 60 141 1
#Product 57 124 0
#Datapoints 11
1000000 0
90000000 0
100000000 6.970606888E-15
110000000 7.9570193304E-9
120000000 2.1099197952E-6
130000000 1.6662197112E-5
140000000 3.1029096023E-5
150000000 7.1785891848E-5
160000000 0.00025788003388
180000000 0.00112443999528
200000000 0.0023910497121
#Header 
#Target 60 141 1
#Product 57 125 0
#Datapoints 12
1000000 0
80000000 0
90000000 2.47348647E-14
100000000 6.2564096448E-8
110000000 1.13613000024E-5
120000000 9.4120704E-5
130000000 0.00018825796572
140000000 0.00048182804
150000000 0.00113226003486
160000000 0.00248323047
180000000 0.0061874299592
200000000 0.0093377503422
#Header 
#Target 60 141 1
#Product 57 126 0
#Datapoints 12
1000000 0
80000000 0
90000000 1.1098499958E-8
100000000 7.6498502808E-6
110000000 0.0001533189996
120000000 0.00041438297088
130000000 0.0008377800816
140000000 0.0021924100351
150000000 0.0031398398097
160000000 0.00527377963
180000000 0.0111682984896
200000000 0.013207396902
#Header 
#Target 60 141 1
#Product 57 127 0
#Datapoints 14
1000000 0
70000000 0
75000000 6.989576292E-12
80000000 5.2628008224E-9
90000000 9.0136892664E-6
100000000 0.00019039205584
110000000 0.00049664694072
120000000 0.0008497529856
130000000 0.0023310695496
140000000 0.0035329598866
150000000 0.0047446902375
160000000 0.007205699788
180000000 0.0107947007448
200000000 0.0120608989515
#Header 
#Target 60 141 1
#Product 57 128 0
#Datapoints 16
1000000 0
60000000 0
65000000 5.054685862E-14
70000000 6.61633422E-10
75000000 1.7028202462E-7
80000000 5.6436604224E-6
90000000 0.00024687203814
100000000 0.0006988409792
110000000 0.00075711208344
120000000 0.002024310528
130000000 0.0037039705164
140000000 0.0045371399022
150000000 0.0058196908539
160000000 0.0073481196572
180000000 0.0086000001024
200000000 0.0084198590889
#Header 
#Target 60 141 1
#Product 57 129 0
#Datapoints 18
1000000 0
50000000 0
55000000 3.785428556E-14
60000000 2.718583532E-10
65000000 6.3623105687E-8
70000000 2.2441902804E-6
75000000 2.1157404894E-5
80000000 7.6057506976E-5
90000000 0.0001504649601
100000000 0.000138318000352
110000000 0.00040323293472
120000000 0.0007561119744
130000000 0.00099874407732
140000000 0.00122547990945
150000000 0.0014626905999
160000000 0.0016555105168
180000000 0.0019010797736
200000000 0.0018331295724
#Header 
#Target 60 141 1
#Product 57 130 0
#Datapoints 19
1000000 0
45000000 0
50000000 2.10215344E-11
55000000 1.60124001492E-8
60000000 1.4384699378E-6
65000000 3.2592799139E-5
70000000 0.00020067801372
75000000 0.0004800510906
80000000 0.00060276001984
90000000 0.00040400701614
100000000 0.00082859594104
110000000 0.0019887099792
120000000 0.0024679904256
130000000 0.0026358605988
140000000 0.0030641596943
150000000 0.0032758001427
160000000 0.0035885303664
180000000 0.0035242993744
200000000 0.0034104504063
#Header 
#Target 60 141 1
#Product 57 131 0
#Datapoints 22
1000000 0
30000000 0
35000000 1.4078292345E-14
40000000 4.5058306E-10
45000000 2.053209543E-7
50000000 7.6091607604E-6
55000000 5.273220212E-5
60000000 0.00018811896488
65000000 0.00036535397931
70000000 0.0004128529986
75000000 0.00031742000589
80000000 0.000239618016
90000000 0.0005643370278
100000000 0.00137479997368
110000000 0.0016868604912
120000000 0.0018000603648
130000000 0.0020096193216
140000000 0.0022107505863
150000000 0.0024519299937
160000000 0.002527120064
180000000 0.0026589204656
200000000 0.0029600195373
#Header 
#Target 60 141 1
#Product 57 132 0
#Datapoints 24
1000000 0
26000000 0
28000000 2.13066E-14
30000000 1.961750171E-12
35000000 2.317680534E-9
40000000 2.1904803375E-7
45000000 4.9310202756E-6
50000000 2.8043108684E-5
55000000 5.5937395488E-5
60000000 5.6852192852E-5
65000000 4.0894993867E-5
70000000 3.1421801628E-5
75000000 3.4755798408E-5
80000000 6.8815097472E-5
90000000 0.00022255805754
100000000 0.00028844906944
110000000 0.00030273801816
120000000 0.00033665601024
130000000 0.00038307504972
140000000 0.000424466921
150000000 0.00048023903796
160000000 0.00051617091568
180000000 0.00061436603648
200000000 0.00068525303007
#Header 
#Target 60 141 1
#Product 57 133 0
#Datapoints 32
1000000 0
15000000 0
16000000 1.434397776E-15
17000000 3.296720056E-14
18000000 4.732470336E-13
19000000 4.74293664E-12
20000000 3.813677796E-11
22000000 1.1963192992E-9
24000000 1.6772595048E-8
26000000 1.2403401003E-7
28000000 5.3530595307E-7
30000000 1.4824899644E-6
35000000 7.11547967E-6
40000000 2.816340025E-5
45000000 5.8060599348E-5
50000000 5.5783898204E-5
55000000 3.5899705296E-5
60000000 2.7435903628E-5
65000000 3.7657805775E-5
70000000 9.0077397072E-5
75000000 0.0001973869752
80000000 0.00030941601504
90000000 0.00038631204612
100000000 0.00041737505208
110000000 0.0004712760024
120000000 0.00055049504256
130000000 0.000663579972
140000000 0.00080329001451
150000000 0.00093031601874
160000000 0.00104623991948
180000000 0.0012680300668
200000000 0.0013999604451
#Header 
#Target 60 141 1
#Product 57 134 0
#Datapoints 39
1000000 0
8000000 0
9000000 4.217959416E-15
10000000 9.89343544E-14
11000000 1.2736549748E-12
12000000 9.30944938237E-12
13000000 4.9231343981E-11
14000000 1.9378756257E-10
15000000 6.18137337605E-10
16000000 1.7498099808E-9
17000000 4.4759998676E-9
18000000 1.05022993856E-8
19000000 2.270669856E-8
20000000 4.5706299666E-8
22000000 1.6961299408E-7
24000000 4.5517707158E-7
26000000 8.348080545E-7
28000000 1.5835993479E-6
30000000 2.7873502398E-6
35000000 6.879050529E-6
40000000 6.855399695E-6
45000000 4.8842299332E-6
50000000 4.2045809888E-6
55000000 7.3545097132E-6
60000000 2.4715705308E-5
65000000 6.3185293404E-5
70000000 0.000102512005848
75000000 0.000123116994993
80000000 0.000129099999424
90000000 0.000138532991688
100000000 0.00015997197328
110000000 0.00019939704384
120000000 0.0002684019456
130000000 0.0003567400056
140000000 0.00045641496064
150000000 0.00054197804451
160000000 0.00062085201052
180000000 0.00072310599032
200000000 0.00078013202862
#Header 
#Target 60 141 1
#Product 57 135 0
#Datapoints 26
1000000 0
22000000 0
24000000 7.071836288E-14
26000000 4.345637625E-12
28000000 1.0897793235E-10
30000000 1.3204391582E-9
35000000 4.2886806365E-8
40000000 2.57071081E-7
45000000 1.24457005608E-6
50000000 5.5108807388E-6
55000000 1.48298016256E-5
60000000 2.5026799812E-5
65000000 2.9522400436E-5
70000000 3.1485100416E-5
75000000 3.3793203874E-5
80000000 3.655729968E-5
90000000 4.590459783E-5
100000000 6.9769796656E-5
110000000 0.000117301999176
120000000 0.00018554199552
130000000 0.0002548760544
140000000 0.00031596503476
150000000 0.00036850805583
160000000 0.0003994789918
180000000 0.00044862596744
200000000 0.0004726640226
#Header 
#Target 60 141 1
#Product 57 136 0
#Datapoints 27
1000000 0
20000000 0
22000000 8.307214696E-15
24000000 5.95142735E-13
26000000 1.50703056E-11
28000000 1.890762903E-10
30000000 1.4577385409E-9
35000000 5.035239742E-8
40000000 3.6462099725E-7
45000000 1.24734004566E-6
50000000 2.2745499276E-6
55000000 2.848649284E-6
60000000 3.222309454E-6
65000000 3.5521500243E-6
70000000 3.9294399672E-6
75000000 4.4831794523E-6
80000000 5.8392901952E-6
90000000 1.5320594016E-5
100000000 3.8067300544E-5
110000000 6.7033493424E-5
120000000 9.5261999616E-5
130000000 0.000120179000436
140000000 0.00013965201543
150000000 0.0001521329859
160000000 0.00016161504492
180000000 0.00016967203568
200000000 0.00017403298836
#Header 
#Target 60 141 1
#Product 58 124 0
#Datapoints 9
1000000 0
110000000 0
120000000 1.388247552E-14
130000000 7.132216872E-10
140000000 1.8087497686E-7
150000000 2.5374094812E-6
160000000 1.4651501088E-5
180000000 0.000107851994432
200000000 0.00028508100243
#Header 
#Target 60 141 1
#Product 58 125 0
#Datapoints 9
1000000 0
110000000 0
120000000 2.844647424E-10
130000000 5.0528201592E-7
140000000 1.770999426E-5
150000000 6.3185299638E-5
160000000 0.00019106494288
180000000 0.00065207205896
200000000 0.00110563001661
#Header 
#Target 60 141 1
#Product 58 126 0
#Datapoints 10
1000000 0
100000000 0
110000000 9.929673216E-10
120000000 4.3588606464E-6
130000000 0.00014610098448
140000000 0.00051656802927
150000000 0.00071754398361
160000000 0.0013531005572
180000000 0.0033272098832
200000000 0.004637409756
#Header 
#Target 60 141 1
#Product 58 127 0
#Datapoints 11
1000000 0
90000000 0
100000000 2.749721128E-11
110000000 5.5975202352E-7
120000000 1.900129536E-5
130000000 7.1678492688E-5
140000000 0.000102669998288
150000000 0.00016160100477
160000000 0.00030024705844
180000000 0.00062826802192
200000000 0.00091773298596
#Header 
#Target 60 141 1
#Product 58 128 0
#Datapoints 12
1000000 0
80000000 0
90000000 1.972346922E-10
100000000 7.7622705104E-6
110000000 0.00061780500864
120000000 0.0037363203072
130000000 0.0059267900736
140000000 0.0072844802415
150000000 0.0106857996606
160000000 0.015775304832
180000000 0.023973095832
200000000 0.02302310199
#Header 
#Target 60 141 1
#Product 58 129 0
#Datapoints 13
1000000 0
75000000 0
80000000 1.850239776E-11
90000000 3.3821494434E-6
100000000 0.00081135101488
110000000 0.0063109393728
120000000 0.010323099648
130000000 0.0109178000976
140000000 0.014951997696
150000000 0.019182694836
160000000 0.025065998972
180000000 0.029511896848
200000000 0.027707398761
#Header 
#Target 60 141 1
#Product 58 130 0
#Datapoints 15
1000000 0
65000000 0
70000000 4.820746668E-11
75000000 3.2868992187E-8
80000000 2.8520704256E-6
90000000 0.00105343000308
100000000 0.0088930298016
110000000 0.0136567001064
120000000 0.01367000064
130000000 0.018396502872
140000000 0.023365296791
150000000 0.028509396438
160000000 0.031617598012
180000000 0.030269602888
200000000 0.026708093223
#Header 
#Target 60 141 1
#Product 58 131 0
#Datapoints 17
1000000 0
55000000 0
60000000 2.439576944E-12
65000000 8.504159966E-9
70000000 8.1498208992E-7
75000000 4.0244407406E-5
80000000 0.00062286395776
90000000 0.007212000159
100000000 0.0114569991424
110000000 0.0105707997816
120000000 0.0133987004928
130000000 0.017177295168
140000000 0.0199202933
150000000 0.021168001401
160000000 0.021869701532
180000000 0.021381301312
200000000 0.021013296087
#Header 
#Target 60 141 1
#Product 58 132 0
#Datapoints 19
1000000 0
45000000 0
50000000 2.369523732E-11
55000000 4.624820044E-8
60000000 1.9524002008E-6
65000000 6.7873007892E-5
70000000 0.00111180002112
75000000 0.0050625701392
80000000 0.009752170208
90000000 0.0128634004044
100000000 0.0113805992104
110000000 0.01491510648
120000000 0.019094994432
130000000 0.021784503708
140000000 0.023346297009
150000000 0.024019094478
160000000 0.023801301328
180000000 0.023894497536
200000000 0.023000497779
#Header 
#Target 60 141 1
#Product 58 133 0
#Datapoints 21
1000000 0
35000000 0
40000000 1.2647091775E-13
45000000 1.5553285998E-9
50000000 1.01007004352E-7
55000000 4.0869199176E-6
60000000 7.0894501216E-5
65000000 0.00028117402225
70000000 0.0005550620448
75000000 0.00069766096117
80000000 0.00067783200672
90000000 0.00064000196442
100000000 0.00082763095744
110000000 0.00113338002264
120000000 0.0014751604224
130000000 0.0018216206316
140000000 0.0020903498521
150000000 0.002320359702
160000000 0.0024296594056
180000000 0.002565229604
200000000 0.0027193307568
#Header 
#Target 60 141 1
#Product 58 134 0
#Datapoints 24
1000000 0
26000000 0
28000000 9.014457204E-15
30000000 4.50570598E-12
35000000 2.9661500115E-8
40000000 9.388719725E-7
45000000 3.8310395166E-5
50000000 0.00070070889392
55000000 0.0023834908136
60000000 0.0042645799644
65000000 0.0057303399084
70000000 0.0056914497456
75000000 0.0049911605482
80000000 0.0045983909664
90000000 0.0055303404156
100000000 0.007520820244
110000000 0.0093025895688
120000000 0.010840801536
130000000 0.0120277000404
140000000 0.0131320999594
150000000 0.013788803598
160000000 0.014331505216
180000000 0.01439160576
200000000 0.014642795853
#Header 
#Target 60 141 1
#Product 58 135 0
#Datapoints 28
1000000 0
19000000 0
20000000 4.89275709E-15
22000000 2.503940624E-12
24000000 1.696897466E-10
26000000 2.2953094605E-9
28000000 1.16282002239E-8
30000000 3.8860697321E-8
35000000 1.711289606E-6
40000000 3.693939375E-5
45000000 0.0002373599601
50000000 0.0006614490084
55000000 0.00101049998088
60000000 0.0010328799586
65000000 0.00089836104175
70000000 0.00078850694772
75000000 0.0007654699925
80000000 0.00083812996608
90000000 0.00121690993788
100000000 0.0016624904408
110000000 0.0020541304248
120000000 0.0023993501184
130000000 0.00267983958
140000000 0.0028695794163
150000000 0.0030386294511
160000000 0.0030703794828
180000000 0.0031749094944
200000000 0.0031679896374
#Header 
#Target 60 141 1
#Product 58 136 0
#Datapoints 33
1000000 0
14000000 0
15000000 2.787545090868E-15
16000000 2.281371232E-13
17000000 9.338322496E-12
18000000 1.91841056E-10
19000000 2.298180768E-9
20000000 1.8238898364E-8
22000000 4.470729656E-7
24000000 4.202479435E-6
26000000 2.2004597475E-5
28000000 7.3856391633E-5
30000000 0.0001590610764
35000000 0.0003793369437
40000000 0.000834720105
45000000 0.00115383009654
50000000 0.0010496400962
55000000 0.00089807304548
60000000 0.00083396301828
65000000 0.00087056501959
70000000 0.0010388300748
75000000 0.00134708000907
80000000 0.0017645594208
90000000 0.0028732806648
100000000 0.004046440328
110000000 0.004971929916
120000000 0.0056952903168
130000000 0.0062006203116
140000000 0.006538939783
150000000 0.0067586504526
160000000 0.0068631896592
180000000 0.006905300808
200000000 0.0068997505101
#Header 
#Target 60 141 1
#Product 58 137 0
#Datapoints 41
1000000 0
6000000 0
7000000 2.9191551624E-18
8000000 2.036998066E-15
9000000 2.5278582024E-13
10000000 1.0164180012E-11
11000000 1.6843291764E-10
12000000 1.3793304388402E-9
13000000 6.88797001123E-9
14000000 2.27590025673E-8
15000000 5.7072106303403E-8
16000000 1.2621397656E-7
17000000 2.6110600996E-7
18000000 5.1094707136E-7
19000000 9.412960128E-7
20000000 1.6569001422E-6
22000000 5.3551103116E-6
24000000 1.06790002242E-5
26000000 1.24722013185E-5
28000000 1.6613303904E-5
30000000 2.0066504485E-5
35000000 1.990030094E-5
40000000 1.593869826E-5
45000000 1.33421999844E-5
50000000 1.34990001784E-5
55000000 1.7808396164E-5
60000000 3.0679005476E-5
65000000 6.3099902413E-5
70000000 0.000126442994352
75000000 0.00021566295015
80000000 0.00031456497952
90000000 0.00050237507502
100000000 0.00064198207304
110000000 0.00073680507672
120000000 0.000796220928
130000000 0.00083434994676
140000000 0.00085974804091
150000000 0.00087119199009
160000000 0.00087139405472
180000000 0.00085814001728
200000000 0.00084107303196
#Header 
#Target 60 141 1
#Product 58 138 0
#Datapoints 27
1000000 0
20000000 0
22000000 9.259032136E-14
24000000 2.386667646E-11
26000000 1.477008981E-9
28000000 3.4573793688E-8
30000000 3.7834301038E-7
35000000 7.378659652E-6
40000000 1.71769038E-5
45000000 3.315710439E-5
50000000 6.7883794856E-5
55000000 0.000145495990848
60000000 0.0002942039814
65000000 0.00049633501683
70000000 0.00071246202192
75000000 0.00091728297691
80000000 0.00108481997536
90000000 0.00132513007536
100000000 0.0014671406288
110000000 0.0015458100264
120000000 0.0015876905472
130000000 0.001601479638
140000000 0.0016044297575
150000000 0.0016012196163
160000000 0.0015787596272
180000000 0.0015316203336
200000000 0.0014871803898
#Header 
#Target 60 141 1
#Product 58 139 0
#Datapoints 27
1000000 0
20000000 0
22000000 4.693939856E-13
24000000 2.337437102E-11
26000000 3.027578085E-10
28000000 1.8884298303E-9
30000000 7.8116191101E-9
35000000 1.14473996325E-7
40000000 8.19228986E-7
45000000 4.2148297026E-6
50000000 1.44551993584E-5
55000000 3.1964895976E-5
60000000 5.1543697212E-5
65000000 6.9154898522E-5
70000000 8.3287493124E-5
75000000 9.3385497445E-5
80000000 0.000100113000416
90000000 0.000107704993032
100000000 0.000109857000008
110000000 0.00010921700868
120000000 0.00010770299136
130000000 0.000106074006984
140000000 0.000104415003654
150000000 0.000102099001368
160000000 9.9525306496E-5
180000000 9.4626795592E-5
200000000 9.0579894699E-5
#Header 
#Target 60 141 1
#Product 59 127 0
#Datapoints 10
1000000 0
100000000 0
110000000 6.2578205688E-9
120000000 2.523439872E-6
130000000 1.2565300836E-5
140000000 1.5101999501E-5
150000000 2.3434302354E-5
160000000 5.6277901008E-5
180000000 0.00015183205632
200000000 0.00027654895401
#Header 
#Target 60 141 1
#Product 59 128 0
#Datapoints 11
1000000 0
90000000 0
100000000 1.9274298904E-8
110000000 9.4691590368E-6
120000000 8.25590016E-5
130000000 0.00015762196296
140000000 0.00021028403999
150000000 0.00040491405063
160000000 0.0007893870054
180000000 0.0015258097792
200000000 0.0015575803278
#Header 
#Target 60 141 1
#Product 59 129 0
#Datapoints 12
1000000 0
80000000 0
90000000 1.5584298912E-8
100000000 1.5528593808E-5
110000000 0.00011414400492
120000000 0.00017812099584
130000000 0.00024897294312
140000000 0.00061710595188
150000000 0.00074914990011
160000000 0.00099862798056
180000000 0.0010758399848
200000000 0.00107138003028
#Header 
#Target 60 141 1
#Product 59 130 0
#Datapoints 14
1000000 0
70000000 0
75000000 5.052063583E-14
80000000 6.6864203296E-9
90000000 8.2728005724E-5
100000000 0.0018864501096
110000000 0.00324915066
120000000 0.0027076695552
130000000 0.0057229003788
140000000 0.0082688498356
150000000 0.0098977402914
160000000 0.0121446004428
180000000 0.0119027995016
200000000 0.0105279989892
#Header 
#Target 60 141 1
#Product 59 131 0
#Datapoints 16
1000000 0
60000000 0
65000000 1.626263612E-14
70000000 6.950119764E-7
75000000 0.000134682003089
80000000 0.00063603394272
90000000 0.00140065997526
100000000 0.00099119603744
110000000 0.00089123097048
120000000 0.0021810898944
130000000 0.0032112895452
140000000 0.0041211800063
150000000 0.0045689695425
160000000 0.0050872400292
180000000 0.0053330899496
200000000 0.0051312997764
#Header 
#Target 60 141 1
#Product 59 132 0
#Datapoints 17
1000000 0
55000000 0
60000000 3.919282332E-10
65000000 2.4451696859E-6
70000000 0.00022215306528
75000000 0.0028398794762
80000000 0.0092359599552
90000000 0.0127660987818
100000000 0.0081303703768
110000000 0.018067197864
120000000 0.02976369408
130000000 0.032386501356
140000000 0.032359000369
150000000 0.032516701266
160000000 0.031151700132
180000000 0.028791303464
200000000 0.026790306417
#Header 
#Target 60 141 1
#Product 59 133 0
#Datapoints 19
1000000 0
45000000 0
50000000 4.1128198048E-8
55000000 3.628940198E-5
60000000 0.00056518907004
65000000 0.002368459823
70000000 0.0039076192392
75000000 0.0035823504545
80000000 0.002434300176
90000000 0.002481159681
100000000 0.0066212497232
110000000 0.0098882911248
120000000 0.0119930001408
130000000 0.0131042000496
140000000 0.013992401513
150000000 0.014391095043
160000000 0.014240404724
180000000 0.013584796624
200000000 0.013315104516
#Header 
#Target 60 141 1
#Product 59 134 0
#Datapoints 21
1000000 0
35000000 0
40000000 1.8732496725E-9
45000000 2.5524298794E-5
50000000 0.00103085989072
55000000 0.0083593698708
60000000 0.018474102024
65000000 0.01965539331
70000000 0.014123800824
75000000 0.009291810456
80000000 0.0082825009344
90000000 0.021979997676
100000000 0.033073593168
110000000 0.034777805856
120000000 0.03416449536
130000000 0.0338469021
140000000 0.033529804989
150000000 0.033001404681
160000000 0.031361399944
180000000 0.028997898104
200000000 0.028477999158
#Header 
#Target 60 141 1
#Product 59 135 0
#Datapoints 24
1000000 0
26000000 0
28000000 1.4716590372E-10
30000000 1.9153301918E-7
35000000 0.0003914790191
40000000 0.0043058901625
45000000 0.017647798956
50000000 0.028619504016
55000000 0.025159297904
60000000 0.0151203008628
65000000 0.0102272999808
70000000 0.0114293004444
75000000 0.018932197323
80000000 0.03007439952
90000000 0.045013104864
100000000 0.05008970092
110000000 0.052554903624
120000000 0.053588901888
130000000 0.054182398512
140000000 0.054295896765
150000000 0.053539298256
160000000 0.05289869648
180000000 0.051650699016
200000000 0.050259106401
#Header 
#Target 60 141 1
#Product 59 136 0
#Datapoints 30
1000000 0
17000000 0
18000000 5.371980416E-14
19000000 4.21239936E-11
20000000 3.6781602252E-9
22000000 1.13787003596E-6
24000000 2.900490032E-5
26000000 0.00017723198745
28000000 0.00082601092062
30000000 0.0029761999532
35000000 0.01649519599
40000000 0.025338995675
45000000 0.019520493336
50000000 0.0121422007768
55000000 0.0090055706468
60000000 0.0094472708288
65000000 0.0154602006758
70000000 0.02474940588
75000000 0.032791106162
80000000 0.0376946944
90000000 0.043416900072
100000000 0.046939608744
110000000 0.048492502032
120000000 0.049300102656
130000000 0.04952220636
140000000 0.049302598627
150000000 0.0494240082
160000000 0.0484455993
180000000 0.047081302632
200000000 0.045837894375
#Header 
#Target 60 141 1
#Product 59 137 0
#Datapoints 40
1000000 0
7000000 0
8000000 2.233396765E-13
9000000 2.9583411306E-10
10000000 3.4135400166E-8
11000000 9.9819475392E-7
12000000 1.1621703079968E-5
13000000 7.0548796633E-5
14000000 0.000264492991131
15000000 0.00057814199560862
16000000 0.00072531298056
17000000 0.0008990720258
18000000 0.0012352495936
19000000 0.001829700288
20000000 0.0028077802638
22000000 0.0072258001852
24000000 0.0133283002578
26000000 0.0145608996015
28000000 0.017620497324
30000000 0.019293598792
35000000 0.0145933993595
40000000 0.0100183994625
45000000 0.0080408604126
50000000 0.0095929497784
55000000 0.0151330007504
60000000 0.022673494116
65000000 0.029652293847
70000000 0.034963000728
75000000 0.039463506005
80000000 0.043033297824
90000000 0.047840502528
100000000 0.05018440028
110000000 0.050971806888
120000000 0.051296896512
130000000 0.05129070606
140000000 0.050734697146
150000000 0.050157101448
160000000 0.049061792724
180000000 0.046991098616
200000000 0.045128000988
#Header 
#Target 60 141 1
#Product 59 138 0
#Datapoints 46
1000000 0
1000000 0
2000000 2.18933003844E-17
3000000 2.89198004844E-12
4000000 8.5816397424E-10
5000000 1.89414994367E-8
6000000 2.50943048E-7
7000000 1.79280981369E-6
8000000 7.6937694373E-6
9000000 2.27021990412E-5
10000000 5.2159611504E-5
11000000 0.00010409001876
12000000 0.00019217305495777
13000000 0.000336371956206
14000000 0.000553428024645
15000000 0.00084893501920552
16000000 0.0012125103256
17000000 0.0016422600872
18000000 0.0021278194432
19000000 0.002719830048
20000000 0.003637469817
22000000 0.0097040013284
24000000 0.0099816898324
26000000 0.0041795595765
28000000 0.0030770596026
30000000 0.0024360305992
35000000 0.001705339623
40000000 0.0023838401675
45000000 0.0041658796296
50000000 0.0066652997396
55000000 0.009621159444
60000000 0.0123795995316
65000000 0.0146994996642
70000000 0.016545995016
75000000 0.017964400156
80000000 0.019005397312
90000000 0.020106201024
100000000 0.02048909884
110000000 0.020487995256
120000000 0.020156594688
130000000 0.019784001864
140000000 0.019435798859
150000000 0.018977795379
160000000 0.018268401144
180000000 0.017099495952
200000000 0.016072994952
#Header 
#Target 60 141 1
#Product 59 139 0
#Datapoints 34
1000000 0
13000000 0
14000000 2.1389127647E-14
15000000 1.106008489322E-12
16000000 3.784640552E-11
17000000 7.022062164E-10
18000000 8.0329503232E-9
19000000 6.367149984E-8
20000000 3.8002598694E-7
22000000 7.2228103972E-6
24000000 6.8079303028E-5
26000000 0.00032337895275
28000000 0.00094505409081
30000000 0.0019132997834
35000000 0.005537019501
40000000 0.0101082000225
45000000 0.0160021006128
50000000 0.022333797648
55000000 0.028016000844
60000000 0.032617102812
65000000 0.035949291591
70000000 0.038479593144
75000000 0.040329199581
80000000 0.04163830352
90000000 0.042711392178
100000000 0.042690500272
110000000 0.041796799656
120000000 0.040580103168
130000000 0.039176996364
140000000 0.037623802444
150000000 0.036266899668
160000000 0.034640494616
180000000 0.031696298536
200000000 0.029369104863
#Header 
#Target 60 141 1
#Product 59 140 0
#Datapoints 37
1000000 0
10000000 0
11000000 9.927885136E-13
12000000 1.632086248456E-10
13000000 4.58121966189E-9
14000000 4.66669949512E-8
15000000 2.6785407193362E-7
16000000 1.05652007552E-6
17000000 3.0988097284E-6
18000000 7.202450112E-6
19000000 1.412619936E-5
20000000 2.501299422E-5
22000000 6.8263494912E-5
24000000 0.0001895240303
26000000 0.00051432999345
28000000 0.00120760999596
30000000 0.0023997797373
35000000 0.007464409407
40000000 0.013651399245
45000000 0.019033497828
50000000 0.023224504404
55000000 0.02624529622
60000000 0.028448103908
65000000 0.030013205317
70000000 0.031013199936
75000000 0.031647493763
80000000 0.031952595488
90000000 0.0317011968
100000000 0.03080240604
110000000 0.029671004472
120000000 0.028454505984
130000000 0.027227403984
140000000 0.026080295964
150000000 0.024840398589
160000000 0.023612196216
180000000 0.021351498336
200000000 0.019461998493
#Header 
#Target 60 141 1
#Product 60 129 0
#Datapoints 9
1000000 0
110000000 0
120000000 3.30162048E-7
130000000 8.8055894388E-6
140000000 7.6642400591E-5
150000000 0.000118163999715
160000000 0.0001813039704
180000000 0.00028181304256
200000000 0.00032105602704
#Header 
#Target 60 141 1
#Product 60 130 0
#Datapoints 11
1000000 0
90000000 0
100000000 5.751662056E-11
110000000 4.5763402848E-7
120000000 2.8722898944E-5
130000000 0.00029910696948
140000000 0.00048748898351
150000000 0.00060712300356
160000000 0.00080700704616
180000000 0.00087647307944
200000000 0.00089195105958
#Header 
#Target 60 141 1
#Product 60 131 0
#Datapoints 12
1000000 0
80000000 0
90000000 2.089634274E-12
100000000 4.3020595184E-7
110000000 7.835449752E-5
120000000 0.00113867997696
130000000 0.002097230586
140000000 0.0021728903719
150000000 0.0022368999774
160000000 0.002190419602
180000000 0.0023019298008
200000000 0.001926519924
#Header 
#Target 60 141 1
#Product 60 132 0
#Datapoints 13
1000000 0
75000000 0
80000000 8.140019712E-12
90000000 3.001699701E-6
100000000 0.000639343012
110000000 0.006017710332
120000000 0.009556959744
130000000 0.008665029912
140000000 0.0080538092846
150000000 0.0078335598027
160000000 0.0076497202124
180000000 0.0068278400008
200000000 0.0061214399442
#Header 
#Target 60 141 1
#Product 60 133 0
#Datapoints 15
1000000 0
65000000 0
70000000 6.36131808E-14
75000000 9.2950594159E-9
80000000 3.8924903072E-6
90000000 0.0015985797282
100000000 0.016714696096
110000000 0.025552293144
120000000 0.022256004096
130000000 0.019553196168
140000000 0.01865770553
150000000 0.017725595289
160000000 0.016719901996
180000000 0.014824595296
200000000 0.013028696163
#Header 
#Target 60 141 1
#Product 60 134 0
#Datapoints 17
1000000 0
55000000 0
60000000 7.21282632E-13
65000000 1.34262002106E-7
70000000 3.0201303876E-5
75000000 0.0020116095597
80000000 0.0136197996352
90000000 0.058975194096
100000000 0.0629909056
110000000 0.050425305192
120000000 0.044248094208
130000000 0.040567894356
140000000 0.037774795775
150000000 0.035937600276
160000000 0.033634701772
180000000 0.029731495024
200000000 0.028122301515
#Header 
#Target 60 141 1
#Product 60 135 0
#Datapoints 19
1000000 0
45000000 0
50000000 2.059340256E-15
55000000 9.00275025E-8
60000000 4.402439692E-5
65000000 0.0019202604858
70000000 0.022854597828
75000000 0.069393593733
80000000 0.104170992288
90000000 0.095855904144
100000000 0.072749199712
110000000 0.063500194848
120000000 0.057587300352
130000000 0.053861995176
140000000 0.050819700402
150000000 0.047704299795
160000000 0.044793694792
180000000 0.041341203288
200000000 0.038819394138
#Header 
#Target 60 141 1
#Product 60 136 0
#Datapoints 21
1000000 0
35000000 0
40000000 1.03546863E-13
45000000 9.7155407358E-7
50000000 0.000149669996464
55000000 0.0083389996196
60000000 0.063845903632
65000000 0.142587000379
70000000 0.17895596148
75000000 0.16864403931
80000000 0.146041996672
90000000 0.118352992212
100000000 0.10738000728
110000000 0.099146497728
120000000 0.092488200192
130000000 0.086958805956
140000000 0.08304579609
150000000 0.079673204856
160000000 0.07623510678
180000000 0.070695608592
200000000 0.066271697247
#Header 
#Target 60 141 1
#Product 60 137 0
#Datapoints 22
1000000 0
30000000 0
35000000 3.172419835E-7
40000000 9.7399700575E-5
45000000 0.0051526702014
50000000 0.0315008933
55000000 0.063274793608
60000000 0.077506402568
65000000 0.074936504587
70000000 0.067826604624
75000000 0.06326079441
80000000 0.060177890432
90000000 0.05567109912
100000000 0.05201110488
110000000 0.048514296168
120000000 0.045892306944
130000000 0.04365220134
140000000 0.04174900617
150000000 0.040017600696
160000000 0.037990395828
180000000 0.035089400696
200000000 0.032503000131
#Header 
#Target 60 141 1
#Product 60 138 0
#Datapoints 28
1000000 0
19000000 0
20000000 1.0560090378E-15
22000000 6.899597932E-10
24000000 4.429299743E-7
26000000 1.7322693885E-5
28000000 0.000132229992339
30000000 0.00048945897283
35000000 0.042313996075
40000000 0.15726199
45000000 0.21647197578
50000000 0.24151302152
55000000 0.2288960622
60000000 0.21486896732
65000000 0.20694603722
70000000 0.20163504408
75000000 0.19636900869
80000000 0.1906780304
90000000 0.1775629674
100000000 0.16531500328
110000000 0.1549109436
120000000 0.14564593152
130000000 0.1375969584
140000000 0.130449006073
150000000 0.123932003421
160000000 0.116856001528
180000000 0.10511999512
200000000 0.096078687705
#Header 
#Target 60 141 1
#Product 60 139 0
#Datapoints 35
1000000 0
12000000 0
13000000 1.6870654492E-13
14000000 1.3663218332E-11
15000000 6.589858594191E-10
16000000 2.4865504608E-8
17000000 4.0118903524E-7
18000000 3.1504694848E-6
19000000 1.381950336E-5
20000000 3.9651594312E-5
22000000 0.00038181203696
24000000 0.0060968102294
26000000 0.0137751005385
28000000 0.020584199727
30000000 0.031098296987
35000000 0.0603195983
40000000 0.078814700225
45000000 0.084016091058
50000000 0.085126804712
55000000 0.0842355007
60000000 0.082377594432
65000000 0.080108001411
70000000 0.077612905416
75000000 0.074709702451
80000000 0.071722102496
90000000 0.065760907212
100000000 0.060259001768
110000000 0.055528894512
120000000 0.051413902848
130000000 0.04792379262
140000000 0.045079608999
150000000 0.042377495901
160000000 0.03957379482
180000000 0.035035001288
200000000 0.031661305641
#Header 
#Target 60 141 1
#Product 60 140 0
#Datapoints 40
1000000 0
7000000 0
8000000 1.1227589043E-13
9000000 1.525568694E-10
10000000 1.46062985208E-6
11000000 0.000168213019156
12000000 0.0024476404287946
13000000 0.0123341999744
14000000 0.0380820058056
15000000 0.073041906623408
16000000 0.07762900096
17000000 0.074719998928
18000000 0.073998706496
19000000 0.0765404016
20000000 0.083894297496
22000000 0.110322003128
24000000 0.14771105008
26000000 0.18568801125
28000000 0.21428093277
30000000 0.23650392633
35000000 0.2730499538
40000000 0.28767408925
45000000 0.2874930546
50000000 0.28067696896
55000000 0.26768492764
60000000 0.25641906136
65000000 0.24443396053
70000000 0.23272195512
75000000 0.21956906859
80000000 0.20843906688
90000000 0.18642998556
100000000 0.16808301664
110000000 0.15262192536
120000000 0.14038299648
130000000 0.130174997172
140000000 0.121890997778
150000000 0.114091009605
160000000 0.106384008472
180000000 0.093962704752
200000000 0.084344300334
#Header 
#Target 60 141 1
#Product 60 141 0
#Datapoints 46
1000000 0
1000000 0
2000000 1.7068598982E-14
3000000 5.3163497412E-10
4000000 1.11799000736E-7
5000000 2.02014990505E-6
6000000 2.0512793848E-5
7000000 0.00010704097935
8000000 0.00034175003093
9000000 0.0007904321262
10000000 0.00150338004264
11000000 0.0025695498764
12000000 0.0040398509781207
13000000 0.00582489054419
14000000 0.00772415012586
15000000 0.0095897411511728
16000000 0.011400299512
17000000 0.013119205452
18000000 0.014665694912
19000000 0.0159685968
20000000 0.016976499732
22000000 0.01824330412
24000000 0.018795002358
26000000 0.01883450646
28000000 0.018531293598
30000000 0.0179896047
35000000 0.016273299835
40000000 0.014410100355
45000000 0.0127776997848
50000000 0.0110357002364
55000000 0.00970421075
60000000 0.008345000552
65000000 0.0074606508096
70000000 0.0064423707228
75000000 0.005622879901
80000000 0.0049613704096
90000000 0.0039168801126
100000000 0.0031814206816
110000000 0.0026583605184
120000000 0.0022703404032
130000000 0.0019775001312
140000000 0.0017499094
150000000 0.0015612595266
160000000 0.0014017903508
180000000 0.00114985998456
200000000 0.00095791294914
#Header 
#Target 60 141 1
#Product 61 133 0
#Datapoints 12
1000000 0
80000000 0
90000000 3.2066400366E-6
100000000 7.473600092E-5
110000000 8.2602902976E-5
120000000 5.5627900416E-5
130000000 4.6433902152E-5
140000000 3.8959495158E-5
150000000 3.4065199383E-5
160000000 2.9294005888E-5
180000000 2.0673801232E-5
200000000 1.7429601E-5
#Header 
#Target 60 141 1
#Product 61 134 0
#Datapoints 14
1000000 0
70000000 0
75000000 7.64771704E-10
80000000 3.1951202976E-5
90000000 0.001926469818
100000000 0.0025313700216
110000000 0.00119268993912
120000000 0.0006595589376
130000000 0.00047305596096
140000000 0.00037323597849
150000000 0.00030230797899
160000000 0.00024469001116
180000000 0.00017484395488
200000000 0.00013398895335
#Header 
#Target 60 141 1
#Product 61 135 0
#Datapoints 16
1000000 0
60000000 0
65000000 1.9273398424E-7
70000000 1.13121004116E-5
75000000 3.5017602881E-5
80000000 6.365459936E-5
90000000 3.2748792804E-5
100000000 2.1066203648E-5
110000000 1.34391997008E-5
120000000 8.2824602112E-6
130000000 6.121449444E-6
140000000 5.4472401792E-6
150000000 4.2442493379E-6
160000000 3.4929095012E-6
180000000 2.3772695184E-6
200000000 2.0046401277E-6
#Header 
#Target 60 141 1
#Product 61 136 0
#Datapoints 18
1000000 0
50000000 0
55000000 5.357120548E-6
60000000 0.002841339396
65000000 0.0129599994867
70000000 0.015877801368
75000000 0.0109111998061
80000000 0.006386340048
90000000 0.00330066009
100000000 0.0023741201512
110000000 0.00183136956
120000000 0.0014459904
130000000 0.0011678399766
140000000 0.00098086803343
150000000 0.00083886797976
160000000 0.0007263240726
180000000 0.00056048292272
200000000 0.00045611599845
#Header 
#Target 60 141 1
#Product 61 137 0
#Datapoints 20
1000000 0
40000000 0
45000000 0.00151979996712
50000000 0.068316495176
55000000 0.16559998624
60000000 0.16594201008
65000000 0.099107899324
70000000 0.051016006044
75000000 0.030681001091
80000000 0.021983193408
90000000 0.0143285001678
100000000 0.0103396992496
110000000 0.0079539396936
120000000 0.0063621904896
130000000 0.0052921695816
140000000 0.0045097697649
150000000 0.0039271002681
160000000 0.0034267501716
180000000 0.0027041096768
200000000 0.0022246304682
#Header 
#Target 60 141 1
#Product 61 138 0
#Datapoints 22
1000000 0
30000000 0
35000000 0.001033030076
40000000 0.1926679765
45000000 0.38356700838
50000000 0.30949706188
55000000 0.154463995556
60000000 0.077266198856
65000000 0.049179292941
70000000 0.037094101428
75000000 0.029950100216
80000000 0.024894194336
90000000 0.018461391858
100000000 0.014547894144
110000000 0.0119617995936
120000000 0.0101155004928
130000000 0.0087669196956
140000000 0.0077111204803
150000000 0.0068968302762
160000000 0.0061554694656
180000000 0.0050291996216
200000000 0.004254349785
#Header 
#Target 60 141 1
#Product 61 139 0
#Datapoints 26
1000000 0
22000000 0
24000000 0.0038530096792
26000000 0.06026739453
28000000 0.122834999259
30000000 0.146014010423
35000000 0.11545500499
40000000 0.04622120105
45000000 0.019640793114
50000000 0.0138489000616
55000000 0.0114708012172
60000000 0.0098544500152
65000000 0.0085877408763
70000000 0.0075654596244
75000000 0.0067102394062
80000000 0.0059832608
90000000 0.0048310905006
100000000 0.0040143691952
110000000 0.0033879695856
120000000 0.0029269306368
130000000 0.0025644394512
140000000 0.0022745593041
150000000 0.0020369500638
160000000 0.00183283023
180000000 0.0015110801328
200000000 0.0012837096762
#Header 
#Target 60 141 1
#Product 61 140 0
#Datapoints 33
1000000 0
14000000 0
15000000 0.044316610185843
16000000 0.22345901368
17000000 0.3807880084
18000000 0.4736300096
19000000 0.521878032
20000000 0.54342706074
22000000 0.54335492428
24000000 0.51362506404
26000000 0.3732349383
28000000 0.20588795865
30000000 0.113122993212
35000000 0.05056239682
40000000 0.0396179018
45000000 0.03362269908
50000000 0.029043899492
55000000 0.025222805348
60000000 0.022086206912
65000000 0.019548303444
70000000 0.017200803624
75000000 0.0151754988097
80000000 0.0134705995424
90000000 0.0107711995482
100000000 0.0088214698992
110000000 0.007414451004
120000000 0.0063651999744
130000000 0.0055652398032
140000000 0.0049247702924
150000000 0.0044041597998
160000000 0.0039537691984
180000000 0.0032486705776
200000000 0.0027528597054
#Header 
#Target 60 141 1
#Product 61 141 0
#Datapoints 44
1000000 0
3000000 0
4000000 2.6736796016E-5
5000000 0.00207521021696
6000000 0.0139410991676
7000000 0.0506695020993
8000000 0.128186006218
9000000 0.25138500117
10000000 0.403272028796
11000000 0.554103996628
12000000 0.68343005758209
13000000 0.781153036737
14000000 0.842164030478
15000000 0.8015461156623
16000000 0.58889106248
17000000 0.39382896312
18000000 0.2575100704
19000000 0.174754944
20000000 0.127957001268
22000000 0.088772307476
24000000 0.076316095614
26000000 0.070426008135
28000000 0.066121593606
30000000 0.061914804955
35000000 0.0525326022
40000000 0.045024398975
45000000 0.038636597994
50000000 0.033242903672
55000000 0.029038701952
60000000 0.024990107352
65000000 0.02223890082
70000000 0.019343001456
75000000 0.017081502593
80000000 0.0149703001536
90000000 0.0119126003724
100000000 0.0097246902312
110000000 0.0081588693768
120000000 0.006987430656
130000000 0.0060841093896
140000000 0.0053775305418
150000000 0.0048275097753
160000000 0.0043069807256
180000000 0.003540270384
200000000 0.0029833494558
#Header 
#Target 60 141 1
#Product 61 142 0
#Datapoints 46
1000000 0
1000000 0
2000000 3.35957009956E-9
3000000 4.30084038786E-6
4000000 0.000217472018452
5000000 0.00104676989585
6000000 0.00322633063
7000000 0.0060209773074
8000000 0.0073365396068
9000000 0.0066832990254
10000000 0.0051412814292
11000000 0.00374667004192
12000000 0.002783380020769
13000000 0.00219090028763
14000000 0.00186053980779
15000000 0.0016835202545753
16000000 0.0015855996408
17000000 0.001510980582
18000000 0.0014164295552
19000000 0.001288930656
20000000 0.00114681004734
22000000 0.00089389309616
24000000 0.00070711109656
26000000 0.0005863739364
28000000 0.00050904998208
30000000 0.00045658203498
35000000 0.00038070691685
40000000 0.000340436979
45000000 0.0003043959348
50000000 0.00028909406704
55000000 0.00026248595308
60000000 0.00025131904924
65000000 0.0002280969959
70000000 0.00021883497612
75000000 0.00020003295147
80000000 0.00018781596416
90000000 0.00016919997822
100000000 0.000140111991936
110000000 0.000122219993184
120000000 0.000111955004928
130000000 9.4440888696E-5
140000000 7.8785302661E-5
150000000 7.23583035E-5
160000000 6.8204703672E-5
180000000 5.8687894664E-5
200000000 4.4228098446E-5
