#Header 
#Target 86 201 0
#Product 0 1 0
#Datapoints 39
1000000 0
8000000 0
9000000 5.358827824614E-5
10000000 0.0003188635362
11000000 0.0006839044709
12000000 0.001157909326284
13000000 0.002253293800651
14000000 0.004903920663198
15000000 0.010041922026
16000000 0.017841376917
17000000 0.023738729022
18000000 0.029280709696
19000000 0.036534595812
20000000 0.0456689025
22000000 0.06765657722
24000000 0.09489979144
26000000 0.1316459618
28000000 0.16268443404
30000000 0.18258145608
35000000 0.25269459061
40000000 0.33937856172
45000000 0.42204289556
50000000 0.5109411756
55000000 0.5878230572
60000000 0.660676249392
65000000 0.7531849228
70000000 0.842682841
75000000 0.9469684908
80000000 1.0441013861
90000000 1.2213527746
100000000 1.3826501876
110000000 1.541190728
120000000 1.6876881448
130000000 1.823553442284
140000000 1.9608293262
150000000 2.092636415331
160000000 2.21704134086
180000000 2.490164798231
200000000 2.91491961894
#Header 
#Target 86 201 0
#Product 1 1 0
#Datapoints 45
1000000 0
2000000 0
3000000 2.8570742577E-14
4000000 1.0272295736E-9
5000000 6.765728949E-7
6000000 3.413699586E-5
7000000 0.000485089473709
8000000 0.0001733916068486
9000000 0.0004183704164244
10000000 0.00093639398292
11000000 0.0014653802418
12000000 0.002017858541559
13000000 0.003175483891109
14000000 0.005598679577454
15000000 0.0099134908635
16000000 0.015958319202
17000000 0.018272075472
18000000 0.0201742912
19000000 0.023704512909
20000000 0.0285219
22000000 0.03964781446
24000000 0.05364610673
26000000 0.0739018585
28000000 0.09101379152
30000000 0.10095668752
35000000 0.13894567302
40000000 0.18742486752
45000000 0.23549034372
50000000 0.28591920272
55000000 0.32857812456
60000000 0.3663430249887
65000000 0.41865760452
70000000 0.4658877608
75000000 0.52169607564
80000000 0.56985944156
90000000 0.65203679345
100000000 0.7221257428
110000000 0.7859648104
120000000 0.8417178112
130000000 0.890140597087
140000000 0.9374773936
150000000 0.981209799911
160000000 1.02006236762
180000000 1.103080871125
200000000 1.23083161677
#Header 
#Target 86 201 0
#Product 1 2 0
#Datapoints 39
1000000 0
8000000 0
9000000 4.349959601724E-17
10000000 7.9394998716E-14
11000000 6.516106397E-12
12000000 1.652582509881E-10
13000000 3.687442649067E-9
14000000 5.988872687364E-8
15000000 6.4745069195E-7
16000000 4.6549831545E-6
17000000 1.9832252688E-5
18000000 6.3038745984E-5
19000000 0.000163454890973
20000000 0.000350964495
22000000 0.0009967921882
24000000 0.0019916864968
26000000 0.00341398374
28000000 0.005048012828
30000000 0.005846523818
35000000 0.008634641456
40000000 0.011780295912
45000000 0.014713092884
50000000 0.018142912904
55000000 0.020303758004
60000000 0.02178487968849
65000000 0.025731153892
70000000 0.02794711962
75000000 0.032118940056
80000000 0.034716820737
90000000 0.037326026129
100000000 0.03951366232
110000000 0.040361433112
120000000 0.04098157245
130000000 0.04141012500107
140000000 0.0417028453
150000000 0.04191460982984
160000000 0.0421608162078
180000000 0.0423619250767
200000000 0.0448190535471
#Header 
#Target 86 201 0
#Product 1 3 0
#Datapoints 34
1000000 0
13000000 0
14000000 5.734517779332E-19
15000000 5.662243607E-16
16000000 5.1413540094E-14
17000000 2.8073732292E-12
18000000 1.12720978368E-10
19000000 2.5896134803E-9
20000000 3.42191205E-8
22000000 1.4845942478E-6
24000000 1.5381722814E-5
26000000 6.57757943E-5
28000000 0.00015568885684
30000000 0.0002621919178
35000000 0.0006386656136
40000000 0.0011333439216
45000000 0.001669310818
50000000 0.0022343260816
55000000 0.0027590159484
60000000 0.003265763224857
65000000 0.0039434041504
70000000 0.004633592943
75000000 0.0054973800468
80000000 0.0063687349042
90000000 0.00828540503
100000000 0.010585788444
110000000 0.012460319256
120000000 0.01437232881
130000000 0.01634104565534
140000000 0.018409403354
150000000 0.02053533322874
160000000 0.0226399397548
180000000 0.02649652737012
200000000 0.0304472512743
#Header 
#Target 86 201 0
#Product 2 3 0
#Datapoints 39
1000000 0
8000000 0
9000000 3.355776899838E-21
10000000 7.2930583836E-19
11000000 3.42044134E-17
12000000 6.32364388011E-16
13000000 9.52407979035E-15
14000000 1.657572186522E-13
15000000 2.691395503E-12
16000000 3.1995399807E-11
17000000 1.891111545E-10
18000000 1.09454609024E-9
19000000 5.4686125307E-9
20000000 2.3933628E-8
22000000 3.145547808E-7
24000000 2.939367057E-6
26000000 1.49319005E-5
28000000 6.147827016E-5
30000000 0.00015810202276
35000000 0.0006768007995
40000000 0.0015189347448
45000000 0.0025381600712
50000000 0.0035411878196
55000000 0.0045613357516
60000000 0.00540430722507
65000000 0.006490357308
70000000 0.00744222766
75000000 0.008611177524
80000000 0.009667809301
90000000 0.011817611029
100000000 0.0141600987
110000000 0.0159976586
120000000 0.017806522272
130000000 0.01958001946068
140000000 0.021440307212
150000000 0.0233182788542
160000000 0.0251462643346
180000000 0.02877522640739
200000000 0.0320925675399
#Header 
#Target 86 201 0
#Product 2 4 0
#Datapoints 45
1000000 0
2000000 1.7459983002E-14
3000000 2.1820582602E-10
4000000 8.937822349E-8
5000000 4.67100837E-6
6000000 7.477619745E-5
7000000 0.000592815849522
8000000 0.0001609920321625
9000000 0.0003157082477406
10000000 0.0006259632786
11000000 0.0008209127289
12000000 0.000968050021626
13000000 0.001445749693249
14000000 0.002632293029898
15000000 0.0048944577355
16000000 0.0080901471609
17000000 0.0084178474632
18000000 0.0081976757952
19000000 0.0087379798264
20000000 0.0098059995
22000000 0.012854448136
24000000 0.018443478089
26000000 0.03164409825
28000000 0.0368068892
30000000 0.033144380124
35000000 0.036658469169
40000000 0.04650940404
45000000 0.05215503236
50000000 0.05763273966
55000000 0.05982028764
60000000 0.0622811129043
65000000 0.06819046252
70000000 0.0743486891
75000000 0.08224582584
80000000 0.08794369779
90000000 0.09389748193
100000000 0.09852996076
110000000 0.10377439072
120000000 0.10719735936
130000000 0.1086069687752
140000000 0.1116654423
150000000 0.1143408307525
160000000 0.115387845632
180000000 0.11807218381
200000000 0.12826081779
#Header 
#Target 86 201 0
#Product 77 172 0
#Datapoints 11
1000000 0
90000000 0
100000000 1.1474856096E-12
110000000 1.33193655056E-9
120000000 1.19276705562E-8
130000000 3.7022588166354E-8
140000000 1.88493507118E-7
150000000 8.875849217752E-7
160000000 2.185099724896E-6
180000000 1.4448249170071E-5
200000000 0.0001832336382051
#Header 
#Target 86 201 0
#Product 77 173 0
#Datapoints 12
1000000 0
80000000 0
90000000 2.1600611179E-15
100000000 2.2167857448E-11
110000000 8.6054699808E-10
120000000 8.7239652164E-9
130000000 3.7225875663858E-8
140000000 2.36769482898E-7
150000000 1.0163365378771E-6
160000000 2.436853977152E-6
180000000 1.4029610523992E-5
200000000 8.83933806168E-5
#Header 
#Target 86 201 0
#Product 77 174 0
#Datapoints 13
1000000 0
75000000 0
80000000 3.288487639E-12
90000000 3.95830911728E-8
100000000 2.88910634276E-7
110000000 7.3463795944E-7
120000000 1.8737747231E-6
130000000 5.0856378859272E-6
140000000 1.51633529152E-5
150000000 3.0748814026722E-5
160000000 5.76137123652E-5
180000000 0.00010978881563827
200000000 0.000220776021648
#Header 
#Target 86 201 0
#Product 77 175 0
#Datapoints 14
1000000 0
70000000 0
75000000 1.8576212388E-15
80000000 7.279772138E-13
90000000 5.9812670008E-11
100000000 3.44235023088E-9
110000000 5.00972186792E-8
120000000 2.07609199658E-7
130000000 7.306388072655E-7
140000000 3.26989979976E-6
150000000 9.024142329719E-6
160000000 1.64622589981E-5
180000000 3.9430593083278E-5
200000000 9.1292691504E-5
#Header 
#Target 86 201 0
#Product 78 173 0
#Datapoints 9
1000000 0
110000000 0
120000000 6.1525620814E-13
130000000 1.5285471925094E-9
140000000 1.0554362587E-7
150000000 7.618871803807E-7
160000000 2.723423453174E-6
180000000 3.4870292069087E-5
200000000 0.0003916824396135
#Header 
#Target 86 201 0
#Product 78 174 0
#Datapoints 10
1000000 0
100000000 0
110000000 1.1410769832E-13
120000000 1.06572928546E-9
130000000 1.2444857761602E-7
140000000 2.04675238592E-6
150000000 1.0231679134567E-5
160000000 3.140864127916E-5
180000000 0.00017997798720391
200000000 0.000887580011787
#Header 
#Target 86 201 0
#Product 78 175 0
#Datapoints 11
1000000 0
90000000 0
100000000 5.3120681812E-15
110000000 9.527386176E-11
120000000 2.17406969024E-8
130000000 6.4348694148774E-7
140000000 4.22246428312E-6
150000000 1.6787933194923E-5
160000000 3.997639906376E-5
180000000 0.00014389625715473
200000000 0.0005190620481375
#Header 
#Target 86 201 0
#Product 78 176 0
#Datapoints 11
1000000 0
90000000 0
100000000 3.9640896504E-12
110000000 2.24087503024E-9
120000000 1.33148377306E-7
130000000 1.0716474936356E-6
140000000 4.78374983146E-6
150000000 1.6390814621665E-5
160000000 3.350533814294E-5
180000000 0.00013363476364725
200000000 0.0005613938554308
#Header 
#Target 86 201 0
#Product 78 177 0
#Datapoints 12
1000000 0
80000000 0
90000000 4.2892776388E-15
100000000 4.1107916212E-11
110000000 1.57359394808E-8
120000000 3.43856426648E-7
130000000 1.3623293514796E-6
140000000 4.35585701842E-6
150000000 1.2304379936211E-5
160000000 2.232751500878E-5
180000000 6.6597265157719E-5
200000000 0.0001869358204728
#Header 
#Target 86 201 0
#Product 78 178 0
#Datapoints 14
1000000 0
70000000 0
75000000 3.6726023268E-15
80000000 1.3341363052E-12
90000000 2.22464224269E-9
100000000 1.59659357968E-7
110000000 1.46311909128E-6
120000000 3.26940681088E-6
130000000 4.7146750304276E-6
140000000 1.02315713618E-5
150000000 1.9104283520707E-5
160000000 2.751980245716E-5
180000000 4.9974837256316E-5
200000000 9.60649766433E-5
#Header 
#Target 86 201 0
#Product 78 179 0
#Datapoints 16
1000000 0
60000000 0
65000000 7.8906926E-16
70000000 6.89691485E-13
75000000 4.3848112728E-11
80000000 7.2676812157E-10
90000000 1.04807542322E-7
100000000 1.59851165892E-6
110000000 5.223784566E-6
120000000 8.2854203236E-6
130000000 1.4042340265765E-5
140000000 2.7436362217E-5
150000000 3.5935806577462E-5
160000000 4.13669559517E-5
180000000 5.283835194637E-5
200000000 6.48721546578E-5
#Header 
#Target 86 201 0
#Product 79 174 0
#Datapoints 10
1000000 0
100000000 0
110000000 7.008272656E-16
120000000 3.218011839E-11
130000000 7.329971801985E-9
140000000 8.4246169366E-8
150000000 4.820240432612E-7
160000000 2.854754745952E-6
180000000 2.5315125042426E-5
200000000 0.000202211046135
#Header 
#Target 86 201 0
#Product 79 175 0
#Datapoints 10
1000000 0
100000000 0
110000000 4.3404277224E-11
120000000 1.56323005048E-8
130000000 2.1292134470229E-7
140000000 1.094606037E-6
150000000 6.6980661236962E-6
160000000 1.892006129532E-5
180000000 9.900797826405E-5
200000000 0.0004342869951504
#Header 
#Target 86 201 0
#Product 79 176 0
#Datapoints 11
1000000 0
90000000 0
100000000 5.1806725784E-11
110000000 5.90673928152E-8
120000000 4.95889664522E-7
130000000 1.3925059017205E-6
140000000 6.38678522776E-6
150000000 2.4310228185287E-5
160000000 4.744980261078E-5
180000000 0.00021982680629596
200000000 0.000780319631847
#Header 
#Target 86 201 0
#Product 79 177 0
#Datapoints 12
1000000 0
80000000 0
90000000 2.2902546296E-13
100000000 2.24218884912E-9
110000000 8.3440014504E-8
120000000 6.89718509018E-7
130000000 2.0425683835487E-6
140000000 8.898343278E-6
150000000 2.7815787760376E-5
160000000 5.61589799164E-5
180000000 0.00021023863552399
200000000 0.0006873210869133
#Header 
#Target 86 201 0
#Product 79 178 0
#Datapoints 14
1000000 0
70000000 0
75000000 8.027285856E-16
80000000 3.5941914717E-11
90000000 3.81578576106E-7
100000000 2.57023574808E-6
110000000 5.9793933276E-6
120000000 1.52316199588E-5
130000000 4.2617980217218E-5
140000000 0.000126354590802
150000000 0.00026162869101457
160000000 0.0005008642957192
180000000 0.0010010530393063
200000000 0.001943099532045
#Header 
#Target 86 201 0
#Product 79 179 0
#Datapoints 14
1000000 0
70000000 0
75000000 5.6859156096E-15
80000000 2.2659246084E-12
90000000 1.9911020101E-10
100000000 1.22489619912E-8
110000000 1.88776617568E-7
120000000 8.3303041486E-7
130000000 3.0263547997984E-6
140000000 1.40041786436E-5
150000000 3.8932135775566E-5
160000000 7.25376083592E-5
180000000 0.0001729174733111
200000000 0.000348847063152
#Header 
#Target 86 201 0
#Product 79 180 0
#Datapoints 17
1000000 0
55000000 0
60000000 6.630768625689E-10
65000000 1.6575480198E-7
70000000 2.0121312701E-6
75000000 4.73274857892E-6
80000000 4.51394389862E-6
90000000 4.12832413623E-6
100000000 1.219845781E-5
110000000 1.84666752424E-5
120000000 4.71488423448E-5
130000000 0.00011648726300589
140000000 0.000158583266044
150000000 0.00020690360084185
160000000 0.000258393215107
180000000 0.0003630817382046
200000000 0.0004321747409532
#Header 
#Target 86 201 0
#Product 79 181 0
#Datapoints 18
1000000 0
50000000 0
55000000 4.6640864872E-12
60000000 1.2338362089219E-9
65000000 9.7344229172E-9
70000000 2.5737010306E-8
75000000 1.24722348084E-7
80000000 8.0915793197E-7
90000000 6.03368549476E-6
100000000 9.6869629824E-6
110000000 3.7960931624E-5
120000000 0.000109627352044
130000000 0.00013739597419618
140000000 0.000164069532396
150000000 0.00021781190633466
160000000 0.000248684078448
180000000 0.00029752409464374
200000000 0.0003096895952472
#Header 
#Target 86 201 0
#Product 80 176 0
#Datapoints 9
1000000 0
110000000 0
120000000 9.47101512E-16
130000000 5.386070518108E-10
140000000 7.994823253E-8
150000000 8.143644349907E-7
160000000 2.296995463828E-6
180000000 3.0328610408468E-5
200000000 0.0002644601688708
#Header 
#Target 86 201 0
#Product 80 177 0
#Datapoints 9
1000000 0
110000000 0
120000000 1.7000796008E-10
130000000 9.889394256973E-8
140000000 2.07742675698E-6
150000000 9.452811865222E-6
160000000 2.951018807264E-5
180000000 0.00020478002309246
200000000 0.000959874478815
#Header 
#Target 86 201 0
#Product 80 178 0
#Datapoints 10
1000000 0
100000000 0
110000000 2.5396269976E-12
120000000 1.37854384752E-8
130000000 7.408803781316E-7
140000000 7.996107625E-6
150000000 3.114349179744E-5
160000000 8.77318726142E-5
180000000 0.00040362965176572
200000000 0.001389945792375
#Header 
#Target 86 201 0
#Product 80 179 0
#Datapoints 11
1000000 0
90000000 0
100000000 2.211599346E-12
110000000 2.255595034E-8
120000000 1.8510406257E-6
130000000 1.9843774790322E-5
140000000 7.10429536432E-5
150000000 0.00021165526908075
160000000 0.0004184914748488
180000000 0.0010845802412694
200000000 0.002224434049236
#Header 
#Target 86 201 0
#Product 80 180 0
#Datapoints 12
1000000 0
80000000 0
90000000 2.1770023296E-13
100000000 1.18835907872E-8
110000000 1.75675765496E-6
120000000 2.55871174944E-5
130000000 9.238341683445E-5
140000000 0.00020991668937
150000000 0.00046399807040851
160000000 0.000730218231542
180000000 0.0017378705214122
200000000 0.002677296170724
#Header 
#Target 86 201 0
#Product 80 181 0
#Datapoints 13
1000000 0
75000000 0
80000000 1.141052789E-14
90000000 2.65703619314E-9
100000000 6.25844724824E-7
110000000 1.22278215752E-5
120000000 6.41296993736E-5
130000000 0.00011578924127533
140000000 0.000222935012608
150000000 0.00042590748027575
160000000 0.0006283614713472
180000000 0.0011638413526182
200000000 0.001631495697237
#Header 
#Target 86 201 0
#Product 80 182 0
#Datapoints 14
1000000 0
70000000 0
75000000 5.0545846812E-13
80000000 1.9196147349E-10
90000000 3.27123072983E-7
100000000 2.33644259332E-5
110000000 0.000196893606448
120000000 0.000354010239156
130000000 0.00041985192640069
140000000 0.0007793141172
150000000 0.0011165788624287
160000000 0.001318703732494
180000000 0.0016586839743487
200000000 0.001927150968351
#Header 
#Target 86 201 0
#Product 80 183 0
#Datapoints 16
1000000 0
60000000 0
65000000 4.1478977384E-14
70000000 3.707832758E-11
75000000 2.29416722124E-9
80000000 3.61431911292E-8
90000000 4.35328717257E-6
100000000 4.81623820612E-5
110000000 9.7345813488E-5
120000000 0.000122414489764
130000000 0.00022033782558949
140000000 0.00035901015883
150000000 0.00039862454842518
160000000 0.0004285717108466
180000000 0.00049075555779343
200000000 0.0005173040430075
#Header 
#Target 86 201 0
#Product 80 184 0
#Datapoints 19
1000000 0
45000000 0
50000000 2.7881679256E-15
55000000 8.543928156E-12
60000000 2.849864646633E-9
65000000 5.9264411104E-8
70000000 4.5550933302E-7
75000000 2.9066948166E-6
80000000 1.64545931243E-5
90000000 0.000108871034846
100000000 0.00014620451384
110000000 0.000169401369984
120000000 0.000334474123088
130000000 0.00046856287994663
140000000 0.000511803975376
150000000 0.00057981537133278
160000000 0.000650248628101
180000000 0.00072208893637636
200000000 0.000763848080016
#Header 
#Target 86 201 0
#Product 80 185 0
#Datapoints 21
1000000 0
35000000 0
40000000 3.505183308E-14
45000000 4.136343712E-11
50000000 7.5961027702E-9
55000000 6.8580444484E-8
60000000 3.0335467393074E-7
65000000 1.15076736476E-6
70000000 6.579081607E-6
75000000 2.90836706448E-5
80000000 7.0193980627E-5
90000000 0.000113933346037
100000000 0.000103342720184
110000000 0.000214062628472
120000000 0.00030983321999
130000000 0.00028994651291417
140000000 0.000299835287674
150000000 0.00031975891609552
160000000 0.000317597024057
180000000 0.00028907212431622
200000000 0.0002704134803853
#Header 
#Target 86 201 0
#Product 80 186 0
#Datapoints 23
1000000 0
28000000 0
30000000 3.930647392E-14
35000000 5.544052731E-11
40000000 7.5665990268E-9
45000000 9.5693614108E-8
50000000 6.4368915938E-7
55000000 2.75503035048E-6
60000000 1.139294808492E-5
65000000 3.6536944896E-5
70000000 6.990011868E-5
75000000 8.3936488908E-5
80000000 7.5345392001E-5
90000000 6.41753884324E-5
100000000 0.000138993984536
110000000 0.00018797361968
120000000 0.000186892586188
130000000 0.00020797655196409
140000000 0.000234203735766
150000000 0.0002449474567848
160000000 0.0002535183781582
180000000 0.0002566980490592
200000000 0.0002668601033217
#Header 
#Target 86 201 0
#Product 81 178 0
#Datapoints 10
1000000 0
100000000 0
110000000 5.2606106784E-16
120000000 2.395845774E-11
130000000 5.1046373065499E-9
140000000 5.00073591838E-8
150000000 2.544658688077E-7
160000000 1.500530168132E-6
180000000 1.0895029319494E-5
200000000 6.350541968211E-5
#Header 
#Target 86 201 0
#Product 81 179 0
#Datapoints 10
1000000 0
100000000 0
110000000 9.228210992E-11
120000000 3.08837960774E-8
130000000 3.0966421036229E-7
140000000 1.21454426206E-6
150000000 6.83920050539E-6
160000000 1.801472723318E-5
180000000 7.889907640629E-5
200000000 0.000225528520035
#Header 
#Target 86 201 0
#Product 81 180 0
#Datapoints 11
1000000 0
90000000 0
100000000 7.776659924E-11
110000000 8.6383667216E-8
120000000 6.70745922574E-7
130000000 1.7600735500607E-6
140000000 7.819863245E-6
150000000 2.7829262426163E-5
160000000 5.195191297106E-5
180000000 0.00021280704938628
200000000 0.0004132662556512
#Header 
#Target 86 201 0
#Product 81 181 0
#Datapoints 12
1000000 0
80000000 0
90000000 2.0617114882E-10
100000000 4.45448518152E-7
110000000 3.189769198E-6
120000000 8.9320994336E-6
130000000 2.1868250274976E-5
140000000 8.180415007E-5
150000000 0.00018661593728261
160000000 0.0003321290120764
180000000 0.0008558923021794
200000000 0.001419606796083
#Header 
#Target 86 201 0
#Product 81 182 0
#Datapoints 14
1000000 0
70000000 0
75000000 4.6430393316E-15
80000000 2.2249281249E-10
90000000 2.00253516288E-6
100000000 1.07740499372E-5
110000000 1.56337549368E-5
120000000 3.19731036282E-5
130000000 9.611814470979E-5
140000000 0.00019808048785
150000000 0.000333248513851
160000000 0.0005792712354136
180000000 0.0010396382471363
200000000 0.00181472470137
#Header 
#Target 86 201 0
#Product 81 183 0
#Datapoints 15
1000000 0
65000000 0
70000000 3.065260821E-13
75000000 3.3376319172E-10
80000000 1.97923597526E-8
90000000 3.42592404497E-7
100000000 5.21899726392E-6
110000000 2.95052859024E-5
120000000 5.63105146226E-5
130000000 0.00019917585489144
140000000 0.000503117838894
150000000 0.0008659364390116
160000000 0.001158729964556
180000000 0.0020192826494603
200000000 0.002895450631584
#Header 
#Target 86 201 0
#Product 81 184 0
#Datapoints 17
1000000 0
55000000 0
60000000 1.001011109649E-8
65000000 2.64349957216E-6
70000000 3.3156826157E-5
75000000 7.9103029092E-5
80000000 7.5707863642E-5
90000000 5.7520976408E-5
100000000 0.000115693660852
110000000 0.000153534852856
120000000 0.000392644968408
130000000 0.0008094091714478
140000000 0.00094901105416
150000000 0.0011654552154091
160000000 0.001422319938448
180000000 0.0018329045128398
200000000 0.001996763558097
#Header 
#Target 86 201 0
#Product 81 185 0
#Datapoints 18
1000000 0
50000000 0
55000000 1.4636071432E-11
60000000 3.3349840382832E-9
65000000 2.42112060356E-8
70000000 6.680173171E-8
75000000 3.62086122888E-7
80000000 2.03598330132E-6
90000000 1.15849241858E-5
100000000 1.67368915868E-5
110000000 7.2951550672E-5
120000000 0.000186350459988
130000000 0.00022546130225892
140000000 0.000278475824544
150000000 0.00037443382623955
160000000 0.0004352326343686
180000000 0.00053035961780917
200000000 0.0005487857957106
#Header 
#Target 86 201 0
#Product 81 186 0
#Datapoints 21
1000000 0
35000000 0
40000000 5.3322979644E-9
45000000 9.2117064552E-7
50000000 7.1475335032E-6
55000000 8.3225516672E-6
60000000 5.826066329085E-6
65000000 5.58465060692E-6
70000000 7.011505305E-6
75000000 1.5186081684E-5
80000000 2.4403500841E-5
90000000 2.96675458604E-5
100000000 9.1687467608E-5
110000000 0.0002371231324
120000000 0.000261201049956
130000000 0.00028247904017977
140000000 0.000385408784148
150000000 0.00044241728402124
160000000 0.0004689387362458
180000000 0.00051995913068249
200000000 0.000552062893809
#Header 
#Target 86 201 0
#Product 81 187 0
#Datapoints 23
1000000 0
28000000 0
30000000 3.0169296762E-11
35000000 6.1363507142E-9
40000000 2.258964774E-7
45000000 1.42045432832E-6
50000000 7.3211406438E-6
55000000 1.47456280024E-5
60000000 1.9508234627268E-5
65000000 3.08695536052E-5
70000000 3.6742380038E-5
75000000 3.11671228524E-5
80000000 3.45239996495E-5
90000000 0.000144254384316
100000000 0.000278328809088
110000000 0.000262333479408
120000000 0.00027189846719
130000000 0.00033653903849699
140000000 0.000357931072288
150000000 0.00035251197359147
160000000 0.0003509346186746
180000000 0.00032995753175896
200000000 0.0003174847665297
#Header 
#Target 86 201 0
#Product 81 188 0
#Datapoints 29
1000000 0
18000000 0
19000000 6.3338440055E-18
20000000 6.22817676E-10
22000000 1.72438748532E-8
24000000 8.1780501475E-8
26000000 3.0270762164E-7
28000000 6.024873356E-7
30000000 6.3649097176E-7
35000000 8.0053502697E-7
40000000 2.03432455908E-6
45000000 3.13421643284E-6
50000000 3.26718073292E-6
55000000 3.42234113672E-6
60000000 3.7134633473412E-6
65000000 3.77574666648E-6
70000000 4.2964126632E-6
75000000 5.73118969032E-6
80000000 8.1593947362E-6
90000000 1.59152457905E-5
100000000 2.12586386892E-5
110000000 2.25799581392E-5
120000000 2.7216706608E-5
130000000 3.3135557558509E-5
140000000 3.76953121086E-5
150000000 4.2160312499646E-5
160000000 4.575212033874E-5
180000000 5.0655522310093E-5
200000000 5.595321353538E-5
#Header 
#Target 86 201 0
#Product 81 189 0
#Datapoints 39
1000000 0
8000000 0
9000000 6.02912824107E-13
10000000 8.72208909E-12
11000000 3.5771975753E-11
12000000 1.470209373962E-10
13000000 7.057500504306E-10
14000000 3.038846606481E-9
15000000 1.13899786015E-8
16000000 3.43907597628E-8
17000000 6.93543288438E-8
18000000 1.196414765952E-7
19000000 2.20701572421E-7
20000000 3.298979565E-7
22000000 6.634973027E-7
24000000 1.07514031856E-6
26000000 1.9188823004E-6
28000000 3.281251543E-6
30000000 5.038391197E-6
35000000 1.26281240204E-5
40000000 1.73638859328E-5
45000000 1.85684778476E-5
50000000 1.71049643692E-5
55000000 1.5099899864E-5
60000000 2.0271397560039E-5
65000000 4.27977878232E-5
70000000 8.026777325E-5
75000000 0.00011345925948
80000000 0.000123277930049
90000000 0.000115610679219
100000000 0.000112659720052
110000000 0.000124351281208
120000000 0.000126837957932
130000000 0.00012253355046562
140000000 0.000122043453476
150000000 0.00012406254726932
160000000 0.000122263695721
180000000 0.00012204117556326
200000000 0.0001217692919016
#Header 
#Target 86 201 0
#Product 81 190 0
#Datapoints 45
1000000 0
2000000 0
3000000 7.473221301E-15
4000000 3.2004195723E-12
5000000 1.7869297761E-10
6000000 3.0744196023E-9
7000000 2.627435333215E-8
8000000 8.155024402378E-9
9000000 1.6658146281381E-8
10000000 3.287990376E-8
11000000 4.4848126152E-8
12000000 5.310031201245E-8
13000000 7.272267794997E-8
14000000 1.1194564130178E-7
15000000 1.74698928235E-7
16000000 2.56134539052E-7
17000000 2.9635947783E-7
18000000 3.29802015808E-7
19000000 3.81893572126E-7
20000000 4.496353695E-7
22000000 6.078121571E-7
24000000 9.1870013435E-7
26000000 1.9851316222E-6
28000000 1.88341712532E-6
30000000 1.09592037366E-6
35000000 8.1506949573E-7
40000000 7.7667438816E-7
45000000 1.05840054996E-6
50000000 2.09193382052E-6
55000000 3.78391571696E-6
60000000 5.561177009373E-6
65000000 7.3385655912E-6
70000000 9.066986677E-6
75000000 1.04610296616E-5
80000000 1.16244136812E-5
90000000 1.27533881363E-5
100000000 1.44992167496E-5
110000000 1.7243606996E-5
120000000 1.96470548022E-5
130000000 2.163336199661E-5
140000000 2.38051714278E-5
150000000 2.6003793385328E-5
160000000 2.767646484392E-5
180000000 2.9747950085758E-5
200000000 3.135968535945E-5
#Header 
#Target 86 201 0
#Product 81 191 0
#Datapoints 32
1000000 0
15000000 0
16000000 8.8361235837E-20
17000000 1.44613328382E-18
18000000 7.7961557568E-17
19000000 7.1814531525E-16
20000000 5.2783704E-15
22000000 1.5502116604E-13
24000000 2.824877498E-12
26000000 3.242786103E-11
28000000 2.6650952888E-10
30000000 1.53120272786E-9
35000000 4.5050165517E-8
40000000 4.25639530404E-7
45000000 1.62471165596E-6
50000000 3.31798965796E-6
55000000 4.23714957488E-6
60000000 4.4143720257129E-6
65000000 4.2312852376E-6
70000000 4.0419388464E-6
75000000 4.11688082808E-6
80000000 4.55497046541E-6
90000000 5.33412004195E-6
100000000 5.77512817904E-6
110000000 6.16955959928E-6
120000000 6.73678473286E-6
130000000 7.298286034711E-6
140000000 7.8633749142E-6
150000000 8.387164655089E-6
160000000 8.78591005016E-6
180000000 9.313100951723E-6
200000000 9.60127513863E-6
#Header 
#Target 86 201 0
#Product 82 181 0
#Datapoints 9
1000000 0
110000000 0
120000000 1.9909338274E-10
130000000 7.731192653037E-8
140000000 1.05536561824E-6
150000000 2.8069545078564E-6
160000000 7.36115211722E-6
180000000 3.2795218683945E-5
200000000 8.3297813781E-5
#Header 
#Target 86 201 0
#Product 82 182 0
#Datapoints 10
1000000 0
100000000 0
110000000 1.8951334864E-10
120000000 2.4122327705E-7
130000000 5.7363717604102E-6
140000000 2.8438814563E-5
150000000 5.8653726973963E-5
160000000 0.0001506956364482
180000000 0.00030532815200676
200000000 0.0006080305685916
#Header 
#Target 86 201 0
#Product 82 183 0
#Datapoints 11
1000000 0
90000000 0
100000000 3.057720336E-11
110000000 1.22648460704E-7
120000000 3.55705052388E-6
130000000 1.2749909405275E-5
140000000 2.73955334582E-5
150000000 6.9801231115693E-5
160000000 0.0001162197590508
180000000 0.00023670193473202
200000000 0.0004217479316148
#Header 
#Target 86 201 0
#Product 82 184 0
#Datapoints 12
1000000 0
80000000 0
90000000 2.3228846158E-11
100000000 5.79419759028E-7
110000000 1.93249349216E-5
120000000 9.1578562726E-5
130000000 0.0002058817077303
140000000 0.000375559220696
150000000 0.00067005514349884
160000000 0.000898970507704
180000000 0.0016416565320716
200000000 0.001967165813151
#Header 
#Target 86 201 0
#Product 82 185 0
#Datapoints 13
1000000 0
75000000 0
80000000 2.7410549701E-13
90000000 4.28828368332E-8
100000000 4.20252801452E-6
110000000 3.51309070112E-5
120000000 0.000111095598768
130000000 0.00015383879107989
140000000 0.000259838017036
150000000 0.00039864601312987
160000000 0.0005081144132438
180000000 0.0007293986976811
200000000 0.000858492014772
#Header 
#Target 86 201 0
#Product 82 186 0
#Datapoints 15
1000000 0
65000000 0
70000000 6.9278216E-14
75000000 1.5736677204E-10
80000000 6.5494906722E-8
90000000 1.25025009823E-5
100000000 0.000249347157928
110000000 0.00096643956024
120000000 0.00108793181756
130000000 0.0012584334628096
140000000 0.0021222178034
150000000 0.0025622382094298
160000000 0.002776770603176
180000000 0.0032816856805184
200000000 0.003383184513408
#Header 
#Target 86 201 0
#Product 82 187 0
#Datapoints 17
1000000 0
55000000 0
60000000 2.75702553825E-15
65000000 1.9895846164E-11
70000000 1.527982624E-8
75000000 4.32314023428E-7
80000000 3.09133775809E-6
90000000 0.000123033501437
100000000 0.00077619617108
110000000 0.00105293724536
120000000 0.00103999448434
130000000 0.0019181900613666
140000000 0.00256354086632
150000000 0.0026736378731216
160000000 0.00293379804109
180000000 0.0032179143945343
200000000 0.003118100142381
#Header 
#Target 86 201 0
#Product 82 188 0
#Datapoints 19
1000000 0
45000000 0
50000000 3.634885234E-13
55000000 9.2678152732E-10
60000000 2.7813738473727E-7
65000000 4.89618072104E-6
70000000 2.827561422E-5
75000000 0.0001147260012
80000000 0.000427404438248
90000000 0.0016754878357
100000000 0.00178925428704
110000000 0.00197015211624
120000000 0.00384438093018
130000000 0.0048081756644698
140000000 0.00494071935544
150000000 0.0054693890973194
160000000 0.005888143349994
180000000 0.0060808137482533
200000000 0.006302354974041
#Header 
#Target 86 201 0
#Product 82 189 0
#Datapoints 21
1000000 0
35000000 0
40000000 3.2455747764E-11
45000000 3.42683696704E-8
50000000 5.0964360038E-6
55000000 3.37678204692E-5
60000000 8.827697644071E-5
65000000 0.000136409091888
70000000 0.00029416950458
75000000 0.00063560176392
80000000 0.00090134465379
90000000 0.00082479118568
100000000 0.00080217394752
110000000 0.00148524747448
120000000 0.00187689793326
130000000 0.0018634184434929
140000000 0.0020309524697
150000000 0.0022292366473652
160000000 0.002318169150782
180000000 0.0024011632746617
200000000 0.002459037994917
#Header 
#Target 86 201 0
#Product 82 190 0
#Datapoints 24
1000000 0
26000000 0
28000000 1.5521972472E-14
30000000 3.4733333336E-12
35000000 4.8648193517E-9
40000000 6.580235178E-7
45000000 8.0111183792E-6
50000000 4.79150278234E-5
55000000 0.0001667324254
60000000 0.00045877651622919
65000000 0.00090710198224
70000000 0.0012261943995
75000000 0.00125157678168
80000000 0.00109697372838
90000000 0.00107449718481
100000000 0.00206122999676
110000000 0.00270839228968
120000000 0.0026480189442
130000000 0.0028754536348713
140000000 0.0031701012412
150000000 0.0032541310696774
160000000 0.003311968715952
180000000 0.0033374351524694
200000000 0.003455438524251
#Header 
#Target 86 201 0
#Product 82 191 0
#Datapoints 31
1000000 0
16000000 0
17000000 2.0825137206E-21
18000000 2.8755944896E-19
19000000 7.0081728387E-17
20000000 1.9360449E-15
22000000 3.847642844E-13
24000000 2.1291996902E-11
26000000 3.66221184E-10
28000000 2.72724791388E-9
30000000 1.0835075023E-8
35000000 1.66935554121E-7
40000000 2.26584432756E-6
45000000 1.644072448E-5
50000000 5.8635582112E-5
55000000 0.000116318927864
60000000 0.00015949461227964
65000000 0.000176069433572
70000000 0.00016857824816
75000000 0.0001548751413
80000000 0.000172229587551
90000000 0.000333894094905
100000000 0.000467348104168
110000000 0.000481565685216
120000000 0.000501838197056
130000000 0.00053066677133764
140000000 0.000551656468748
150000000 0.0005654829788179
160000000 0.0005759664064358
180000000 0.00059030568356487
200000000 0.0006038879288043
#Header 
#Target 86 201 0
#Product 82 192 0
#Datapoints 37
1000000 0
10000000 0
11000000 6.58152455E-16
12000000 1.024300583637E-13
13000000 1.923423056812E-12
14000000 8.523125438856E-11
15000000 5.30962096595E-9
16000000 9.1557597726E-8
17000000 4.09919441994E-7
18000000 1.130764190592E-6
19000000 2.62203572686E-6
20000000 5.4418392E-6
22000000 1.68553540312E-5
24000000 4.3993918101E-5
26000000 0.0001054151967
28000000 0.000205814921784
30000000 0.00033699635479
35000000 0.00086147310641
40000000 0.00130024968876
45000000 0.00133588517156
50000000 0.00118131410416
55000000 0.00097496188992
60000000 0.000934530938073
65000000 0.00119869302948
70000000 0.0016387930363
75000000 0.00202380807984
80000000 0.00228338507793
90000000 0.00256938690722
100000000 0.00273798739148
110000000 0.0028793488416
120000000 0.00304375558088
130000000 0.00311602679598
140000000 0.00321243985064
150000000 0.0033023376377255
160000000 0.003355149875336
180000000 0.0034393934874785
200000000 0.003489137790789
#Header 
#Target 86 201 0
#Product 82 193 0
#Datapoints 43
1000000 0
4000000 0
5000000 7.238100807E-20
6000000 6.527595876E-17
7000000 3.52277417637E-14
8000000 1.840136166176E-13
9000000 4.36471279794E-12
10000000 6.73004307888E-11
11000000 4.9108565621E-10
12000000 2.2365808177997E-9
13000000 8.470317323432E-9
14000000 2.7595378708116E-8
15000000 7.51087552275E-8
16000000 1.73417256306E-7
17000000 2.98621310832E-7
18000000 4.76710338048E-7
19000000 7.54989631451E-7
20000000 1.1657610675E-6
22000000 2.5008090244E-6
24000000 4.6127731264E-6
26000000 8.585060221E-6
28000000 1.19146128988E-5
30000000 1.31861159866E-5
35000000 1.66093068043E-5
40000000 1.81951114752E-5
45000000 1.80963094164E-5
50000000 1.71836206692E-5
55000000 1.90837976412E-5
60000000 2.7114235569507E-5
65000000 4.23026134996E-5
70000000 6.14461512E-5
75000000 7.7578908768E-5
80000000 8.7553767146E-5
90000000 9.547701842E-5
100000000 0.000106079758444
110000000 0.000120827863464
120000000 0.000131006697192
130000000 0.00014051738346492
140000000 0.000149778895984
150000000 0.00015849150286222
160000000 0.000167381714285
180000000 0.00017738416357061
200000000 0.0001827765568713
#Header 
#Target 86 201 0
#Product 82 194 0
#Datapoints 27
1000000 0
20000000 0
22000000 1.0387079662E-14
24000000 6.387855982E-13
26000000 1.98775214E-11
28000000 3.3238820792E-10
30000000 3.50523628378E-9
35000000 3.9382841218E-7
40000000 6.6297867768E-6
45000000 2.5486511758E-5
50000000 4.65230295212E-5
55000000 6.5391071336E-5
60000000 8.093686932627E-5
65000000 9.408891386E-5
70000000 0.00010229109912
75000000 0.000110424225684
80000000 0.000116983929718
90000000 0.000130416418874
100000000 0.000145029066776
110000000 0.000156403537752
120000000 0.00016767752148
130000000 0.00017767563827363
140000000 0.000187626984142
150000000 0.00019877802560957
160000000 0.0002044451347438
180000000 0.00021234887719049
200000000 0.0002141650396788
#Header 
#Target 86 201 0
#Product 83 187 0
#Datapoints 15
1000000 0
65000000 0
70000000 6.676546779E-10
75000000 2.17125235176E-7
80000000 4.89570404907E-6
90000000 2.44905367371E-5
100000000 3.54250785988E-5
110000000 7.3881513552E-5
120000000 0.000130068185212
130000000 0.00022288430178105
140000000 0.000284587508706
150000000 0.0003001698963692
160000000 0.0003459491863466
180000000 0.00042961689782799
200000000 0.0004157914571622
#Header 
#Target 86 201 0
#Product 83 188 0
#Datapoints 17
1000000 0
55000000 0
60000000 7.830231857082E-9
65000000 1.77556938444E-6
70000000 1.9131378329E-5
75000000 4.0712818464E-5
80000000 3.59934211499E-5
90000000 2.15519193519E-5
100000000 3.00102459228E-5
110000000 3.77351719976E-5
120000000 8.4634418946E-5
130000000 0.0001382098607351
140000000 0.000141233041466
150000000 0.00016557765515401
160000000 0.000195351688897
180000000 0.00022191656088213
200000000 0.0002355707749458
#Header 
#Target 86 201 0
#Product 83 189 0
#Datapoints 19
1000000 0
45000000 0
50000000 3.07467831922E-9
55000000 1.36072271216E-6
60000000 3.018761669475E-5
65000000 7.9061559724E-5
70000000 7.969037629E-5
75000000 7.4151885684E-5
80000000 0.000104156286848
90000000 0.000221095670152
100000000 0.000283283357412
110000000 0.00142795452184
120000000 0.00213437126714
130000000 0.00184725048683
140000000 0.00227756188326
150000000 0.0026928089413071
160000000 0.002865173464292
180000000 0.0029986432731451
200000000 0.00304381302435
#Header 
#Target 86 201 0
#Product 83 190 0
#Datapoints 21
1000000 0
35000000 0
40000000 3.83634297684E-7
45000000 5.951231344E-5
50000000 0.000414841242576
55000000 0.000429279951224
60000000 0.00026322441470406
65000000 0.000216555415988
70000000 0.00018404327942
75000000 0.000206144760804
80000000 0.000210781195672
90000000 0.000249163520613
100000000 0.00081231919956
110000000 0.00112922413296
120000000 0.00104299870836
130000000 0.0013088743147718
140000000 0.00165065134758
150000000 0.0018172234355484
160000000 0.001955003014378
180000000 0.0020894454701523
200000000 0.002313272153661
#Header 
#Target 86 201 0
#Product 83 191 0
#Datapoints 24
1000000 0
26000000 0
28000000 2.2089606128E-13
30000000 1.26816253054E-6
35000000 6.4253466697E-5
40000000 0.000303120488088
45000000 0.00060797029416
50000000 0.00150103826224
55000000 0.00142093934888
60000000 0.0008437518770235
65000000 0.00073793677692
70000000 0.0006936540247
75000000 0.00084071967648
80000000 0.00159301325677
90000000 0.00355281458665
100000000 0.00434480070508
110000000 0.00408050866608
120000000 0.00461456554132
130000000 0.0052784316862095
140000000 0.00561099528462
150000000 0.0058646146128427
160000000 0.006092326468732
180000000 0.0063127369086152
200000000 0.006587196674688
#Header 
#Target 86 201 0
#Product 83 192 0
#Datapoints 29
1000000 0
18000000 0
19000000 2.9337098186E-14
20000000 7.608832155E-7
22000000 1.98804256272E-5
24000000 9.0103419588E-5
26000000 0.00032317743456
28000000 0.00062122093688
30000000 0.00063317818318
35000000 0.00075994105824
40000000 0.00186683857272
45000000 0.00251001490452
50000000 0.00185611563614
55000000 0.00116703328572
60000000 0.000869576329581
65000000 0.00097675871092
70000000 0.0018554016691
75000000 0.00324181341576
80000000 0.00409596986771
90000000 0.00439639765985
100000000 0.00462256823512
110000000 0.00494907380968
120000000 0.00534124417288
130000000 0.0056183220930417
140000000 0.00584270598298
150000000 0.0061182427120727
160000000 0.006359660557024
180000000 0.0067367130544565
200000000 0.006954619746858
#Header 
#Target 86 201 0
#Product 83 193 0
#Datapoints 39
1000000 0
8000000 0
9000000 2.7116352086604E-9
10000000 3.49612478424E-8
11000000 1.29790818175E-7
12000000 4.731877799861E-7
13000000 1.9797276801352E-6
14000000 7.695331005054E-6
15000000 2.52971286045E-5
16000000 6.65009086392E-5
17000000 0.000109868158953
18000000 0.000157599197248
19000000 0.000222359383158
20000000 0.0002979387225
22000000 0.00045477053906
24000000 0.00062593128228
26000000 0.0009120435397
28000000 0.00120385098636
30000000 0.0013669617462
35000000 0.0017218558539
40000000 0.00156696634512
45000000 0.00128288364664
50000000 0.00112311199438
55000000 0.00134355442804
60000000 0.0024088388626413
65000000 0.00394430310444
70000000 0.0051035809993
75000000 0.00567052187652
80000000 0.0057049631121
90000000 0.00535266210822
100000000 0.00553900011984
110000000 0.00596661469096
120000000 0.00611411547698
130000000 0.0062946595405799
140000000 0.00655124121342
150000000 0.0067833104345226
160000000 0.00691999103771
180000000 0.0071679907088564
200000000 0.007274576680518
#Header 
#Target 86 201 0
#Product 83 194 0
#Datapoints 46
1000000 0
1000000 0
2000000 1.464621408063E-16
3000000 3.76867998663E-12
4000000 1.60519008939E-9
5000000 8.8605200187E-8
6000000 1.5057299007E-6
7000000 1.2697602761811E-5
8000000 3.841144869415E-6
9000000 7.73364124731E-6
10000000 1.49293953468E-5
11000000 1.97445078461E-5
12000000 2.2522497894673E-5
13000000 2.9645966429483E-5
14000000 4.3826462537724E-5
15000000 6.57090003545E-5
16000000 9.25418082015E-5
17000000 0.000102967619706
18000000 0.000110125891488
19000000 0.0001224873578269
20000000 0.00013843727235
22000000 0.000172887484442
24000000 0.000247796839472
26000000 0.0005338103753
28000000 0.00046700932416
30000000 0.000231795734828
35000000 0.000131861273215
40000000 0.00012278251458
45000000 0.0002407811592
50000000 0.00052681756916
55000000 0.00088188565112
60000000 0.0011580135749667
65000000 0.0013534795132
70000000 0.0014701769936
75000000 0.00160952959392
80000000 0.00175499577167
90000000 0.00210005871698
100000000 0.00241180595612
110000000 0.00267250936568
120000000 0.00291809495208
130000000 0.0031194744114268
140000000 0.00328842615232
150000000 0.0034424231922102
160000000 0.003545327846152
180000000 0.0036827676950722
200000000 0.003722511132879
#Header 
#Target 86 201 0
#Product 83 195 0
#Datapoints 36
1000000 0
11000000 0
12000000 9.2502690062E-18
13000000 3.477080994262E-16
14000000 1.053793241628E-14
15000000 2.1494216675E-13
16000000 2.8489058829E-12
17000000 1.9566298566E-11
18000000 1.20118829312E-10
19000000 6.46443538257E-10
20000000 3.44347182E-9
22000000 1.01493129292E-7
24000000 1.51884953771E-6
26000000 1.1758870813E-5
28000000 5.086429096E-5
30000000 0.000135409581646
35000000 0.00061404728028
40000000 0.00149326839684
45000000 0.00237616149112
50000000 0.00299654927016
55000000 0.00324208073296
60000000 0.0033153719579322
65000000 0.0034693152112
70000000 0.0036150324448
75000000 0.00385861928712
80000000 0.00413342932439
90000000 0.00445858383159
100000000 0.00466107878368
110000000 0.00481565685216
120000000 0.0049457222745
130000000 0.00498679019013
140000000 0.00502158270302
150000000 0.0050338580351466
160000000 0.005040922263474
180000000 0.0049407374088179
200000000 0.004834962067803
#Header 
#Target 86 201 0
#Product 83 196 0
#Datapoints 40
1000000 0
7000000 0
8000000 6.87815801043E-19
9000000 3.253186918047E-15
10000000 9.0643400892E-13
11000000 5.1759713988E-11
12000000 8.551207854333E-10
13000000 6.489919350162E-9
14000000 3.0761881368738E-8
15000000 1.08451832496E-7
16000000 2.96063192691E-7
17000000 5.77805468202E-7
18000000 9.97335826624E-7
19000000 1.718617873269E-6
20000000 2.91408291E-6
22000000 7.7391073564E-6
24000000 1.84860679863E-5
26000000 3.970200772E-5
28000000 6.7740157848E-5
30000000 9.512780049E-5
35000000 0.000175453807193
40000000 0.000255338733672
45000000 0.000312759852936
50000000 0.00035923473995
55000000 0.000391188067564
60000000 0.00041975621158014
65000000 0.000465210589704
70000000 0.00050620582222
75000000 0.000557689955676
80000000 0.000602385366694
90000000 0.00068312388361
100000000 0.00076216214492
110000000 0.00082184216576
120000000 0.00086849180488
130000000 0.0008990939155912
140000000 0.0009184936619
150000000 0.0009318158532155
160000000 0.000934346628608
180000000 0.000930330624512
200000000 0.000915686026857
#Header 
#Target 86 201 0
#Product 83 197 0
#Datapoints 24
1000000 0
26000000 0
28000000 2.5549734544E-15
30000000 6.084798966E-14
35000000 4.194792231E-11
40000000 6.3820112004E-9
45000000 2.25356273188E-7
50000000 2.45096430782E-6
55000000 1.0144088874E-5
60000000 2.1494195460576E-5
65000000 3.44422002612E-5
70000000 4.8278892571E-5
75000000 6.6342295872E-5
80000000 8.5685146788E-5
90000000 0.000124295798249
100000000 0.000157003429792
110000000 0.000182116524128
120000000 0.00020041103103
130000000 0.0002136190123228
140000000 0.000223478516026
150000000 0.00023082267606244
160000000 0.0002351141118228
180000000 0.00023932464297681
200000000 0.0002378981089338
#Header 
#Target 86 201 0
#Product 84 189 0
#Datapoints 14
1000000 0
70000000 0
75000000 1.3580922132E-15
80000000 7.534327977E-12
90000000 8.43996111E-7
100000000 2.7988001382E-5
110000000 6.95636040176E-5
120000000 7.3389383844E-5
130000000 7.420106974112E-5
140000000 0.000107886819876
150000000 0.00012765052700312
160000000 0.0001455363908094
180000000 0.00016990536575502
200000000 0.0001721942486691
#Header 
#Target 86 201 0
#Product 84 190 0
#Datapoints 16
1000000 0
60000000 0
65000000 5.6094788884E-15
70000000 3.461679627E-11
75000000 7.6512687984E-8
80000000 5.71926611632E-6
90000000 0.000124537225505
100000000 0.000524752655724
110000000 0.00092066603552
120000000 0.00072327098116
130000000 0.0009040882837364
140000000 0.0012347417253
150000000 0.0013466424489012
160000000 0.001376598541448
180000000 0.0013948422324027
200000000 0.001486672117308
#Header 
#Target 86 201 0
#Product 84 191 0
#Datapoints 17
1000000 0
55000000 0
60000000 4.310242138998E-12
65000000 2.34038169668E-8
70000000 6.229611626E-6
75000000 6.12485556648E-5
80000000 0.000163483735078
90000000 0.00063593098401
100000000 0.00146883802252
110000000 0.00109560346896
120000000 0.00114650397708
130000000 0.0016631422978541
140000000 0.00184863158306
150000000 0.0018858193194027
160000000 0.001944320047964
180000000 0.0020105043336977
200000000 0.002113896718311
#Header 
#Target 86 201 0
#Product 84 192 0
#Datapoints 20
1000000 0
40000000 0
45000000 1.9047551876E-14
50000000 6.811787818E-10
55000000 5.7452930904E-7
60000000 3.3530791502718E-5
65000000 0.000197427230008
70000000 0.0004872216601
75000000 0.00080082630288
80000000 0.00149103538416
90000000 0.00266889637371
100000000 0.00190261775836
110000000 0.002142116592
120000000 0.00297149649496
130000000 0.0032974855335618
140000000 0.0034826638705
150000000 0.0037457237767785
160000000 0.004018096451418
180000000 0.0045158433259498
200000000 0.004663444025877
#Header 
#Target 86 201 0
#Product 84 193 0
#Datapoints 22
1000000 0
30000000 0
35000000 2.8846055329E-16
40000000 3.7811786364E-10
45000000 3.66900445924E-7
50000000 4.37744586994E-5
55000000 0.000241141359436
60000000 0.00053082300553242
65000000 0.00061935093956
70000000 0.0008420423354
75000000 0.00127337676804
80000000 0.00137663183264
90000000 0.00097597567809
100000000 0.00108682046
110000000 0.00151827716656
120000000 0.00174657853944
130000000 0.0019510160630016
140000000 0.00218754167686
150000000 0.0023949161701311
160000000 0.002551622603864
180000000 0.0027943711559028
200000000 0.002980213694829
#Header 
#Target 86 201 0
#Product 84 194 0
#Datapoints 25
1000000 0
24000000 0
26000000 7.25739877E-16
28000000 3.1652484552E-12
30000000 6.5125553386E-10
35000000 7.0937976977E-7
40000000 8.495529966E-5
45000000 0.000496781174
50000000 0.00115478663266
55000000 0.00177934103104
60000000 0.0030501796742838
65000000 0.00426535917336
70000000 0.0041109915903
75000000 0.00328129942308
80000000 0.00277887926668
90000000 0.00358479636998
100000000 0.0052856646964
110000000 0.006111112546
120000000 0.00675111094574
130000000 0.007329199842076
140000000 0.007922398943
150000000 0.008384472593464
160000000 0.00869547528696
180000000 0.009217224311479
200000000 0.00946045083648
#Header 
#Target 86 201 0
#Product 84 195 0
#Datapoints 32
1000000 0
15000000 0
16000000 7.5907415241E-16
17000000 7.9512944688E-14
18000000 4.1342636864E-12
19000000 1.04158594518E-10
20000000 1.445705064E-9
22000000 6.80377553E-8
24000000 8.8840918705E-7
26000000 1.2484836654E-5
28000000 5.1922304504E-5
30000000 9.0061115458E-5
35000000 0.000292930829317
40000000 0.00061985344608
45000000 0.00093701086268
50000000 0.00121830032626
55000000 0.00107237480876
60000000 0.0008286638432547
65000000 0.00072333601424
70000000 0.0007254573648
75000000 0.00086666525028
80000000 0.00110209300824
90000000 0.0014878754079
100000000 0.00189562397816
110000000 0.0022752871372
120000000 0.00259558900412
130000000 0.0028038419594598
140000000 0.00296754221954
150000000 0.003123703196537
160000000 0.003252571221084
180000000 0.0033700487021495
200000000 0.003461145053037
#Header 
#Target 86 201 0
#Product 84 196 0
#Datapoints 37
1000000 0
10000000 0
11000000 6.508073783E-14
12000000 8.82026956607E-12
13000000 2.2583195074117E-10
14000000 2.0526117927378E-8
15000000 1.3136018684E-6
16000000 2.02503090132E-5
17000000 7.06187768166E-5
18000000 0.0001624449753664
19000000 0.000329020383681
20000000 0.0005932866735
22000000 0.0013926143198
24000000 0.00267733601408
26000000 0.004604109544
28000000 0.0063738529272
30000000 0.0075883137218
35000000 0.011168239803
40000000 0.0135524743596
45000000 0.0136865760972
50000000 0.0132453453996
55000000 0.0127544344404
60000000 0.01310850823329
65000000 0.0148802050704
70000000 0.017015867218
75000000 0.0189933815004
80000000 0.0201299966776
90000000 0.0217678315309
100000000 0.0231974225252
110000000 0.0240935353736
120000000 0.024697298304
130000000 0.024979284119251
140000000 0.0252149195412
150000000 0.025336664620498
160000000 0.02533672455404
180000000 0.02518064871585
200000000 0.02478795324537
#Header 
#Target 86 201 0
#Product 84 197 0
#Datapoints 45
1000000 0
2000000 0
3000000 7.348062852E-20
4000000 8.6664294467E-15
5000000 8.1675301554E-12
6000000 6.268649649E-10
7000000 1.617463189205E-8
8000000 1.5512416003112E-8
9000000 1.1468207587914E-7
10000000 7.07464016424E-7
11000000 2.5039200826E-6
12000000 6.346959935068E-6
13000000 1.5276194359635E-5
14000000 3.4354812911934E-5
15000000 6.8285890829E-5
16000000 0.0001154397132504
17000000 0.0001484833440528
18000000 0.000181048187392
19000000 0.000232785808915
20000000 0.0002936426355
22000000 0.00043673754732
24000000 0.00059112552709
26000000 0.0007964602953
28000000 0.00085816146068
30000000 0.00076720706138
35000000 0.00068237500527
40000000 0.00063281782872
45000000 0.00059889964768
50000000 0.00060878403074
55000000 0.00069383143484
60000000 0.0007681580775309
65000000 0.00087343124128
70000000 0.000990216948
75000000 0.00116321302116
80000000 0.00133133087839
90000000 0.00159119681357
100000000 0.00180122400348
110000000 0.00192715038208
120000000 0.00200524595908
130000000 0.0020565401496815
140000000 0.00208184428312
150000000 0.0021063099347367
160000000 0.002112926879682
180000000 0.0021055426686759
200000000 0.002073602358051
#Header 
#Target 86 201 0
#Product 84 198 0
#Datapoints 31
1000000 0
16000000 0
17000000 2.8408009392E-16
18000000 3.708920992E-15
19000000 3.958995997E-14
20000000 3.4859799E-13
22000000 1.5919156728E-11
24000000 4.012846744E-10
26000000 6.97836646E-9
28000000 8.5558069396E-8
30000000 6.9914405454E-7
35000000 3.26824839712E-5
40000000 0.000308328834528
45000000 0.00086757240496
50000000 0.0013782334497
55000000 0.00183223126292
60000000 0.0022822171266693
65000000 0.0028417226292
70000000 0.0033717786613
75000000 0.00393374333352
80000000 0.00438786867065
90000000 0.00502892707772
100000000 0.00544238892164
110000000 0.00568456933968
120000000 0.00580510213486
130000000 0.0058458342590662
140000000 0.00585858938338
150000000 0.0058366064036962
160000000 0.005788100613226
180000000 0.0056605969454563
200000000 0.005481412183485
#Header 
#Target 86 201 0
#Product 84 199 0
#Datapoints 35
1000000 0
12000000 0
13000000 2.072269901746E-16
14000000 7.034127702762E-15
15000000 2.663021572E-13
16000000 7.2872567964E-12
17000000 9.4897355202E-11
18000000 6.62915214208E-10
19000000 3.84580356611E-9
20000000 1.621023417E-8
22000000 1.4759222163E-7
24000000 7.2992464404E-7
26000000 2.3462187712E-6
28000000 5.0885065268E-6
30000000 8.3296836028E-6
35000000 1.79842814718E-5
40000000 3.1776539652E-5
45000000 5.7541208592E-5
50000000 9.6024270738E-5
55000000 0.000135234148188
60000000 0.0001720378564167
65000000 0.0002117880066
70000000 0.00024410286551
75000000 0.000277802349576
80000000 0.000303724608246
90000000 0.000335794934832
100000000 0.000353917462492
110000000 0.000361394503624
120000000 0.000362075809704
130000000 0.0003581716922735
140000000 0.00035292830064
150000000 0.00034795614386225
160000000 0.000339991868323
180000000 0.00032466151290489
200000000 0.0003088453114446
#Header 
#Target 86 201 0
#Product 85 193 0
#Datapoints 19
1000000 0
45000000 0
50000000 2.22397694236E-7
55000000 1.92116768032E-5
60000000 0.00013934702705595
65000000 0.000196938171752
70000000 0.00012941368552
75000000 8.0398230648E-5
80000000 5.33481383145E-5
90000000 3.7350208826E-5
100000000 6.70250958344E-5
110000000 6.4949971856E-5
120000000 5.47993765634E-5
130000000 5.5802821750305E-5
140000000 5.82020521262E-5
150000000 5.93595998897E-5
160000000 5.916750544076E-5
180000000 5.8792295649073E-5
200000000 5.967612408114E-5
#Header 
#Target 86 201 0
#Product 85 194 0
#Datapoints 21
1000000 0
35000000 0
40000000 3.78655577388E-7
45000000 5.1588270992E-5
50000000 0.000310370503122
55000000 0.00027433698974
60000000 0.00013953568119507
65000000 9.6719788324E-5
70000000 6.750416855E-5
75000000 5.247104001E-5
80000000 4.69773935905E-5
90000000 6.45801055193E-5
100000000 7.14940633E-5
110000000 6.82128259736E-5
120000000 7.2747281124E-5
130000000 7.59268604808E-5
140000000 7.8415334548E-5
150000000 7.865672834756E-5
160000000 7.8610201905E-5
180000000 8.325073496741E-5
200000000 8.44355888166E-5
#Header 
#Target 86 201 0
#Product 85 195 0
#Datapoints 24
1000000 0
26000000 0
28000000 1.2489823604E-12
30000000 5.3512906654E-6
35000000 0.000278940523183
40000000 0.00102201568128
45000000 0.00117532411216
50000000 0.00197056714962
55000000 0.00134836220028
60000000 0.0005825045705895
65000000 0.0003779227203
70000000 0.00036544517968
75000000 0.00066566750352
80000000 0.00135918096416
90000000 0.0018998806134
100000000 0.00217288106816
110000000 0.00255611643672
120000000 0.00287436789766
130000000 0.0030449654075862
140000000 0.00316799201696
150000000 0.0033354083584932
160000000 0.003489465659304
180000000 0.0035501533038534
200000000 0.003619248559584
#Header 
#Target 86 201 0
#Product 85 196 0
#Datapoints 30
1000000 0
17000000 0
18000000 5.4210036352E-16
19000000 6.1320382134E-13
20000000 1.4871390255E-5
22000000 0.00030794216976
24000000 0.00109748614416
26000000 0.0031549851324
28000000 0.0046474755288
30000000 0.00348292788908
35000000 0.00221005193654
40000000 0.00370717607304
45000000 0.00362218289876
50000000 0.0021339352698
55000000 0.00130442903652
60000000 0.0010763980986531
65000000 0.00137080326048
70000000 0.0024425015825
75000000 0.00372395899992
80000000 0.00436905509314
90000000 0.00539398853868
100000000 0.0066466809728
110000000 0.0074672121216
120000000 0.0081226838952
130000000 0.008610490400393
140000000 0.0090233768922
150000000 0.009334799062413
160000000 0.00956237457474
180000000 0.010067800107724
200000000 0.01029135467535
#Header 
#Target 86 201 0
#Product 85 197 0
#Datapoints 39
1000000 0
8000000 0
9000000 7.957584163419E-6
10000000 7.0265947752E-5
11000000 0.000158689916938
12000000 0.00028858730192981
13000000 0.0006105540050361
14000000 0.001416507046761
15000000 0.0030296304517
16000000 0.00537226616871
17000000 0.00549026166636
18000000 0.00506393200832
19000000 0.00503770583998
20000000 0.0052743456
22000000 0.0058089053448
24000000 0.0066841185558
26000000 0.008240804067
28000000 0.0090135761972
30000000 0.0085113175278
35000000 0.0071177441384
40000000 0.0055727328888
45000000 0.00468979296548
50000000 0.00443384497434
55000000 0.0053620240564
60000000 0.007378654440816
65000000 0.0091565709444
70000000 0.009890189435
75000000 0.0108163745856
80000000 0.0119072926177
90000000 0.0137078651969
100000000 0.0149417552812
110000000 0.0157993314864
120000000 0.0163674306726
130000000 0.016787351797958
140000000 0.017085251499
150000000 0.017280027702311
160000000 0.01742664206446
180000000 0.017547061235378
200000000 0.01741159174566
#Header 
#Target 86 201 0
#Product 85 198 0
#Datapoints 46
1000000 0
1000000 0
2000000 1.247742521772E-14
3000000 2.048150013E-10
4000000 8.3759195773E-8
5000000 4.3558402419E-6
6000000 6.9311291906E-5
7000000 0.0005457168909436
8000000 0.00014613782730057
9000000 0.00027425317627389
10000000 0.000473132313324
11000000 0.00053537984967
12000000 0.0005073039825822
13000000 0.0005538893726405
14000000 0.0006909404510187
15000000 0.00089499067233
16000000 0.001108377289971
17000000 0.001100780686656
18000000 0.001060804879744
19000000 0.00106854243353
20000000 0.0011001719205
22000000 0.00117547562806
24000000 0.00163279794291
26000000 0.003788013974
28000000 0.00298655196224
30000000 0.00122233865652
35000000 0.00060483789296
40000000 0.00073578431916
45000000 0.00178458594732
50000000 0.0032659998735
55000000 0.00428830808236
60000000 0.0051835781221089
65000000 0.0065556294352
70000000 0.007954979473
75000000 0.0094313788368
80000000 0.0105758638086
90000000 0.0122613135547
100000000 0.013393174498
110000000 0.0140733941656
120000000 0.0144964053038
130000000 0.014690765342722
140000000 0.0147871674918
150000000 0.014828485631135
160000000 0.014757570912
180000000 0.014525759830528
200000000 0.01416464453859
#Header 
#Target 86 201 0
#Product 85 199 0
#Datapoints 36
1000000 0
11000000 0
12000000 6.21189766386E-16
13000000 9.14487686409E-15
14000000 1.543818508812E-13
15000000 2.4608317975E-12
16000000 2.8948423581E-11
17000000 1.69031862882E-10
18000000 1.069182125056E-9
19000000 9.12636954878E-9
20000000 9.611994465E-8
22000000 3.2160887708E-6
24000000 2.70956609583E-5
26000000 0.00013013695427
28000000 0.00042325438304
30000000 0.00090135482724
35000000 0.00253702859739
40000000 0.0045175954824
45000000 0.0061896664012
50000000 0.0080063791056
55000000 0.0098829406236
60000000 0.011549184008505
65000000 0.0134573476576
70000000 0.014968892561
75000000 0.0166110452112
80000000 0.0178808355025
90000000 0.0194239885777
100000000 0.020286677488
110000000 0.0206793813072
120000000 0.020705524525
130000000 0.020482518498512
140000000 0.020197391886
150000000 0.019919367992447
160000000 0.01951672912628
180000000 0.018633499068454
200000000 0.01771378473627
#Header 
#Target 86 201 0
#Product 85 200 0
#Datapoints 40
1000000 0
7000000 0
8000000 1.7757574282E-15
9000000 1.773163869213E-12
10000000 3.62946468456E-10
11000000 1.72620670641E-8
12000000 2.5466068713645E-7
13000000 1.7848747586991E-6
14000000 7.786142507172E-6
15000000 2.5018889437E-5
16000000 6.08273394183E-5
17000000 0.0001043794268082
18000000 0.0001537475568896
19000000 0.000215371616053
20000000 0.0002825825625
22000000 0.00040238479358
24000000 0.00052442012194
26000000 0.0007023320004
28000000 0.00086191811804
30000000 0.00097873355694
35000000 0.00163437762488
40000000 0.00282467102148
45000000 0.00408957476108
50000000 0.005293873466
55000000 0.0062279915284
60000000 0.006927383211507
65000000 0.0077877018832
70000000 0.008453896836
75000000 0.0092017718244
80000000 0.0097322771514
90000000 0.0103523860811
100000000 0.0106377002644
110000000 0.0107103880576
120000000 0.0106252651652
130000000 0.010420417687953
140000000 0.0102000114876
150000000 0.009962803198293
160000000 0.0096841518956
180000000 0.009145743947105
200000000 0.00857685097773
#Header 
#Target 86 201 0
#Product 86 195 0
#Datapoints 18
1000000 0
50000000 0
55000000 4.6360578172E-16
60000000 3.752987248959E-11
65000000 1.94720884292E-7
70000000 1.416718324E-5
75000000 6.90662556E-5
80000000 0.000113055948142
90000000 6.38077581428E-5
100000000 4.09046011792E-5
110000000 4.091279808E-5
120000000 4.02110210236E-5
130000000 3.988476054969E-5
140000000 3.84425668736E-5
150000000 3.6934992170197E-5
160000000 3.749383520996E-5
180000000 3.6479374867359E-5
200000000 3.505554910662E-5
#Header 
#Target 86 201 0
#Product 86 196 0
#Datapoints 20
1000000 0
40000000 0
45000000 3.9692348952E-14
50000000 6.0464011238E-10
55000000 4.11962707224E-7
60000000 1.0738658788017E-5
65000000 3.8058721326E-5
70000000 6.383050394E-5
75000000 6.02111171376E-5
80000000 4.36794457169E-5
90000000 3.39661701449E-5
100000000 3.58003511096E-5
110000000 3.6091887216E-5
120000000 3.73817277512E-5
130000000 3.641426959366E-5
140000000 3.66185659778E-5
150000000 3.6973528135005E-5
160000000 3.872909775294E-5
180000000 3.8698885788453E-5
200000000 3.958002172362E-5
#Header 
#Target 86 201 0
#Product 86 197 0
#Datapoints 22
1000000 0
30000000 0
35000000 1.6487533111E-15
40000000 1.00415547936E-9
45000000 9.2660412296E-7
50000000 6.21181786E-5
55000000 0.000216666566884
60000000 0.00034163013851913
65000000 0.000269240539776
70000000 0.00018862330655
75000000 0.000175229442396
80000000 0.000184415112197
90000000 0.000200375095963
100000000 0.000204984110232
110000000 0.000214056502968
120000000 0.000214403730688
130000000 0.00021967911007448
140000000 0.000223755226838
150000000 0.00022100777831924
160000000 0.0002201500386012
180000000 0.00022187804806681
200000000 0.000213604243398
#Header 
#Target 86 201 0
#Product 86 198 0
#Datapoints 26
1000000 0
22000000 0
24000000 1.3018465906E-14
26000000 2.401877692E-11
28000000 3.09805382996E-9
30000000 6.5096456256E-8
35000000 2.90240716752E-5
40000000 0.00045207910836
45000000 0.00159686792784
50000000 0.0023866655736
55000000 0.00191020833876
60000000 0.0015056045289345
65000000 0.00144337037416
70000000 0.0014773108602
75000000 0.00153687020652
80000000 0.00157594963064
90000000 0.00160261464398
100000000 0.00161638116024
110000000 0.0016092221068
120000000 0.00159925046414
130000000 0.0015596762987848
140000000 0.0015316314485
150000000 0.0015048129144411
160000000 0.001482840667636
180000000 0.0014229920599162
200000000 0.001362665083479
#Header 
#Target 86 201 0
#Product 86 199 0
#Datapoints 33
1000000 0
14000000 0
15000000 4.519143888E-16
16000000 3.1922011989E-14
17000000 1.29491284626E-12
18000000 4.5635046336E-11
19000000 1.002825511083E-9
20000000 1.289071845E-8
22000000 5.2833123328E-7
24000000 8.4721289744E-6
26000000 0.00017550773415
28000000 0.0005509296076
30000000 0.000669091182
35000000 0.00122014291868
40000000 0.00130050771048
45000000 0.00106496347408
50000000 0.00116990285114
55000000 0.00128839453184
60000000 0.0014074109089947
65000000 0.00155536993928
70000000 0.001673014756
75000000 0.00179778613872
80000000 0.00187737267518
90000000 0.00198366866208
100000000 0.00200677554264
110000000 0.0020161574356
120000000 0.00201310256462
130000000 0.0019786331058011
140000000 0.00193321746882
150000000 0.0019059092779562
160000000 0.00187715135565
180000000 0.0017684730071645
200000000 0.001669125833823
#Header 
#Target 86 201 0
#Product 86 200 0
#Datapoints 38
1000000 0
9000000 0
10000000 2.8145827512E-13
11000000 4.8728809045E-9
12000000 9.91551492528E-7
13000000 3.1741920353492E-5
14000000 0.00027964505754924
15000000 0.001118499112565
16000000 0.00271415479482
17000000 0.0027639498186
18000000 0.00291435545024
19000000 0.00382222616798
20000000 0.005212292085
22000000 0.008135620028
24000000 0.0111684687794
26000000 0.013780225129
28000000 0.014551052604
30000000 0.014119748278
35000000 0.0169927940147
40000000 0.0214238335212
45000000 0.024748271662
50000000 0.0280320701016
55000000 0.0292349502664
60000000 0.029239275113406
65000000 0.0317639589264
70000000 0.032382768075
75000000 0.0345564041016
80000000 0.0349810480337
90000000 0.0356607576479
100000000 0.0355527159416
110000000 0.035124649252
120000000 0.0344073910782
130000000 0.033442316012623
140000000 0.0324828881378
150000000 0.031627962386306
160000000 0.03066351211202
180000000 0.028848762719048
200000000 0.02699469837939
#Header 
#Target 86 201 0
#Product 86 201 0
#Datapoints 45
1000000 0
2000000 0
3000000 2.10400976565E-14
4000000 7.5412202851E-10
5000000 4.9528101987E-7
6000000 2.4922294678E-5
7000000 0.0003530416396427
8000000 0.00012278408663528
9000000 0.00029583948224952
10000000 0.000649483392888
11000000 0.00098674695257
12000000 0.0013121204291086
13000000 0.0019639479454618
14000000 0.003125247329847
15000000 0.0047346043156
16000000 0.00636974172261
17000000 0.0066874579785
18000000 0.00680236450816
19000000 0.00730832682118
20000000 0.008198976195
22000000 0.01046317717
24000000 0.0130065851203
26000000 0.01604726545
28000000 0.0171920612168
30000000 0.016493467152
35000000 0.0160079198895
40000000 0.0157863534444
45000000 0.0154295118616
50000000 0.014621495726
55000000 0.0147753041792
60000000 0.013026031136136
65000000 0.0133584286404
70000000 0.012026093114
75000000 0.0123358012068
80000000 0.0111709368876
90000000 0.0100472643992
100000000 0.0088436436044
110000000 0.0078359256976
120000000 0.0069091695995
130000000 0.0060217745456288
140000000 0.00524518687344
150000000 0.0045858602150592
160000000 0.004029616803418
180000000 0.0031127816479617
200000000 0.002537990078862
#Header 
#Target 86 201 0
#Product 87 198 0
#Datapoints 21
1000000 0
35000000 0
40000000 2.12527172088E-7
45000000 1.90180857828E-5
50000000 8.7619261504E-5
55000000 6.4354931676E-5
60000000 2.643972719004E-5
65000000 1.62686943856E-5
70000000 1.362710986E-5
75000000 1.26113903856E-5
80000000 1.17551031738E-5
90000000 1.01473194753E-5
100000000 8.9859176616E-6
110000000 7.9795339624E-6
120000000 7.2111162914E-6
130000000 6.5003762330269E-6
140000000 5.98739120232E-6
150000000 5.5752711115046E-6
160000000 5.162228689946E-6
180000000 4.5212206415926E-6
200000000 4.130110874589E-6
#Header 
#Target 86 201 0
#Product 87 199 0
#Datapoints 24
1000000 0
26000000 0
28000000 5.5696639828E-9
30000000 5.5776092136E-6
35000000 8.9530982212E-5
40000000 0.00013182206598
45000000 4.13375920812E-5
50000000 2.06121777418E-5
55000000 1.69459443924E-5
60000000 1.5276413951169E-5
65000000 1.46244887064E-5
70000000 1.3941028248E-5
75000000 1.34163511152E-5
80000000 1.2689899806E-5
90000000 1.12666452514E-5
100000000 1.00568372652E-5
110000000 9.0502720616E-6
120000000 8.154352514E-6
130000000 7.456162459403E-6
140000000 6.81020985332E-6
150000000 6.2909639501665E-6
160000000 5.775803357488E-6
180000000 5.055147255547E-6
200000000 4.43949256149E-6
#Header 
#Target 86 201 0
#Product 87 200 0
#Datapoints 28
1000000 0
19000000 0
20000000 7.26528645E-6
22000000 0.00010643350565
24000000 0.00030071588694
26000000 0.000705114016
28000000 0.00083449027084
30000000 0.00049568335482
35000000 0.000126756023464
40000000 9.513572904E-5
45000000 8.78496709E-5
50000000 8.4195428884E-5
55000000 7.8630446508E-5
60000000 7.206335644437E-5
65000000 6.876714466E-5
70000000 6.447071519E-5
75000000 6.14002236492E-5
80000000 5.76244715873E-5
90000000 4.97276592834E-5
100000000 4.40044345268E-5
110000000 3.91207679632E-5
120000000 3.52069286548E-5
130000000 3.1719485632961E-5
140000000 2.90982967726E-5
150000000 2.6990932899645E-5
160000000 2.455290860484E-5
180000000 2.1496934126747E-5
200000000 1.896201251259E-5
#Header 
#Target 86 201 0
#Product 87 201 0
#Datapoints 39
1000000 0
8000000 0
9000000 4.2728228311263E-5
10000000 0.00022730745708
11000000 0.00048425498448
12000000 0.0008032543171982
13000000 0.0014889845949438
14000000 0.0029549897384994
15000000 0.00540065342755
16000000 0.00821921453136
17000000 0.00693736190784
18000000 0.00519150316416
19000000 0.00423437412123
20000000 0.00372084246
22000000 0.0030919319806
24000000 0.002941854178
26000000 0.0031197935655
28000000 0.00305390536512
30000000 0.00273825985732
35000000 0.00244306218527
40000000 0.0022980460536
45000000 0.00208696626584
50000000 0.00188123135392
55000000 0.00172349897228
60000000 0.0015212415505455
65000000 0.00140630711808
70000000 0.0012827531633
75000000 0.0011905264032
80000000 0.00110050115415
90000000 0.00093564720025
100000000 0.00080796508452
110000000 0.00070833309624
120000000 0.000627507063358
130000000 0.00055991604900161
140000000 0.00051099738976
150000000 0.00046721576603933
160000000 0.0004303094839436
180000000 0.00036731365955418
200000000 0.0003197052226326
#Header 
#Target 86 201 0
#Product 87 202 0
#Datapoints 45
1000000 0
2000000 0
3000000 2.77770003615E-10
4000000 1.07215004776E-7
5000000 5.291600076E-6
6000000 7.7892403615E-5
7000000 0.0005549353895888
8000000 0.00012655882637083
9000000 0.0002112289996146
10000000 0.00030491313138
11000000 0.00026743294926
12000000 0.00017938303894208
13000000 0.00012981569130672
14000000 0.00010696888918596
15000000 9.75568440385E-5
16000000 9.16270705035E-5
17000000 7.40556345906E-5
18000000 6.11054125056E-5
19000000 5.38858695177E-5
20000000 4.864526145E-5
22000000 3.7159775822E-5
24000000 3.0215349754E-5
26000000 2.8431548124E-5
28000000 2.5739727652E-5
30000000 2.2507522605E-5
35000000 2.02339875878E-5
40000000 1.98818570412E-5
45000000 1.8966362528E-5
50000000 1.76244207236E-5
55000000 1.84684564832E-5
60000000 1.6352134678326E-5
65000000 1.76352237812E-5
70000000 1.6850207038E-5
75000000 1.6569452928E-5
80000000 1.53722155522E-5
90000000 1.62097417419E-5
100000000 1.38012600352E-5
110000000 1.15016291544E-5
120000000 1.16086187266E-5
130000000 1.1507627610066E-5
140000000 1.09885017292E-5
150000000 1.0099976301041E-5
160000000 8.95294795394E-6
180000000 6.2514885016046E-6
200000000 4.699641277947E-6
