#Header 
#Target 99 243 0
#Product 0 1 0
#Datapoints 42
1000000 0
5000000 0
6000000 1.086625031954E-8
7000000 3.576560400072E-7
8000000 3.1966671681E-6
9000000 2.901866143696E-5
10000000 0.000215041913445
11000000 0.000749196421461
12000000 0.001365329662086
13000000 0.002279450341593
14000000 0.00410636246605
15000000 0.00683238826221
16000000 0.01070113039818
17000000 0.015848103995
18000000 0.02165413446234
19000000 0.02758748255046
20000000 0.03377464098235
22000000 0.0484932757563
24000000 0.0676874898735
26000000 0.0865638915944
28000000 0.10479334375
30000000 0.12576447552
35000000 0.1785545982
40000000 0.223557516
45000000 0.25699284
50000000 0.279864768747
55000000 0.303739940683
60000000 0.3255419956
65000000 0.350516968
70000000 0.373466142336
75000000 0.3977693504
80000000 0.4184769834
90000000 0.4511804292
100000000 0.4739580054
110000000 0.4904571287
120000000 0.5029831344
130000000 0.5135400945
140000000 0.5224247212
150000000 0.5321283882
160000000 0.544363008
180000000 0.5733276615
200000000 0.6022069434
#Header 
#Target 99 243 0
#Product 1 1 0
#Datapoints 44
1000000 0
3000000 0
4000000 5.44155068E-18
5000000 6.69766276305E-15
6000000 1.567700931104E-12
7000000 9.52666665597E-11
8000000 3.904200130374E-9
9000000 1.275616410452E-7
10000000 2.30911294342E-6
11000000 1.527176015896E-5
12000000 4.179838396883E-5
13000000 8.457465936095E-5
14000000 0.000165749603111
15000000 0.00030391584527
16000000 0.000537984246492
17000000 0.0008916291175
18000000 0.001327747535724
19000000 0.001803452467509
20000000 0.00233576071348
22000000 0.003818104693335
24000000 0.006154646364006
26000000 0.00892292226408
28000000 0.0118891445
30000000 0.0158871672
35000000 0.02872628838
40000000 0.0446359436
45000000 0.06275756268
50000000 0.0810983564357
55000000 0.1003614495847
60000000 0.1173122376
65000000 0.1341273526
70000000 0.1484081678667
75000000 0.16201736616
80000000 0.17295906525
90000000 0.18993856734
100000000 0.202277433
110000000 0.21009354751
120000000 0.21523455744
130000000 0.2181415362
140000000 0.21901802282
150000000 0.21896266626
160000000 0.219128994
180000000 0.2190662595
200000000 0.2181751959
#Header 
#Target 99 243 0
#Product 1 2 0
#Datapoints 39
1000000 0
8000000 0
9000000 4.244665041235E-21
10000000 2.76603914816E-16
11000000 7.81898526269E-14
12000000 1.249253833769E-11
13000000 5.225243350546E-10
14000000 1.123080798803E-8
15000000 1.342460975709E-7
16000000 1.046382174018E-6
17000000 5.780451856E-6
18000000 2.258477306064E-5
19000000 6.30139631751E-5
20000000 0.000134586767785
22000000 0.0003825765914355
24000000 0.0007974481968404
26000000 0.00128328867062
28000000 0.0016785365
30000000 0.00225616656
35000000 0.003861228546
40000000 0.00565100754
45000000 0.007783840008
50000000 0.0100621504295
55000000 0.01311476295127
60000000 0.015577521797
65000000 0.018243210594
70000000 0.02008683212319
75000000 0.02179772284
80000000 0.022851563931
90000000 0.023256903928
100000000 0.023197161336
110000000 0.022577370277
120000000 0.022056619536
130000000 0.021583185435
140000000 0.020912711623
150000000 0.020465344608
160000000 0.020084762796
180000000 0.019130696145
200000000 0.018713230272
#Header 
#Target 99 243 0
#Product 1 3 0
#Datapoints 37
1000000 0
10000000 0
11000000 2.545269484698E-20
12000000 1.004688933861E-17
13000000 2.058611521066E-15
14000000 2.74904816757E-13
15000000 1.539701900232E-11
16000000 4.15105271499E-10
17000000 6.274028654E-9
18000000 5.84203080708E-8
19000000 3.647574716877E-7
20000000 1.602384470741E-6
22000000 1.23758763477E-5
24000000 4.432421695331E-5
26000000 9.94543735526E-5
28000000 0.0001710922375
30000000 0.0002649097344
35000000 0.0005732934552
40000000 0.000997141448
45000000 0.0016220779452
50000000 0.00254333220642
55000000 0.00379670409102
60000000 0.005144154489
65000000 0.00639491096
70000000 0.00734487727449
75000000 0.007969131256
80000000 0.008334821426
90000000 0.009141886176
100000000 0.009920769492
110000000 0.010276359632
120000000 0.01082238768
130000000 0.011316565725
140000000 0.011638067934
150000000 0.011956804866
160000000 0.012175869468
180000000 0.0125995419
200000000 0.013096693005
#Header 
#Target 99 243 0
#Product 2 3 0
#Datapoints 37
1000000 0
10000000 0
11000000 1.370761521169E-20
12000000 1.520071542831E-18
13000000 8.416082747301E-17
14000000 2.84096422529E-15
15000000 5.66648269306E-14
16000000 7.49768426742E-13
17000000 7.117941431E-12
18000000 5.00247307674E-11
19000000 2.739617981037E-10
20000000 1.243202092123E-9
22000000 1.735071275004E-8
24000000 1.558042257961E-7
26000000 1.093619752577E-6
28000000 5.4801605E-6
30000000 1.991699664E-5
35000000 0.00013832469054
40000000 0.000374401774
45000000 0.0006888518712
50000000 0.001048668915584
55000000 0.001443713881362
60000000 0.0018610340227
65000000 0.0023020265634
70000000 0.002705235157485
75000000 0.003043198464
80000000 0.0033041993
90000000 0.00377058688
100000000 0.004252107888
110000000 0.004560184475
120000000 0.004846941264
130000000 0.00510901917
140000000 0.005331138789
150000000 0.005543606886
160000000 0.00578191404
180000000 0.00623831769
200000000 0.006605346057
#Header 
#Target 99 243 0
#Product 2 4 0
#Datapoints 45
1000000 0
2000000 2.815571844E-17
3000000 8.0383710896E-12
4000000 2.060909595E-10
5000000 2.28095113023E-10
6000000 9.87901367607E-9
7000000 2.523288571578E-7
8000000 2.145316653702E-6
9000000 1.951203808442E-5
10000000 0.0001357677027148
11000000 0.0003126949476602
12000000 0.0002958743843078
13000000 0.0003016544912375
14000000 0.000416904776287
15000000 0.000596241493433
16000000 0.00084688837473
17000000 0.0011769430913
18000000 0.00150132998268
19000000 0.001758187590642
20000000 0.00198296977967
22000000 0.002770192366818
24000000 0.005899083704913
26000000 0.00823602135191
28000000 0.007450000125
30000000 0.009314195616
35000000 0.014911353468
40000000 0.0205571562
45000000 0.0260135838
50000000 0.0304337016412
55000000 0.0345056604691
60000000 0.03693651628
65000000 0.03913487018
70000000 0.0404351040513
75000000 0.04150905176
80000000 0.04196531988
90000000 0.04193102584
100000000 0.04108158018
110000000 0.0403517576
120000000 0.03884504352
130000000 0.03733738455
140000000 0.03640998709
150000000 0.0352011423
160000000 0.03382645308
180000000 0.0315039285
200000000 0.02953700265
#Header 
#Target 99 243 0
#Product 90 214 0
#Datapoints 11
1000000 0
90000000 0
100000000 1.2349947336E-16
110000000 6.513442705E-13
120000000 3.6097214928E-10
130000000 1.6943474943E-8
140000000 1.12170842278E-7
150000000 2.7343895808E-7
160000000 4.5974970552E-7
180000000 7.328966931E-7
200000000 9.1023475581E-7
#Header 
#Target 99 243 0
#Product 90 215 0
#Datapoints 11
1000000 0
90000000 0
100000000 1.609886955E-14
110000000 2.3144153879E-11
120000000 3.3367397088E-9
130000000 4.708118313E-8
140000000 1.79562802082E-7
150000000 3.2337509304E-7
160000000 4.714851582E-7
180000000 5.924285037E-7
200000000 6.5693991162E-7
#Header 
#Target 99 243 0
#Product 90 216 0
#Datapoints 13
1000000 0
75000000 0
80000000 9.277413173E-16
90000000 1.9760231868E-14
100000000 8.811091344E-13
110000000 4.1153016212E-10
120000000 1.87424210928E-8
130000000 1.34007235185E-7
140000000 3.0602855846E-7
150000000 4.6683447888E-7
160000000 5.7884681568E-7
180000000 6.3837902205E-7
200000000 6.4000672854E-7
#Header 
#Target 99 243 0
#Product 90 217 0
#Datapoints 17
1000000 0
55000000 0
60000000 2.5866474287E-16
65000000 2.904905214E-14
70000000 1.217571764745E-12
75000000 1.5110875856E-11
80000000 7.116131581E-11
90000000 3.0435231298E-10
100000000 3.288391374E-10
110000000 2.10186444776E-9
120000000 3.1180684368E-8
130000000 9.7419579345E-8
140000000 1.61312783168E-7
150000000 2.09805181278E-7
160000000 2.3141947416E-7
180000000 2.5488997875E-7
200000000 2.7302049831E-7
#Header 
#Target 99 243 0
#Product 90 218 0
#Datapoints 18
1000000 0
50000000 0
55000000 1.500653344423E-15
60000000 9.894640512E-14
65000000 2.0068593406E-12
70000000 1.22976872508E-11
75000000 3.874938888E-11
80000000 5.495965895E-11
90000000 5.036654126E-11
100000000 2.0465919846E-10
110000000 1.03571602981E-8
120000000 6.482656512E-8
130000000 1.07599589025E-7
140000000 1.32259843542E-7
150000000 1.5135507261E-7
160000000 1.63329454176E-7
180000000 1.76036536665E-7
200000000 1.86799854756E-7
#Header 
#Target 99 243 0
#Product 90 219 0
#Datapoints 21
1000000 0
35000000 0
40000000 1.959531414E-14
45000000 1.1706901236E-12
50000000 3.72033537031E-12
55000000 8.33054206764E-11
60000000 7.3420536372E-10
65000000 1.86275511742E-9
70000000 2.5136967371691E-9
75000000 2.67117837888E-9
80000000 2.01960218542E-9
90000000 1.30401017258E-9
100000000 2.19358288056E-9
110000000 2.38570156748E-8
120000000 5.9801362944E-8
130000000 5.575414911E-8
140000000 5.6962915035E-8
150000000 6.8990101938E-8
160000000 7.474639914E-8
180000000 8.489771928E-8
200000000 9.035649372E-8
#Header 
#Target 99 243 0
#Product 90 220 0
#Datapoints 23
1000000 0
28000000 0
30000000 4.171768656E-15
35000000 7.278349356E-12
40000000 7.33881516E-12
45000000 2.977052148E-11
50000000 3.693397841621E-10
55000000 1.0586920247866E-9
60000000 1.12734212793E-9
65000000 7.9781310132E-10
70000000 6.145166248893E-10
75000000 3.5858430016E-10
80000000 3.5482014913E-10
90000000 5.6451331422E-10
100000000 1.17071914566E-8
110000000 7.1670004406E-8
120000000 9.0900012384E-8
130000000 6.950938776E-8
140000000 8.4613988749E-8
150000000 1.04350170972E-7
160000000 1.0991627346E-7
180000000 1.2493472112E-7
200000000 1.33886738688E-7
#Header 
#Target 99 243 0
#Product 90 221 0
#Datapoints 27
1000000 0
20000000 0
22000000 7.1654153373894E-10
24000000 8.0687695542769E-8
26000000 1.592218526338E-7
28000000 1.0702398E-7
30000000 6.095222304E-8
35000000 2.1253349088E-8
40000000 2.239149406E-8
45000000 3.8287424124E-8
50000000 3.582907990727E-8
55000000 2.61132776175E-8
60000000 1.88290967688E-8
65000000 1.51484318576E-8
70000000 1.4203493956155E-8
75000000 1.4256897068E-8
80000000 1.49916238467E-8
90000000 1.8353856572E-8
100000000 3.7979195418E-8
110000000 6.1779255076E-8
120000000 5.0057014896E-8
130000000 6.034841973E-8
140000000 8.9202476819E-8
150000000 1.01095202976E-7
160000000 1.03661409516E-7
180000000 1.2510414378E-7
200000000 1.33260901377E-7
#Header 
#Target 99 243 0
#Product 90 222 0
#Datapoints 35
1000000 0
12000000 0
13000000 5.9261469031771E-11
14000000 2.370221702109E-9
15000000 9.699156753738E-9
16000000 2.4727802231661E-8
17000000 5.4689976261E-8
18000000 9.834923974686E-8
19000000 1.3687729667829E-7
20000000 1.4990845461308E-7
22000000 1.4108897119431E-7
24000000 1.4285664853929E-7
26000000 1.49006670131E-7
28000000 1.4427622375E-7
30000000 1.4501558448E-7
35000000 1.43356021776E-7
40000000 1.3720986444E-7
45000000 1.25002650096E-7
50000000 1.1412797010516E-7
55000000 1.0521316364448E-7
60000000 9.373958865E-8
65000000 8.218367093E-8
70000000 7.063342731228E-8
75000000 6.442253436E-8
80000000 5.7290923555E-8
90000000 4.7250809046E-8
100000000 4.2195771204E-8
110000000 3.6072234198E-8
120000000 3.4567945248E-8
130000000 4.04898243E-8
140000000 4.695519405E-8
150000000 4.88095374E-8
160000000 4.9331105796E-8
180000000 5.2683283125E-8
200000000 5.8680567717E-8
#Header 
#Target 99 243 0
#Product 90 223 0
#Datapoints 41
1000000 0
6000000 0
7000000 2.864534474511E-16
8000000 3.173262585012E-15
9000000 3.624549264671E-14
10000000 3.08023074757E-13
11000000 9.88194986246E-13
12000000 1.418195391547E-12
13000000 1.891489997397E-12
14000000 2.84394324542E-12
15000000 4.0225388754E-12
16000000 5.52233803584E-12
17000000 7.282185518E-12
18000000 8.82326534304E-12
19000000 9.78526545633E-12
20000000 1.054215959506E-11
22000000 1.178949249963E-11
24000000 1.348782343993E-11
26000000 1.40854726771E-11
28000000 1.383789875E-11
30000000 1.396136352E-11
35000000 1.3869693036E-11
40000000 1.314167376E-11
45000000 1.2389276088E-11
50000000 1.134330208665E-11
55000000 1.045178935951E-11
60000000 9.526632087E-12
65000000 9.31098814E-12
70000000 1.544531896152E-11
75000000 5.61422652E-11
80000000 2.0160019435E-10
90000000 6.8524971754E-10
100000000 6.9968146038E-10
110000000 2.30904005486E-9
120000000 6.148167504E-9
130000000 1.01861929845E-8
140000000 1.25726949004E-8
150000000 1.4511529194E-8
160000000 1.77633706152E-8
180000000 2.4940992285E-8
200000000 3.2297534037E-8
#Header 
#Target 99 243 0
#Product 90 224 0
#Datapoints 18
1000000 0
50000000 0
55000000 6.65761464947E-16
60000000 6.209193662E-15
65000000 4.013757492E-14
70000000 1.853552507583E-13
75000000 5.245095288E-13
80000000 9.583740575E-13
90000000 1.979739605E-12
100000000 1.9150933026E-11
110000000 1.0556285509E-10
120000000 1.8705203088E-10
130000000 2.439854634E-10
140000000 3.1888140293E-10
150000000 4.289724822E-10
160000000 5.88483483E-10
180000000 1.0172061009E-9
200000000 1.48847815644E-9
#Header 
#Target 99 243 0
#Product 91 215 0
#Datapoints 10
1000000 0
100000000 0
110000000 2.1132605109E-16
120000000 3.529373808E-14
130000000 2.75999565E-12
140000000 2.1685619949E-10
150000000 4.0072189674E-9
160000000 2.4728471124E-8
180000000 1.02438139815E-7
200000000 1.9743298434E-7
#Header 
#Target 99 243 0
#Product 91 216 0
#Datapoints 11
1000000 0
90000000 0
100000000 7.806623016E-16
110000000 1.0894265613E-13
120000000 3.162531216E-12
130000000 5.823953115E-11
140000000 2.05818531924E-9
150000000 1.92360741612E-8
160000000 5.8153560108E-8
180000000 1.4097649797E-7
200000000 2.0917028055E-7
#Header 
#Target 99 243 0
#Product 91 217 0
#Datapoints 11
1000000 0
90000000 0
100000000 4.40671467E-15
110000000 1.5338210349E-13
120000000 3.163618944E-12
130000000 4.0205557635E-10
140000000 9.8468665149E-9
150000000 4.4843681424E-8
160000000 9.42138099E-8
180000000 1.45848738915E-7
200000000 1.84499376849E-7
#Header 
#Target 99 243 0
#Product 91 218 0
#Datapoints 12
1000000 0
80000000 0
90000000 9.567724598E-15
100000000 1.1570252856E-12
110000000 1.1764842705E-11
120000000 3.259035456E-11
130000000 1.589758467E-10
140000000 1.37114174621E-9
150000000 3.8454880386E-9
160000000 5.1566564784E-9
180000000 6.9655991625E-9
200000000 7.2575445855E-9
#Header 
#Target 99 243 0
#Product 91 219 0
#Datapoints 13
1000000 0
75000000 0
80000000 4.24431929E-15
90000000 9.688934E-13
100000000 9.158936214E-12
110000000 1.0182333315E-10
120000000 1.92125219568E-9
130000000 8.973416709E-9
140000000 1.845108409E-8
150000000 2.2430114652E-8
160000000 2.2705438056E-8
180000000 2.6423257905E-8
200000000 3.0316356975E-8
#Header 
#Target 99 243 0
#Product 91 220 0
#Datapoints 16
1000000 0
60000000 0
65000000 3.215308448E-16
70000000 7.44340958151E-15
75000000 4.136620264E-13
80000000 5.336210842E-12
90000000 6.987117514E-11
100000000 2.013476718E-10
110000000 1.01553726274E-9
120000000 1.03128908256E-8
130000000 3.3713938935E-8
140000000 4.1083238387E-8
150000000 4.9113012102E-8
160000000 4.8014043504E-8
180000000 5.0217948E-8
200000000 5.2544403489E-8
#Header 
#Target 99 243 0
#Product 91 221 0
#Datapoints 18
1000000 0
50000000 0
55000000 1.357418112927E-16
60000000 2.736078959E-15
65000000 1.0268894128E-13
70000000 1.69494137841E-12
75000000 9.016539704E-12
80000000 2.1827773546E-11
90000000 6.380902972E-11
100000000 8.8294337382E-10
110000000 2.7048517265E-8
120000000 1.45961259072E-7
130000000 2.38703977935E-7
140000000 2.29420699913E-7
150000000 2.2393575144E-7
160000000 2.3291120496E-7
180000000 2.744066655E-7
200000000 2.7393639513E-7
#Header 
#Target 99 243 0
#Product 91 222 0
#Datapoints 21
1000000 0
35000000 0
40000000 1.052926982E-16
45000000 3.6688671E-13
50000000 3.73769345252E-12
55000000 9.12688411618E-12
60000000 3.270327984E-11
65000000 1.4871965896E-10
70000000 4.606475388417E-10
75000000 9.7051777496E-10
80000000 1.64254417837E-9
90000000 2.57153606386E-9
100000000 5.5044282594E-9
110000000 4.0720012025E-8
120000000 9.5071676928E-8
130000000 1.02306408045E-7
140000000 9.2261756146E-8
150000000 9.6033005226E-8
160000000 1.1102805546E-7
180000000 1.24282500705E-7
200000000 1.38398439534E-7
#Header 
#Target 99 243 0
#Product 91 223 0
#Datapoints 23
1000000 0
28000000 0
30000000 9.966811728E-17
35000000 3.175682634E-12
40000000 5.2670184E-11
45000000 2.9660927472E-10
50000000 1.0207151807229E-9
55000000 1.5224475749671E-9
60000000 1.85239970044E-9
65000000 2.3651273798E-9
70000000 3.035056721109E-9
75000000 3.511513084E-9
80000000 3.7777453247E-9
90000000 5.6456804134E-9
100000000 6.1876885602E-8
110000000 2.54010506827E-7
120000000 3.0749336976E-7
130000000 2.615788248E-7
140000000 2.6540463474E-7
150000000 3.1308454788E-7
160000000 3.2582422992E-7
180000000 3.771018009E-7
200000000 4.0486179789E-7
#Header 
#Target 99 243 0
#Product 91 224 0
#Datapoints 27
1000000 0
20000000 0
22000000 2.401184398689E-16
24000000 1.450752861257E-13
26000000 1.26826960106E-11
28000000 3.165752625E-10
30000000 2.981796672E-9
35000000 3.5677582704E-8
40000000 2.08180544E-7
45000000 6.5079338616E-7
50000000 9.164925364321E-7
55000000 9.877779899112E-7
60000000 9.9527013822E-7
65000000 1.02047426478E-6
70000000 1.0285495478034E-6
75000000 1.02675764424E-6
80000000 1.01194725965E-6
90000000 9.358030378E-7
100000000 8.9774180106E-7
110000000 8.2868273565E-7
120000000 7.5394196784E-7
130000000 6.955116093E-7
140000000 6.4817990132E-7
150000000 6.136848384E-7
160000000 5.8381917972E-7
180000000 5.4217260405E-7
200000000 5.1186748161E-7
#Header 
#Target 99 243 0
#Product 91 225 0
#Datapoints 34
1000000 0
13000000 0
14000000 6.42441774946E-17
15000000 3.95861016637E-15
16000000 1.134903822258E-13
17000000 1.8038282188E-12
18000000 1.756306268346E-11
19000000 1.1261450364444E-10
20000000 5.2088545170064E-10
22000000 4.4276081535831E-9
24000000 1.5946494457068E-8
26000000 3.123504598863E-8
28000000 4.554482225E-8
30000000 7.0360175424E-8
35000000 2.457258084E-7
40000000 4.101634206E-7
45000000 5.0988401208E-7
50000000 5.510661451455E-7
55000000 5.839527667505E-7
60000000 5.7440578258E-7
65000000 5.69562351E-7
70000000 5.576779456479E-7
75000000 5.3912652232E-7
80000000 5.1906641301E-7
90000000 4.7657185834E-7
100000000 4.290195474E-7
110000000 3.8540208399E-7
120000000 3.5010878208E-7
130000000 3.1789892985E-7
140000000 3.0526291755E-7
150000000 2.9342611368E-7
160000000 2.8174196568E-7
180000000 2.7120431745E-7
200000000 2.5556870253E-7
#Header 
#Target 99 243 0
#Product 91 226 0
#Datapoints 37
1000000 0
10000000 0
11000000 4.384077322882E-15
12000000 1.513864921194E-13
13000000 3.947920487159E-12
14000000 7.603009021953E-11
15000000 8.462097313938E-10
16000000 6.321927483747E-9
17000000 3.43919407188E-8
18000000 1.3676266418802E-7
19000000 4.0305583350837E-7
20000000 9.329382942742E-7
22000000 3.2785804783038E-6
24000000 8.5209559894683E-6
26000000 1.676495886428E-5
28000000 2.6092502875E-5
30000000 3.763630584E-5
35000000 6.3662616504E-5
40000000 8.079987584E-5
45000000 9.2226200868E-5
50000000 9.808768171753E-5
55000000 0.00010476822488209
60000000 0.000104595126643
65000000 0.000105970200366
70000000 0.0001035244792743
75000000 0.000101994499328
80000000 9.8447893663E-5
90000000 9.0232344292E-5
100000000 8.200303482E-5
110000000 7.4397949164E-5
120000000 6.7525749504E-5
130000000 6.1195092345E-5
140000000 5.541800681E-5
150000000 5.0361102408E-5
160000000 4.5778368636E-5
180000000 3.9019714965E-5
200000000 3.1926161415E-5
#Header 
#Target 99 243 0
#Product 92 216 0
#Datapoints 10
1000000 0
100000000 0
110000000 2.94813596E-16
120000000 7.995104352E-14
130000000 1.671588168E-11
140000000 1.02519271263E-9
150000000 3.939759522E-9
160000000 1.72042478916E-8
180000000 2.9351339325E-8
200000000 6.6867510276E-8
#Header 
#Target 99 243 0
#Product 92 217 0
#Datapoints 10
1000000 0
100000000 0
110000000 4.406869852E-15
120000000 6.832904928E-12
130000000 1.09050805485E-9
140000000 2.14866231914E-8
150000000 7.6274076198E-8
160000000 1.6463634852E-7
180000000 3.722318127E-7
200000000 5.2242000615E-7
#Header 
#Target 99 243 0
#Product 92 218 0
#Datapoints 11
1000000 0
90000000 0
100000000 1.4070848322E-16
110000000 6.321477778E-13
120000000 3.43133916E-10
130000000 1.6706243214E-8
140000000 1.06129709556E-7
150000000 2.621184192E-7
160000000 4.3519227612E-7
180000000 7.3281368655E-7
200000000 8.3471230764E-7
#Header 
#Target 99 243 0
#Product 92 219 0
#Datapoints 11
1000000 0
90000000 0
100000000 6.370712868E-15
110000000 5.405476076E-12
120000000 4.7307238512E-10
130000000 6.50251182E-9
140000000 2.22191554312E-8
150000000 3.8006656458E-8
160000000 5.752111806E-8
180000000 6.4653436485E-8
200000000 7.4836616364E-8
#Header 
#Target 99 243 0
#Product 92 220 0
#Datapoints 13
1000000 0
75000000 0
80000000 8.880312626E-16
90000000 1.8802842332E-14
100000000 1.482017604E-13
110000000 2.877793457E-11
120000000 1.12734583632E-9
130000000 7.4064535545E-9
140000000 2.00871681049E-8
150000000 2.3909293866E-8
160000000 3.299423568E-8
180000000 3.390730299E-8
200000000 3.6507367845E-8
#Header 
#Target 99 243 0
#Product 92 221 0
#Datapoints 17
1000000 0
55000000 0
60000000 3.272499837E-16
65000000 3.661909868E-14
70000000 1.53315932091E-12
75000000 1.9022807544E-11
80000000 8.952391333E-11
90000000 3.8261265302E-10
100000000 4.0178107842E-10
110000000 6.1425862113E-10
120000000 5.4077384064E-9
130000000 1.59377263035E-8
140000000 2.25060599708E-8
150000000 3.3435148074E-8
160000000 3.7329041316E-8
180000000 4.3873101855E-8
200000000 4.0553752536E-8
#Header 
#Target 99 243 0
#Product 92 222 0
#Datapoints 18
1000000 0
50000000 0
55000000 2.60350732872E-15
60000000 1.6664333126E-13
65000000 3.355914432E-12
70000000 2.03738475612E-11
75000000 6.339740696E-11
80000000 9.009156511E-11
90000000 8.187484294E-11
100000000 8.062524834E-11
110000000 1.65712810802E-9
120000000 9.9831119328E-9
130000000 1.91591963385E-8
140000000 2.5542940749E-8
150000000 2.7847599858E-8
160000000 3.0794440068E-8
180000000 3.2579746155E-8
200000000 2.9923531776E-8
#Header 
#Target 99 243 0
#Product 92 223 0
#Datapoints 21
1000000 0
35000000 0
40000000 4.09916764E-14
45000000 2.431969668E-12
50000000 7.38919836924E-12
55000000 1.575817255545E-10
60000000 1.36802580487E-9
65000000 3.4516329536E-9
70000000 4.560067853523E-9
75000000 4.807342412E-9
80000000 3.5975826504E-9
90000000 2.31490244888E-9
100000000 2.33957740962E-9
110000000 9.3642492174E-9
120000000 1.84666188048E-8
130000000 2.675539929E-8
140000000 2.8020733624E-8
150000000 2.5788216192E-8
160000000 2.6215690032E-8
180000000 3.5289575145E-8
200000000 3.2840087124E-8
#Header 
#Target 99 243 0
#Product 92 224 0
#Datapoints 23
1000000 0
28000000 0
30000000 1.255990224E-14
35000000 2.11869468E-11
40000000 2.11272158E-11
45000000 8.19500634E-11
50000000 9.98691602325E-10
55000000 2.830036624488E-9
60000000 2.9947654204E-9
65000000 2.11473340476E-9
70000000 1.6150441135332E-9
75000000 9.410641076E-10
80000000 9.2721486147E-10
90000000 9.9270472316E-10
100000000 3.0992638092E-9
110000000 1.70843769943E-8
120000000 2.31772677504E-8
130000000 1.66351145445E-8
140000000 2.04137545993E-8
150000000 2.8939916472E-8
160000000 2.9227906848E-8
180000000 2.7997744005E-8
200000000 3.2494530315E-8
#Header 
#Target 99 243 0
#Product 92 225 0
#Datapoints 27
1000000 0
20000000 0
22000000 9.709290728676E-10
24000000 1.0882208880263E-7
26000000 2.144100661406E-7
28000000 1.440995625E-7
30000000 8.2251717696E-8
35000000 2.881828746E-8
40000000 3.01463024E-8
45000000 5.0594360328E-8
50000000 4.703960831377E-8
55000000 3.457214705486E-8
60000000 2.51623890387E-8
65000000 2.05018355942E-8
70000000 1.9239859441362E-8
75000000 1.92666868464E-8
80000000 2.0128994623E-8
90000000 2.27354159028E-8
100000000 2.9623442388E-8
110000000 4.1087137399E-8
120000000 3.5474149152E-8
130000000 3.702887583E-8
140000000 4.6606451254E-8
150000000 5.2061911404E-8
160000000 5.51314344E-8
180000000 5.7208134555E-8
200000000 5.8679285538E-8
#Header 
#Target 99 243 0
#Product 92 226 0
#Datapoints 35
1000000 0
12000000 0
13000000 5.4062642482795E-10
14000000 2.146154633101E-8
15000000 8.709690828889E-8
16000000 2.2055359057803E-7
17000000 4.8247076926E-7
18000000 8.555210428236E-7
19000000 1.1741504832855E-6
20000000 1.2743615869614E-6
22000000 1.1776340736879E-6
24000000 1.2027848021644E-6
26000000 1.252160652116E-6
28000000 1.21050046625E-6
30000000 1.22045801184E-6
35000000 1.214039889E-6
40000000 1.16924525E-6
45000000 1.0737847206E-6
50000000 9.889840767928E-7
55000000 9.151452664699E-7
60000000 8.1751898545E-7
65000000 7.2174421054E-7
70000000 6.223077674184E-7
75000000 5.6273817288E-7
80000000 5.0166268674E-7
90000000 3.978689546E-7
100000000 3.2031170478E-7
110000000 2.6847572444E-7
120000000 2.23850147376E-7
130000000 1.9725859845E-7
140000000 1.77270724296E-7
150000000 1.58613129312E-7
160000000 1.4426634348E-7
180000000 1.2419614548E-7
200000000 1.13486352222E-7
#Header 
#Target 99 243 0
#Product 92 227 0
#Datapoints 41
1000000 0
6000000 0
7000000 2.463996784266E-16
8000000 2.727967938156E-15
9000000 3.115710227681E-14
10000000 2.64803713067E-13
11000000 8.49267317901E-13
12000000 1.218143054551E-12
13000000 1.624849519486E-12
14000000 2.44402727548E-12
15000000 3.45895631003E-12
16000000 4.75105730331E-12
17000000 6.268153614E-12
18000000 7.57325108862E-12
19000000 8.40301407603E-12
20000000 9.05608860723E-12
22000000 1.009065429345E-11
24000000 1.156210414268E-11
26000000 1.20935630387E-11
28000000 1.1897450125E-11
30000000 1.2017248608E-11
35000000 1.1972899458E-11
40000000 1.137017696E-11
45000000 1.0736414532E-11
50000000 9.84415121395E-12
55000000 9.07985827796E-12
60000000 8.258779382E-12
65000000 8.241584268E-12
70000000 1.51096000902E-11
75000000 5.767547448E-11
80000000 2.1075819609E-10
90000000 7.4720500568E-10
100000000 8.181803409E-10
110000000 2.57504919672E-9
120000000 7.0860091152E-9
130000000 1.2009630759E-8
140000000 1.55938692087E-8
150000000 1.81271984862E-8
160000000 2.13031851984E-8
180000000 3.039200604E-8
200000000 4.008665664E-8
#Header 
#Target 99 243 0
#Product 92 228 0
#Datapoints 44
1000000 0
3000000 0
4000000 1.3770981225E-16
5000000 9.900061365843E-17
6000000 8.271293440718E-16
7000000 5.202200888856E-15
8000000 1.961368781994E-14
9000000 8.79388099924E-14
10000000 4.24368593754E-13
11000000 1.269933442077E-12
12000000 2.378873093709E-12
13000000 4.267056132318E-12
14000000 8.5869905597E-12
15000000 1.563538945875E-11
16000000 2.688453230064E-11
17000000 4.0349113778E-11
18000000 5.868648484158E-11
19000000 7.266105667737E-11
20000000 8.945788128316E-11
22000000 1.8548754964545E-10
24000000 1.0642488883502E-9
26000000 1.1007943488146E-9
28000000 2.6162561125E-10
30000000 1.5750770256E-10
35000000 8.80322562E-11
40000000 8.14548312E-11
45000000 1.0548323316E-10
50000000 1.291202973825E-10
55000000 1.456260127223E-10
60000000 1.382236963E-10
65000000 1.4590753928E-10
70000000 1.364835641085E-10
75000000 1.4547503968E-10
80000000 1.4240246653E-10
90000000 1.5360422718E-10
100000000 4.5529671942E-10
110000000 2.00904857846E-9
120000000 3.5715194736E-9
130000000 4.635304614E-9
140000000 6.2465560183E-9
150000000 9.1285396092E-9
160000000 1.33616076384E-8
180000000 2.4396964515E-8
200000000 3.6482279238E-8
#Header 
#Target 99 243 0
#Product 92 229 0
#Datapoints 16
1000000 0
60000000 0
65000000 1.6193085528E-16
70000000 1.746585024765E-15
75000000 1.7474459672E-14
80000000 1.3317684661E-13
90000000 4.063125674E-12
100000000 5.235724554E-11
110000000 1.5118150432E-10
120000000 2.0239101936E-10
130000000 2.9627122365E-10
140000000 5.7168522346E-10
150000000 1.08067428594E-9
160000000 1.93703208888E-9
180000000 3.9135315285E-9
200000000 5.6669211606E-9
#Header 
#Target 99 243 0
#Product 93 218 0
#Datapoints 10
1000000 0
100000000 0
110000000 2.0840102129E-17
120000000 6.165495264E-15
130000000 3.07793859E-13
140000000 6.94434209E-12
150000000 7.014691056E-11
160000000 2.4823026564E-10
180000000 6.431250078E-10
200000000 9.1291776321E-10
#Header 
#Target 99 243 0
#Product 93 223 0
#Datapoints 13
1000000 0
75000000 0
80000000 8.218819313E-15
90000000 1.8578349452E-12
100000000 1.6970969244E-11
110000000 8.021460986E-11
120000000 8.7604297728E-10
130000000 3.269516475E-9
140000000 6.1603742476E-9
150000000 5.8790122878E-9
160000000 5.8218799044E-9
180000000 8.1815497335E-9
200000000 8.462974647E-9
#Header 
#Target 99 243 0
#Product 93 224 0
#Datapoints 16
1000000 0
60000000 0
65000000 6.095762858E-16
70000000 1.358955214995E-14
75000000 7.383165304E-13
80000000 9.473903649E-12
90000000 1.2217299022E-10
100000000 3.4549164984E-10
110000000 1.66338698911E-9
120000000 1.39417715088E-8
130000000 5.044954008E-8
140000000 9.4197148223E-8
150000000 9.2211071082E-8
160000000 6.688642422E-8
180000000 7.326109395E-8
200000000 7.8015520845E-8
#Header 
#Target 99 243 0
#Product 93 225 0
#Datapoints 18
1000000 0
50000000 0
55000000 4.87269759791E-16
60000000 8.534202518E-15
65000000 3.033507572E-13
70000000 4.91899049229E-12
75000000 2.5824929784E-11
80000000 6.228884462E-11
90000000 1.7708802528E-10
100000000 4.8962638464E-10
110000000 1.23707544884E-8
120000000 5.9885573328E-8
130000000 1.15667111505E-7
140000000 1.28319646248E-7
150000000 9.980999175E-8
160000000 9.7716549252E-8
180000000 1.2880704771E-7
200000000 9.8796446556E-8
#Header 
#Target 99 243 0
#Product 93 226 0
#Datapoints 21
1000000 0
35000000 0
40000000 2.48899652E-16
45000000 8.561904156E-13
50000000 8.65927552179E-12
55000000 2.098493187054E-11
60000000 7.168428737E-11
65000000 3.0745693984E-10
70000000 9.300971470518E-10
75000000 1.9278271284E-9
80000000 3.253258377E-9
90000000 5.011733741E-9
100000000 9.56607375E-9
110000000 6.8254493846E-8
120000000 1.95705994848E-7
130000000 1.92897922035E-7
140000000 1.70953290008E-7
150000000 1.73530215738E-7
160000000 1.94309313576E-7
180000000 2.2282753185E-7
200000000 2.1329621775E-7
#Header 
#Target 99 243 0
#Product 93 227 0
#Datapoints 23
1000000 0
28000000 0
30000000 6.463172112E-16
35000000 2.04400908E-11
40000000 3.374776568E-10
45000000 1.9269887328E-9
50000000 6.668474424874E-9
55000000 1.0005240052496E-8
60000000 1.21749708661E-8
65000000 1.53647882066E-8
70000000 1.9392134341083E-8
75000000 2.234905784E-8
80000000 2.41061255046E-8
90000000 2.39869972152E-8
100000000 6.0286259928E-8
110000000 1.78393970293E-7
120000000 2.38423097088E-7
130000000 1.9059964392E-7
140000000 1.99010547056E-7
150000000 2.3880916488E-7
160000000 2.666377056E-7
180000000 2.926652652E-7
200000000 3.1460443383E-7
#Header 
#Target 99 243 0
#Product 93 228 0
#Datapoints 27
1000000 0
20000000 0
22000000 3.522606891993E-15
24000000 2.108878709966E-12
26000000 1.829175361475E-10
28000000 4.5415678875E-9
30000000 4.2432503808E-8
35000000 5.0894977392E-7
40000000 3.016091982E-6
45000000 9.5101499844E-6
50000000 1.3457437052295E-5
55000000 1.4657703416077E-5
60000000 1.49980097467E-5
65000000 1.55032124692E-5
70000000 1.5767605701666E-5
75000000 1.58905674104E-5
80000000 1.57562718185E-5
90000000 1.47153798428E-5
100000000 1.40248795146E-5
110000000 1.2830115452E-5
120000000 1.18184960976E-5
130000000 1.0962787338E-5
140000000 1.00850560743E-5
150000000 9.4408853166E-6
160000000 8.8346277852E-6
180000000 7.9742484855E-6
200000000 7.2878174058E-6
#Header 
#Target 99 243 0
#Product 93 229 0
#Datapoints 34
1000000 0
13000000 0
14000000 1.098016470282E-15
15000000 6.76101484245E-14
16000000 1.938690322128E-12
17000000 3.0824976277E-11
18000000 3.0026093648778E-10
19000000 1.9648913447646E-9
20000000 9.102504673049E-9
22000000 7.720009624827E-8
24000000 2.7770800360142E-7
26000000 5.431133687111E-7
28000000 7.9355978875E-7
30000000 1.23020561856E-6
35000000 4.2991815096E-6
40000000 7.197593872E-6
45000000 9.004000698E-6
50000000 9.963245473418E-6
55000000 1.0626037899022E-5
60000000 1.05280681427E-5
65000000 1.05152345922E-5
70000000 1.037518182351E-5
75000000 1.00922163424E-5
80000000 9.7615110431E-6
90000000 8.9003915902E-6
100000000 7.9098645696E-6
110000000 7.1735751934E-6
120000000 6.5004117744E-6
130000000 5.7876775665E-6
140000000 5.3229303358E-6
150000000 4.953417801E-6
160000000 4.6227701268E-6
180000000 4.1231464065E-6
200000000 3.7008680697E-6
#Header 
#Target 99 243 0
#Product 93 230 0
#Datapoints 38
1000000 0
9000000 0
10000000 1.733313649473E-16
11000000 3.127706659254E-14
12000000 1.077050092605E-12
13000000 2.7376116907868E-11
14000000 5.240574730212E-10
15000000 5.873062438362E-9
16000000 4.435668578022E-8
17000000 2.44063004663E-7
18000000 9.825191359416E-7
19000000 2.93804205471E-6
20000000 6.938490010796E-6
22000000 2.5121046081567E-5
24000000 6.7143482482776E-5
26000000 0.0001353283515815
28000000 0.00021518079875
30000000 0.00031430373936
35000000 0.0005388591501
40000000 0.0006862237818
45000000 0.0007839036828
50000000 0.000835407662002
55000000 0.0008941570825381
60000000 0.00089919620979
65000000 0.00091237703852
70000000 0.0008917649283879
75000000 0.00088038567144
80000000 0.00085216322743
90000000 0.00078459619354
100000000 0.00071655445128
110000000 0.00065435358527
120000000 0.00059777812368
130000000 0.0005454039294
140000000 0.00049734142122
150000000 0.00045507631566
160000000 0.00041893003572
180000000 0.0003605451399
200000000 0.0003004030575
#Header 
#Target 99 243 0
#Product 93 231 0
#Datapoints 41
1000000 0
6000000 0
7000000 9.39726680112E-17
8000000 5.202725231628E-15
9000000 2.233076948116E-13
10000000 5.829686110691E-12
11000000 6.356932070965E-11
12000000 3.3882484152611E-10
13000000 1.4278976922363E-9
14000000 5.602464137563E-9
15000000 2.009022053174E-8
16000000 5.652134834154E-8
17000000 1.4080451335E-7
18000000 2.9076080991978E-7
19000000 5.0112888244335E-7
20000000 7.163127670608E-7
22000000 1.4135748948006E-6
24000000 2.1152072266997E-6
26000000 2.42212401882E-6
28000000 2.5804752375E-6
30000000 2.923745448E-6
35000000 3.3865998606E-6
40000000 3.324802398E-6
45000000 3.2052760056E-6
50000000 3.166559582789E-6
55000000 3.028525925392E-6
60000000 2.7989527627E-6
65000000 2.45514320878E-6
70000000 2.2456438444587E-6
75000000 1.94402086888E-6
80000000 1.8917322295E-6
90000000 1.5851919723E-6
100000000 1.197801567E-6
110000000 1.04975696056E-6
120000000 9.288134688E-7
130000000 7.3894670955E-7
140000000 6.588355171E-7
150000000 5.677342827E-7
160000000 4.8362711292E-7
180000000 3.8158882245E-7
200000000 3.1427604291E-7
#Header 
#Target 99 243 0
#Product 94 227 0
#Datapoints 21
1000000 0
35000000 0
40000000 8.53123268E-14
45000000 5.016491352E-12
50000000 1.428673688426E-11
55000000 2.820737277885E-10
60000000 2.40146478485E-9
65000000 6.0168161464E-9
70000000 7.725996411546E-9
75000000 8.0821129584E-9
80000000 5.9656934813E-9
90000000 3.852593794E-9
100000000 3.5559070512E-9
110000000 3.5541764027E-9
120000000 3.8120009568E-9
130000000 4.370314881E-9
140000000 3.9201513382E-9
150000000 4.7240149878E-9
160000000 5.0356989144E-9
180000000 4.629902409E-9
200000000 5.7372113616E-9
#Header 
#Target 99 243 0
#Product 94 228 0
#Datapoints 23
1000000 0
28000000 0
30000000 5.943081504E-14
35000000 9.238252266E-11
40000000 9.01449764E-11
45000000 3.1412787912E-10
50000000 3.653635555105E-9
55000000 1.0124412611669E-8
60000000 1.05640029253E-8
65000000 7.3711744564E-9
70000000 5.502199334772E-9
75000000 3.1995698752E-9
80000000 3.126318029E-9
90000000 3.2663378976E-9
100000000 3.2916999102E-9
110000000 4.2124656497E-9
120000000 4.0622694624E-9
130000000 5.2394180835E-9
140000000 4.6633587599E-9
150000000 5.390852064E-9
160000000 5.7338030232E-9
180000000 4.927349988E-9
200000000 5.8392498456E-9
#Header 
#Target 99 243 0
#Product 94 229 0
#Datapoints 27
1000000 0
20000000 0
22000000 4.1249861677926E-9
24000000 4.5576262177488E-7
26000000 8.920776840943E-7
28000000 5.9808805625E-7
30000000 3.4115563968E-7
35000000 1.1970972909E-7
40000000 1.2252175072E-7
45000000 1.97152290432E-7
50000000 1.8076887376069E-7
55000000 1.3402929131919E-7
60000000 9.9586109674E-8
65000000 8.2890471042E-8
70000000 7.775316023475E-8
75000000 7.729275632E-8
80000000 7.964682918E-8
90000000 8.7707664974E-8
100000000 9.0796455264E-8
110000000 9.103590727E-8
120000000 9.218760408E-8
130000000 9.2265285645E-8
140000000 8.970763211E-8
150000000 9.5351210208E-8
160000000 8.7862210128E-8
180000000 8.822057904E-8
200000000 8.1746872242E-8
#Header 
#Target 99 243 0
#Product 94 230 0
#Datapoints 35
1000000 0
12000000 0
13000000 4.1677656223031E-9
14000000 1.627631703957E-7
15000000 6.501437937895E-7
16000000 1.6321176134847E-6
17000000 3.4789269674E-6
18000000 5.989255417272E-6
19000000 7.995459995523E-6
20000000 8.474503171684E-6
22000000 7.539159742749E-6
24000000 7.5855550559523E-6
26000000 7.870154159186E-6
28000000 7.5830489625E-6
30000000 7.7083263792E-6
35000000 7.840078425E-6
40000000 7.693468582E-6
45000000 7.0924937292E-6
50000000 6.617758008808E-6
55000000 6.184062909994E-6
60000000 5.5688026952E-6
65000000 5.0111202026E-6
70000000 4.358602767519E-6
75000000 3.908175496E-6
80000000 3.511485956E-6
90000000 2.78796590792E-6
100000000 2.2542101073E-6
110000000 1.90288470064E-6
120000000 1.57716942672E-6
130000000 1.3398591093E-6
140000000 1.13860120517E-6
150000000 9.9780675168E-7
160000000 8.8233027204E-7
180000000 6.900998148E-7
200000000 5.6809581501E-7
#Header 
#Target 99 243 0
#Product 94 231 0
#Datapoints 42
1000000 0
5000000 0
6000000 1.183771795976E-16
7000000 4.72133211264E-15
8000000 5.169143881458E-14
9000000 5.846535308981E-13
10000000 4.934195141001E-12
11000000 1.5665551415089E-11
12000000 2.2221075295042E-11
13000000 2.9558567762415E-11
14000000 4.450074256204E-11
15000000 6.31864334481E-11
16000000 8.702414782593E-11
17000000 1.15137528441E-10
18000000 1.3954482457464E-10
19000000 1.5551051330367E-10
20000000 1.6790271447643E-10
22000000 1.8871397523501E-10
24000000 2.1712017300043E-10
26000000 2.280475142132E-10
28000000 2.25306265E-10
30000000 2.2905558144E-10
35000000 2.297116881E-10
40000000 2.199808964E-10
45000000 2.0859444684E-10
50000000 1.923147911315E-10
55000000 1.78032286978E-10
60000000 1.6293616588E-10
65000000 1.4712675284E-10
70000000 1.315012394577E-10
75000000 1.1540387712E-10
80000000 1.0593268638E-10
90000000 1.1458686204E-10
100000000 1.7171166948E-10
110000000 2.2570044574E-10
120000000 2.7842092992E-10
130000000 2.8087204785E-10
140000000 3.3565841911E-10
150000000 4.3852485774E-10
160000000 5.5768949628E-10
180000000 7.1582068305E-10
200000000 8.3544219282E-10
#Header 
#Target 99 243 0
#Product 94 232 0
#Datapoints 44
1000000 0
3000000 0
4000000 1.266034485E-14
5000000 9.098598636261E-15
6000000 7.618971018274E-14
7000000 4.7976333174171E-13
8000000 1.8109012192254E-12
9000000 8.131214461428E-12
10000000 3.913152865607E-11
11000000 1.1725674271783E-10
12000000 2.1994494769775E-10
13000000 3.9538280736738E-10
14000000 8.013894219536E-10
15000000 1.4578847288994E-9
16000000 2.5216039960869E-9
17000000 3.8063686499E-9
18000000 5.584770661812E-9
19000000 6.908193504828E-9
20000000 8.518240116841E-9
22000000 1.7978504746623E-8
24000000 1.0344033260925E-7
26000000 1.0678041207493E-7
28000000 2.5518578125E-8
30000000 1.5346347408E-8
35000000 8.6306221062E-9
40000000 7.928611244E-9
45000000 1.0303780302E-8
50000000 1.2595987451976E-8
55000000 1.4456230478017E-8
60000000 1.35537409082E-8
65000000 1.42206680002E-8
70000000 1.303735481769E-8
75000000 1.36574088248E-8
80000000 1.26707178923E-8
90000000 1.19760724874E-8
100000000 1.11638738094E-8
110000000 1.00902815244E-8
120000000 1.1119501848E-8
130000000 9.8284074855E-9
140000000 9.1493925694E-9
150000000 8.2122745488E-9
160000000 7.772511138E-9
180000000 6.6272125095E-9
200000000 5.8498440888E-9
#Header 
#Target 99 243 0
#Product 94 233 0
#Datapoints 30
1000000 0
17000000 0
18000000 4.78876581498E-17
19000000 2.751908796504E-16
20000000 1.314973692279E-15
22000000 2.012865646989E-14
24000000 2.084098430575E-13
26000000 1.56938200892E-12
28000000 8.610168625E-12
30000000 3.375814176E-11
35000000 2.7214482096E-10
40000000 5.60353554E-10
45000000 7.164891522E-10
50000000 7.968902942531E-10
55000000 8.604071391618E-10
60000000 8.9408431134E-10
65000000 9.1835279284E-10
70000000 9.232406827749E-10
75000000 9.009752948E-10
80000000 9.1565755078E-10
90000000 8.924639055E-10
100000000 8.5959331842E-10
110000000 8.1605023038E-10
120000000 7.7083666032E-10
130000000 7.2097695195E-10
140000000 6.8593109935E-10
150000000 6.53987871E-10
160000000 6.3509283852E-10
180000000 6.0760084275E-10
200000000 5.8549766322E-10
#Header 
#Target 99 243 0
#Product 95 228 0
#Datapoints 16
1000000 0
60000000 0
65000000 1.2313641126E-15
70000000 2.616314111481E-14
75000000 1.38964876E-12
80000000 1.7976747729E-11
90000000 2.34237658E-10
100000000 6.5739445296E-10
110000000 9.3579265318E-10
120000000 8.5843519056E-10
130000000 8.997955407E-10
140000000 9.6726931074E-10
150000000 9.1631559852E-10
160000000 1.11522766068E-9
180000000 1.06263503775E-9
200000000 1.10187037737E-9
#Header 
#Target 99 243 0
#Product 95 230 0
#Datapoints 21
1000000 0
35000000 0
40000000 1.034559274E-15
45000000 3.540281832E-12
50000000 3.57687238572E-11
55000000 8.64341100886E-11
60000000 2.7932094181E-10
65000000 1.1083435793E-9
70000000 3.250378792038E-9
75000000 6.604623372E-9
80000000 1.11427345369E-8
90000000 1.68077958866E-8
100000000 1.63405095924E-8
110000000 1.52552014692E-8
120000000 1.7217014112E-8
130000000 1.9543079127E-8
140000000 1.77394899279E-8
150000000 2.01645913614E-8
160000000 2.183529054E-8
180000000 2.0152155672E-8
200000000 2.0306902221E-8
#Header 
#Target 99 243 0
#Product 95 231 0
#Datapoints 23
1000000 0
28000000 0
30000000 3.0621732E-15
35000000 9.15993423E-11
40000000 1.4613333452E-9
45000000 8.4358488348E-9
50000000 2.911817086977E-8
55000000 4.387059030751E-8
60000000 5.3372054077E-8
65000000 6.527588452E-8
70000000 7.848970470453E-8
75000000 8.9106293176E-8
80000000 9.5662308757E-8
90000000 9.4105963352E-8
100000000 9.7231734882E-8
110000000 9.3090543777E-8
120000000 9.3525787776E-8
130000000 9.437813757E-8
140000000 9.0568331753E-8
150000000 9.161890296E-8
160000000 9.2981610036E-8
180000000 8.786379294E-8
200000000 8.1995289639E-8
#Header 
#Target 99 243 0
#Product 95 232 0
#Datapoints 27
1000000 0
20000000 0
22000000 5.157376259643E-15
24000000 3.030184612966E-12
26000000 2.602964249292E-10
28000000 6.4348648125E-9
30000000 5.993254008E-8
35000000 7.3090519272E-7
40000000 4.42064209E-6
45000000 1.41176962044E-5
50000000 2.0293280946689E-5
55000000 2.2424606485337E-5
60000000 2.32894420001E-5
65000000 2.43624179474E-5
70000000 2.5037866717269E-5
75000000 2.54768161536E-5
80000000 2.555512628E-5
90000000 2.42057828384E-5
100000000 2.3104402704E-5
110000000 2.11614799319E-5
120000000 1.97956706448E-5
130000000 1.8469338453E-5
140000000 1.70053760934E-5
150000000 1.58415628128E-5
160000000 1.47460849368E-5
180000000 1.31907535155E-5
200000000 1.1849745222E-5
#Header 
#Target 99 243 0
#Product 95 233 0
#Datapoints 35
1000000 0
12000000 0
13000000 1.377358872464E-16
14000000 2.32813919662E-14
15000000 1.413119862911E-12
16000000 4.003449489117E-11
17000000 6.2905265007E-10
18000000 6.061536610584E-9
19000000 3.9205962223911E-8
20000000 1.7931985325451E-7
22000000 1.4712458626788E-6
24000000 5.1155405786086E-6
26000000 9.744656983985E-6
28000000 1.4167904875E-5
30000000 2.2044481968E-5
35000000 7.3769615064E-5
40000000 0.00013436457078
45000000 0.000172071166392
50000000 0.00019374905985225
55000000 0.00021019003664741
60000000 0.000212487903717
65000000 0.000215540268764
70000000 0.00021424887909957
75000000 0.000211378082808
80000000 0.000205615208459
90000000 0.000188879541724
100000000 0.000172528037874
110000000 0.000158336563077
120000000 0.000144074911056
130000000 0.00012957881718
140000000 0.000118289261174
150000000 0.00010882031241
160000000 0.000100865914632
180000000 8.7738552495E-5
200000000 7.7273407122E-5
#Header 
#Target 99 243 0
#Product 95 234 0
#Datapoints 38
1000000 0
9000000 0
10000000 3.04626521731E-16
11000000 5.41979063664E-14
12000000 1.881623140443E-12
13000000 4.8876150041883E-11
14000000 9.425742768208E-10
15000000 1.0540516844882E-8
16000000 7.928598158706E-8
17000000 4.3532871392E-7
18000000 1.745256217098E-6
19000000 5.1839925983748E-6
20000000 1.2168962508606E-5
22000000 4.35044688921E-5
24000000 0.0001155308104363
26000000 0.000231563925868
28000000 0.000367205625
30000000 0.00053618778384
35000000 0.00092150878482
40000000 0.001181574124
45000000 0.00135726048396
50000000 0.0014351847748805
55000000 0.001542904330793
60000000 0.00155658661859
65000000 0.00158762202958
70000000 0.0015565110837696
75000000 0.0015401354704
80000000 0.00149349950415
90000000 0.00137808807624
100000000 0.00126460545294
110000000 0.00115734895661
120000000 0.00105197159808
130000000 0.0009612001554
140000000 0.00087776013499
150000000 0.00080233201212
160000000 0.00073876014156
180000000 0.0006381531387
200000000 0.00053401052157
#Header 
#Target 99 243 0
#Product 95 235 0
#Datapoints 42
1000000 0
5000000 0
6000000 9.76964957353E-17
7000000 7.629123110058E-15
8000000 3.4726213352718E-13
9000000 1.3691049479464E-11
10000000 3.453327266279E-10
11000000 3.6650382585864E-9
12000000 1.915466527822E-8
13000000 7.9721319451724E-8
14000000 3.13853057405E-7
15000000 1.1253344903428E-6
16000000 3.160863023664E-6
17000000 7.8772352725E-6
18000000 1.637276611524E-5
19000000 2.8462619458413E-5
20000000 4.0878047088784E-5
22000000 8.139100947624E-5
24000000 0.00012628691438384
26000000 0.0001474666617006
28000000 0.00015869394
30000000 0.00018162134016
35000000 0.00021612705642
40000000 0.0002170675002
45000000 0.00021678912
50000000 0.00021739394572359
55000000 0.00021323502419718
60000000 0.000199754275952
65000000 0.000179166703838
70000000 0.00016965397851381
75000000 0.0001501246078
80000000 0.000147861668591
90000000 0.000128122358682
100000000 0.000102394247538
110000000 9.2935312393E-5
120000000 8.5673555232E-5
130000000 7.0942051875E-5
140000000 6.4922552409E-5
150000000 5.8012752672E-5
160000000 5.1309451704E-5
180000000 4.241098917E-5
200000000 3.6785753784E-5
#Header 
#Target 99 243 0
#Product 95 236 0
#Datapoints 24
1000000 0
26000000 0
28000000 2.8908425E-16
30000000 4.780739376E-15
35000000 1.3920615036E-12
40000000 8.62475252E-11
45000000 1.453947543E-9
50000000 1.079704010975E-8
55000000 8.166950481257E-8
60000000 4.1345351057E-7
65000000 1.2145243837E-6
70000000 2.3468383807449E-6
75000000 3.5908597944E-6
80000000 4.7207944888E-6
90000000 6.6390083556E-6
100000000 7.9615098138E-6
110000000 8.7503920658E-6
120000000 9.1635493584E-6
130000000 9.3492074655E-6
140000000 9.3708321325E-6
150000000 9.3003714534E-6
160000000 9.2048986848E-6
180000000 8.9340193305E-6
200000000 8.6086416636E-6
#Header 
#Target 99 243 0
#Product 95 237 0
#Datapoints 23
1000000 0
28000000 0
30000000 1.3418804976E-16
35000000 5.27848965E-14
40000000 9.57884082E-12
45000000 4.2222835224E-10
50000000 4.644945759364E-9
55000000 1.9134550309616E-8
60000000 4.362153344E-8
65000000 7.3802229172E-8
70000000 9.988035953112E-8
75000000 6.6742523584E-7
80000000 7.6448574499E-7
90000000 8.8460162874E-7
100000000 9.486568293E-7
110000000 1.48414567917E-7
120000000 1.421281056E-7
130000000 1.34973221505E-7
140000000 1.29025657078E-7
150000000 1.22050767348E-7
160000000 1.16607992172E-7
180000000 1.06629138495E-7
200000000 9.7345173024E-8
#Header 
#Target 99 243 0
#Product 96 231 0
#Datapoints 21
1000000 0
35000000 0
40000000 1.890214382E-13
45000000 1.0889832816E-11
50000000 2.7948679109E-11
55000000 4.819054073126E-10
60000000 3.9883962118E-9
65000000 9.9207723408E-9
70000000 1.2311535794922E-8
75000000 1.2767524256E-8
80000000 9.2779643464E-9
90000000 6.0063544718E-9
100000000 5.9522143026E-9
110000000 5.9991337175E-9
120000000 6.8348248944E-9
130000000 7.850413845E-9
140000000 7.3290912054E-9
150000000 9.0566815584E-9
160000000 9.6099910284E-9
180000000 9.124522407E-9
200000000 1.14864503277E-8
#Header 
#Target 99 243 0
#Product 96 232 0
#Datapoints 23
1000000 0
28000000 0
30000000 3.222151968E-13
35000000 4.0307546736E-10
40000000 3.694334336E-10
45000000 9.85574205E-10
50000000 9.818224835681E-9
55000000 2.5177855749074E-8
60000000 2.52062685132E-8
65000000 1.70607591782E-8
70000000 1.196829898173E-8
75000000 7.0589319488E-9
80000000 6.6897847506E-9
90000000 7.4243872028E-9
100000000 8.3323023864E-9
110000000 1.09100618242E-8
120000000 1.15605654336E-8
130000000 1.4513229597E-8
140000000 1.37794609737E-8
150000000 1.56393253572E-8
160000000 1.6778582184E-8
180000000 1.5084384579E-8
200000000 1.69929326214E-8
#Header 
#Target 99 243 0
#Product 96 233 0
#Datapoints 27
1000000 0
20000000 0
22000000 1.4429767082151E-8
24000000 1.4674512932989E-6
26000000 2.769382407143E-6
28000000 1.8231550125E-6
30000000 1.02590809968E-6
35000000 3.5085461688E-7
40000000 3.375933698E-7
45000000 4.8960090216E-7
50000000 4.380864567173E-7
55000000 3.351486580522E-7
60000000 2.61022490399E-7
65000000 2.25359456608E-7
70000000 2.101371670062E-7
75000000 2.049088104E-7
80000000 2.04905274391E-7
90000000 2.21941032576E-7
100000000 2.33547640152E-7
110000000 2.3552765313E-7
120000000 2.43210365088E-7
130000000 2.43018285645E-7
140000000 2.4114148129E-7
150000000 2.5590111234E-7
160000000 2.360075718E-7
180000000 2.4111048555E-7
200000000 2.2151096637E-7
#Header 
#Target 99 243 0
#Product 96 234 0
#Datapoints 36
1000000 0
11000000 0
12000000 2.098028760387E-16
13000000 4.0521860047863E-8
14000000 1.470087692913E-6
15000000 5.543030228507E-6
16000000 1.320203252514E-5
17000000 2.69850317735E-5
18000000 4.2672927446736E-5
19000000 5.1531996115845E-5
20000000 5.0000212663014E-5
22000000 3.932181776523E-5
24000000 3.6667414557459E-5
26000000 3.660219245837E-5
28000000 3.5779868625E-5
30000000 3.6555263952E-5
35000000 3.7795004334E-5
40000000 3.75391763E-5
45000000 3.5956696752E-5
50000000 3.368515211675E-5
55000000 3.172341882113E-5
60000000 2.8767051001E-5
65000000 2.60772786898E-5
70000000 2.3106897978171E-5
75000000 2.08608261136E-5
80000000 1.8775608227E-5
90000000 1.51017588944E-5
100000000 1.23646359318E-5
110000000 1.04014978683E-5
120000000 8.7612038304E-6
130000000 7.545416211E-6
140000000 6.5084066071E-6
150000000 5.7197657772E-6
160000000 5.0814633156E-6
180000000 4.0610599425E-6
200000000 3.3566144904E-6
#Header 
#Target 99 243 0
#Product 96 235 0
#Datapoints 42
1000000 0
5000000 0
6000000 2.5143146814016E-10
7000000 9.743447954331E-9
8000000 1.025760006648E-7
9000000 1.1138457018078E-6
10000000 9.041208463913E-6
11000000 2.705868948407E-5
12000000 3.5305749344312E-5
13000000 4.441472829659E-5
14000000 6.463080675504E-5
15000000 9.071136524583E-5
16000000 0.00012437137051152
17000000 0.000163342782426
18000000 0.00019746058657608
19000000 0.00022024035090288
20000000 0.00023698071710766
22000000 0.00026536043559957
24000000 0.00030088777518093
26000000 0.000317487181044
28000000 0.0003121341175
30000000 0.00031605267936
35000000 0.00031760238114
40000000 0.0003045621544
45000000 0.00028765272996
50000000 0.0002661904038171
55000000 0.00024489603441413
60000000 0.000218898221692
65000000 0.000196008872274
70000000 0.00017526024732237
75000000 0.000156239460728
80000000 0.000140049666387
90000000 0.0001131469245
100000000 9.3169494018E-5
110000000 7.7176359876E-5
120000000 6.5831549904E-5
130000000 5.665662465E-5
140000000 4.8606364941E-5
150000000 4.2683176794E-5
160000000 3.7833898284E-5
180000000 3.0314052945E-5
200000000 2.5060016322E-5
#Header 
#Target 99 243 0
#Product 96 236 0
#Datapoints 45
1000000 0
2000000 0
3000000 3.056962092539E-12
4000000 7.6803016015E-11
5000000 6.577020544491E-11
6000000 6.991796517013E-10
7000000 4.2260883452397E-9
8000000 1.4237462247768E-8
9000000 6.269242404116E-8
10000000 3.459875970914E-7
11000000 1.1598544327732E-6
12000000 2.0743941711454E-6
13000000 3.3685502034448E-6
14000000 5.814754986151E-6
15000000 9.112060478687E-6
16000000 1.3088612783631E-5
17000000 1.73249164717E-5
18000000 2.10090011073E-5
19000000 2.4443209015281E-5
20000000 2.8673264857067E-5
22000000 5.2574520858669E-5
24000000 0.00027604898811609
26000000 0.0002935427303457
28000000 6.8270443E-5
30000000 4.5097806864E-5
35000000 2.8605382578E-5
40000000 2.761578766E-5
45000000 3.1676577624E-5
50000000 3.923138439548E-5
55000000 4.915144740356E-5
60000000 6.1234564132E-5
65000000 7.209397181E-5
70000000 8.078028541464E-5
75000000 8.9111899008E-5
80000000 9.5592701807E-5
90000000 0.000101283369296
100000000 0.00010236249429
110000000 0.000101099007548
120000000 9.8384264016E-5
130000000 9.423725646E-5
140000000 8.9565451638E-5
150000000 8.4103973964E-5
160000000 7.9785081516E-5
180000000 7.2200051055E-5
200000000 6.595337406E-5
#Header 
#Target 99 243 0
#Product 96 237 0
#Datapoints 34
1000000 0
13000000 0
14000000 9.08735405346E-16
15000000 1.867522651779E-14
16000000 2.543454880623E-13
17000000 2.4826266685E-12
18000000 1.794293098812E-11
19000000 1.0091381750856E-10
20000000 4.6979786445468E-10
22000000 6.8546251380114E-9
24000000 6.5295599287331E-8
26000000 4.683542885747E-7
28000000 2.4007124125E-6
30000000 8.9164058352E-6
35000000 5.298629301E-5
40000000 9.37110137E-5
45000000 0.000126764172756
50000000 0.00016448080537014
55000000 0.00020453098547483
60000000 0.000241242808429
65000000 0.000274255991482
70000000 0.0002972670746136
75000000 0.00031830767776
80000000 0.00033028725063
90000000 0.00034006594708
100000000 0.0003367747308
110000000 0.00032596385052
120000000 0.0003124776936
130000000 0.00029618077185
140000000 0.00027919339195
150000000 0.00026370075432
160000000 0.00024975416256
180000000 0.0002259170397
200000000 0.00020468724693
#Header 
#Target 99 243 0
#Product 96 238 0
#Datapoints 37
1000000 0
10000000 0
11000000 1.757594882658E-16
12000000 2.536488802675E-15
13000000 2.295808076373E-14
14000000 1.68016735332E-13
15000000 9.13607715542E-13
16000000 4.06871212947E-12
17000000 1.6959367811E-11
18000000 7.428620322966E-11
19000000 3.5333233170039E-10
20000000 1.7382615414816E-9
22000000 3.3182370613836E-8
24000000 3.9106947106612E-7
26000000 2.610989926138E-6
28000000 1.10562261125E-5
30000000 3.3656343264E-5
35000000 0.0001971351873
40000000 0.0004963984844
45000000 0.00084297161016
50000000 0.0011635522150529
55000000 0.0014597643522807
60000000 0.00168690342932
65000000 0.00187296540724
70000000 0.0020022718597203
75000000 0.00210231732848
80000000 0.002154803884
90000000 0.00217371988184
100000000 0.00212246838246
110000000 0.00202725859567
120000000 0.00191610193008
130000000 0.00179630150505
140000000 0.00167081271325
150000000 0.00155599693278
160000000 0.0014557554774
180000000 0.0012847595508
200000000 0.00113720110677
#Header 
#Target 99 243 0
#Product 96 239 0
#Datapoints 20
1000000 0
40000000 0
45000000 3.936255156E-16
50000000 2.48307245639E-14
55000000 6.18771760741E-13
60000000 7.569658469E-12
65000000 1.0228475452E-10
70000000 1.2187031137071E-9
75000000 7.6244921032E-9
80000000 2.79565887838E-8
90000000 1.26719361948E-7
100000000 2.7358250496E-7
110000000 4.1475714742E-7
120000000 5.2616337696E-7
130000000 6.0633561735E-7
140000000 6.6372751296E-7
150000000 6.9088494738E-7
160000000 7.0095825828E-7
180000000 6.9679127925E-7
200000000 6.7191595371E-7
#Header 
#Target 99 243 0
#Product 96 240 0
#Datapoints 19
1000000 0
45000000 0
50000000 2.60031775509E-15
55000000 1.151216781035E-13
60000000 4.107429844E-12
65000000 5.292490186E-11
70000000 2.567394030894E-10
75000000 7.5514996176E-10
80000000 1.49036690729E-9
90000000 3.5818425366E-9
100000000 5.5917442542E-9
110000000 7.1893346448E-9
120000000 8.0031080064E-9
130000000 8.697738102E-9
140000000 8.7668632769E-9
150000000 9.1953975168E-9
160000000 8.3387816484E-9
180000000 8.3480905035E-9
200000000 8.0442551733E-9
#Header 
#Target 99 243 0
#Product 97 232 0
#Datapoints 16
1000000 0
60000000 0
65000000 2.4879635618E-15
70000000 4.9325239131E-14
75000000 2.5557500296E-12
80000000 3.319796939E-11
90000000 4.3776502508E-10
100000000 1.22332296822E-9
110000000 1.75890417857E-9
120000000 1.62914941824E-9
130000000 1.7665572087E-9
140000000 1.90060211806E-9
150000000 1.8427361376E-9
160000000 2.2975935696E-9
180000000 2.1716035605E-9
200000000 2.3384859027E-9
#Header 
#Target 99 243 0
#Product 97 234 0
#Datapoints 21
1000000 0
35000000 0
40000000 6.26733256E-16
45000000 2.1177187344E-12
50000000 2.140636736653E-11
55000000 5.20471756655E-11
60000000 1.6263934597E-10
65000000 6.0767816046E-10
70000000 1.7611963361181E-9
75000000 3.511228524E-9
80000000 5.9688272146E-9
90000000 8.6570988276E-9
100000000 9.0021028986E-9
110000000 8.4141134154E-9
120000000 1.00353001104E-8
130000000 1.143942942E-8
140000000 1.05652179763E-8
150000000 1.24313220336E-8
160000000 1.35525621336E-8
180000000 1.25816153265E-8
200000000 1.30403613318E-8
#Header 
#Target 99 243 0
#Product 97 235 0
#Datapoints 23
1000000 0
28000000 0
30000000 6.492499968E-15
35000000 1.6868829096E-10
40000000 2.45863422E-9
45000000 1.43077198644E-8
50000000 4.893339675039E-8
55000000 7.512950637867E-8
60000000 9.2936217544E-8
65000000 1.10945329096E-7
70000000 1.2744405495171E-7
75000000 1.4175655188E-7
80000000 1.52028255385E-7
90000000 1.6107056998E-7
100000000 1.66161457278E-7
110000000 1.67518005809E-7
120000000 1.66744225008E-7
130000000 1.65230856135E-7
140000000 1.60289102404E-7
150000000 1.5883784505E-7
160000000 1.56657596424E-7
180000000 1.49002378965E-7
200000000 1.38715080336E-7
#Header 
#Target 99 243 0
#Product 97 236 0
#Datapoints 27
1000000 0
20000000 0
22000000 2.825999104248E-14
24000000 1.38442833424E-11
26000000 1.0058507910946E-9
28000000 2.078043125E-8
30000000 1.5749724288E-7
35000000 1.57401124128E-6
40000000 1.0640488804E-5
45000000 3.0026981232E-5
50000000 4.168436308937E-5
55000000 4.826025356827E-5
60000000 5.3170849325E-5
65000000 5.8501764322E-5
70000000 6.252350378988E-5
75000000 6.555309124E-5
80000000 6.6998109925E-5
90000000 6.6764740952E-5
100000000 6.537131967E-5
110000000 6.2470365573E-5
120000000 5.9278595808E-5
130000000 5.5995378225E-5
140000000 5.2239700253E-5
150000000 4.904299668E-5
160000000 4.6024385484E-5
180000000 4.1374868535E-5
200000000 3.7240640274E-5
#Header 
#Target 99 243 0
#Product 97 237 0
#Datapoints 35
1000000 0
12000000 0
13000000 3.691649308939E-16
14000000 5.53282359797E-14
15000000 3.20431926045E-12
16000000 8.792694170544E-11
17000000 1.34476691361E-9
18000000 1.2642092851878E-8
19000000 7.968213847692E-8
20000000 3.5282493341302E-7
22000000 2.6983999659597E-6
24000000 8.7457308848028E-6
26000000 1.601680761681E-5
28000000 2.355851125E-5
30000000 3.7418255472E-5
35000000 0.000115692356718
40000000 0.0002030887764
45000000 0.0002676956922
50000000 0.0003135514857394
55000000 0.0003533865273184
60000000 0.00037451218628
65000000 0.00039333858696
70000000 0.0004013447078445
75000000 0.00040687868512
80000000 0.00040380696355
90000000 0.0003846548681
100000000 0.0003618483786
110000000 0.00033861079714
120000000 0.0003143483328
130000000 0.0002994037251
140000000 0.00027697799472
150000000 0.00025708965264
160000000 0.00024066604632
180000000 0.00021173225535
200000000 0.000188402214903
#Header 
#Target 99 243 0
#Product 97 238 0
#Datapoints 38
1000000 0
9000000 0
10000000 1.439052254504E-15
11000000 2.153084683655E-13
12000000 8.519184851536E-12
13000000 2.7910826815234E-10
14000000 5.719636132141E-9
15000000 6.237428137219E-8
16000000 4.469325016413E-7
17000000 2.32894480185E-6
18000000 8.844540338574E-6
19000000 2.4636484880658E-5
20000000 5.3631766727352E-5
22000000 0.00016662967943475
24000000 0.00039083287591103
26000000 0.0007116551299594
28000000 0.0010430431825
30000000 0.0014857445664
35000000 0.0026082910386
40000000 0.003553926006
45000000 0.0043439297616
50000000 0.004862889602391
55000000 0.005472976486486
60000000 0.0057232589817
65000000 0.0060162617064
70000000 0.006072640055916
75000000 0.0061635667544
80000000 0.0060930997697
90000000 0.0058470092022
100000000 0.0055274221782
110000000 0.0051755802868
120000000 0.0048194116272
130000000 0.0044724451755
140000000 0.00413264406
150000000 0.0038274754476
160000000 0.0035681682624
180000000 0.0031314190545
200000000 0.0027649826532
#Header 
#Target 99 243 0
#Product 97 239 0
#Datapoints 42
1000000 0
5000000 0
6000000 4.511574905838E-16
7000000 2.2416276476547E-14
8000000 5.279817048975E-13
9000000 1.3757227200786E-11
10000000 2.694596645059E-10
11000000 2.3602682751986E-9
12000000 1.0609375898593E-8
13000000 3.9878963467021E-8
14000000 1.480244333375E-7
15000000 5.098000190735E-7
16000000 1.3858334453466E-6
17000000 3.39538059389E-6
18000000 6.897720975444E-6
19000000 1.178030253897E-5
20000000 1.6858138499749E-5
22000000 3.3470635321215E-5
24000000 5.2293816950228E-5
26000000 9.131543342834E-5
28000000 9.93513285E-5
30000000 0.000114626424144
35000000 0.000139870020474
40000000 0.00014301610542
45000000 0.000145476205704
50000000 0.00014855159907865
55000000 0.00014774351756272
60000000 0.000140563559558
65000000 0.000127760801246
70000000 0.00012319644593004
75000000 0.000110635704392
80000000 0.000110652009179
90000000 0.000100050166244
100000000 8.3521617594E-5
110000000 7.8458305387E-5
120000000 7.4433657072E-5
130000000 6.3656208015E-5
140000000 5.953993609E-5
150000000 5.4464149254E-5
160000000 4.94532507E-5
180000000 4.2344441865E-5
200000000 3.7870955643E-5
#Header 
#Target 99 243 0
#Product 97 240 0
#Datapoints 24
1000000 0
26000000 0
28000000 1.247844375E-15
30000000 1.852816848E-14
35000000 4.231567278E-12
40000000 2.020222388E-10
45000000 2.921955282E-9
50000000 3.191315915572E-8
55000000 3.780670912808E-7
60000000 2.08181977234E-6
65000000 6.1783272906E-6
70000000 1.195617236142E-5
75000000 1.8264810844E-5
80000000 2.40068176952E-5
90000000 3.374750647E-5
100000000 4.0436130168E-5
110000000 4.442185517E-5
120000000 4.649771592E-5
130000000 4.743545268E-5
140000000 4.7590836727E-5
150000000 4.7184088344E-5
160000000 4.664907744E-5
180000000 4.531650255E-5
200000000 4.3650004314E-5
#Header 
#Target 99 243 0
#Product 97 241 0
#Datapoints 25
1000000 0
24000000 0
26000000 2.04213934375E-16
28000000 2.7088705E-15
30000000 2.783850624E-14
35000000 6.640466436E-12
40000000 1.21293927E-9
45000000 5.81082579E-8
50000000 6.535375732089E-7
55000000 2.713808987456E-6
60000000 6.2560118413E-6
65000000 1.06733525636E-5
70000000 1.4740084243668E-5
75000000 1.75164692648E-5
80000000 2.0015322212E-5
90000000 2.30974246328E-5
100000000 2.45039733258E-5
110000000 2.59843761947E-5
120000000 2.5721301648E-5
130000000 2.511199707E-5
140000000 2.4481618497E-5
150000000 2.3695356612E-5
160000000 2.3151662016E-5
180000000 2.193528249E-5
200000000 2.078239926E-5
#Header 
#Target 99 243 0
#Product 98 235 0
#Datapoints 21
1000000 0
35000000 0
40000000 2.0992514E-13
45000000 1.0949272128E-11
50000000 2.085211248631E-11
55000000 2.061308705647E-10
60000000 1.50916514679E-9
65000000 3.5520836206E-9
70000000 4.181337463716E-9
75000000 4.1237894536E-9
80000000 2.8733834193E-9
90000000 1.83908895206E-9
100000000 2.06275569276E-9
110000000 2.22409052019E-9
120000000 2.7816974064E-9
130000000 3.255929253E-9
140000000 3.2965394957E-9
150000000 4.0306699968E-9
160000000 4.2670668096E-9
180000000 4.3271598645E-9
200000000 5.4156217314E-9
#Header 
#Target 99 243 0
#Product 98 236 0
#Datapoints 23
1000000 0
28000000 0
30000000 1.1070321552E-12
35000000 8.1314133714E-10
40000000 6.381564038E-10
45000000 6.8428819368E-10
50000000 3.893367282182E-9
55000000 8.483187628782E-9
60000000 8.005611036E-9
65000000 5.2824354166E-9
70000000 3.509218829634E-9
75000000 2.22689058248E-9
80000000 2.07037804051E-9
90000000 2.49488626478E-9
100000000 3.3080359776E-9
110000000 4.4701203393E-9
120000000 5.3065594656E-9
130000000 6.366761175E-9
140000000 6.6775533852E-9
150000000 7.311054642E-9
160000000 7.8049406316E-9
180000000 7.6765654845E-9
200000000 7.9929852366E-9
#Header 
#Target 99 243 0
#Product 98 237 0
#Datapoints 27
1000000 0
20000000 0
22000000 5.7742292343696E-8
24000000 4.8405991521559E-6
26000000 8.245069344479E-6
28000000 5.128649475E-6
30000000 2.753110032E-6
35000000 8.6866278192E-7
40000000 7.101945704E-7
45000000 7.7059180908E-7
50000000 6.88660846048E-7
55000000 6.079276850395E-7
60000000 5.3125159973E-7
65000000 4.8641631084E-7
70000000 4.45333952679E-7
75000000 4.1149567112E-7
80000000 3.8197538293E-7
90000000 3.6314403852E-7
100000000 3.5414277876E-7
110000000 3.3774510385E-7
120000000 3.3522158016E-7
130000000 3.278085081E-7
140000000 3.2602420138E-7
150000000 3.2455401768E-7
160000000 3.0262101576E-7
180000000 3.007641879E-7
200000000 2.6705626089E-7
#Header 
#Target 99 243 0
#Product 98 238 0
#Datapoints 36
1000000 0
11000000 0
12000000 2.541403260763E-15
13000000 2.5446834902531E-7
14000000 7.449416058734E-6
15000000 2.438929149069E-5
16000000 5.136184420617E-5
17000000 9.2735780607E-5
18000000 0.00012176085203826
19000000 0.00011704238825076
20000000 9.279038300885E-5
22000000 5.4223666282233E-5
24000000 4.2121896929182E-5
26000000 3.864937138667E-5
28000000 3.7383715125E-5
30000000 3.8756836416E-5
35000000 4.1624814006E-5
40000000 4.226677432E-5
45000000 4.1512717584E-5
50000000 3.929414794655E-5
55000000 3.715699374635E-5
60000000 3.3848597135E-5
65000000 3.0863761982E-5
70000000 2.7726450984036E-5
75000000 2.507443124E-5
80000000 2.25201979147E-5
90000000 1.82641376016E-5
100000000 1.50635641422E-5
110000000 1.2585216413E-5
120000000 1.0705798416E-5
130000000 9.221935461E-6
140000000 7.9998853487E-6
150000000 7.0144741446E-6
160000000 6.2312876892E-6
180000000 5.0354918955E-6
200000000 4.1694107229E-6
#Header 
#Target 99 243 0
#Product 98 239 0
#Datapoints 42
1000000 0
5000000 0
6000000 5.206905465146E-9
7000000 1.7508668758902E-7
8000000 1.5331316119038E-6
9000000 1.3865912927366E-5
10000000 9.436014930715E-5
11000000 0.00020273887821537
12000000 0.00016485203667049
13000000 0.00014121482019622
14000000 0.000170401350037
15000000 0.0002197744472229
16000000 0.0002859710058453
17000000 0.00036094446529
18000000 0.00042312638337666
19000000 0.00046440269195985
20000000 0.00049271185486103
22000000 0.00054713180750406
24000000 0.00061742939247374
26000000 0.0006400010984664
28000000 0.00062949799
30000000 0.00063832044624
35000000 0.00063637511958
40000000 0.0006081663634
45000000 0.00056712322548
50000000 0.000529045937249
55000000 0.000468593636555
60000000 0.00043311950542
65000000 0.00037608441416
70000000 0.0003449452317192
75000000 0.00030202800016
80000000 0.000276318538949
90000000 0.00022302474124
100000000 0.000183355922628
110000000 0.00015372869589
120000000 0.000130902853824
130000000 0.00011297366601
140000000 9.6108455338E-5
150000000 8.4354338916E-5
160000000 7.5214880328E-5
180000000 6.1287957225E-5
200000000 5.1061898373E-5
#Header 
#Target 99 243 0
#Product 98 240 0
#Datapoints 45
1000000 0
2000000 0
3000000 1.340315936382E-12
4000000 3.4627896175E-11
5000000 7.551968101587E-11
6000000 1.2173578320981E-9
7000000 6.8610270666609E-9
8000000 1.9321817347548E-8
9000000 8.561763005129E-8
10000000 5.676193665211E-7
11000000 1.9661659602504E-6
12000000 3.205462348901E-6
13000000 4.5381865263962E-6
14000000 6.67876732732E-6
15000000 8.757835952811E-6
16000000 1.0447414329942E-5
17000000 1.17082129962E-5
18000000 1.2155644432458E-5
19000000 1.2615248320794E-5
20000000 1.3363754211906E-5
22000000 1.8902395424628E-5
24000000 7.3030484732961E-5
26000000 7.704545657666E-5
28000000 2.3184455E-5
30000000 1.8055676208E-5
35000000 1.54700221248E-5
40000000 1.5548502182E-5
45000000 1.64263093092E-5
50000000 2.1124340661885E-5
55000000 2.626991856819E-5
60000000 3.4375124016E-5
65000000 4.0180793518E-5
70000000 4.534860802164E-5
75000000 5.0095422112E-5
80000000 5.4671542999E-5
90000000 5.7875688486E-5
100000000 5.8231079886E-5
110000000 5.7832066523E-5
120000000 5.6175636672E-5
130000000 5.381828607E-5
140000000 5.1349045812E-5
150000000 4.8110702538E-5
160000000 4.5496083948E-5
180000000 4.102406946E-5
200000000 3.7376646933E-5
#Header 
#Target 99 243 0
#Product 98 241 0
#Datapoints 35
1000000 0
12000000 0
13000000 5.622285057844E-17
14000000 1.86510436355E-15
15000000 3.66064210608E-14
16000000 4.76554416906E-13
17000000 4.449057635E-12
18000000 3.073003752822E-11
19000000 1.6531449951744E-10
20000000 7.366692784944E-10
22000000 9.905793536838E-9
24000000 8.3702046991402E-8
26000000 5.648429496897E-7
28000000 2.67479925E-6
30000000 8.8128319104E-6
35000000 3.7922411178E-5
40000000 7.15397106E-5
45000000 0.000138049090416
50000000 0.00023985824125455
55000000 0.000346218055141
60000000 0.00044836296405
65000000 0.0005381657999
70000000 0.0006082093755276
75000000 0.00066525233568
80000000 0.00070340550431
90000000 0.00074164769002
100000000 0.00074425426668
110000000 0.00072546384295
120000000 0.00069944477136
130000000 0.00066631537305
140000000 0.00062803704664
150000000 0.00059332624998
160000000 0.0005625649302
180000000 0.0005082054714
200000000 0.00045888325245
#Header 
#Target 99 243 0
#Product 98 242 0
#Datapoints 37
1000000 0
10000000 0
11000000 1.154580757924E-15
12000000 1.212127079995E-14
13000000 8.497984233165E-14
14000000 4.96830627634E-13
15000000 2.17335655791E-12
16000000 7.56004677522E-12
17000000 2.3043485797E-11
18000000 6.866221035624E-11
19000000 2.3129277762843E-10
20000000 9.345217386834E-10
22000000 1.6221471304695E-8
24000000 1.9134174889452E-7
26000000 1.301324845304E-6
28000000 5.59114305E-6
30000000 1.7199340848E-5
35000000 0.000101383427484
40000000 0.000255536831
45000000 0.00043511953068
50000000 0.0006040119071375
55000000 0.0007625611331517
60000000 0.00088151196377
65000000 0.00098440433892
70000000 0.0010583588063181
75000000 0.00111722922784
80000000 0.00115066737647
90000000 0.0011709062778
100000000 0.00115326926784
110000000 0.00111005826162
120000000 0.00105589500768
130000000 0.00099650480595
140000000 0.0009322860199
150000000 0.00087327456264
160000000 0.00082148470992
180000000 0.00073134635805
200000000 0.0006529563537
#Header 
#Target 99 243 0
#Product 99 239 0
#Datapoints 23
1000000 0
28000000 0
30000000 2.28088944E-14
35000000 3.6592922628E-10
40000000 4.23066508E-9
45000000 2.5598241612E-8
50000000 8.322986152106E-8
55000000 1.2844576023587E-7
60000000 1.62868516681E-7
65000000 1.9498518198E-7
70000000 2.2054532423343E-7
75000000 2.4314641812E-7
80000000 2.60303315071E-7
90000000 2.841524213E-7
100000000 2.9039106504E-7
110000000 2.8567904827E-7
120000000 2.7915729648E-7
130000000 2.7062765205E-7
140000000 2.6331082697E-7
150000000 2.5124959272E-7
160000000 2.4031394604E-7
180000000 2.217955311E-7
200000000 2.0449913022E-7
#Header 
#Target 99 243 0
#Product 99 240 0
#Datapoints 27
1000000 0
20000000 0
22000000 4.808107202142E-14
24000000 1.961992155431E-11
26000000 1.258187109157E-9
28000000 2.23943415E-8
30000000 1.4091117888E-7
35000000 1.15983783324E-6
40000000 8.445114516E-6
45000000 2.11274391276E-5
50000000 2.932822533202E-5
55000000 3.683576236189E-5
60000000 4.3723476466E-5
65000000 5.053124577E-5
70000000 5.596103268147E-5
75000000 6.0356541888E-5
80000000 6.3091284904E-5
90000000 6.5117398796E-5
100000000 6.5018499762E-5
110000000 6.3251747636E-5
120000000 6.0762155616E-5
130000000 5.7828972375E-5
140000000 5.4360108629E-5
150000000 5.1373832664E-5
160000000 4.8527794728E-5
180000000 4.388927697E-5
200000000 3.954909831E-5
#Header 
#Target 99 243 0
#Product 99 241 0
#Datapoints 35
1000000 0
12000000 0
13000000 1.248001153744E-15
14000000 1.46011147198E-13
15000000 7.73764911977E-12
16000000 2.015078875377E-10
17000000 2.95873917572E-9
18000000 2.6795581079652E-8
19000000 1.6224158291481E-7
20000000 6.845387564293E-7
22000000 4.6109103774876E-6
24000000 1.2991780944156E-5
26000000 2.239400866648E-5
28000000 3.4905644E-5
30000000 5.7590875824E-5
35000000 0.00015082442901
40000000 0.0002531094294
45000000 0.00036219931164
50000000 0.0004638760889295
55000000 0.0005615976846891
60000000 0.00063330241399
65000000 0.00069645259828
70000000 0.0007373961468027
75000000 0.00076894457688
80000000 0.00078206448302
90000000 0.00078051595168
100000000 0.00075794867046
110000000 0.00072229619847
120000000 0.00068205200064
130000000 0.0006411257625
140000000 0.00059919472232
150000000 0.00056051761806
160000000 0.00052737346788
180000000 0.0004691700684
200000000 0.00042049443045
#Header 
#Target 99 243 0
#Product 99 242 0
#Datapoints 38
1000000 0
9000000 0
10000000 1.644242910833E-15
11000000 2.30203990604E-13
12000000 1.0379759142036E-11
13000000 3.6321851826149E-10
14000000 7.247350382057E-9
15000000 7.704479241051E-8
16000000 5.410297995831E-7
17000000 2.76866253784E-6
18000000 1.0265611574442E-5
19000000 2.7656882312913E-5
20000000 5.7948052372723E-5
22000000 0.00016713411826191
24000000 0.00037222762558989
26000000 0.0006325618963499
28000000 0.00087749510125
30000000 0.00121401593568
35000000 0.0021203258814
40000000 0.002981550168
45000000 0.0037572464268
50000000 0.004307178184066
55000000 0.004935366883191
60000000 0.0052440275514
65000000 0.0055791661602
70000000 0.005699728192977
75000000 0.00583511622
80000000 0.0058101517796
90000000 0.0056356452466
100000000 0.0053737641876
110000000 0.0050592460226
120000000 0.004730440536
130000000 0.0044038720125
140000000 0.0040777960329
150000000 0.0037836705258
160000000 0.003531915534
180000000 0.0030998156805
200000000 0.0027402365985
#Header 
#Target 99 243 0
#Product 99 243 0
#Datapoints 43
1000000 0
4000000 0
5000000 6.695801811414E-15
6000000 1.5671152945833E-12
7000000 9.522118315557E-11
8000000 3.9021773245614E-9
9000000 1.2749190602551E-7
10000000 2.307410489105E-6
11000000 1.5252815244363E-5
12000000 4.1698703789479E-5
13000000 8.4173020566119E-5
14000000 0.0001641989741823
15000000 0.000298548867481
16000000 0.0005214786015072
17000000 0.00084521887183
18000000 0.0012150853341756
19000000 0.0015678644992794
20000000 0.0019012710162718
22000000 0.0026037463313577
24000000 0.0034142979395245
26000000 0.003967483269651
28000000 0.0042565964375
30000000 0.0045777645312
35000000 0.005043246984
40000000 0.005212196152
45000000 0.0053737735932
50000000 0.005503075415804
55000000 0.005599520384515
60000000 0.0054439479607
65000000 0.00540523556
70000000 0.005179507436082
75000000 0.0050501631512
80000000 0.0047597118766
90000000 0.0042439010786
100000000 0.0037491097974
110000000 0.0032536571606
120000000 0.0028060195104
130000000 0.0024265946919
140000000 0.00207983988962
150000000 0.00178987058064
160000000 0.00155712063612
180000000 0.00120151088145
200000000 0.00095309589471
#Header 
#Target 99 243 0
#Product 100 240 0
#Datapoints 23
1000000 0
28000000 0
30000000 8.164513776E-12
35000000 6.3265934124E-10
40000000 3.614007756E-10
45000000 1.4984037504E-10
50000000 8.99933503804E-11
55000000 7.18261606288E-11
60000000 6.504914239E-11
65000000 5.954352936E-11
70000000 5.5017153954E-11
75000000 5.076607312E-11
80000000 4.587751458E-11
90000000 3.718316896E-11
100000000 3.164885376E-11
110000000 2.658705049E-11
120000000 2.2630155744E-11
130000000 1.9602777315E-11
140000000 1.6868068517E-11
150000000 1.4671887096E-11
160000000 1.3211510592E-11
180000000 1.0587921795E-11
200000000 8.995499946E-12
#Header 
#Target 99 243 0
#Product 100 241 0
#Datapoints 27
1000000 0
20000000 0
22000000 8.795592479028E-8
24000000 2.4982643757694E-6
26000000 3.221271431532E-6
28000000 1.8109548375E-6
30000000 9.2269632432E-7
35000000 2.99243133E-7
40000000 2.414259768E-7
45000000 2.369809386E-7
50000000 2.2719716942054E-7
55000000 2.1865014496525E-7
60000000 2.03951502533E-7
65000000 1.90643556394E-7
70000000 1.7396708816676E-7
75000000 1.57624385792E-7
80000000 1.40914184706E-7
90000000 1.17378196458E-7
100000000 9.5557865676E-8
110000000 7.9714177697E-8
120000000 6.8258650512E-8
130000000 5.9527715535E-8
140000000 5.2179557727E-8
150000000 4.5204648828E-8
160000000 4.0354513164E-8
180000000 3.2718929265E-8
200000000 2.7201102156E-8
#Header 
#Target 99 243 0
#Product 100 242 0
#Datapoints 35
1000000 0
12000000 0
13000000 3.7855765501654E-6
14000000 2.62404121019E-5
15000000 3.821575595512E-5
16000000 4.753220675262E-5
17000000 6.2819673018E-5
18000000 6.44287734369E-5
19000000 4.9149077703201E-5
20000000 3.2152036959707E-5
22000000 1.5426627134871E-5
24000000 1.167104619121E-5
26000000 1.1067401725028E-5
28000000 1.107501865E-5
30000000 1.1720091816E-5
35000000 1.2930725304E-5
40000000 1.3288613446E-5
45000000 1.31467519332E-5
50000000 1.2493945522091E-5
55000000 1.18266627822E-5
60000000 1.0817919354E-5
65000000 9.870196324E-6
70000000 8.890227928533E-6
75000000 8.0642283624E-6
80000000 7.2432310306E-6
90000000 5.8815766382E-6
100000000 4.8518935758E-6
110000000 4.0586678979E-6
120000000 3.4450647696E-6
130000000 2.950542579E-6
140000000 2.5669281981E-6
150000000 2.2467973518E-6
160000000 1.99094725536E-6
180000000 1.60957026945E-6
200000000 1.3323007167E-6
#Header 
#Target 99 243 0
#Product 100 243 0
#Datapoints 42
1000000 0
5000000 0
6000000 4.3670085656428E-9
7000000 1.3797678675735E-7
8000000 1.2526939877742E-6
9000000 1.1083955957625E-5
10000000 7.255808068005E-5
11000000 0.00014316794235719
12000000 9.604559866678E-5
13000000 6.614654301164E-5
14000000 6.928971451816E-5
15000000 8.216359986917E-5
16000000 0.0001013167240107
17000000 0.000123427063005
18000000 0.00014151806103636
19000000 0.0001534341579309
20000000 0.00016200216146327
22000000 0.00017851951890774
24000000 0.00019992642031068
26000000 0.0002055897963372
28000000 0.00020229507625
30000000 0.00020454135168
35000000 0.0002035106217
40000000 0.00019365992732
45000000 0.000180656504208
50000000 0.00017055305254236
55000000 0.00014662160804804
60000000 0.000138853211914
65000000 0.000117113307764
70000000 0.00010944415509825
75000000 9.298254104E-5
80000000 8.6389412933E-5
90000000 6.8614015012E-5
100000000 5.5537355076E-5
110000000 4.5771937596E-5
120000000 3.8739205056E-5
130000000 3.3416761005E-5
140000000 2.7655336333E-5
150000000 2.3940399408E-5
160000000 2.10057845928E-5
180000000 1.65844752975E-5
200000000 1.34226784041E-5
#Header 
#Target 99 243 0
#Product 100 244 0
#Datapoints 44
1000000 0
3000000 0
4000000 2.108293281E-12
5000000 4.454100153189E-11
6000000 8.558172851844E-10
7000000 4.6370020982643E-9
8000000 1.210814048691E-8
9000000 5.519828238193E-8
10000000 3.900032478426E-7
11000000 1.2653550450819E-6
12000000 1.821209198775E-6
13000000 2.2567177907473E-6
14000000 2.899511061751E-6
15000000 3.320833973127E-6
16000000 3.551028810849E-6
17000000 3.7166421015E-6
18000000 3.6132792329376E-6
19000000 3.602129014512E-6
20000000 3.5917102539367E-6
22000000 3.6916652536011E-6
24000000 4.0721132036662E-6
26000000 4.294839175605E-6
28000000 4.3329475625E-6
30000000 4.5443180064E-6
35000000 4.942565703E-6
40000000 4.95830205E-6
45000000 4.5727222464E-6
50000000 5.196121445805E-6
55000000 4.60050523245E-6
60000000 5.1425698407E-6
65000000 4.50537944E-6
70000000 4.46901128436E-6
75000000 4.1197145544E-6
80000000 4.4620185775E-6
90000000 3.713276975E-6
100000000 2.8956814482E-6
110000000 2.7525370642E-6
120000000 2.5886231568E-6
130000000 2.316611625E-6
140000000 2.00885074524E-6
150000000 1.66498037598E-6
160000000 1.33195844376E-6
180000000 8.622472815E-7
200000000 6.2068697019E-7
