#Header 
#Target 58 135 1
#Product 0 1 0
#Datapoints 43
1000000 0
4000000 0
5000000 0.002863424127
6000000 0.018969155884
7000000 0.06336162821562
8000000 0.14738287179
9000000 0.27009012838
10000000 0.416573442
11000000 0.56338048395
12000000 0.6938709943
13000000 0.8011577705292
14000000 0.88650388764
15000000 0.9649601591
16000000 1.208504675
17000000 1.539823942
18000000 1.795866695
19000000 1.9683685
20000000 2.08025976
22000000 2.19188944
24000000 2.275190343
26000000 2.46073542
28000000 2.75509416
30000000 2.98207728
35000000 3.192549453
40000000 3.347062285
45000000 3.583246245
50000000 3.705891993
55000000 3.83315174
60000000 3.923755472
65000000 4.003615396
70000000 4.071318636
75000000 4.143858656
80000000 4.20684132
90000000 4.353394934
100000000 4.482832977
110000000 4.621283912
120000000 4.755961725
130000000 4.884192729
140000000 5.007264978
150000000 5.199190802
160000000 5.398004049
180000000 5.788657998
200000000 6.191750754
#Header 
#Target 58 135 1
#Product 1 1 0
#Datapoints 45
1000000 0
2000000 1.7646007864E-14
3000000 1.366947839059E-9
4000000 8.82263112E-7
5000000 1.5685269215E-5
6000000 0.00010870101392
7000000 0.0004388786758543
8000000 0.001779938658
9000000 0.005328983134
10000000 0.01063419208
11000000 0.017131948677
12000000 0.02925957847
13000000 0.06082079417739
14000000 0.12175476768
15000000 0.2067594053
16000000 0.2384345026
17000000 0.2209941152
18000000 0.2099836791
19000000 0.21101626
20000000 0.219219888
22000000 0.246500696
24000000 0.3055960456
26000000 0.3930658071
28000000 0.4524937152
30000000 0.5037044376
35000000 0.6665831249
40000000 0.9300087574
45000000 0.9856880772
50000000 1.0761162525
55000000 1.164629309
60000000 1.2287491112
65000000 1.2939580566
70000000 1.343415447
75000000 1.389551016
80000000 1.4311252065
90000000 1.504057562
100000000 1.568301665
110000000 1.631373044
120000000 1.688078085
130000000 1.739415612
140000000 1.785900018
150000000 1.84630519
160000000 1.910158266
180000000 2.044906493
200000000 2.203247718
#Header 
#Target 58 135 1
#Product 1 2 0
#Datapoints 41
1000000 0
6000000 0
7000000 1.961222746697E-18
8000000 1.4433525897E-13
9000000 5.77311989E-11
10000000 2.244837536E-9
11000000 2.5921133049E-8
12000000 4.058293111E-7
13000000 6.377798068074E-6
14000000 5.5964734812E-5
15000000 0.0002848402648
16000000 0.0009266113437
17000000 0.002153048918
18000000 0.003967050961
19000000 0.006249886825
20000000 0.00885758412
22000000 0.0145661776
24000000 0.02047047166
26000000 0.02626923288
28000000 0.03270966132
30000000 0.03790170384
35000000 0.04946076152
40000000 0.05942850488
45000000 0.06804834576
50000000 0.07647784506
55000000 0.081143432
60000000 0.08849392968
65000000 0.0923789163
70000000 0.09819218178
75000000 0.10160382848
80000000 0.1047525105
90000000 0.10421726812
100000000 0.10392950911
110000000 0.10124978496
120000000 0.0987597276
130000000 0.09636339306
140000000 0.09434097522
150000000 0.09355386074
160000000 0.0937788678
180000000 0.09570355658
200000000 0.10239114942
#Header 
#Target 58 135 1
#Product 1 3 0
#Datapoints 36
1000000 0
11000000 0
12000000 1.085299088E-16
13000000 2.409904051956E-13
14000000 2.7865342008E-11
15000000 8.374873514E-10
16000000 2.379718656E-8
17000000 4.364458477E-7
18000000 4.231090353E-6
19000000 2.268308E-5
20000000 7.50811296E-5
22000000 0.000338761176
24000000 0.0008260324344
26000000 0.001487291004
28000000 0.002258331888
30000000 0.003087610344
35000000 0.005235762848
40000000 0.007320202278
45000000 0.009179223816
50000000 0.010775634255
55000000 0.012278565055
60000000 0.01378027014
65000000 0.015291095468
70000000 0.01689201096
75000000 0.01859646432
80000000 0.02040583545
90000000 0.02434797078
100000000 0.02892488732
110000000 0.03208315564
120000000 0.03526515045
130000000 0.0383650452
140000000 0.04150298301
150000000 0.04461270984
160000000 0.04773736288
180000000 0.05434026027
200000000 0.06093852534
#Header 
#Target 58 135 1
#Product 2 3 0
#Datapoints 37
1000000 0
10000000 0
11000000 2.0926900101E-19
12000000 4.673793833E-17
13000000 2.510742145005E-15
14000000 8.1756258444E-14
15000000 3.264971563E-12
16000000 9.286501742E-11
17000000 1.541349264E-9
18000000 1.633958676E-8
19000000 1.221603635E-7
20000000 6.92757804E-7
22000000 1.166528584E-5
24000000 9.494365765E-5
26000000 0.0003858457638
28000000 0.0010376477172
30000000 0.001980621552
35000000 0.005279212705
40000000 0.009007398322
45000000 0.012605717526
50000000 0.015888242016
55000000 0.0186527866
60000000 0.02086044064
65000000 0.02289044186
70000000 0.02467043106
75000000 0.02646527632
80000000 0.02819975235
90000000 0.03191035442
100000000 0.03604840743
110000000 0.03864362424
120000000 0.04121547735
130000000 0.04380509901
140000000 0.04640590671
150000000 0.04856083138
160000000 0.05067965364
180000000 0.05492764936
200000000 0.05901930468
#Header 
#Target 58 135 1
#Product 2 4 0
#Datapoints 45
1000000 0
2000000 2.7207783856E-15
3000000 3.986739792629E-11
4000000 1.4819212636E-8
5000000 2.9305500155E-7
6000000 3.138850296E-6
7000000 1.990987955434E-5
8000000 7.187606475E-5
9000000 0.00017747105188
10000000 0.000340557121
11000000 0.00058176169398
12000000 0.000973624285
13000000 0.001698522228954
14000000 0.0030670975944
15000000 0.005310173337
16000000 0.007245046046
17000000 0.008633379435
18000000 0.01037028086
19000000 0.01292460925
20000000 0.0172750644
22000000 0.0336549304
24000000 0.03452143136
26000000 0.0306213834
28000000 0.03348798816
30000000 0.03713011848
35000000 0.04640337716
40000000 0.05550633473
45000000 0.06160862229
50000000 0.06563867832
55000000 0.06958549985
60000000 0.0725267556
65000000 0.07457583562
70000000 0.0760649835
75000000 0.07727940528
80000000 0.07832641245
90000000 0.08123122966
100000000 0.08253509257
110000000 0.0843604862
120000000 0.08522046345
130000000 0.08616749106
140000000 0.08678071101
150000000 0.09239047768
160000000 0.09891077618
180000000 0.11241476998
200000000 0.1248501744
#Header 
#Target 58 135 1
#Product 50 108 0
#Datapoints 8
1000000 0
120000000 0
130000000 1.1623789335E-12
140000000 3.666029115E-10
150000000 1.8669203532E-8
160000000 3.0195391928E-7
180000000 1.6479996485E-5
200000000 0.0003634749468
#Header 
#Target 58 135 1
#Product 50 109 0
#Datapoints 9
1000000 0
110000000 0
120000000 2.726699595E-15
130000000 1.378132914E-11
140000000 2.4033503697E-9
150000000 6.9053403042E-8
160000000 7.0425403918E-7
180000000 3.3483600225E-5
200000000 0.00055746106416
#Header 
#Target 58 135 1
#Product 50 110 0
#Datapoints 9
1000000 0
110000000 0
120000000 2.043768915E-12
130000000 1.1390798484E-9
140000000 3.1830995682E-8
150000000 3.2609695086E-7
160000000 2.1466194885E-6
180000000 6.1816497433E-5
200000000 0.00066876205158
#Header 
#Target 58 135 1
#Product 50 111 0
#Datapoints 10
1000000 0
100000000 0
110000000 1.2819692168E-13
120000000 2.35851123E-10
130000000 9.6031393941E-9
140000000 6.077950839E-8
150000000 3.7066904032E-7
160000000 2.0372500771E-6
180000000 3.578589468E-5
200000000 0.00026139301398
#Header 
#Target 58 135 1
#Product 51 110 0
#Datapoints 9
1000000 0
110000000 0
120000000 2.530087785E-14
130000000 1.0305488187E-10
140000000 5.6418697212E-9
150000000 7.516660365E-8
160000000 6.5534206539E-7
180000000 3.1877204716E-5
200000000 0.00044661094632
#Header 
#Target 58 135 1
#Product 51 111 0
#Datapoints 10
1000000 0
100000000 0
110000000 1.126808776E-13
120000000 2.614208385E-10
130000000 1.11157001385E-8
140000000 7.7871097812E-8
150000000 5.7196801052E-7
160000000 4.917190063E-6
180000000 0.00013525997002
200000000 0.0012265595874
#Header 
#Target 58 135 1
#Product 51 112 0
#Datapoints 11
1000000 0
90000000 0
100000000 3.485643399E-14
110000000 1.704465852E-10
120000000 1.628389965E-8
130000000 1.4978201574E-7
140000000 4.5515695692E-7
150000000 3.0293603028E-6
160000000 1.8325500904E-5
180000000 0.00027857297118
200000000 0.0017714799018
#Header 
#Target 58 135 1
#Product 51 113 0
#Datapoints 11
1000000 0
90000000 0
100000000 9.149079751E-12
110000000 3.304459774E-9
120000000 7.0477296885E-8
130000000 2.6686100514E-7
140000000 1.04626003254E-6
150000000 5.9971403658E-6
160000000 2.579089869E-5
180000000 0.00027627694933
200000000 0.001159660026
#Header 
#Target 58 135 1
#Product 51 114 0
#Datapoints 12
1000000 0
80000000 0
90000000 1.673369992E-13
100000000 3.043619915E-10
110000000 2.456820746E-8
120000000 1.940070183E-7
130000000 4.7442098445E-7
140000000 1.4279398563E-6
150000000 5.211050159E-6
160000000 1.6701604171E-5
180000000 0.000111447000186
200000000 0.00033858398826
#Header 
#Target 58 135 1
#Product 51 115 0
#Datapoints 13
1000000 0
75000000 0
80000000 7.32035502E-15
90000000 1.0332889602E-10
100000000 1.20995000105E-8
110000000 1.09799991604E-7
120000000 2.8564904475E-7
130000000 7.9116089544E-7
140000000 1.9341495285E-6
150000000 5.3897593286E-6
160000000 1.4126504407E-5
180000000 6.2630693983E-5
200000000 0.00014923599768
#Header 
#Target 58 135 1
#Product 52 111 0
#Datapoints 8
1000000 0
120000000 0
130000000 2.350445217E-13
140000000 1.574127984E-10
150000000 1.57592979E-8
160000000 3.5613194498E-7
180000000 1.3663894944E-5
200000000 0.00017034400278
#Header 
#Target 58 135 1
#Product 52 112 0
#Datapoints 9
1000000 0
110000000 0
120000000 1.98623739E-14
130000000 1.232400015E-10
140000000 2.19352938E-8
150000000 5.9155600348E-7
160000000 4.9804895954E-6
180000000 0.000108817996168
200000000 0.00087409397376
#Header 
#Target 58 135 1
#Product 52 113 0
#Datapoints 9
1000000 0
110000000 0
120000000 1.90996626E-11
130000000 2.3019896538E-8
140000000 6.0233605416E-7
150000000 5.283430038E-6
160000000 2.8157398298E-5
180000000 0.0004699969769
200000000 0.0023355704232
#Header 
#Target 58 135 1
#Product 52 114 0
#Datapoints 10
1000000 0
100000000 0
110000000 4.341240436E-11
120000000 6.1184194155E-8
130000000 1.8197893542E-6
140000000 8.4794202618E-6
150000000 3.5142305302E-5
160000000 0.00015058795607
180000000 0.0014495605104
200000000 0.0053542895364
#Header 
#Target 58 135 1
#Product 52 115 0
#Datapoints 11
1000000 0
90000000 0
100000000 1.621120151E-12
110000000 7.6080903152E-9
120000000 5.6201307735E-7
130000000 4.5322404669E-6
140000000 1.1791200483E-5
150000000 4.5983000558E-5
160000000 0.00017384000795
180000000 0.00105783993024
200000000 0.0032164796286
#Header 
#Target 58 135 1
#Product 52 116 0
#Datapoints 12
1000000 0
80000000 0
90000000 1.2057089058E-13
100000000 1.1565197637E-9
110000000 2.8529103176E-7
120000000 4.634900394E-6
130000000 1.459160037E-5
140000000 3.2598497307E-5
150000000 0.000103737992264
160000000 0.00026552704737
180000000 0.00106362997939
200000000 0.0024046699446
#Header 
#Target 58 135 1
#Product 52 117 0
#Datapoints 12
1000000 0
80000000 0
90000000 8.73877984E-12
100000000 1.26162004073E-8
110000000 5.962299394E-7
120000000 3.1365798975E-6
130000000 6.0536205348E-6
140000000 1.15899002217E-5
150000000 2.6034601034E-5
160000000 5.5610600065E-5
180000000 0.00016692296217
200000000 0.00026691002478
#Header 
#Target 58 135 1
#Product 52 118 0
#Datapoints 14
1000000 0
70000000 0
75000000 4.304377952E-14
80000000 4.867357935E-12
90000000 1.1743900371E-8
100000000 7.7467698742E-7
110000000 4.3899002596E-6
120000000 7.7619296565E-6
130000000 1.398419334E-5
140000000 2.5025498736E-5
150000000 5.0427305806E-5
160000000 8.2563797341E-5
180000000 0.00015836700474
200000000 0.00020461901292
#Header 
#Target 58 135 1
#Product 53 113 0
#Datapoints 9
1000000 0
110000000 0
120000000 5.99672718E-15
130000000 7.657438554E-11
140000000 5.7510204597E-9
150000000 8.1530510168E-8
160000000 6.3007203374E-7
180000000 2.4904999312E-5
200000000 0.0001642679577
#Header 
#Target 58 135 1
#Product 53 114 0
#Datapoints 10
1000000 0
100000000 0
110000000 5.725211936E-16
120000000 7.16536056E-11
130000000 1.24736994393E-8
140000000 1.0393899681E-7
150000000 6.1790504726E-7
160000000 4.8772801461E-6
180000000 8.4319200819E-5
200000000 0.00040870905768
#Header 
#Target 58 135 1
#Product 53 115 0
#Datapoints 11
1000000 0
90000000 0
100000000 1.2906990866E-13
110000000 1.5911993036E-9
120000000 1.60673025E-7
130000000 1.3423300173E-6
140000000 3.6456800994E-6
150000000 2.3050002596E-5
160000000 0.000123556996081
180000000 0.0009899499737
200000000 0.003754329516
#Header 
#Target 58 135 1
#Product 53 116 0
#Datapoints 12
1000000 0
80000000 0
90000000 6.842237626E-15
100000000 3.295240151E-10
110000000 1.31095009196E-7
120000000 2.793160227E-6
130000000 1.06059998841E-5
140000000 3.2246803074E-5
150000000 0.00015559502012
160000000 0.0005081189712
180000000 0.0028311098353
200000000 0.0079573604292
#Header 
#Target 58 135 1
#Product 53 117 0
#Datapoints 12
1000000 0
80000000 0
90000000 7.83711432E-11
100000000 1.0308100929E-7
110000000 3.6010999864E-6
120000000 1.639840011E-5
130000000 4.6605204582E-5
140000000 0.000125701993797
150000000 0.00037074002988
160000000 0.00095636306012
180000000 0.0038021997626
200000000 0.0069542495568
#Header 
#Target 58 135 1
#Product 53 118 0
#Datapoints 13
1000000 0
75000000 0
80000000 1.570781025E-13
90000000 4.4712503934E-9
100000000 7.3234491008E-7
110000000 6.7066801548E-6
120000000 1.3822501425E-5
130000000 3.4879298151E-5
140000000 7.5402903453E-5
150000000 0.00017676297928
160000000 0.00036534300737
180000000 0.00094491304243
200000000 0.0012589503318
#Header 
#Target 58 135 1
#Product 53 119 0
#Datapoints 15
1000000 0
65000000 0
70000000 1.90307931E-12
75000000 4.125328032E-10
80000000 1.9621201215E-8
90000000 1.7541196568E-6
100000000 1.25332003279E-5
110000000 2.353550192E-5
120000000 6.843580512E-5
130000000 0.00016326800622
140000000 0.00026998195344
150000000 0.00049633504134
160000000 0.00080155103956
180000000 0.0014117696179
200000000 0.0016813402074
#Header 
#Target 58 135 1
#Product 53 120 0
#Datapoints 17
1000000 0
55000000 0
60000000 2.046940844E-15
65000000 1.5300893894E-12
70000000 2.14256064E-10
75000000 8.7500697872E-9
80000000 1.2196800033E-7
90000000 1.6794406538E-6
100000000 2.2273999188E-6
110000000 3.1984205944E-6
120000000 1.0233600507E-5
130000000 1.6931494014E-5
140000000 2.419489647E-5
150000000 3.4626900594E-5
160000000 4.9896605034E-5
180000000 7.3759400722E-5
200000000 8.607569607E-5
#Header 
#Target 58 135 1
#Product 53 121 0
#Datapoints 19
1000000 0
45000000 0
50000000 5.004530973E-14
55000000 3.367052505E-11
60000000 3.0138196556E-9
65000000 5.4446295794E-8
70000000 3.8503806726E-7
75000000 1.6129001504E-6
80000000 3.942420273E-6
90000000 6.3780199644E-6
100000000 7.2795997127E-6
110000000 2.5153700784E-5
120000000 4.4947498485E-5
130000000 5.4995404434E-5
140000000 7.0073800542E-5
150000000 9.4724496524E-5
160000000 0.00011924599797
180000000 0.00014383493158
200000000 0.000154149975
#Header 
#Target 58 135 1
#Product 54 115 0
#Datapoints 9
1000000 0
110000000 0
120000000 1.67933115E-15
130000000 1.773889353E-11
140000000 1.22496997878E-8
150000000 4.6956903E-7
160000000 4.1024004884E-6
180000000 5.057259834E-5
200000000 0.00030053702448
#Header 
#Target 58 135 1
#Product 54 116 0
#Datapoints 9
1000000 0
110000000 0
120000000 3.651999405E-11
130000000 9.2413297761E-8
140000000 2.3808906435E-6
150000000 1.8079797974E-5
160000000 7.0125107349E-5
180000000 0.00059320000643
200000000 0.001935249813
#Header 
#Target 58 135 1
#Product 54 117 0
#Datapoints 10
1000000 0
100000000 0
110000000 2.115404704E-11
120000000 2.5129301295E-7
130000000 9.2557700187E-6
140000000 4.0733105862E-5
150000000 0.00014282702238
160000000 0.00049148897358
180000000 0.0027398701377
200000000 0.005624759952
#Header 
#Target 58 135 1
#Product 54 118 0
#Datapoints 11
1000000 0
90000000 0
100000000 1.2170489674E-10
110000000 4.6928599828E-7
120000000 2.4248794365E-5
130000000 0.00015604406475
140000000 0.00032430003927
150000000 0.00095401793308
160000000 0.0024553193453
180000000 0.007567320356
200000000 0.0116939008242
#Header 
#Target 58 135 1
#Product 54 119 0
#Datapoints 12
1000000 0
80000000 0
90000000 4.531069354E-12
100000000 5.2108896287E-8
110000000 1.3865203284E-5
120000000 0.0001912720272
130000000 0.00051050802276
140000000 0.00094162901862
150000000 0.0022796003488
160000000 0.0045337498394
180000000 0.0099196900725
200000000 0.014016201822
#Header 
#Target 58 135 1
#Product 54 120 0
#Datapoints 13
1000000 0
75000000 0
80000000 1.799749545E-12
90000000 5.3652200238E-8
100000000 2.1158895758E-5
110000000 0.00033332695896
120000000 0.00090162588885
130000000 0.0013816593261
140000000 0.0023570601237
150000000 0.0046485399056
160000000 0.0077050295586
180000000 0.012541098649
200000000 0.014893802532
#Header 
#Target 58 135 1
#Product 54 121 0
#Datapoints 15
1000000 0
65000000 0
70000000 5.656626096E-14
75000000 4.54171592E-11
80000000 5.916289863E-9
90000000 7.5557998236E-6
100000000 0.00020183902221
110000000 0.0006312200154
120000000 0.00082125294195
130000000 0.0014098205655
140000000 0.0022631997051
150000000 0.0036232494794
160000000 0.0046514098023
180000000 0.0064635108016
200000000 0.0068051106018
#Header 
#Target 58 135 1
#Product 54 122 0
#Datapoints 17
1000000 0
55000000 0
60000000 1.753690016E-13
65000000 9.883698374E-11
70000000 7.857889512E-9
75000000 3.004649816E-7
80000000 6.3620603805E-6
90000000 0.00016836602426
100000000 0.00046607598457
110000000 0.00056279591836
120000000 0.00089460101505
130000000 0.0014422696164
140000000 0.0019135499796
150000000 0.0024232696354
160000000 0.0029538202634
180000000 0.0034967499832
200000000 0.0033262099668
#Header 
#Target 58 135 1
#Product 54 123 0
#Datapoints 19
1000000 0
45000000 0
50000000 2.834423496E-15
55000000 3.728746645E-12
60000000 4.60251896E-10
65000000 2.405919934E-8
70000000 8.4890909598E-7
75000000 1.02659001536E-5
80000000 4.9175497965E-5
90000000 0.00019788199074
100000000 0.00021637094185
110000000 0.0002626460498
120000000 0.0004595240478
130000000 0.00060611594427
140000000 0.00073461594903
150000000 0.0008404350215
160000000 0.00093076495317
180000000 0.00098765097081
200000000 0.00102064003146
#Header 
#Target 58 135 1
#Product 54 124 0
#Datapoints 21
1000000 0
35000000 0
40000000 1.4831793042E-14
45000000 1.3506888729E-11
50000000 7.717026168E-10
55000000 3.603070055E-8
60000000 1.47125997408E-6
65000000 1.41974009848E-5
70000000 4.4711398578E-5
75000000 8.0113101152E-5
80000000 0.000111187991475
90000000 0.000116391996798
100000000 0.00015592000326
110000000 0.0002609470584
120000000 0.0003528079581
130000000 0.00042556904568
140000000 0.00047803298379
150000000 0.00052306991466
160000000 0.00056981296135
180000000 0.00061646404259
200000000 0.0006579860364
#Header 
#Target 58 135 1
#Product 54 125 0
#Datapoints 22
1000000 0
30000000 0
35000000 7.113454477E-14
40000000 7.137391293E-12
45000000 3.10019904E-10
50000000 1.9876905252E-8
55000000 3.9942498565E-7
60000000 1.976399568E-6
65000000 3.655019907E-6
70000000 4.0070100774E-6
75000000 3.3988605392E-6
80000000 2.7547195005E-6
90000000 4.1779203606E-6
100000000 9.1084293272E-6
110000000 1.4364006408E-5
120000000 1.971569865E-5
130000000 2.4447098877E-5
140000000 2.9167800741E-5
150000000 3.2986106336E-5
160000000 3.6347399152E-5
180000000 4.2593496992E-5
200000000 4.6674608022E-5
#Header 
#Target 58 135 1
#Product 54 126 0
#Datapoints 24
1000000 0
26000000 0
28000000 5.860128144E-14
30000000 2.181307128E-12
35000000 1.5567685617E-9
40000000 1.00650010007E-7
45000000 1.02085004487E-6
50000000 2.6351398224E-6
55000000 5.0991898705E-6
60000000 7.5327401292E-6
65000000 7.2890797694E-6
70000000 5.8825894644E-6
75000000 5.714269456E-6
80000000 7.686419763E-6
90000000 1.8135598264E-5
100000000 3.0034201085E-5
110000000 3.9667196592E-5
120000000 4.894599975E-5
130000000 5.9175302718E-5
140000000 6.8954098425E-5
150000000 7.7212397192E-5
160000000 8.5804699959E-5
180000000 0.000100097994591
200000000 0.000111417010866
#Header 
#Target 58 135 1
#Product 55 118 0
#Datapoints 10
1000000 0
100000000 0
110000000 5.733717132E-10
120000000 1.5563797845E-7
130000000 1.5619199754E-6
140000000 3.4757302512E-6
150000000 2.1442101876E-5
160000000 9.3225598574E-5
180000000 0.00039441705505
200000000 0.00073862398134
#Header 
#Target 58 135 1
#Product 55 119 0
#Datapoints 12
1000000 0
80000000 0
90000000 1.0469797534E-15
100000000 1.251600014E-9
110000000 4.1926302248E-7
120000000 8.6941895085E-6
130000000 2.7819597645E-5
140000000 7.8417896475E-5
150000000 0.00028644402786
160000000 0.00066917898951
180000000 0.0017062193597
200000000 0.0028636903764
#Header 
#Target 58 135 1
#Product 55 120 0
#Datapoints 12
1000000 0
80000000 0
90000000 3.544869118E-11
100000000 2.1279795124E-7
110000000 9.2132405976E-6
120000000 3.0647103645E-5
130000000 6.8064403599E-5
140000000 0.00014571600873
150000000 0.000358240998
160000000 0.0007043270011
180000000 0.0015765205198
200000000 0.0022026402846
#Header 
#Target 58 135 1
#Product 55 121 0
#Datapoints 14
1000000 0
70000000 0
75000000 4.780900992E-14
80000000 1.3135189155E-10
90000000 5.9974793788E-7
100000000 2.0684101375E-5
110000000 6.1428102336E-5
120000000 0.00010411199454
130000000 0.00029873004885
140000000 0.0005415400599
150000000 0.00098712303022
160000000 0.0014141299463
180000000 0.0025778804241
200000000 0.0028796694192
#Header 
#Target 58 135 1
#Product 55 122 0
#Datapoints 16
1000000 0
60000000 0
65000000 4.87766873E-15
70000000 8.597160594E-11
75000000 3.0044606368E-8
80000000 1.4372600121E-6
90000000 9.125261012E-5
100000000 0.00031041505138
110000000 0.0003816129908
120000000 0.00101748004755
130000000 0.0020985300342
140000000 0.0028397702916
150000000 0.0039298500574
160000000 0.0052834804353
180000000 0.0069873702029
200000000 0.0066033803808
#Header 
#Target 58 135 1
#Product 55 123 0
#Datapoints 18
1000000 0
50000000 0
55000000 1.5059289505E-14
60000000 2.460657576E-10
65000000 7.6332897344E-8
70000000 2.824980411E-6
75000000 2.5494906192E-5
80000000 9.3437585835E-5
90000000 0.00019847604938
100000000 0.00019533701915
110000000 0.0007397220158
120000000 0.001364529897
130000000 0.001752759861
140000000 0.0023472205257
150000000 0.003110060312
160000000 0.0037472203418
180000000 0.0043114396469
200000000 0.0046546105914
#Header 
#Target 58 135 1
#Product 55 124 0
#Datapoints 19
1000000 0
45000000 0
50000000 3.859324137E-11
55000000 3.0168002565E-8
60000000 2.33771954E-6
65000000 4.4195700802E-5
70000000 0.00024664098294
75000000 0.00055875104544
80000000 0.00068205701355
90000000 0.00048769998774
100000000 0.00126919989805
110000000 0.0030805301136
120000000 0.0036029804025
130000000 0.0042455301219
140000000 0.0049934804541
150000000 0.0056055496514
160000000 0.0060254398267
180000000 0.0065779206326
200000000 0.006552990297
#Header 
#Target 58 135 1
#Product 55 125 0
#Datapoints 22
1000000 0
30000000 0
35000000 1.1602087513E-14
40000000 5.848497977E-10
45000000 2.166750084E-7
50000000 8.8759207161E-6
55000000 8.655709833E-5
60000000 0.00035183196048
65000000 0.00068175608028
70000000 0.00077631806538
75000000 0.00060267398688
80000000 0.0004774369578
90000000 0.00141075004644
100000000 0.0031313005549
110000000 0.003628920032
120000000 0.004004459361
130000000 0.0045111294171
140000000 0.0049109394675
150000000 0.0052583107538
160000000 0.0054704098877
180000000 0.0055053498932
200000000 0.005580760752
#Header 
#Target 58 135 1
#Product 55 126 0
#Datapoints 24
1000000 0
26000000 0
28000000 1.644888036E-13
30000000 1.718967432E-11
35000000 2.2982897069E-8
40000000 2.0125197323E-6
45000000 3.8606606625E-5
50000000 0.00020051997282
55000000 0.0003936130338
60000000 0.00038964391908
65000000 0.00026565296296
70000000 0.0001880219385
75000000 0.00023087697696
80000000 0.0005137450329
90000000 0.0014303205336
100000000 0.0016714595443
110000000 0.0017441699636
120000000 0.001954509993
130000000 0.0021793793217
140000000 0.0023818603242
150000000 0.0024858096438
160000000 0.0025800196268
180000000 0.0028160605517
200000000 0.0030156795018
#Header 
#Target 58 135 1
#Product 55 127 0
#Datapoints 32
1000000 0
15000000 0
16000000 1.235402175E-14
17000000 2.381482962E-13
18000000 3.447378641E-12
19000000 3.595558925E-11
20000000 2.70941976E-10
22000000 7.322160248E-9
24000000 9.7937401082E-8
26000000 7.0768003242E-7
28000000 3.0449006292E-6
30000000 8.160520368E-6
35000000 3.0214205939E-5
40000000 8.5602405762E-5
45000000 0.000151749994869
50000000 0.000135041994315
55000000 8.0700100035E-5
60000000 6.5116905308E-5
65000000 0.000113494999684
70000000 0.00027471901644
75000000 0.0005170580352
80000000 0.00071335397925
90000000 0.00081756191104
100000000 0.00087557396766
110000000 0.00100842996316
120000000 0.00114987006585
130000000 0.0013435498371
140000000 0.0015322499799
150000000 0.0017018094004
160000000 0.0018640896537
180000000 0.002112290418
200000000 0.002280900195
#Header 
#Target 58 135 1
#Product 55 128 0
#Datapoints 39
1000000 0
8000000 0
9000000 2.945502608E-14
10000000 6.38000183E-13
11000000 7.083190584E-12
12000000 4.834953409E-11
13000000 2.245285802286E-10
14000000 7.906444182E-10
15000000 2.2969804382E-9
16000000 5.9768095548E-9
17000000 1.4400701598E-8
18000000 3.2515796758E-8
19000000 6.989870125E-8
20000000 1.43643006E-7
22000000 5.295070144E-7
24000000 1.40038996222E-6
26000000 2.9088593436E-6
28000000 5.4806799456E-6
30000000 9.2412306168E-6
35000000 1.8224106954E-5
40000000 1.49458003295E-5
45000000 1.00780001664E-5
50000000 8.5804095798E-6
55000000 1.90967956E-5
60000000 6.5375903892E-5
65000000 0.000145971000956
70000000 0.0002061519372
75000000 0.0002315940704
80000000 0.00023712500955
90000000 0.00025306497832
100000000 0.00030342504234
110000000 0.0003731760548
120000000 0.00047252202
130000000 0.00059271597348
140000000 0.00070515699744
150000000 0.00082235600518
160000000 0.00090971594593
180000000 0.00101820998448
200000000 0.00110428996608
#Header 
#Target 58 135 1
#Product 55 129 0
#Datapoints 27
1000000 0
20000000 0
22000000 3.906604E-15
24000000 6.511217261E-13
26000000 3.426830004E-11
28000000 7.510591716E-10
30000000 8.03395866E-9
35000000 1.9549193828E-7
40000000 1.17645010466E-6
45000000 4.8118695768E-6
50000000 1.6689594186E-5
55000000 3.7624803075E-5
60000000 5.4357300608E-5
65000000 5.8682405298E-5
70000000 6.2323591638E-5
75000000 6.6923303888E-5
80000000 7.3836899565E-5
90000000 9.6916693384E-5
100000000 0.00014242896773
110000000 0.0002168920544
120000000 0.00030791501745
130000000 0.0004020070275
140000000 0.00047965599822
150000000 0.00053750296356
160000000 0.00058258003065
180000000 0.00064439303372
200000000 0.0006659120034
#Header 
#Target 58 135 1
#Product 55 130 0
#Datapoints 27
1000000 0
20000000 0
22000000 4.56310816E-14
24000000 1.786823336E-12
26000000 2.655870543E-11
28000000 2.456922888E-10
30000000 1.5892701552E-9
35000000 4.6559000353E-8
40000000 3.5345900969E-7
45000000 1.12377003438E-6
50000000 1.8293602572E-6
55000000 2.2246000285E-6
60000000 2.3941292388E-6
65000000 2.5719595528E-6
70000000 2.9801800314E-6
75000000 3.8372200272E-6
80000000 5.329650546E-6
90000000 1.2013199331E-5
100000000 2.3798801635E-5
110000000 3.8023495792E-5
120000000 5.182450488E-5
130000000 6.1580297328E-5
140000000 7.0820298909E-5
150000000 7.631140641E-5
160000000 8.0258390674E-5
180000000 8.4576004994E-5
200000000 8.4127497048E-5
#Header 
#Target 58 135 1
#Product 56 119 0
#Datapoints 9
1000000 0
110000000 0
120000000 9.21640296E-13
130000000 1.5481805364E-8
140000000 9.668599287E-7
150000000 7.3787996646E-6
160000000 2.3729002431E-5
180000000 7.1551307131E-5
200000000 0.00014674197636
#Header 
#Target 58 135 1
#Product 56 120 0
#Datapoints 10
1000000 0
100000000 0
110000000 4.095968604E-12
120000000 1.426189761E-7
130000000 8.1627601032E-6
140000000 2.6466195021E-5
150000000 7.1802198252E-5
160000000 0.00015362803607
180000000 0.00044741597153
200000000 0.0006696629352
#Header 
#Target 58 135 1
#Product 56 121 0
#Datapoints 11
1000000 0
90000000 0
100000000 7.754426183E-12
110000000 3.9833095696E-7
120000000 3.814429854E-5
130000000 0.00023269893732
140000000 0.00042832704726
150000000 0.00091659592748
160000000 0.0015888395438
180000000 0.0035730397652
200000000 0.0038624098842
#Header 
#Target 58 135 1
#Product 56 122 0
#Datapoints 12
1000000 0
80000000 0
90000000 2.364098954E-11
100000000 5.5413692873E-7
110000000 8.4083104864E-5
120000000 0.00089896296285
130000000 0.0019717399092
140000000 0.0026912403915
150000000 0.0044803497486
160000000 0.0073920596561
180000000 0.0113687997006
200000000 0.011873300229
#Header 
#Target 58 135 1
#Product 56 123 0
#Datapoints 13
1000000 0
75000000 0
80000000 4.914907965E-12
90000000 3.3278404572E-7
100000000 0.000135612997415
110000000 0.0022278098112
120000000 0.005142380685
130000000 0.0058176894702
140000000 0.0081151798923
150000000 0.012988795774
160000000 0.017467995672
180000000 0.019824002947
200000000 0.020690794908
#Header 
#Target 58 135 1
#Product 56 124 0
#Datapoints 15
1000000 0
65000000 0
70000000 2.663509992E-11
75000000 2.1029398208E-8
80000000 1.3950500355E-6
90000000 0.00052928995308
100000000 0.0060860707362
110000000 0.0118525995052
120000000 0.0117758994675
130000000 0.016465604523
140000000 0.022594702638
150000000 0.028753001436
160000000 0.032250093331
180000000 0.035148995484
200000000 0.031487098608
#Header 
#Target 58 135 1
#Product 56 125 0
#Datapoints 17
1000000 0
55000000 0
60000000 4.656828124E-13
65000000 2.7717493056E-9
70000000 4.1575198236E-7
75000000 2.1053291392E-5
80000000 0.00041137604475
90000000 0.007842460276
100000000 0.014550697686
110000000 0.0133151996992
120000000 0.01765249359
130000000 0.023974306734
140000000 0.027080404017
150000000 0.030345192192
160000000 0.032286295617
180000000 0.030542903633
200000000 0.029575003374
#Header 
#Target 58 135 1
#Product 56 126 0
#Datapoints 19
1000000 0
45000000 0
50000000 4.709959704E-11
55000000 8.518980253E-8
60000000 3.356370082E-6
65000000 0.000100983989084
70000000 0.001521110745
75000000 0.0069292199872
80000000 0.0143326995075
90000000 0.019496401358
100000000 0.016809601753
110000000 0.024194606828
120000000 0.03290819304
130000000 0.037204095537
140000000 0.040263505206
150000000 0.040908092742
160000000 0.039989604997
180000000 0.038408501883
200000000 0.037204000218
#Header 
#Target 58 135 1
#Product 56 127 0
#Datapoints 21
1000000 0
35000000 0
40000000 3.86083383E-13
45000000 7.3821203499E-9
50000000 4.5851195637E-7
55000000 1.843490729E-5
60000000 0.00038391106052
65000000 0.001765380419
70000000 0.0033915695088
75000000 0.004115749904
80000000 0.0039821094225
90000000 0.0032417905772
100000000 0.004732109445
110000000 0.0066272896792
120000000 0.0075757498725
130000000 0.008354830347
140000000 0.0088243202394
150000000 0.0088982901916
160000000 0.0090438605234
180000000 0.0089702698218
200000000 0.0088199403012
#Header 
#Target 58 135 1
#Product 56 128 0
#Datapoints 24
1000000 0
26000000 0
28000000 2.204704824E-14
30000000 1.40836878E-11
35000000 1.04278004415E-7
40000000 2.8738493816E-6
45000000 0.00013169099406
50000000 0.0020764308555
55000000 0.0068934995175
60000000 0.0102822002504
65000000 0.0111453001572
70000000 0.0096992795196
75000000 0.0079728397056
80000000 0.007737799641
90000000 0.0123871003536
100000000 0.017224295228
110000000 0.0196913035
120000000 0.02145300336
130000000 0.022668994164
140000000 0.023250295062
150000000 0.023733104122
160000000 0.023820698844
180000000 0.023611103742
200000000 0.023267705832
#Header 
#Target 58 135 1
#Product 56 129 0
#Datapoints 28
1000000 0
19000000 0
20000000 6.81113208E-15
22000000 4.54294984E-12
24000000 3.636258188E-10
26000000 4.9028906397E-9
28000000 2.1868900872E-8
30000000 6.7512602976E-8
35000000 4.3754399424E-6
40000000 9.9631603473E-5
45000000 0.00028254400632
50000000 0.0003219419223
55000000 0.00027414296535
60000000 0.00021995397996
65000000 0.00019720198696
70000000 0.00022059895638
75000000 0.00028984100544
80000000 0.00038591695395
90000000 0.00061528294296
100000000 0.00088416206375
110000000 0.00111295991416
120000000 0.00128462001525
130000000 0.0014204906955
140000000 0.0015209902605
150000000 0.0015750597194
160000000 0.001598119388
180000000 0.0016175197566
200000000 0.001633439745
#Header 
#Target 58 135 1
#Product 56 130 0
#Datapoints 33
1000000 0
14000000 0
15000000 4.67699463E-14
16000000 2.763739643E-12
17000000 9.664497107E-11
18000000 2.0176695759E-9
19000000 2.47749033E-8
20000000 1.892080572E-7
22000000 3.999199776E-6
24000000 3.378570378E-5
26000000 0.00016127893854
28000000 0.0005218889046
30000000 0.00108406993968
35000000 0.00156455003609
40000000 0.0019608997882
45000000 0.0020407805175
50000000 0.0016231603689
55000000 0.001378499942
60000000 0.00152820001516
65000000 0.0020328099792
70000000 0.0026701405038
75000000 0.0034036496032
80000000 0.0042077503215
90000000 0.0057084604164
100000000 0.0070904590302
110000000 0.0081324704612
120000000 0.0088590498105
130000000 0.0093625701162
140000000 0.0097438099029
150000000 0.0097897306994
160000000 0.0098646808567
180000000 0.009830289925
200000000 0.0096981496668
#Header 
#Target 58 135 1
#Product 56 131 0
#Datapoints 41
1000000 0
6000000 0
7000000 5.056679112628E-17
8000000 5.347195728E-14
9000000 5.143330194E-12
10000000 1.693526677E-10
11000000 2.3950298901E-9
12000000 1.7177297997E-8
13000000 7.2345209838426E-8
14000000 2.12310015624E-7
15000000 4.9061896282E-7
16000000 1.00126998132E-6
17000000 1.8779297761E-6
18000000 3.2944693596E-6
19000000 5.50006044E-6
20000000 8.889160248E-6
22000000 2.16658E-5
24000000 3.2937095132E-5
26000000 3.8248700724E-5
28000000 4.3712696844E-5
30000000 4.4873597496E-5
35000000 3.4404591351E-5
40000000 2.5917294637E-5
45000000 2.2051092918E-5
50000000 2.5990193385E-5
55000000 4.154110416E-5
60000000 7.3433001876E-5
65000000 0.00012684698818
70000000 0.00021187802724
75000000 0.0003201679208
80000000 0.00043783900215
90000000 0.00064523001648
100000000 0.00079890903736
110000000 0.0008990039954
120000000 0.0009564919428
130000000 0.00099396305061
140000000 0.00101774999205
150000000 0.00101325000738
160000000 0.00101514997377
180000000 0.00099253490801
200000000 0.00096758995158
#Header 
#Target 58 135 1
#Product 56 132 0
#Datapoints 27
1000000 0
20000000 0
22000000 6.20607208E-13
24000000 1.341019198E-10
26000000 7.4258998446E-9
28000000 1.5739992924E-7
30000000 1.5556900632E-6
35000000 2.3871895936E-5
40000000 5.9546305755E-5
45000000 0.000115262001471
50000000 0.00020803207293
55000000 0.00035640397745
60000000 0.000564163067
65000000 0.00081604496534
70000000 0.00107325012762
75000000 0.0013002301312
80000000 0.0014869399545
90000000 0.0017537694538
100000000 0.0018867304498
110000000 0.0019586701876
120000000 0.001984849668
130000000 0.0019955000493
140000000 0.0020048700165
150000000 0.0019598397928
160000000 0.0019120798499
180000000 0.0018392197014
200000000 0.0017752002786
#Header 
#Target 58 135 1
#Product 56 133 0
#Datapoints 28
1000000 0
19000000 0
20000000 4.16476956E-15
22000000 2.52238584E-12
24000000 1.2889786587E-10
26000000 2.2473496725E-9
28000000 1.8311993676E-8
30000000 8.0661307272E-8
35000000 7.5338904638E-7
40000000 3.3926396432E-6
45000000 1.1081900634E-5
50000000 2.807929098E-5
55000000 5.323239646E-5
60000000 8.1031698176E-5
65000000 0.00010500600528
70000000 0.00012450399324
75000000 0.000138469998464
80000000 0.00014777706405
90000000 0.00015651701296
100000000 0.00015935794819
110000000 0.0001582860662
120000000 0.00015620699805
130000000 0.00015239804181
140000000 0.00014927994228
150000000 0.0001453120414
160000000 0.00014054505179
180000000 0.00013306505511
200000000 0.00012755099196
#Header 
#Target 58 135 1
#Product 57 122 0
#Datapoints 11
1000000 0
90000000 0
100000000 2.531729823E-11
110000000 1.43915971E-7
120000000 2.7349495755E-6
130000000 6.9669599514E-6
140000000 9.5191010043E-6
150000000 2.0243198408E-5
160000000 4.7624702582E-5
180000000 9.7154403906E-5
200000000 0.000114880004568
#Header 
#Target 58 135 1
#Product 57 123 0
#Datapoints 12
1000000 0
80000000 0
90000000 1.343828969E-10
100000000 4.5888898741E-7
110000000 2.5651794004E-5
120000000 7.668720549E-5
130000000 8.2341590805E-5
140000000 0.00013881297255
150000000 0.00030709596724
160000000 0.00047759200788
180000000 0.00058085402927
200000000 0.0006301339317
#Header 
#Target 58 135 1
#Product 57 124 0
#Datapoints 13
1000000 0
75000000 0
80000000 1.658949765E-11
90000000 1.8251694132E-6
100000000 0.000107251005043
110000000 0.00028565704188
120000000 0.00026416400055
130000000 0.00050109604599
140000000 0.00090575602512
150000000 0.0013272702758
160000000 0.001555279594
180000000 0.0018425994555
200000000 0.001636849683
#Header 
#Target 58 135 1
#Product 57 125 0
#Datapoints 15
1000000 0
65000000 0
70000000 1.443039378E-9
75000000 1.31032991712E-6
80000000 5.5615604715E-5
90000000 0.0015474998868
100000000 0.0026178005175
110000000 0.0020860201392
120000000 0.004514029272
130000000 0.0075736003128
140000000 0.0085249303497
150000000 0.0099519790046
160000000 0.0108278998039
180000000 0.0103925004059
200000000 0.0099975006684
#Header 
#Target 58 135 1
#Product 57 126 0
#Datapoints 17
1000000 0
55000000 0
60000000 3.249516452E-11
65000000 7.7168799686E-7
70000000 7.745040831E-5
75000000 0.00111266997744
80000000 0.004442280051
90000000 0.0083409406556
100000000 0.0055312603927
110000000 0.0118699989792
120000000 0.02134509324
130000000 0.023716300356
140000000 0.024904606683
150000000 0.025139799414
160000000 0.024118702686
180000000 0.021571202912
200000000 0.020384193816
#Header 
#Target 58 135 1
#Product 57 127 0
#Datapoints 19
1000000 0
45000000 0
50000000 9.313639659E-9
55000000 1.694199788E-5
60000000 0.00046458310236
65000000 0.0035052695964
70000000 0.0095123797956
75000000 0.0126646000544
80000000 0.010657600569
90000000 0.0069318995998
100000000 0.019515398203
110000000 0.03036300364
120000000 0.030350297235
130000000 0.029501895129
140000000 0.028230702351
150000000 0.027175303314
160000000 0.025460403993
180000000 0.02297909842
200000000 0.02149550361
#Header 
#Target 58 135 1
#Product 57 128 0
#Datapoints 21
1000000 0
35000000 0
40000000 1.4577486909E-9
45000000 1.9392902454E-5
50000000 0.00101078004924
55000000 0.00950154068
60000000 0.022551394476
65000000 0.025143098464
70000000 0.018337997568
75000000 0.0120840999552
80000000 0.010999399818
90000000 0.033646403602
100000000 0.051644007114
110000000 0.051822500528
120000000 0.049828395375
130000000 0.047794199562
140000000 0.046835603772
150000000 0.044018601544
160000000 0.042098799834
180000000 0.039532204911
200000000 0.036261598464
#Header 
#Target 58 135 1
#Product 57 129 0
#Datapoints 24
1000000 0
26000000 0
28000000 2.569872456E-11
30000000 5.3466905856E-8
35000000 0.000125714001595
40000000 0.0020928703115
45000000 0.0075428088843
50000000 0.0096602996142
55000000 0.006872979059
60000000 0.0037972196288
65000000 0.002809710156
70000000 0.0045819798882
75000000 0.0090855902704
80000000 0.0139689990495
90000000 0.019558894726
100000000 0.023447194582
110000000 0.025503000856
120000000 0.026739594615
130000000 0.027261299559
140000000 0.027176203797
150000000 0.027234901228
160000000 0.026820497784
180000000 0.025786902733
200000000 0.025433102016
#Header 
#Target 58 135 1
#Product 57 130 0
#Datapoints 29
1000000 0
18000000 0
19000000 4.12095005E-12
20000000 8.71299288E-10
22000000 7.8338598E-7
24000000 3.3569395363E-5
26000000 0.00023143906401
28000000 0.00106017003492
30000000 0.0039597693408
35000000 0.022781605102
40000000 0.033444395184
45000000 0.023980803753
50000000 0.0139674983499
55000000 0.009978790524
60000000 0.0114245988792
65000000 0.023256495108
70000000 0.039467702076
75000000 0.050176609952
80000000 0.05417190768
90000000 0.056468204002
100000000 0.057627298043
110000000 0.058005204636
120000000 0.057415698435
130000000 0.056580195372
140000000 0.056234899233
150000000 0.055064500196
160000000 0.053488598891
180000000 0.05167309894
200000000 0.049912704702
#Header 
#Target 58 135 1
#Product 57 131 0
#Datapoints 40
1000000 0
7000000 0
8000000 4.836236385E-13
9000000 7.8287499106E-10
10000000 1.0916598086E-7
11000000 3.56812971798E-6
12000000 4.2933201411E-5
13000000 0.00025508304966951
14000000 0.000918300018384
15000000 0.0022650802545
16000000 0.0031583098295
17000000 0.0034032995847
18000000 0.003953629277
19000000 0.0050575502775
20000000 0.006789229608
22000000 0.01287969956
24000000 0.018473102308
26000000 0.021497398203
28000000 0.025116905388
30000000 0.026510905512
35000000 0.018118905109
40000000 0.0114791993071
45000000 0.0096357294036
50000000 0.0153224005536
55000000 0.02770260323
60000000 0.040763497632
65000000 0.048956110434
70000000 0.052924497318
75000000 0.055400801008
80000000 0.058167593385
90000000 0.061156107124
100000000 0.062456701762
110000000 0.06198540428
120000000 0.061489894845
130000000 0.060698299113
140000000 0.059708303289
150000000 0.05801429581
160000000 0.056675793429
180000000 0.05385360549
200000000 0.051211499976
#Header 
#Target 58 135 1
#Product 57 132 0
#Datapoints 46
1000000 0
1000000 0
2000000 1.68437003512E-15
3000000 2.3654706339099E-11
4000000 8.4614309008E-9
5000000 1.4288898985E-7
6000000 1.53206991144E-6
7000000 9.641612477074E-6
8000000 3.4123595784E-5
9000000 8.2423211556E-5
10000000 0.00015499597757
11000000 0.000259005024537
12000000 0.00041291702431
13000000 0.00063750304394433
14000000 0.00094467811032
15000000 0.0013283103932
16000000 0.0017626394387
17000000 0.0022306798397
18000000 0.0027135898618
19000000 0.003329559555
20000000 0.004496309916
22000000 0.008983569504
24000000 0.0066717205579
26000000 0.0034836001647
28000000 0.0026343793092
30000000 0.0020870596656
35000000 0.00153857989447
40000000 0.002587370432
45000000 0.0052144094472
50000000 0.00834827985
55000000 0.0111101994575
60000000 0.0136950997508
65000000 0.01565900413
70000000 0.017313404394
75000000 0.018558300768
80000000 0.019547394405
90000000 0.020357900738
100000000 0.020746894826
110000000 0.020691599192
120000000 0.0203328063
130000000 0.019816394187
140000000 0.01931079522
150000000 0.01867089498
160000000 0.018024494983
180000000 0.01681890347
200000000 0.015843403044
#Header 
#Target 58 135 1
#Product 57 133 0
#Datapoints 35
1000000 0
12000000 0
13000000 2.505754220409E-15
14000000 8.1637326792E-14
15000000 3.255261191E-12
16000000 9.255418991E-11
17000000 1.5356497959E-9
18000000 1.628059822E-8
19000000 1.217720077E-7
20000000 6.936449196E-7
22000000 1.2785599008E-5
24000000 0.000120433997743
26000000 0.00052415501904
28000000 0.00147288005256
30000000 0.0029643401424
35000000 0.0082477601263
40000000 0.0142419005682
45000000 0.020258102907
50000000 0.026309000826
55000000 0.031601395875
60000000 0.035806795232
65000000 0.039031592952
70000000 0.041478695346
75000000 0.043233003408
80000000 0.044256698475
90000000 0.04488280265
100000000 0.044248595965
110000000 0.043124497332
120000000 0.04180400007
130000000 0.040427897481
140000000 0.038842994376
150000000 0.036893504984
160000000 0.03528760193
180000000 0.032198200619
200000000 0.02965570524
#Header 
#Target 58 135 1
#Product 57 134 0
#Datapoints 37
1000000 0
10000000 0
11000000 6.112011609E-13
12000000 1.605116729E-10
13000000 7.8674819198742E-9
14000000 1.33884029412E-7
15000000 1.0954296843E-6
16000000 5.2163602071E-6
17000000 1.6611394028E-5
18000000 3.8998995534E-5
19000000 7.33228076E-5
20000000 0.00011816999964
22000000 0.0002457039624
24000000 0.00049375703573
26000000 0.00099777600567
28000000 0.0018857197164
30000000 0.0032546592624
35000000 0.0085633798246
40000000 0.0148403992944
45000000 0.020113900167
50000000 0.024161093937
55000000 0.027048508695
60000000 0.029173505348
65000000 0.030633299158
70000000 0.031578194076
75000000 0.031990604912
80000000 0.03211850334
90000000 0.031855093816
100000000 0.031003697928
110000000 0.029784896048
120000000 0.028394305755
130000000 0.027028506303
140000000 0.025921797843
150000000 0.024569794252
160000000 0.023135401477
180000000 0.020882595093
200000000 0.019069901046
#Header 
#Target 58 135 1
#Product 58 125 0
#Datapoints 11
1000000 0
90000000 0
100000000 1.7501403941E-8
110000000 4.0284103168E-6
120000000 7.5271796025E-5
130000000 0.00019443795882
140000000 0.00022091507154
150000000 0.00025579601522
160000000 0.00028510693595
180000000 0.00029110402124
200000000 0.00026457403392
#Header 
#Target 58 135 1
#Product 58 126 0
#Datapoints 13
1000000 0
75000000 0
80000000 1.133229702E-12
90000000 3.9421108132E-7
100000000 6.8132094121E-5
110000000 0.0009164369168
120000000 0.0018535398225
130000000 0.0018704803755
140000000 0.0018606095673
150000000 0.0019345795546
160000000 0.0019021299214
180000000 0.001661830432
200000000 0.001574419707
#Header 
#Target 58 135 1
#Product 58 127 0
#Datapoints 15
1000000 0
65000000 0
70000000 5.900445144E-15
75000000 4.942820512E-10
80000000 1.25288998395E-7
90000000 3.0924297124E-5
100000000 0.00032231999772
110000000 0.00053292001808
120000000 0.00061669200315
130000000 0.00067059896484
140000000 0.00070596701184
150000000 0.00070740097048
160000000 0.00068254508124
180000000 0.00062335595865
200000000 0.00060835701654
#Header 
#Target 58 135 1
#Product 58 128 0
#Datapoints 17
1000000 0
55000000 0
60000000 3.27347592E-13
65000000 7.2305207568E-8
70000000 1.20099002826E-5
75000000 0.0002275259728
80000000 0.0030032601885
90000000 0.024236806342
100000000 0.031819398947
110000000 0.026506805112
120000000 0.02339439429
130000000 0.021612295623
140000000 0.020448398136
150000000 0.01864449814
160000000 0.01736189688
180000000 0.01613140112
200000000 0.01437160536
#Header 
#Target 58 135 1
#Product 58 129 0
#Datapoints 18
1000000 0
50000000 0
55000000 3.6286005725E-8
60000000 2.8629092128E-5
65000000 0.0008030239459
70000000 0.0111733993272
75000000 0.041265897232
80000000 0.072221197125
90000000 0.077571794132
100000000 0.059760894228
110000000 0.051859893356
120000000 0.04750070604
130000000 0.044452999842
140000000 0.040912697997
150000000 0.038930700332
160000000 0.037430402318
180000000 0.03294260357
200000000 0.031715503344
#Header 
#Target 58 135 1
#Product 58 130 0
#Datapoints 21
1000000 0
35000000 0
40000000 4.715245573E-14
45000000 8.6834093928E-7
50000000 0.000131716995075
55000000 0.005539330324
60000000 0.050286694276
65000000 0.127360999194
70000000 0.16946693412
75000000 0.16487101344
80000000 0.13921700133
90000000 0.107725001426
100000000 0.094027493889
110000000 0.086066003256
120000000 0.079088995965
130000000 0.074121902265
140000000 0.071497803261
150000000 0.06745770125
160000000 0.063539293376
180000000 0.059445502427
200000000 0.05571899802
#Header 
#Target 58 135 1
#Product 58 131 0
#Datapoints 22
1000000 0
30000000 0
35000000 3.310529742E-7
40000000 0.00019012805657
45000000 0.0104891010753
50000000 0.09956120859
55000000 0.2033249469
60000000 0.23279693892
65000000 0.20434793764
70000000 0.1661459349
75000000 0.142966013456
80000000 0.13088699382
90000000 0.11705899772
100000000 0.106038007446
110000000 0.098096705388
120000000 0.091845402735
130000000 0.086649201324
140000000 0.082391198841
150000000 0.077964899342
160000000 0.074102406012
180000000 0.06745770574
200000000 0.062485500546
#Header 
#Target 58 135 1
#Product 58 132 0
#Datapoints 27
1000000 0
20000000 0
22000000 3.91787968E-10
24000000 4.4389803719E-7
26000000 2.0211498429E-5
28000000 0.00016494503832
30000000 0.00056559698832
35000000 0.058773398799
40000000 0.3003850434
45000000 0.35244700395
50000000 0.32941203849
55000000 0.27874207985
60000000 0.24285602848
65000000 0.22317195604
70000000 0.2131799472
75000000 0.20403706624
80000000 0.19692100395
90000000 0.17886696842
100000000 0.1663879966
110000000 0.15445695324
120000000 0.1443780075
130000000 0.13594298886
140000000 0.128410998687
150000000 0.120212990506
160000000 0.113244006027
180000000 0.102292002768
200000000 0.093055998042
#Header 
#Target 58 135 1
#Product 58 133 0
#Datapoints 35
1000000 0
12000000 0
13000000 5.370254037684E-14
14000000 7.9937041212E-12
15000000 2.826242048E-10
16000000 8.383671016E-9
17000000 1.5084501174E-7
18000000 1.421289466E-6
19000000 7.349360165E-6
20000000 2.325549984E-5
22000000 0.0002268330168
24000000 0.0065462298349
26000000 0.018136600023
28000000 0.023668704876
30000000 0.029150806776
35000000 0.042430004978
40000000 0.044959794101
45000000 0.045368899794
50000000 0.046328603697
55000000 0.04682260696
60000000 0.046626306376
65000000 0.045806706176
70000000 0.044806102902
75000000 0.043670201008
80000000 0.042405301785
90000000 0.039641107086
100000000 0.036768599903
110000000 0.034136402788
120000000 0.03202460526
130000000 0.029966006265
140000000 0.028170003195
150000000 0.026421301926
160000000 0.024763794995
180000000 0.022088003459
200000000 0.019985793282
#Header 
#Target 58 135 1
#Product 58 134 0
#Datapoints 40
1000000 0
7000000 0
8000000 1.4433993174E-13
9000000 9.692370738E-11
10000000 1.4134001599E-6
11000000 0.000280509007095
12000000 0.0053057398814
13000000 0.029155197580713
14000000 0.0827468968032
15000000 0.16153203822
16000000 0.18801201874
17000000 0.1659880443
18000000 0.15080396369
19000000 0.14816203675
20000000 0.1534609836
22000000 0.1768629616
24000000 0.21248593041
26000000 0.24350897562
28000000 0.26100298044
30000000 0.27102596976
35000000 0.28923095248
40000000 0.29797104391
45000000 0.29471107254
50000000 0.28603406151
55000000 0.271764998
60000000 0.25970399676
65000000 0.246540052
70000000 0.23416603848
75000000 0.22047092928
80000000 0.20735998305
90000000 0.18518891874
100000000 0.16691701852
110000000 0.151840957
120000000 0.13956799695
130000000 0.129323003094
140000000 0.120647997219
150000000 0.11164300012
160000000 0.104279000112
180000000 0.091987094012
200000000 0.082607006916
#Header 
#Target 58 135 1
#Product 58 135 0
#Datapoints 46
1000000 0
1000000 0
2000000 1.76338961544E-14
3000000 1.2686402492511E-9
4000000 6.2268799636E-7
5000000 5.554529635E-6
6000000 4.2678695304E-5
7000000 0.00016201998673147
8000000 0.00050000105283
9000000 0.0013711199072
10000000 0.002771230218
11000000 0.00450782022885
12000000 0.0065029405746
13000000 0.008486593833051
14000000 0.0100887981516
15000000 0.01134290311
16000000 0.012560099636
17000000 0.013883105205
18000000 0.015201896044
19000000 0.016352505225
20000000 0.01725100224
22000000 0.01835010112
24000000 0.018741004643
26000000 0.018654194442
28000000 0.018271601016
30000000 0.017663694048
35000000 0.015824592142
40000000 0.0139138998051
45000000 0.0121229996532
50000000 0.0104492999241
55000000 0.009145209287
60000000 0.0078936605176
65000000 0.0070018509484
70000000 0.0060870395652
75000000 0.005354240584
80000000 0.004687049631
90000000 0.0037002406098
100000000 0.0030015897373
110000000 0.0024996498004
120000000 0.0021302001525
130000000 0.0018469705224
140000000 0.0016312495764
150000000 0.0014385098912
160000000 0.0012873206093
180000000 0.00105511997966
200000000 0.00089090594586
#Header 
#Target 58 135 1
#Product 59 128 0
#Datapoints 13
1000000 0
75000000 0
80000000 1.615329441E-6
90000000 0.00022217893194
100000000 0.00038547394256
110000000 0.0002223460284
120000000 0.00013603305645
130000000 0.000103935997494
140000000 8.2277407395E-5
150000000 6.4661507054E-5
160000000 5.3166705087E-5
180000000 3.855180296E-5
200000000 3.020459526E-5
#Header 
#Target 58 135 1
#Product 59 129 0
#Datapoints 16
1000000 0
60000000 0
65000000 1.03930999876E-7
70000000 6.2348393712E-5
75000000 0.0002767289504
80000000 0.00040318504545
90000000 0.00030058095018
100000000 0.000137364991897
110000000 8.104079762E-5
120000000 5.4013998E-5
130000000 3.9315200517E-5
140000000 2.9311201848E-5
150000000 2.260639473E-5
160000000 1.8792102516E-5
180000000 1.2468994744E-5
200000000 9.8063498106E-6
#Header 
#Target 58 135 1
#Product 59 130 0
#Datapoints 18
1000000 0
50000000 0
55000000 7.655489814E-8
60000000 0.00092484899156
65000000 0.0090195002018
70000000 0.018142195698
75000000 0.017131204384
80000000 0.0113126998875
90000000 0.0047387197214
100000000 0.0029196304025
110000000 0.0020872706624
120000000 0.0015748300575
130000000 0.00125475999693
140000000 0.00102584001087
150000000 0.00084385302786
160000000 0.00071223006907
180000000 0.00054589201952
200000000 0.0004361689584
#Header 
#Target 58 135 1
#Product 59 131 0
#Datapoints 20
1000000 0
40000000 0
45000000 5.4672998067E-5
50000000 0.0058635696852
55000000 0.0153646008
60000000 0.0125692006596
65000000 0.0068214403048
70000000 0.0040644901308
75000000 0.0030027997328
80000000 0.002489850561
90000000 0.0018528797616
100000000 0.0014295701308
110000000 0.00115406007928
120000000 0.00095374208325
130000000 0.0008155759971
140000000 0.00070962207201
150000000 0.00062011597482
160000000 0.00055137601618
180000000 0.00044867198305
200000000 0.0003776310783
#Header 
#Target 58 135 1
#Product 59 132 0
#Datapoints 22
1000000 0
30000000 0
35000000 1.9323100349E-5
40000000 0.072415400449
45000000 0.24185805054
50000000 0.21441203847
55000000 0.114786009675
60000000 0.05890779596
65000000 0.036712402122
70000000 0.027118702578
75000000 0.021660899232
80000000 0.017921294985
90000000 0.01318600059
100000000 0.0103324998329
110000000 0.0085115400844
120000000 0.0071851998945
130000000 0.0062090105601
140000000 0.0054769097694
150000000 0.0048269197554
160000000 0.0043101608223
180000000 0.0035377802725
200000000 0.0029976801624
#Header 
#Target 58 135 1
#Product 59 133 0
#Datapoints 26
1000000 0
22000000 0
24000000 0.0014153499442
26000000 0.052341099438
28000000 0.13422301062
30000000 0.17437706832
35000000 0.145067002244
40000000 0.059430804992
45000000 0.025173098226
50000000 0.017011295973
55000000 0.013833201163
60000000 0.011765700232
65000000 0.0101852997532
70000000 0.0089255394492
75000000 0.007899549896
80000000 0.0070250205795
90000000 0.0056779798908
100000000 0.0046887595027
110000000 0.0039627701356
120000000 0.00340825059
130000000 0.0029769899814
140000000 0.0026384492607
150000000 0.0023533692654
160000000 0.0021044903132
180000000 0.0017379003623
200000000 0.0014774405814
#Header 
#Target 58 135 1
#Product 59 134 0
#Datapoints 33
1000000 0
14000000 0
15000000 0.0048689396742
16000000 0.11981405303
17000000 0.29931700947
18000000 0.44361806103
19000000 0.5403630015
20000000 0.600755994
22000000 0.6556749784
24000000 0.66700101533
26000000 0.57786099978
28000000 0.40745807256
30000000 0.26580206016
35000000 0.112693994645
40000000 0.078786598878
45000000 0.064000197555
50000000 0.054028899909
55000000 0.046468706595
60000000 0.040266396976
65000000 0.035475607684
70000000 0.03115229667
75000000 0.027460001408
80000000 0.024303601575
90000000 0.01942690393
100000000 0.015889798372
110000000 0.0133151996992
120000000 0.011416700487
130000000 0.0099573600468
140000000 0.00879969009
150000000 0.0077874406874
160000000 0.0069674402822
180000000 0.0057355905176
200000000 0.0048516903414
#Header 
#Target 58 135 1
#Product 59 135 0
#Datapoints 43
1000000 0
4000000 0
5000000 0.0028633898909
6000000 0.0189691002332
7000000 0.063360809801409
8000000 0.147383000694
9000000 0.270077999436
10000000 0.41652701683
11000000 0.563010996492
12000000 0.68837096872
13000000 0.77152205001807
14000000 0.802566967608
15000000 0.78437806328
16000000 0.63642400689
17000000 0.43664300126
18000000 0.29080096415
19000000 0.199711001
20000000 0.1451909964
22000000 0.0957378916
24000000 0.078747098229
26000000 0.071030103501
28000000 0.066130593168
30000000 0.06162340548
35000000 0.051717903693
40000000 0.043936100504
45000000 0.037490298363
50000000 0.032262002622
55000000 0.0278125978
60000000 0.02403969568
65000000 0.021250792574
70000000 0.018531895074
75000000 0.01623909784
80000000 0.014352499293
90000000 0.0113496990096
100000000 0.0092538601316
110000000 0.007774670654
120000000 0.0066391500405
130000000 0.005758550604
140000000 0.0050926994295
150000000 0.0044989902744
160000000 0.0040275309182
180000000 0.0032934703814
200000000 0.0027642705174
#Header 
#Target 58 135 1
#Product 59 136 0
#Datapoints 46
1000000 0
1000000 0
2000000 7.03755003304E-9
3000000 7.2441917306055E-6
4000000 0.000375460988868
5000000 0.0017471801443
6000000 0.0051158304484
7000000 0.009910568455352
8000000 0.011895599493
9000000 0.0104633996984
10000000 0.00755250931
11000000 0.00511857022365
12000000 0.0035400703084
13000000 0.0026156701688427
14000000 0.00210160040076
15000000 0.0018221895832
16000000 0.0016701798204
17000000 0.0015714595756
18000000 0.0014710500012
19000000 0.00134014062
20000000 0.0011908799544
22000000 0.0009247170296
24000000 0.00073002195767
26000000 0.00059828594958
28000000 0.0005008749792
30000000 0.00044574594792
35000000 0.00036488296047
40000000 0.00030873908213
45000000 0.00029806498527
50000000 0.00026168497821
55000000 0.0002555769337
60000000 0.00022653607028
65000000 0.00022214396468
70000000 0.00019908795588
75000000 0.00019105698976
80000000 0.00017367905445
90000000 0.00015106699664
100000000 0.000130124004367
110000000 0.000122423996004
120000000 0.00010639600278
130000000 8.6519592177E-5
140000000 7.6630698357E-5
150000000 7.237270316E-5
160000000 6.778909721E-5
180000000 5.685650645E-5
200000000 4.1747895378E-5
