#Header 
#Target 63 143 0
#Product 0 1 0
#Datapoints 41
1000000 0
6000000 0
7000000 0.00371993301
8000000 0.03867760764
9000000 0.08207659922
10000000 0.16946302203
11000000 0.2614479325
12000000 0.3551602288
13000000 0.4492338487383
14000000 0.53388901325
15000000 0.6051417876
16000000 0.667112163
17000000 0.7411384656
18000000 0.8664619275
19000000 0.9840227442
20000000 1.053853958
22000000 1.2004730523
24000000 1.387868165
26000000 1.528500655
28000000 1.64080044
30000000 1.762081233
35000000 2.063160746
40000000 2.25568616
45000000 2.419815671
50000000 2.584397206
55000000 2.71629958
60000000 2.830506432
65000000 2.912182504
70000000 3.002838429
75000000 3.084360345
80000000 3.167564472
90000000 3.341245232
100000000 3.498169509
110000000 3.65726858
120000000 3.808804826
130000000 3.94892736
140000000 4.081483175
150000000 4.263723504
160000000 4.4625761
180000000 4.863689678
200000000 5.272488542
#Header 
#Target 63 143 0
#Product 1 1 0
#Datapoints 45
1000000 0
2000000 2.9575015634E-16
3000000 1.538771211E-9
4000000 3.932269183227E-6
5000000 0.0002975099955
6000000 0.00350923848
7000000 0.01629830247
8000000 0.0360878343
9000000 0.08428051572
10000000 0.13482319155
11000000 0.198420405
12000000 0.2579321316
13000000 0.3031108448628
14000000 0.34020726825
15000000 0.37848248172
16000000 0.435896939
17000000 0.5328302337
18000000 0.6434422415
19000000 0.7613730957
20000000 0.8877322752
22000000 1.0244227437
24000000 1.0455716566
26000000 1.087134014
28000000 1.234329354
30000000 1.3912308729
35000000 1.5714445215
40000000 1.7345769
45000000 1.929221301
50000000 1.984434522
55000000 2.060872697
60000000 2.126387504
65000000 2.176075792
70000000 2.228747013
75000000 2.27326968
80000000 2.312397936
90000000 2.375846304
100000000 2.432350191
110000000 2.50040448
120000000 2.561453218
130000000 2.614483458
140000000 2.663859275
150000000 2.728659012
160000000 2.799596886
180000000 2.94817608
200000000 3.114854406
#Header 
#Target 63 143 0
#Product 1 2 0
#Datapoints 37
1000000 0
10000000 0
11000000 8.668209E-16
12000000 6.1395616568E-12
13000000 2.238008267751E-9
14000000 9.419078625E-8
15000000 2.5158407274E-6
16000000 2.80501726E-5
17000000 0.000164451303
18000000 0.00059458323
19000000 0.001496185953
20000000 0.002904712224
22000000 0.006852848211
24000000 0.011630493192
26000000 0.0169752612
28000000 0.022100742
30000000 0.02737767615
35000000 0.03896984493
40000000 0.0490459486
45000000 0.05796948934
50000000 0.06531208321
55000000 0.07261631129
60000000 0.07892694544
65000000 0.08526211056
70000000 0.09032025375
75000000 0.09582200595
80000000 0.10023162408
90000000 0.10104974464
100000000 0.10169448501
110000000 0.0999722038
120000000 0.09843688198
130000000 0.09682798312
140000000 0.095065586
150000000 0.09504387288
160000000 0.09589517312
180000000 0.09930757521
200000000 0.1051377983
#Header 
#Target 63 143 0
#Product 1 3 0
#Datapoints 33
1000000 0
14000000 0
15000000 5.2968080529E-16
16000000 3.94217054E-13
17000000 2.957492493E-11
18000000 7.346836075E-10
19000000 1.630235457E-8
20000000 2.554660616E-7
22000000 1.1787249438E-5
24000000 9.695237046E-5
26000000 0.000322705521
28000000 0.000692469
30000000 0.0011744157513
35000000 0.002650784273
40000000 0.00426703814
45000000 0.005932581935
50000000 0.007494031241
55000000 0.008963353671
60000000 0.010391725216
65000000 0.011848780416
70000000 0.013366635654
75000000 0.014959119285
80000000 0.01664522472
90000000 0.02045368
100000000 0.02480397648
110000000 0.0279912612
120000000 0.0313212616
130000000 0.03472352942
140000000 0.038106761
150000000 0.04149075084
160000000 0.04498074014
180000000 0.05169848412
200000000 0.05881159304
#Header 
#Target 63 143 0
#Product 2 3 0
#Datapoints 37
1000000 0
10000000 0
11000000 5.595649E-18
12000000 1.151104916E-15
13000000 4.478493640533E-14
14000000 6.48853413E-13
15000000 6.2422273368E-12
16000000 6.01531556E-11
17000000 7.089985161E-10
18000000 6.894867595E-9
19000000 5.083858647E-8
20000000 2.9209435E-7
22000000 5.29895547E-6
24000000 5.008364464E-5
26000000 0.000257016046
28000000 0.000783101016
30000000 0.00166678611
35000000 0.005070629788
40000000 0.0091896737
45000000 0.013293660198
50000000 0.01722904419
55000000 0.02043555522
60000000 0.0232854148
65000000 0.02564205072
70000000 0.02789164071
75000000 0.02999134215
80000000 0.032116638
90000000 0.03651447072
100000000 0.04140438009
110000000 0.0445704112
120000000 0.04771007424
130000000 0.05085610576
140000000 0.05403003375
150000000 0.05671190892
160000000 0.05931600082
180000000 0.06449871444
200000000 0.0695159521
#Header 
#Target 63 143 0
#Product 2 4 0
#Datapoints 45
1000000 0
2000000 5.9374451056E-14
3000000 6.187985361E-10
4000000 1.447114273374E-7
5000000 4.188201291E-6
6000000 4.130171496E-5
7000000 0.0001936243173
8000000 0.00046496325456
9000000 0.0011306965358
10000000 0.0018575433066
11000000 0.002829848025
12000000 0.003868872592
13000000 0.004876267316085
14000000 0.006008728145
15000000 0.0075938005962
16000000 0.00991922509
17000000 0.01291747716
18000000 0.0161052718
19000000 0.01986076395
20000000 0.02546501312
22000000 0.04051180116
24000000 0.04022886556
26000000 0.04460641265
28000000 0.0509522724
30000000 0.05714468232
35000000 0.07105989707
40000000 0.0832870354
45000000 0.09195075148
50000000 0.09740515258
55000000 0.10104708539
60000000 0.10393861712
65000000 0.10591503032
70000000 0.1079846952
75000000 0.11116209555
80000000 0.11399539992
90000000 0.11677855072
100000000 0.11935196154
110000000 0.1254191134
120000000 0.12860060662
130000000 0.12941865992
140000000 0.13034300125
150000000 0.137178864
160000000 0.1455861982
180000000 0.1614211656
200000000 0.1747147968
#Header 
#Target 63 143 0
#Product 54 116 0
#Datapoints 9
1000000 0
110000000 0
120000000 2.503409738E-13
130000000 2.529357944E-11
140000000 3.01982835E-10
150000000 8.8588601244E-9
160000000 1.01092004552E-7
180000000 8.0430994335E-6
200000000 0.00015406000172
#Header 
#Target 63 143 0
#Product 54 117 0
#Datapoints 10
1000000 0
100000000 0
110000000 9.0892627E-15
120000000 6.6868033E-12
130000000 2.00972196E-10
140000000 3.3139404375E-9
150000000 5.2820902572E-8
160000000 5.519359661E-7
180000000 2.3484203945E-5
200000000 0.00032283905356
#Header 
#Target 63 143 0
#Product 54 118 0
#Datapoints 10
1000000 0
100000000 0
110000000 7.54598068E-13
120000000 1.0371397856E-10
130000000 2.671709833E-9
140000000 2.6860701175E-8
150000000 2.5108695996E-7
160000000 2.339670539E-6
180000000 5.320370213E-5
200000000 0.00052836193356
#Header 
#Target 63 143 0
#Product 54 119 0
#Datapoints 11
1000000 0
90000000 0
100000000 2.961550569E-14
110000000 8.09179882E-12
120000000 4.13851401E-10
130000000 8.6232705988E-9
140000000 4.7521298825E-8
150000000 4.1527307916E-7
160000000 2.4253196216E-6
180000000 4.2199593577E-5
200000000 0.00031470398486
#Header 
#Target 63 143 0
#Product 54 120 0
#Datapoints 12
1000000 0
80000000 0
90000000 2.198896128E-14
100000000 7.371669183E-12
110000000 2.8388878E-10
120000000 3.2486394202E-9
130000000 2.6310999474E-8
140000000 1.2295401195E-7
150000000 6.378850446E-7
160000000 2.9448895716E-6
180000000 3.7825199859E-5
200000000 0.00019979901692
#Header 
#Target 63 143 0
#Product 55 118 0
#Datapoints 9
1000000 0
110000000 0
120000000 2.99764025E-14
130000000 8.408607804E-11
140000000 2.741960375E-9
150000000 3.8322395508E-8
160000000 6.0926898E-7
180000000 1.790399536E-5
200000000 0.0002369770376
#Header 
#Target 63 143 0
#Product 55 119 0
#Datapoints 10
1000000 0
100000000 0
110000000 5.8202361E-15
120000000 4.97479836E-11
130000000 4.0127298142E-9
140000000 3.054159955E-8
150000000 4.3872297288E-7
160000000 2.8516499636E-6
180000000 6.8595793085E-5
200000000 0.00059409300886
#Header 
#Target 63 143 0
#Product 55 120 0
#Datapoints 10
1000000 0
100000000 0
110000000 7.81677582E-13
120000000 3.837659934E-10
130000000 7.0971596802E-9
140000000 5.02139946E-8
150000000 3.2476603656E-7
160000000 1.9493895988E-6
180000000 3.1071895168E-5
200000000 0.00019959705508
#Header 
#Target 63 143 0
#Product 55 121 0
#Datapoints 11
1000000 0
90000000 0
100000000 2.296319166E-14
110000000 4.10192916E-11
120000000 3.8174099802E-9
130000000 4.670519492E-8
140000000 1.499290485E-7
150000000 7.2620505048E-7
160000000 3.2959898702E-6
180000000 2.9926002264E-5
200000000 0.00016053397244
#Header 
#Target 63 143 0
#Product 55 122 0
#Datapoints 12
1000000 0
80000000 0
90000000 2.8919436E-15
100000000 1.1769086757E-11
110000000 2.031710142E-9
120000000 4.3394597046E-8
130000000 2.0965598238E-7
140000000 5.0391096525E-7
150000000 1.9924098816E-6
160000000 6.4866600488E-6
180000000 5.0611105226E-5
200000000 0.00020411397996
#Header 
#Target 63 143 0
#Product 55 123 0
#Datapoints 12
1000000 0
80000000 0
90000000 3.025431552E-12
100000000 7.869838611E-10
110000000 1.67694037E-8
120000000 6.191829887E-8
130000000 1.6309701366E-7
140000000 4.0510795325E-7
150000000 1.13951999052E-6
160000000 2.7974593772E-6
180000000 1.5200105584E-5
200000000 4.3167397446E-5
#Header 
#Target 63 143 0
#Product 56 119 0
#Datapoints 9
1000000 0
110000000 0
120000000 9.847367988E-13
130000000 1.3304288312E-10
140000000 1.5629800725E-9
150000000 4.5402996756E-8
160000000 3.8240203538E-7
180000000 1.3208601275E-5
200000000 0.00013763597652
#Header 
#Target 63 143 0
#Product 56 120 0
#Datapoints 10
1000000 0
100000000 0
110000000 4.37693802E-13
120000000 1.804735648E-10
130000000 4.1213704144E-9
140000000 5.397349265E-8
150000000 4.7479896468E-7
160000000 3.6516705448E-6
180000000 7.5497501189E-5
200000000 0.00058304195712
#Header 
#Target 63 143 0
#Product 56 121 0
#Datapoints 11
1000000 0
90000000 0
100000000 4.232967972E-14
110000000 7.2890286E-11
120000000 7.6000605252E-9
130000000 1.28244012556E-7
140000000 6.9544003375E-7
150000000 4.8192699564E-6
160000000 2.9680599564E-5
180000000 0.00032634102982
200000000 0.0020283900046
#Header 
#Target 63 143 0
#Product 56 122 0
#Datapoints 12
1000000 0
80000000 0
90000000 1.865331312E-13
100000000 1.905386928E-10
110000000 1.402359952E-8
120000000 2.0602602656E-7
130000000 1.21969992954E-6
140000000 4.78639007E-6
150000000 2.4596298072E-5
160000000 8.9231594732E-5
180000000 0.00093824399129
200000000 0.0043743904386
#Header 
#Target 63 143 0
#Product 56 123 0
#Datapoints 13
1000000 0
75000000 0
80000000 1.943868696E-15
90000000 2.132705952E-11
100000000 5.3556201141E-9
110000000 1.3158100018E-7
120000000 7.7378096452E-7
130000000 4.4085600378E-6
140000000 1.4468902525E-5
150000000 4.994179662E-5
160000000 0.00016111696334
180000000 0.00125800006368
200000000 0.0039798907966
#Header 
#Target 63 143 0
#Product 56 124 0
#Datapoints 14
1000000 0
70000000 0
75000000 2.712090645E-13
80000000 2.295345792E-11
90000000 6.7925593216E-9
100000000 1.27583000409E-7
110000000 6.754290564E-7
120000000 4.3254695596E-6
130000000 2.170010474E-5
140000000 4.3207304525E-5
150000000 0.000114511001592
160000000 0.00030505804316
180000000 0.0014434204986
200000000 0.0036584700544
#Header 
#Target 63 143 0
#Product 56 125 0
#Datapoints 16
1000000 0
60000000 0
65000000 4.699813976E-15
70000000 6.106947495E-13
75000000 2.873489355E-11
80000000 6.092567496E-10
90000000 3.5278300512E-8
100000000 2.5256205669E-7
110000000 1.1282399324E-6
120000000 7.4719899472E-6
130000000 1.7872695452E-5
140000000 2.817619805E-5
150000000 6.6618503892E-5
160000000 0.00013726597152
180000000 0.00046998104073
200000000 0.00087654796112
#Header 
#Target 63 143 0
#Product 56 126 0
#Datapoints 18
1000000 0
50000000 0
55000000 1.0062986229E-13
60000000 8.832545512E-12
65000000 2.2442662E-10
70000000 2.4145591179E-9
75000000 1.16843996115E-8
80000000 3.5366101224E-8
90000000 1.50305012E-7
100000000 6.6869503434E-7
110000000 5.29190914E-6
120000000 1.1346500548E-5
130000000 1.8752198214E-5
140000000 3.5068700975E-5
150000000 6.6626595156E-5
160000000 0.000117650998294
180000000 0.00027573803647
200000000 0.00043690704992
#Header 
#Target 63 143 0
#Product 57 122 0
#Datapoints 10
1000000 0
100000000 0
110000000 6.99191892E-14
120000000 5.991697912E-10
130000000 2.373490381E-8
140000000 1.5649905425E-7
150000000 1.3384893624E-6
160000000 5.6969900644E-6
180000000 8.9204104482E-5
200000000 0.000591387
#Header 
#Target 63 143 0
#Product 57 123 0
#Datapoints 11
1000000 0
90000000 0
100000000 5.747379363E-15
110000000 1.37507965E-10
120000000 3.1193899208E-8
130000000 5.667939335E-7
140000000 2.5143393275E-6
150000000 1.03921998996E-5
160000000 4.7616799176E-5
180000000 0.0005210950306
200000000 0.0019448200266
#Header 
#Target 63 143 0
#Product 57 124 0
#Datapoints 11
1000000 0
90000000 0
100000000 3.746316078E-12
110000000 5.760679834E-9
120000000 5.1178894242E-7
130000000 4.3199401276E-6
140000000 1.01251998925E-5
150000000 3.8222492352E-5
160000000 0.00013501803354
180000000 0.00082013107246
200000000 0.0027510598314
#Header 
#Target 63 143 0
#Product 57 125 0
#Datapoints 12
1000000 0
80000000 0
90000000 7.907407456E-11
100000000 5.3097895659E-8
110000000 2.751030324E-6
120000000 2.0645302106E-5
130000000 5.016979924E-5
140000000 0.000107388001875
150000000 0.00030401101284
160000000 0.0007253670334
180000000 0.0033350001873
200000000 0.0066213290988
#Header 
#Target 63 143 0
#Product 57 126 0
#Datapoints 14
1000000 0
70000000 0
75000000 1.3120297245E-15
80000000 5.273610264E-13
90000000 4.161260584E-9
100000000 9.7157500326E-7
110000000 1.700810104E-5
120000000 4.8662695498E-5
130000000 9.7294595024E-5
140000000 0.00021214002425
150000000 0.00045875896536
160000000 0.00093716296154
180000000 0.0028912805701
200000000 0.0046860895416
#Header 
#Target 63 143 0
#Product 57 127 0
#Datapoints 16
1000000 0
60000000 0
65000000 6.005702032E-15
70000000 8.752158924E-13
75000000 6.584677605E-11
80000000 3.6401799384E-9
90000000 9.2720504032E-7
100000000 1.24477004376E-5
110000000 3.092779984E-5
120000000 6.3457895234E-5
130000000 0.0001681710628
140000000 0.00026613704425
150000000 0.00047904301896
160000000 0.0008446989902
180000000 0.001810550056
200000000 0.0025163300644
#Header 
#Target 63 143 0
#Product 57 128 0
#Datapoints 18
1000000 0
50000000 0
55000000 1.0745895066E-15
60000000 1.7327142E-13
65000000 1.1705594736E-11
70000000 4.686110973E-10
75000000 1.4139699354E-8
80000000 2.1243897192E-7
90000000 5.764149768E-6
100000000 1.7163997827E-5
110000000 2.569359604E-5
120000000 7.1229597828E-5
130000000 0.000131518003508
140000000 0.00016922700025
150000000 0.00028187501796
160000000 0.00043601704752
180000000 0.00071149199811
200000000 0.00083905199044
#Header 
#Target 63 143 0
#Product 57 129 0
#Datapoints 20
1000000 0
40000000 0
45000000 4.17159694E-16
50000000 5.317080828E-14
55000000 4.486211519E-12
60000000 3.538164928E-10
65000000 1.00371996032E-8
70000000 1.01215002678E-7
75000000 4.1355895185E-7
80000000 9.6306708168E-7
90000000 1.705179736E-6
100000000 2.2513704741E-6
110000000 7.390819632E-6
120000000 1.28546006868E-5
130000000 1.6587599476E-5
140000000 2.2477202825E-5
150000000 3.1910494644E-5
160000000 4.2812906092E-5
180000000 6.3525198901E-5
200000000 7.0498493908E-5
#Header 
#Target 63 143 0
#Product 58 123 0
#Datapoints 10
1000000 0
100000000 0
110000000 6.40434536E-13
120000000 3.105437268E-10
130000000 6.0872791784E-9
140000000 6.00873966E-8
150000000 3.4630902696E-7
160000000 1.8605500474E-6
180000000 3.3031507404E-5
200000000 0.0001767910103
#Header 
#Target 63 143 0
#Product 58 124 0
#Datapoints 11
1000000 0
90000000 0
100000000 5.296492443E-13
110000000 9.30407758E-10
120000000 5.9911202544E-8
130000000 5.116830553E-7
140000000 1.4864097325E-6
150000000 8.4774807912E-6
160000000 3.7173805136E-5
180000000 0.00032202106834
200000000 0.0012512000195
#Header 
#Target 63 143 0
#Product 58 125 0
#Datapoints 12
1000000 0
80000000 0
90000000 8.814251264E-13
100000000 1.6290195141E-9
110000000 1.276130051E-7
120000000 1.6170496948E-6
130000000 5.8337502796E-6
140000000 1.9942797875E-5
150000000 7.8039602496E-5
160000000 0.00022239002194
180000000 0.0015842907172
200000000 0.0038265994708
#Header 
#Target 63 143 0
#Product 58 126 0
#Datapoints 13
1000000 0
75000000 0
80000000 8.354884224E-13
90000000 7.1392204E-9
100000000 1.17248986842E-6
110000000 1.1147300108E-5
120000000 2.651149835E-5
130000000 0.000104182996988
140000000 0.00025346704075
150000000 0.00060839092344
160000000 0.0015341206016
180000000 0.0058039594424
200000000 0.0103911007302
#Header 
#Target 63 143 0
#Product 58 127 0
#Datapoints 15
1000000 0
65000000 0
70000000 3.086118873E-15
75000000 3.90910806E-12
80000000 3.686367624E-10
90000000 8.684780208E-8
100000000 8.744709339E-7
110000000 2.001210162E-6
120000000 8.6580001502E-6
130000000 2.6731297304E-5
140000000 4.3478798825E-5
150000000 9.4872705384E-5
160000000 0.00019245002568
180000000 0.00048888804114
200000000 0.00077894405166
#Header 
#Target 63 143 0
#Product 58 128 0
#Datapoints 17
1000000 0
55000000 0
60000000 1.0808389768E-12
65000000 3.216589904E-10
70000000 1.6542705492E-8
75000000 3.032460486E-7
80000000 2.1623299824E-6
90000000 2.2849906144E-5
100000000 5.8278707607E-5
110000000 0.000294095032
120000000 0.0010590900801
130000000 0.0017016397558
140000000 0.0027325992925
150000000 0.005175900402
160000000 0.0087024208874
180000000 0.01608760682
200000000 0.020436605072
#Header 
#Target 63 143 0
#Product 58 129 0
#Datapoints 19
1000000 0
45000000 0
50000000 1.032729837E-13
55000000 5.784194194E-11
60000000 6.811539876E-9
65000000 1.84073934E-7
70000000 1.7920797813E-6
75000000 7.782020334E-6
80000000 1.9647492432E-5
90000000 4.087760248E-5
100000000 0.00018427895637
110000000 0.0009794080898
120000000 0.0015120493172
130000000 0.0021763296324
140000000 0.003459870645
150000000 0.0055012197852
160000000 0.0082417995868
180000000 0.01318270269
200000000 0.015134699796
#Header 
#Target 63 143 0
#Product 58 130 0
#Datapoints 22
1000000 0
30000000 0
35000000 1.1547588119E-15
40000000 3.8631368E-12
45000000 9.300901736E-10
50000000 4.2146907852E-8
55000000 5.3182703652E-7
60000000 2.4018105376E-6
65000000 6.9205892184E-6
70000000 1.50779990214E-5
75000000 2.3034793815E-5
80000000 2.5572597576E-5
90000000 0.000173619992
100000000 0.00077636102877
110000000 0.0010174999772
120000000 0.00135944995336
130000000 0.0022560598096
140000000 0.00299636029
150000000 0.0039886498056
160000000 0.0051400492478
180000000 0.006168500433
200000000 0.0060427198734
#Header 
#Target 63 143 0
#Product 58 131 0
#Datapoints 24
1000000 0
26000000 0
28000000 1.215709632E-14
30000000 3.298338846E-13
35000000 1.3516990457E-10
40000000 8.720410014E-9
45000000 1.47596007307E-7
50000000 8.1836604614E-7
55000000 2.1844206725E-6
60000000 4.308539148E-6
65000000 5.84796938E-6
70000000 5.6338100838E-6
75000000 1.16376004305E-5
80000000 5.7583591032E-5
90000000 0.00028476204016
100000000 0.00034198603809
110000000 0.0003892100044
120000000 0.000726091997
130000000 0.00099997593164
140000000 0.00118359993675
150000000 0.0014697701208
160000000 0.0016660301656
180000000 0.0018309795832
200000000 0.0017454602894
#Header 
#Target 63 143 0
#Product 58 132 0
#Datapoints 33
1000000 0
14000000 0
15000000 1.4214967578E-15
16000000 9.7163921E-15
17000000 5.830577694E-14
18000000 2.954737065E-13
19000000 1.305170211E-12
20000000 4.92858142E-12
22000000 4.935806469E-11
24000000 3.41352868E-10
26000000 1.712970027E-9
28000000 6.435999612E-9
30000000 1.9121393478E-8
35000000 1.12100990836E-7
40000000 2.587649602E-7
45000000 4.8661806767E-7
50000000 8.6779106424E-7
55000000 1.01996002144E-6
60000000 1.30042006368E-6
65000000 8.8789597688E-6
70000000 5.2623709071E-5
75000000 0.000125423999415
80000000 0.000164354046
90000000 0.000144238996928
100000000 0.00018917304234
110000000 0.0004159590666
120000000 0.00052990003564
130000000 0.00060310203562
140000000 0.0006820109835
150000000 0.00079030303248
160000000 0.0008615489826
180000000 0.00095368807317
200000000 0.000897363003
#Header 
#Target 63 143 0
#Product 58 133 0
#Datapoints 22
1000000 0
30000000 0
35000000 2.204956065E-15
40000000 7.993729E-13
45000000 1.5090094173E-10
50000000 1.06945994076E-8
55000000 1.6777507391E-7
60000000 7.5896995512E-7
65000000 1.46580992096E-6
70000000 1.7239393986E-6
75000000 1.603110564E-6
80000000 1.2766399572E-6
90000000 2.0009502864E-6
100000000 4.7356101867E-6
110000000 7.212669772E-6
120000000 8.8515904306E-6
130000000 1.16734999332E-5
140000000 1.366049685E-5
150000000 1.5420605076E-5
160000000 1.72566982E-5
180000000 1.8625099802E-5
200000000 2.0176305766E-5
#Header 
#Target 63 143 0
#Product 59 126 0
#Datapoints 11
1000000 0
90000000 0
100000000 6.537946938E-15
110000000 2.3033353E-10
120000000 4.160710781E-8
130000000 9.1582999652E-7
140000000 3.0614297175E-6
150000000 9.2041694544E-6
160000000 3.8900396296E-5
180000000 0.00024442903685
200000000 0.0006114649066
#Header 
#Target 63 143 0
#Product 59 127 0
#Datapoints 11
1000000 0
90000000 0
100000000 6.662720223E-11
110000000 1.0477700408E-7
120000000 5.5725503906E-6
130000000 2.4383095856E-5
140000000 4.15500008E-5
150000000 0.000130639991508
160000000 0.0003447739833
180000000 0.0010975200307
200000000 0.0019269499648
#Header 
#Target 63 143 0
#Product 59 128 0
#Datapoints 12
1000000 0
80000000 0
90000000 1.16526904E-10
100000000 4.2880803825E-7
110000000 2.149790454E-5
120000000 0.000132924998626
130000000 0.00024997806202
140000000 0.00049396398975
150000000 0.00120115000392
160000000 0.0021176697174
180000000 0.0050927997987
200000000 0.0069064997256
#Header 
#Target 63 143 0
#Product 59 129 0
#Datapoints 14
1000000 0
70000000 0
75000000 4.328502255E-13
80000000 1.0635494904E-10
90000000 3.0000202544E-7
100000000 3.395839539E-5
110000000 0.000168594048
120000000 0.0002518170556
130000000 0.00064033901576
140000000 0.00114329998475
150000000 0.0020392300872
160000000 0.003325300328
180000000 0.0057477704924
200000000 0.006467719823
#Header 
#Target 63 143 0
#Product 59 130 0
#Datapoints 16
1000000 0
60000000 0
65000000 1.799666E-13
70000000 7.040867082E-11
75000000 5.9715297675E-9
80000000 3.3383403312E-7
90000000 9.5507594832E-5
100000000 0.00087508202712
110000000 0.0013697200244
120000000 0.0020632402012
130000000 0.0043979497554
140000000 0.0061444800725
150000000 0.0087740096472
160000000 0.0124601008126
180000000 0.01711050405
200000000 0.018127194324
#Header 
#Target 63 143 0
#Product 59 131 0
#Datapoints 19
1000000 0
45000000 0
50000000 4.496441468E-13
55000000 1.4694484819E-9
60000000 9.5141499176E-8
65000000 4.1814896904E-6
70000000 9.7124091876E-5
75000000 0.0005027780043
80000000 0.00094307200416
90000000 0.00097138897648
100000000 0.00088248399117
110000000 0.001923250686
120000000 0.0027958294576
130000000 0.0029966695472
140000000 0.0033482801275
150000000 0.0038839903704
160000000 0.0044411299372
180000000 0.0051011002629
200000000 0.005135280399
#Header 
#Target 63 143 0
#Product 59 132 0
#Datapoints 20
1000000 0
40000000 0
45000000 2.37540688E-13
50000000 1.1197198815E-10
55000000 7.3963909685E-9
60000000 3.799790024E-7
65000000 1.26057002456E-5
70000000 0.000153715003905
75000000 0.00064791607815
80000000 0.00122048994264
90000000 0.00130484997344
100000000 0.0015215499528
110000000 0.004263440482
120000000 0.006051879836
130000000 0.0065579703834
140000000 0.0076189091825
150000000 0.0088134399204
160000000 0.009877080688
180000000 0.0107730996333
200000000 0.010196599269
#Header 
#Target 63 143 0
#Product 59 133 0
#Datapoints 23
1000000 0
28000000 0
30000000 8.153439723E-16
35000000 3.904025889E-12
40000000 4.8684002E-10
45000000 4.5181107195E-8
50000000 2.6514198743E-6
55000000 3.3970304802E-5
60000000 0.000118245997408
65000000 0.00017662497072
70000000 0.00017960292273
75000000 0.000143810992215
80000000 0.000113380992696
90000000 0.00043259001552
100000000 0.00088719203577
110000000 0.0009963789178
120000000 0.00119067006688
130000000 0.001461640197
140000000 0.0017689400575
150000000 0.0020525500644
160000000 0.0022146894518
180000000 0.0024002795661
200000000 0.002305499963
#Header 
#Target 63 143 0
#Product 59 134 0
#Datapoints 24
1000000 0
26000000 0
28000000 6.82284402E-14
30000000 4.670668068E-12
35000000 5.8420496096E-9
40000000 4.975469732E-7
45000000 8.8866804047E-6
50000000 5.4723498202E-5
55000000 0.00013613699791
60000000 0.00019026501352
65000000 0.00017489099056
70000000 0.000125496010098
75000000 0.000120861010215
80000000 0.00024469205736
90000000 0.00089617599552
100000000 0.00109232999673
110000000 0.0010486300356
120000000 0.00121252996352
130000000 0.0014000803334
140000000 0.0015227194675
150000000 0.001575620622
160000000 0.001589719522
180000000 0.0015099598407
200000000 0.0014911994898
#Header 
#Target 63 143 0
#Product 59 135 0
#Datapoints 33
1000000 0
14000000 0
15000000 1.5703839711E-15
16000000 2.43784528E-14
17000000 2.770326144E-13
18000000 2.371104815E-12
19000000 1.603216704E-11
20000000 8.839158668E-11
22000000 1.5857996886E-9
24000000 1.7238097146E-8
26000000 1.16334003355E-7
28000000 5.332689576E-7
30000000 1.7296393323E-6
35000000 9.3947399703E-6
40000000 1.98967078E-5
45000000 3.4025703453E-5
50000000 4.0509897885E-5
55000000 2.922639761E-5
60000000 2.2306899632E-5
65000000 5.5581105272E-5
70000000 0.00015892803939
75000000 0.00030156500385
80000000 0.0004261680612
90000000 0.0004722149224
100000000 0.00047605504107
110000000 0.0005873750344
120000000 0.00071371901556
130000000 0.00079879300592
140000000 0.000867334006
150000000 0.00091899405408
160000000 0.00094902402946
180000000 0.0009340489372
200000000 0.00097723102556
#Header 
#Target 63 143 0
#Product 59 136 0
#Datapoints 22
1000000 0
30000000 0
35000000 8.579845872E-14
40000000 6.17092256E-11
45000000 5.9828593209E-9
50000000 2.2326909132E-7
55000000 3.9711294658E-6
60000000 2.3521099008E-5
65000000 6.0048703264E-5
70000000 9.0166707375E-5
75000000 9.7376101515E-5
80000000 9.1171604928E-5
90000000 8.7487492768E-5
100000000 0.000120745005834
110000000 0.0001562099532
120000000 0.00017988702016
130000000 0.00020515795514
140000000 0.000224950033
150000000 0.00023721802776
160000000 0.00024481596402
180000000 0.00025223594248
200000000 0.00025567605864
#Header 
#Target 63 143 0
#Product 59 137 0
#Datapoints 24
1000000 0
26000000 0
28000000 6.85082664E-14
30000000 3.972509442E-12
35000000 3.610269632E-9
40000000 1.72588015E-7
45000000 1.49842009149E-6
50000000 4.0510904207E-6
55000000 6.246119769E-6
60000000 8.1499206904E-6
65000000 8.3563005328E-6
70000000 7.4134693239E-6
75000000 7.381350108E-6
80000000 9.1514010768E-6
90000000 1.7587093056E-5
100000000 2.7928706547E-5
110000000 3.64573034E-5
120000000 4.5701297708E-5
130000000 5.4650306668E-5
140000000 6.116720225E-5
150000000 6.5247700044E-5
160000000 6.7721898958E-5
180000000 7.0298499108E-5
200000000 7.105489369E-5
#Header 
#Target 63 143 0
#Product 60 128 0
#Datapoints 12
1000000 0
80000000 0
90000000 1.578817344E-14
100000000 3.4094296518E-9
110000000 2.486240442E-7
120000000 1.7504594398E-6
130000000 3.3623703406E-6
140000000 1.0307299695E-5
150000000 3.1947597348E-5
160000000 6.7233509786E-5
180000000 0.00024981193826
200000000 0.00036273503802
#Header 
#Target 63 143 0
#Product 60 129 0
#Datapoints 13
1000000 0
75000000 0
80000000 8.517394488E-14
90000000 1.8560702992E-8
100000000 4.0342703043E-6
110000000 4.212959268E-5
120000000 6.2125505762E-5
130000000 0.00016892897916
140000000 0.0003804960005
150000000 0.00077433409788
160000000 0.0014622205442
180000000 0.0031318002769
200000000 0.0040508305288
#Header 
#Target 63 143 0
#Product 60 130 0
#Datapoints 15
1000000 0
65000000 0
70000000 1.739217846E-13
75000000 6.89720922E-10
80000000 8.1950801928E-8
90000000 1.7605700736E-5
100000000 0.000137853999498
110000000 0.000221315038
120000000 0.00053539597558
130000000 0.001481920541
140000000 0.0021753703125
150000000 0.0035368192512
160000000 0.0056399591184
180000000 0.0090183497256
200000000 0.0106151003206
#Header 
#Target 63 143 0
#Product 60 131 0
#Datapoints 17
1000000 0
55000000 0
60000000 8.164093312E-14
65000000 3.969535504E-10
70000000 9.2167101774E-8
75000000 2.9443602375E-6
80000000 2.7938696136E-5
90000000 0.00032089697328
100000000 0.00045040399182
110000000 0.0010774400028
120000000 0.0037318194534
130000000 0.0053647905568
140000000 0.006874149975
150000000 0.0101541011484
160000000 0.013488404438
180000000 0.017066896258
200000000 0.0178478053
#Header 
#Target 63 143 0
#Product 60 132 0
#Datapoints 19
1000000 0
45000000 0
50000000 1.08065998E-11
55000000 2.2734406174E-8
60000000 2.432129648E-6
65000000 4.8995698136E-5
70000000 0.00026730099312
75000000 0.0006772549509
80000000 0.00106137996096
90000000 0.00101946989248
100000000 0.003395190054
110000000 0.010998599626
120000000 0.013874099698
130000000 0.016354498514
140000000 0.020802206425
150000000 0.025988501184
160000000 0.029984496982
180000000 0.034058305568
200000000 0.032879298526
#Header 
#Target 63 143 0
#Product 60 133 0
#Datapoints 21
1000000 0
35000000 0
40000000 2.19565836E-11
45000000 3.8711993565E-8
50000000 4.2787496729E-6
55000000 6.5702892305E-5
60000000 0.00031963797776
65000000 0.00089692187288
70000000 0.0014485199616
75000000 0.0014021300403
80000000 0.00107128004808
90000000 0.00435464016
100000000 0.015399202752
110000000 0.01757989436
120000000 0.018641496762
130000000 0.024537002348
140000000 0.029202198025
150000000 0.03400400274
160000000 0.036528801326
180000000 0.037357694878
200000000 0.034321697778
#Header 
#Target 63 143 0
#Product 60 134 0
#Datapoints 25
1000000 0
24000000 0
26000000 4.89314888E-13
28000000 1.021008564E-10
30000000 4.8586593561E-9
35000000 1.52285999923E-6
40000000 4.040620074E-5
45000000 0.00023081904104
50000000 0.00065014195667
55000000 0.00124692004462
60000000 0.00147408992424
65000000 0.001202869976
70000000 0.0019707906579
75000000 0.0076623400755
80000000 0.017530103784
90000000 0.030079491936
100000000 0.027491805204
110000000 0.03485379912
120000000 0.04741770451
130000000 0.053707202342
140000000 0.057649001025
150000000 0.059945806152
160000000 0.060461897702
180000000 0.056582298484
200000000 0.053710695754
#Header 
#Target 63 143 0
#Product 60 135 0
#Datapoints 32
1000000 0
15000000 0
16000000 1.41076458E-14
17000000 4.884048873E-13
18000000 8.535819255E-12
19000000 9.900866598E-11
20000000 8.053732088E-10
22000000 1.851379821E-8
24000000 1.989390207E-7
26000000 1.3233400399E-6
28000000 6.14828061E-6
30000000 2.0978800392E-5
35000000 0.000145506991078
40000000 0.0003623150186
45000000 0.00060425697129
50000000 0.00063891302625
55000000 0.00041375692647
60000000 0.0005520020072
65000000 0.003634900016
70000000 0.0126337008861
75000000 0.02095510131
80000000 0.021711301608
90000000 0.015312998272
100000000 0.018440004924
110000000 0.0285842928
120000000 0.032009701708
130000000 0.033369802792
140000000 0.034581701
150000000 0.034862195736
160000000 0.033867300144
180000000 0.032058495628
200000000 0.031422896756
#Header 
#Target 63 143 0
#Product 60 136 0
#Datapoints 42
1000000 0
5000000 0
6000000 8.328138852E-14
7000000 4.74862588E-12
8000000 9.4684501352E-11
9000000 1.4264699837E-9
10000000 1.09729009761E-8
11000000 6.0460724E-8
12000000 2.3839900656E-7
13000000 7.0489511061771E-7
14000000 1.7007904745E-6
15000000 3.53931970455E-6
16000000 6.556850165E-6
17000000 1.0963701702E-5
18000000 1.6731505195E-5
19000000 2.3585102802E-5
20000000 3.1156601748E-5
22000000 4.8157298658E-5
24000000 5.682260106E-5
26000000 6.9746303435E-5
28000000 8.829770076E-5
30000000 0.000112922001093
35000000 0.00017783695817
40000000 0.000150850994
45000000 0.00012442299282
50000000 0.00088257507059
55000000 0.0050099602142
60000000 0.0107915002888
65000000 0.0128019008568
70000000 0.0113965991226
75000000 0.0091656897255
80000000 0.0079091099832
90000000 0.0122365993984
100000000 0.018614904018
110000000 0.02036100612
120000000 0.021169304202
130000000 0.022131294372
140000000 0.022510593875
150000000 0.022174601388
160000000 0.021833994292
180000000 0.021101094947
200000000 0.0206622987
#Header 
#Target 63 143 0
#Product 60 137 0
#Datapoints 27
1000000 0
20000000 0
22000000 5.906377953E-14
24000000 3.665472316E-12
26000000 1.020059773E-10
28000000 1.687640328E-9
30000000 2.490110304E-8
35000000 5.9617993327E-6
40000000 0.0001645059432
45000000 0.00073681908244
50000000 0.00123276993267
55000000 0.00138383993993
60000000 0.0012126799128
65000000 0.00096468603176
70000000 0.00084833493669
75000000 0.00103406993415
80000000 0.00147979005384
90000000 0.0024422904896
100000000 0.0028442896605
110000000 0.003034459554
120000000 0.0031758101274
130000000 0.0033060295224
140000000 0.003336789995
150000000 0.0033417106632
160000000 0.003300489958
180000000 0.003233809701
200000000 0.0031650294596
#Header 
#Target 63 143 0
#Product 60 138 0
#Datapoints 35
1000000 0
12000000 0
13000000 3.003628298556E-15
14000000 7.337497555E-14
15000000 2.0329432767E-12
16000000 3.5522871E-11
17000000 4.056844419E-10
18000000 3.303649492E-9
19000000 2.0060505873E-8
20000000 9.453520574E-8
22000000 1.15008001362E-6
24000000 8.0528796428E-6
26000000 3.6780297515E-5
28000000 0.00012026399706
30000000 0.00028760395092
35000000 0.0007033720244
40000000 0.0007036089812
45000000 0.00065707692715
50000000 0.00052364890437
55000000 0.00039321601839
60000000 0.000473760016
65000000 0.00090757400536
70000000 0.00144828999189
75000000 0.0018811604295
80000000 0.0021822594864
90000000 0.0026110104592
100000000 0.002967540264
110000000 0.003220049882
120000000 0.0033721401156
130000000 0.003479889741
140000000 0.00354241041
150000000 0.0035201004108
160000000 0.0034813397866
180000000 0.0034153594277
200000000 0.003309649653
#Header 
#Target 63 143 0
#Product 60 139 0
#Datapoints 23
1000000 0
28000000 0
30000000 1.2904093356E-15
35000000 3.945449597E-11
40000000 2.060969568E-8
45000000 7.9935905105E-7
50000000 7.2067003404E-6
55000000 2.1006909232E-5
60000000 3.4485405152E-5
65000000 4.8542891144E-5
70000000 6.4036892757E-5
75000000 7.9149494655E-5
80000000 9.648499848E-5
90000000 0.000125694996544
100000000 0.00014729006397
110000000 0.0001592550022
120000000 0.00016678002476
130000000 0.00017238401728
140000000 0.000172845981
150000000 0.0001709239596
160000000 0.00016868800898
180000000 0.00016155705244
200000000 0.00015451695946
#Header 
#Target 63 143 0
#Product 60 140 0
#Datapoints 25
1000000 0
24000000 0
26000000 1.2713788685E-13
28000000 2.9740311E-11
30000000 1.6363396467E-9
35000000 6.6920396749E-7
40000000 9.130749376E-6
45000000 2.169249922E-5
50000000 3.2692707434E-5
55000000 4.5779699939E-5
60000000 6.0898203664E-5
65000000 7.5516300904E-5
70000000 8.7462907314E-5
75000000 9.7455496545E-5
80000000 0.000107488007976
90000000 0.000120289997152
100000000 0.000126874989594
110000000 0.00012883499804
120000000 0.00012865899725
130000000 0.00012733801142
140000000 0.000125733998775
150000000 0.000121704002208
160000000 0.00011759299336
180000000 0.000110079991534
200000000 0.00010318399555
#Header 
#Target 63 143 0
#Product 61 130 0
#Datapoints 11
1000000 0
90000000 0
100000000 9.080767311E-13
110000000 4.643089584E-9
120000000 4.942270405E-7
130000000 2.9609794216E-6
140000000 5.3380498325E-6
150000000 1.29700992336E-5
160000000 2.6306797266E-5
180000000 6.089900488E-5
200000000 7.7243904902E-5
#Header 
#Target 63 143 0
#Product 61 131 0
#Datapoints 12
1000000 0
80000000 0
90000000 3.165062992E-11
100000000 5.6619100236E-8
110000000 4.281949742E-6
120000000 1.68701014E-5
130000000 2.3970204998E-5
140000000 4.39166959E-5
150000000 8.7130896156E-5
160000000 0.000113646999436
180000000 0.00016905395007
200000000 0.00018732800048
#Header 
#Target 63 143 0
#Product 61 132 0
#Datapoints 14
1000000 0
70000000 0
75000000 8.587905975E-15
80000000 4.940411976E-11
90000000 2.1025393584E-7
100000000 4.6291798014E-5
110000000 0.0004041439654
120000000 0.000618780989
130000000 0.00081064498108
140000000 0.001215770017
150000000 0.0017374805028
160000000 0.0022063302656
180000000 0.0025959398236
200000000 0.0026591201376
#Header 
#Target 63 143 0
#Product 61 133 0
#Datapoints 16
1000000 0
60000000 0
65000000 7.620455304E-13
70000000 1.3361395641E-9
75000000 5.2605590895E-8
80000000 1.689260196E-6
90000000 0.000143508010464
100000000 0.00050340701937
110000000 0.000487151987
120000000 0.0007248290653
130000000 0.00121423995256
140000000 0.0015977994725
150000000 0.0020338403472
160000000 0.0023819495154
180000000 0.0025728493944
200000000 0.002558270213
#Header 
#Target 63 143 0
#Product 61 134 0
#Datapoints 18
1000000 0
50000000 0
55000000 7.622666037E-14
60000000 9.619110864E-10
65000000 1.15887999568E-7
70000000 4.5826106094E-6
75000000 0.000131827989645
80000000 0.00119526003864
90000000 0.0064133303728
100000000 0.0060546103041
110000000 0.006703219712
120000000 0.0121415004314
130000000 0.01461230217
140000000 0.01572459735
150000000 0.016588195764
160000000 0.01638300464
180000000 0.01505980113
200000000 0.013233994696
#Header 
#Target 63 143 0
#Product 61 135 0
#Datapoints 20
1000000 0
40000000 0
45000000 6.183668036E-13
50000000 5.689062886E-10
55000000 3.4223602718E-8
60000000 2.7987093128E-6
65000000 4.3116390152E-5
70000000 0.000113958994176
75000000 0.000117840991455
80000000 0.000100087998384
90000000 8.3691496512E-5
100000000 0.00021764603175
110000000 0.0003791590096
120000000 0.00045611496946
130000000 0.00047165793784
140000000 0.0004782630545
150000000 0.000493453986
160000000 0.00046508098106
180000000 0.00044677293766
200000000 0.00044280298754
#Header 
#Target 63 143 0
#Product 61 136 0
#Datapoints 22
1000000 0
30000000 0
35000000 5.018945307E-12
40000000 1.973309564E-8
45000000 1.2188400028E-6
50000000 9.3707698318E-5
55000000 0.001744250302
60000000 0.0066905902864
65000000 0.0094410194824
70000000 0.007721680047
75000000 0.005212220805
80000000 0.0040658792928
90000000 0.008633550016
100000000 0.015387497589
110000000 0.01726749934
120000000 0.018541795282
130000000 0.01970220387
140000000 0.020351494625
150000000 0.020103104724
160000000 0.019725705132
180000000 0.018971004145
200000000 0.01849349816
#Header 
#Target 63 143 0
#Product 61 137 0
#Datapoints 27
1000000 0
20000000 0
22000000 1.0817990397E-13
24000000 4.193869186E-11
26000000 2.8565796075E-9
28000000 5.041370034E-8
30000000 3.2790796665E-7
35000000 5.4547204949E-5
40000000 0.002040349776
45000000 0.0156861996676
50000000 0.032013505008
55000000 0.034321899836
60000000 0.0256228052
65000000 0.016651896008
70000000 0.0147226997067
75000000 0.025213200705
80000000 0.04476089364
90000000 0.066565696704
100000000 0.063733299132
110000000 0.06214849564
120000000 0.061827498316
130000000 0.060804092802
140000000 0.05972769495
150000000 0.058321897452
160000000 0.056782302658
180000000 0.054138802511
200000000 0.052284702722
#Header 
#Target 63 143 0
#Product 61 138 0
#Datapoints 30
1000000 0
17000000 0
18000000 1.0277093805E-13
19000000 1.307978913E-11
20000000 6.225374288E-10
22000000 1.3920698448E-7
24000000 4.8352203686E-6
26000000 5.3869903305E-5
28000000 0.0002986310286
30000000 0.00115093987338
35000000 0.0100734988267
40000000 0.01862219302
45000000 0.018030896023
50000000 0.0123243005553
55000000 0.0080173800313
60000000 0.0076575492432
65000000 0.015913394992
70000000 0.030402602073
75000000 0.039463795305
80000000 0.04133509368
90000000 0.037997901552
100000000 0.037218896688
110000000 0.03657220504
120000000 0.035821394822
130000000 0.035357795812
140000000 0.034911097375
150000000 0.0339324057
160000000 0.032880202792
180000000 0.031492795613
200000000 0.030321606982
#Header 
#Target 63 143 0
#Product 61 139 0
#Datapoints 42
1000000 0
5000000 0
6000000 8.275975488E-18
7000000 2.890768654E-14
8000000 8.2312616316E-12
9000000 8.3318194478E-10
10000000 2.47180977048E-8
11000000 3.5715301375E-7
12000000 2.7472601884E-6
13000000 1.2991600164186E-5
14000000 4.33579037475E-5
15000000 0.000112664986245
16000000 0.0002402519944
17000000 0.00043206605145
18000000 0.0006787990154
19000000 0.00096238505613
20000000 0.0012595195704
22000000 0.0017943694182
24000000 0.0019016497432
26000000 0.0018705798635
28000000 0.001772409888
30000000 0.0016237497507
35000000 0.00104325005956
40000000 0.0005851419336
45000000 0.00053724002416
50000000 0.0019784907298
55000000 0.0042440304239
60000000 0.0051389600664
65000000 0.0054539299496
70000000 0.0060149098542
75000000 0.006556630014
80000000 0.0071793100224
90000000 0.0080560606672
100000000 0.0084516602637
110000000 0.008546098638
120000000 0.008611319584
130000000 0.0085592904866
140000000 0.0084152196975
150000000 0.0082147196544
160000000 0.008011650171
180000000 0.0075923594268
200000000 0.0071783406166
#Header 
#Target 63 143 0
#Product 61 140 0
#Datapoints 27
1000000 0
20000000 0
22000000 1.61231634E-14
24000000 4.296110814E-12
26000000 3.15662914E-10
28000000 9.712431252E-9
30000000 1.5636406368E-7
35000000 2.8671597113E-5
40000000 0.0005736549426
45000000 0.0018772104925
50000000 0.0028967206004
55000000 0.0032339204116
60000000 0.00348201016
65000000 0.003944899376
70000000 0.0044537296131
75000000 0.004848900309
80000000 0.0051703100112
90000000 0.0055248594336
100000000 0.005594880285
110000000 0.005599130334
120000000 0.005506250295
130000000 0.0053997208528
140000000 0.00528750915
150000000 0.0051088094508
160000000 0.0049206097514
180000000 0.0045848994836
200000000 0.0042954205612
#Header 
#Target 63 143 0
#Product 61 141 0
#Datapoints 33
1000000 0
14000000 0
15000000 3.4545899241E-15
16000000 4.86075894E-14
17000000 3.412518822E-12
18000000 2.059139345E-10
19000000 5.6329898955E-9
20000000 8.2286406176E-8
22000000 4.0260302613E-6
24000000 4.7610095926E-5
26000000 0.00020642703865
28000000 0.000471974022
30000000 0.00074556600162
35000000 0.00123925001325
40000000 0.001629969964
45000000 0.0019117504826
50000000 0.0021817693969
55000000 0.0024967097465
60000000 0.002825340576
65000000 0.0030841990696
70000000 0.003252399879
75000000 0.0033427102995
80000000 0.0034150795224
90000000 0.0034193694288
100000000 0.0033386603229
110000000 0.00322905989
120000000 0.0031004605256
130000000 0.0029745798248
140000000 0.00284743998
150000000 0.002708730282
160000000 0.002574270027
180000000 0.0023430004213
200000000 0.0021593599686
#Header 
#Target 63 143 0
#Product 62 133 0
#Datapoints 14
1000000 0
70000000 0
75000000 1.73284947E-14
80000000 2.681896392E-10
90000000 7.541641016E-7
100000000 1.7123397798E-5
110000000 2.533199382E-5
120000000 4.2540205352E-5
130000000 0.000106688999738
140000000 0.00014994804825
150000000 0.00019564197264
160000000 0.0002312069825
180000000 0.00025605394934
200000000 0.00024197699212
#Header 
#Target 63 143 0
#Product 62 134 0
#Datapoints 16
1000000 0
60000000 0
65000000 2.7283298856E-9
70000000 5.331969786E-7
75000000 8.202660543E-6
80000000 5.108760252E-5
90000000 0.00025090595712
100000000 0.00021203101743
110000000 0.0003373109726
120000000 0.00090814689948
130000000 0.00115251992344
140000000 0.0012708000305
150000000 0.0014159299452
160000000 0.0014129301704
180000000 0.0013562397905
200000000 0.00120859001384
#Header 
#Target 63 143 0
#Product 62 135 0
#Datapoints 18
1000000 0
50000000 0
55000000 1.0592988438E-10
60000000 1.33439991648E-6
65000000 5.9128802216E-5
70000000 0.00060302800407
75000000 0.0015369106995
80000000 0.0019380594576
90000000 0.00115499996352
100000000 0.0021056693391
110000000 0.0058902998
120000000 0.0073063105268
130000000 0.0073568806436
140000000 0.007523580295
150000000 0.0076017904368
160000000 0.0075221606558
180000000 0.0072115107237
200000000 0.0068717401598
#Header 
#Target 63 143 0
#Product 62 136 0
#Datapoints 20
1000000 0
40000000 0
45000000 8.4933300669E-6
50000000 6.983160516E-5
55000000 0.00068068805026
60000000 0.0035087594088
65000000 0.0073409896208
70000000 0.0090138003921
75000000 0.006989810157
80000000 0.004802700012
90000000 0.0115530004928
100000000 0.027506093874
110000000 0.0302776992
120000000 0.02825120586
130000000 0.027975900922
140000000 0.027481602225
150000000 0.026381499732
160000000 0.02515659641
180000000 0.023303701787
200000000 0.022440504024
#Header 
#Target 63 143 0
#Product 62 137 0
#Datapoints 22
1000000 0
30000000 0
35000000 2.0007492374E-6
40000000 0.0004998550502
45000000 0.0037551803737
50000000 0.0139970998773
55000000 0.021013900538
60000000 0.0158582005528
65000000 0.0088795693712
70000000 0.0071423507403
75000000 0.016669196775
80000000 0.039982598184
90000000 0.072647794128
100000000 0.063440698923
110000000 0.05748529332
120000000 0.055177104108
130000000 0.05278130351
140000000 0.05078519985
150000000 0.049033805088
160000000 0.04734970271
180000000 0.044284500713
200000000 0.042683998984
#Header 
#Target 63 143 0
#Product 62 138 0
#Datapoints 29
1000000 0
18000000 0
19000000 1.856011887E-10
20000000 7.07542031E-9
22000000 2.4926593563E-6
24000000 0.00013287799919
26000000 0.00102317998685
28000000 0.002289929994
30000000 0.0039248297946
35000000 0.016380095022
40000000 0.0346556993
45000000 0.03385800376
50000000 0.019535193363
55000000 0.0115941998387
60000000 0.020694403192
65000000 0.067801002808
70000000 0.129695997135
75000000 0.16015407705
80000000 0.15303193728
90000000 0.121761997552
100000000 0.110878000848
110000000 0.10457099842
120000000 0.099311311172
130000000 0.096134201298
140000000 0.093340503025
150000000 0.089636406624
160000000 0.086299509154
180000000 0.081934791475
200000000 0.0783397005
#Header 
#Target 63 143 0
#Product 62 139 0
#Datapoints 38
1000000 0
9000000 0
10000000 8.984980038E-12
11000000 3.678990125E-9
12000000 2.56250023952E-7
13000000 5.3768109156195E-6
14000000 4.8155597775E-5
15000000 0.000232365040866
16000000 0.0006681830053
17000000 0.0012179703726
18000000 0.001602740071
19000000 0.0020730597354
20000000 0.002804430136
22000000 0.004633639668
24000000 0.0066231294322
26000000 0.0084339796085
28000000 0.010005199974
30000000 0.0108813997479
35000000 0.0083033109031
40000000 0.004707779722
45000000 0.003810310042
50000000 0.017288400957
55000000 0.047376295147
60000000 0.068820904816
65000000 0.071951402776
70000000 0.065173695696
75000000 0.060240403575
80000000 0.055555703424
90000000 0.051670898656
100000000 0.048836898801
110000000 0.0464272053
120000000 0.044791195382
130000000 0.0430110018
140000000 0.04158139755
150000000 0.039879005652
160000000 0.038255603078
180000000 0.035805303984
200000000 0.03365170082
#Header 
#Target 63 143 0
#Product 62 140 0
#Datapoints 46
1000000 0
1000000 0
2000000 5.9364999685E-14
3000000 6.1880994441E-10
4000000 1.4471104137336E-7
5000000 4.1881100718E-6
6000000 4.1301503958E-5
7000000 0.00019362699405
8000000 0.000464961039844
9000000 0.00113068986024
10000000 0.00185748983367
11000000 0.00282921981
12000000 0.00386437042888
13000000 0.0048504507927453
14000000 0.0058820395595
15000000 0.00710201937627
16000000 0.00854592125
17000000 0.0101888003196
18000000 0.011897495195
19000000 0.01377200214
20000000 0.016755904276
22000000 0.024869893374
24000000 0.016438995176
26000000 0.011707199962
28000000 0.009125080092
30000000 0.007566649728
35000000 0.0223818067
40000000 0.1813159924
45000000 0.33868492105
50000000 0.32653899113
55000000 0.27065906857
60000000 0.22850398704
65000000 0.20789993664
70000000 0.19861997169
75000000 0.1936250514
80000000 0.19041793008
90000000 0.17999799584
100000000 0.17139201933
110000000 0.1632140608
120000000 0.1551670241
130000000 0.1479160009
140000000 0.14145906775
150000000 0.1343069976
160000000 0.12787699044
180000000 0.116149005233
200000000 0.10648100987
#Header 
#Target 63 143 0
#Product 62 141 0
#Datapoints 36
1000000 0
11000000 0
12000000 8.580986648E-16
13000000 3.220655627556E-14
14000000 4.35808598E-13
15000000 3.6276936759E-12
16000000 2.87547141E-11
17000000 2.95458003E-10
18000000 2.731300417E-9
19000000 2.3118402156E-8
20000000 5.713490246E-7
22000000 0.00016816000734
24000000 0.0036321094782
26000000 0.0174185022
28000000 0.0352702026
30000000 0.044287602447
35000000 0.044822799188
40000000 0.039029396
45000000 0.034369395949
50000000 0.034271999965
55000000 0.034977407264
60000000 0.036076504744
65000000 0.036442598544
70000000 0.036554906001
75000000 0.03631630563
80000000 0.035937196608
90000000 0.034371692992
100000000 0.032685000666
110000000 0.03099980072
120000000 0.029304708908
130000000 0.027728095344
140000000 0.0263777976
150000000 0.024880796496
160000000 0.023414395118
180000000 0.020964601008
200000000 0.019022795884
#Header 
#Target 63 143 0
#Product 62 142 0
#Datapoints 41
1000000 0
6000000 0
7000000 4.622618766E-11
8000000 4.95498988432E-8
9000000 7.378290311E-6
10000000 0.000193834987134
11000000 0.0017988502275
12000000 0.0076651405376
13000000 0.019444803020187
14000000 0.03633400115
15000000 0.0571409976249
16000000 0.08038349496
17000000 0.101938998366
18000000 0.11592494365
19000000 0.119514003033
20000000 0.115049005976
22000000 0.09819380358
24000000 0.087375297234
26000000 0.0827475904
28000000 0.08059030416
30000000 0.078487902141
35000000 0.076460600225
40000000 0.07991020468
45000000 0.08214829546
50000000 0.082760700368
55000000 0.083246108793
60000000 0.081848699384
65000000 0.079939998072
70000000 0.077429293104
75000000 0.074476205595
80000000 0.071694694512
90000000 0.065893988992
100000000 0.060605696898
110000000 0.05595400202
120000000 0.051796501864
130000000 0.048213402012
140000000 0.04503439325
150000000 0.041925004188
160000000 0.039033003446
180000000 0.034397906415
200000000 0.03079110467
#Header 
#Target 63 143 0
#Product 63 136 0
#Datapoints 15
1000000 0
65000000 0
70000000 1.2405287631E-13
75000000 1.7318106135E-9
80000000 1.37221995024E-7
90000000 2.4218294256E-5
100000000 0.000142409992443
110000000 0.000152724019
120000000 0.000117004005326
130000000 0.000107104008826
140000000 9.88927016E-5
150000000 8.9156999232E-5
160000000 8.156300551E-5
180000000 7.2594999621E-5
200000000 6.728769491E-5
#Header 
#Target 63 143 0
#Product 63 137 0
#Datapoints 17
1000000 0
55000000 0
60000000 2.242858424E-11
65000000 5.9850700624E-8
70000000 2.4170593971E-6
75000000 7.4852096715E-5
80000000 0.00031443593208
90000000 0.00061947595424
100000000 0.00038648095647
110000000 0.0002724089382
120000000 0.00022867895266
130000000 0.00019721595924
140000000 0.0001763810125
150000000 0.00015763605468
160000000 0.0001457770472
180000000 0.00012381099504
200000000 0.00011157100783
#Header 
#Target 63 143 0
#Product 63 138 0
#Datapoints 19
1000000 0
45000000 0
50000000 2.945488263E-11
55000000 6.4247395828E-7
60000000 4.4312808432E-5
65000000 0.00148629996504
70000000 0.006360489489
75000000 0.010236100149
80000000 0.0096390000168
90000000 0.005965230856
100000000 0.0046982200569
110000000 0.004046829822
120000000 0.0036388596264
130000000 0.0033420899966
140000000 0.003155540465
150000000 0.0029600398848
160000000 0.0028058198796
180000000 0.0025752997493
200000000 0.0024237799066
#Header 
#Target 63 143 0
#Product 63 139 0
#Datapoints 21
1000000 0
35000000 0
40000000 1.584449961E-7
45000000 5.2893699495E-5
50000000 0.0057377802325
55000000 0.043007405475
60000000 0.07357669708
65000000 0.068164306936
70000000 0.048537198636
75000000 0.035267797125
80000000 0.029324493288
90000000 0.024656608496
100000000 0.021843594984
110000000 0.01973539596
120000000 0.018472906836
130000000 0.017347306082
140000000 0.01640260545
150000000 0.01551160518
160000000 0.01476460512
180000000 0.013566699266
200000000 0.0126173001478
#Header 
#Target 63 143 0
#Product 63 140 0
#Datapoints 24
1000000 0
26000000 0
28000000 1.092739986E-10
30000000 6.4781294589E-8
35000000 6.4194995881E-5
40000000 0.01934660398
45000000 0.14278198704
50000000 0.22731694041
55000000 0.17685797247
60000000 0.115683987936
65000000 0.087433192968
70000000 0.07620829233
75000000 0.06981020541
80000000 0.064943393304
90000000 0.057241698384
100000000 0.052196295015
110000000 0.04816209846
120000000 0.04456260405
130000000 0.04214580734
140000000 0.039961392625
150000000 0.037613092416
160000000 0.035384102186
180000000 0.031725792459
200000000 0.02902069548
#Header 
#Target 63 143 0
#Product 63 141 0
#Datapoints 32
1000000 0
15000000 0
16000000 2.61620419E-13
17000000 1.716794082E-11
18000000 3.72177532E-10
19000000 7.1789198814E-9
20000000 1.0520499284E-7
22000000 4.549709601E-6
24000000 7.4607800868E-5
26000000 0.0074192705945
28000000 0.0438556977
30000000 0.088655694666
35000000 0.134638009569
40000000 0.10594199634
45000000 0.070607896282
50000000 0.055437499892
55000000 0.049302899329
60000000 0.046348394856
65000000 0.043636206152
70000000 0.041481699945
75000000 0.039577501755
80000000 0.037769696328
90000000 0.034476398112
100000000 0.031565707083
110000000 0.0290342983
120000000 0.026950795846
130000000 0.025126594586
140000000 0.023485995225
150000000 0.021943002264
160000000 0.020497801214
180000000 0.018123506858
200000000 0.016294505088
#Header 
#Target 63 143 0
#Product 63 142 0
#Datapoints 36
1000000 0
11000000 0
12000000 3.06057023896E-9
13000000 6.5814704976606E-8
14000000 2.2328597335E-5
15000000 0.00156993992316
16000000 0.01886850268
17000000 0.072412903206
18000000 0.1406119578
19000000 0.2207519742
20000000 0.31126297544
22000000 0.39982303323
24000000 0.3859029942
26000000 0.33226402765
28000000 0.2622250872
30000000 0.19605905847
35000000 0.120473004513
40000000 0.11328300796
45000000 0.113971999337
50000000 0.112534002756
55000000 0.110655008478
60000000 0.108029991016
65000000 0.105390992784
70000000 0.101826000633
75000000 0.0981549063
80000000 0.094328205144
90000000 0.086729407024
100000000 0.079907900376
110000000 0.07400789746
120000000 0.06893579726
130000000 0.06457758972
140000000 0.060575205075
150000000 0.0565945989
160000000 0.053004203206
180000000 0.047044398601
200000000 0.042254397662
#Header 
#Target 63 143 0
#Product 63 143 0
#Datapoints 45
1000000 0
2000000 0
3000000 1.5388000596E-9
4000000 3.9322508499351E-6
5000000 0.00029750301153
6000000 0.003509220132
7000000 0.016298498765
8000000 0.036087497278
9000000 0.08426539754
10000000 0.134434001616
11000000 0.1948110155
12000000 0.242571023552
13000000 0.26414807816145
14000000 0.26734801735
15000000 0.262048989888
16000000 0.2524909591
17000000 0.23945696955
18000000 0.22289402465
19000000 0.20474501346
20000000 0.1883139916
22000000 0.1681690221
24000000 0.16193398148
26000000 0.161191977
28000000 0.160404057
30000000 0.15776698146
35000000 0.14676299216
40000000 0.13432100442
45000000 0.123876005302
50000000 0.116386998691
55000000 0.110209997353
60000000 0.099148497424
65000000 0.092585498896
70000000 0.082639607514
75000000 0.076597099425
80000000 0.0683831106
90000000 0.056671697888
100000000 0.047001006768
110000000 0.0392228046
120000000 0.032826504
130000000 0.027648996536
140000000 0.023336099325
150000000 0.01973350164
160000000 0.016783905998
180000000 0.0125168998001
200000000 0.009795270061
#Header 
#Target 63 143 0
#Product 64 138 0
#Datapoints 16
1000000 0
60000000 0
65000000 2.5294498592E-6
70000000 3.2164801341E-5
75000000 8.460029952E-5
80000000 9.714300528E-5
90000000 5.34512992E-5
100000000 3.7936895139E-5
110000000 3.062960138E-5
120000000 2.533070234E-5
130000000 2.1371396442E-5
140000000 1.83053024E-5
150000000 1.5655304964E-5
160000000 1.3660602884E-5
180000000 1.07126997413E-5
200000000 8.7734194586E-6
#Header 
#Target 63 143 0
#Product 64 139 0
#Datapoints 18
1000000 0
50000000 0
55000000 6.3653698633E-5
60000000 0.00073479502456
65000000 0.00154437995184
70000000 0.00117793999536
75000000 0.0006797310201
80000000 0.000445350966
90000000 0.00028774606224
100000000 0.00021693405186
110000000 0.0001700689914
120000000 0.000137576003238
130000000 0.000113965994412
140000000 9.6935094025E-5
150000000 8.3935006572E-5
160000000 7.3906893864E-5
180000000 5.8686994464E-5
200000000 4.8353505332E-5
#Header 
#Target 63 143 0
#Product 64 140 0
#Datapoints 21
1000000 0
35000000 0
40000000 0.0003207600864
45000000 0.0068179104539
50000000 0.0128505988458
55000000 0.0079655799309
60000000 0.0040334907984
65000000 0.0026721992088
70000000 0.0021066002886
75000000 0.001765049418
80000000 0.0015170093112
90000000 0.001175710016
100000000 0.00094672902675
110000000 0.0007873379654
120000000 0.0006761850187
130000000 0.00059516099634
140000000 0.0005281000725
150000000 0.00047096492988
160000000 0.00042220102774
180000000 0.00035235199272
200000000 0.0002976800516
#Header 
#Target 63 143 0
#Product 64 141 0
#Datapoints 23
1000000 0
28000000 0
30000000 0.0027695891883
35000000 0.022736699402
40000000 0.02607329336
45000000 0.0119627997923
50000000 0.0059114795252
55000000 0.0043454800732
60000000 0.0036420895144
65000000 0.0031521201184
70000000 0.0027618693564
75000000 0.0024429101895
80000000 0.002199559992
90000000 0.00178486048
100000000 0.001493440242
110000000 0.0012795599908
120000000 0.0011086499084
130000000 0.00098267996872
140000000 0.0008757669305
150000000 0.00077326293696
160000000 0.00070066906688
180000000 0.00058410996925
200000000 0.00049964901368
#Header 
#Target 63 143 0
#Product 64 142 0
#Datapoints 31
1000000 0
16000000 0
17000000 0.01434480057
18000000 0.076536296125
19000000 0.12787900176
20000000 0.13450101128
22000000 0.17955002403
24000000 0.28105494234
26000000 0.3416359675
28000000 0.2944829376
30000000 0.20725398177
35000000 0.078608400454
40000000 0.0483697055
45000000 0.038882603977
50000000 0.033102101947
55000000 0.028519599126
60000000 0.024862005352
65000000 0.021948001944
70000000 0.019355597337
75000000 0.017126600535
80000000 0.01524440472
90000000 0.0121728001616
100000000 0.0100092003453
110000000 0.008446609598
120000000 0.007279679956
130000000 0.0063661503076
140000000 0.00566655012
150000000 0.0050423399832
160000000 0.004512729901
180000000 0.0037251297549
200000000 0.003159380124
#Header 
#Target 63 143 0
#Product 64 143 0
#Datapoints 41
1000000 0
6000000 0
7000000 0.0033633599304
8000000 0.0279314974736
9000000 0.054875400378
10000000 0.100227002952
11000000 0.1431979905
12000000 0.18145598744
13000000 0.21526701285078
14000000 0.240582996975
15000000 0.255648985011
16000000 0.2532619534
17000000 0.21718799595
18000000 0.15377295095
19000000 0.105927999381
20000000 0.077543405256
22000000 0.044238105234
24000000 0.030360697364
26000000 0.02517420575
28000000 0.02282500332
30000000 0.021304502835
35000000 0.018120794721
40000000 0.015453600518
45000000 0.0132033010732
50000000 0.0115582006015
55000000 0.0097250403507
60000000 0.0085883695296
65000000 0.0073930499808
70000000 0.0065947802661
75000000 0.005675529321
80000000 0.0050920897368
90000000 0.0040376406096
100000000 0.0032868804921
110000000 0.002748530372
120000000 0.0023482392424
130000000 0.0020467199218
140000000 0.0018041098075
150000000 0.0015978503052
160000000 0.0014251997868
180000000 0.00116964997957
200000000 0.00098791096606
#Header 
#Target 63 143 0
#Product 64 144 0
#Datapoints 46
1000000 0
1000000 0
2000000 6.70250007255E-10
3000000 1.30917005541E-6
4000000 9.2413608688632E-5
5000000 0.00112357995336
6000000 0.0056234399892
7000000 0.015478299737
8000000 0.0210616025088
9000000 0.028859506116
10000000 0.0261801007518
11000000 0.0216005986
12000000 0.0157471015
13000000 0.010616497977816
14000000 0.00712500998125
15000000 0.00502301970954
16000000 0.003796849612
17000000 0.0030627699102
18000000 0.002577869856
19000000 0.0022342804305
20000000 0.001959630272
22000000 0.0015125295753
24000000 0.00116243998916
26000000 0.00091603299335
28000000 0.0007573909194
30000000 0.00065335005549
35000000 0.00051177405334
40000000 0.0004327109626
45000000 0.00039776308537
50000000 0.00035722694283
55000000 0.00033763996839
60000000 0.00030698194944
65000000 0.00029036590968
70000000 0.00026605598469
75000000 0.0002521649988
80000000 0.00023244707328
90000000 0.00020445306544
100000000 0.00017658804366
110000000 0.0001595669306
120000000 0.000137885994302
130000000 0.00012120300237
140000000 0.000113224994575
150000000 0.0001017310098
160000000 8.7183995554E-5
180000000 6.6181502449E-5
200000000 5.4772597882E-5
