#Header 
#Target 49 125 1
#Product 0 1 0
#Datapoints 45
1000000 0
2000000 8.78737584E-7
3000000 0.0002993886071
4000000 0.007296260756
5000000 0.04994837105
6000000 0.16951902828
7000000 0.3849916798
8000000 0.6831926625
9000000 1.0152698498
10000000 1.337100160806
11000000 1.694833249752
12000000 2.085509307429
13000000 2.459937848
14000000 2.763489675
15000000 3.014857581
16000000 3.213218888
17000000 3.363798282
18000000 3.5014188
19000000 3.642447226
20000000 3.802904765
22000000 4.13600022
24000000 4.447503787
26000000 4.675882445
28000000 4.841167035
30000000 5.001782121
35000000 5.382373832
40000000 5.605582458
45000000 5.786597204
50000000 5.904709713
55000000 6.001159104
60000000 6.05487227
65000000 6.088208391
70000000 6.121505702
75000000 6.159110958
80000000 6.188012904
90000000 6.313860375
100000000 6.432508236
110000000 6.58955644
120000000 6.754526663
130000000 6.921355489
140000000 7.090819407
150000000 7.254495261
160000000 7.41392365
180000000 7.847238448
200000000 8.309504583
#Header 
#Target 49 125 1
#Product 1 1 0
#Datapoints 45
1000000 0
2000000 4.854459234E-17
3000000 8.573954823E-13
4000000 2.6825491658E-10
5000000 8.21072373E-9
6000000 2.1905934765E-7
7000000 5.349692362E-6
8000000 5.655175725E-5
9000000 0.0003000868529
10000000 0.001017367679745
11000000 0.002559790636974
12000000 0.00521421505662
13000000 0.009123570826
14000000 0.014344962
15000000 0.02088398716
16000000 0.0287379162
17000000 0.03780725004
18000000 0.0479188854
19000000 0.05894474366
20000000 0.07186869195
22000000 0.0991516424
24000000 0.12965008914
26000000 0.1624770745
28000000 0.1969507947
30000000 0.2320115735
35000000 0.319499752
40000000 0.4042939383
45000000 0.4826488576
50000000 0.5541251247
55000000 0.6172293312
60000000 0.674546448
65000000 0.7269464597
70000000 0.7729983352
75000000 0.813768697
80000000 0.8513182477
90000000 0.916779525
100000000 0.968517726
110000000 1.011826938
120000000 1.0483246728
130000000 1.0803814662
140000000 1.1093189598
150000000 1.1362492755
160000000 1.162312956
180000000 1.212014856
200000000 1.271819367
#Header 
#Target 49 125 1
#Product 1 2 0
#Datapoints 41
1000000 0
6000000 0
7000000 3.748604244E-15
8000000 3.4737763755E-10
9000000 1.3850818328E-7
10000000 6.676322108679E-6
11000000 9.08972767107E-5
12000000 0.0005421567114114
13000000 0.001765142196
14000000 0.003866586925
15000000 0.006684754372
16000000 0.009993151316
17000000 0.01359416448
18000000 0.0173185722
19000000 0.02105272488
20000000 0.0247211657
22000000 0.03171556944
24000000 0.03815452697
26000000 0.043978051
28000000 0.04931748243
30000000 0.05416432441
35000000 0.064556184
40000000 0.07309452255
45000000 0.08013091726
50000000 0.08600052468
55000000 0.09032897088
60000000 0.0951609802
65000000 0.09877802424
70000000 0.10256354732
75000000 0.105938518
80000000 0.10955227962
90000000 0.106313025
100000000 0.10553668719
110000000 0.10238542912
120000000 0.09942140411
130000000 0.09633412162
140000000 0.09374794119
150000000 0.09173397537
160000000 0.0902176835
180000000 0.09351342048
200000000 0.10255757922
#Header 
#Target 49 125 1
#Product 1 3 0
#Datapoints 41
1000000 0
6000000 0
7000000 2.298431688E-15
8000000 2.2285114875E-12
9000000 4.1443377866E-10
10000000 3.332043056439E-8
11000000 1.397612960289E-6
12000000 1.715421134838E-5
13000000 9.528640646E-5
14000000 0.000304984485
15000000 0.0006859184732
16000000 0.001235767448
17000000 0.001927473882
18000000 0.00272461197
19000000 0.00359219839
20000000 0.00449971214
22000000 0.00634491972
24000000 0.008135335044
26000000 0.009818548935
28000000 0.011370397677
30000000 0.012787718783
35000000 0.015597111728
40000000 0.01737822534
45000000 0.01862859993
50000000 0.01971911214
55000000 0.02090064384
60000000 0.0221803121
65000000 0.02365416869
70000000 0.02529803588
75000000 0.02719621982
80000000 0.02927249366
90000000 0.034127505
100000000 0.03957914268
110000000 0.04294612052
120000000 0.04598623668
130000000 0.04860940969
140000000 0.05109269454
150000000 0.05339285352
160000000 0.0560940044
180000000 0.06370657752
200000000 0.07374075975
#Header 
#Target 49 125 1
#Product 2 3 0
#Datapoints 33
1000000 0
14000000 0
15000000 2.373374895E-20
16000000 4.033779844E-17
17000000 1.381822602E-14
18000000 1.66331814E-12
19000000 7.596555912E-11
20000000 1.64980794E-9
22000000 1.70866104E-7
24000000 4.571875607E-6
26000000 4.492355335E-5
28000000 0.0001955821905
30000000 0.0005037390687
35000000 0.001838600896
40000000 0.003579121602
45000000 0.005364107334
50000000 0.007044164463
55000000 0.008584019712
60000000 0.009822947965
65000000 0.010956951165
70000000 0.01195517934
75000000 0.012950114702
80000000 0.013915030303
90000000 0.01594834125
100000000 0.01819746522
110000000 0.01967646532
120000000 0.02114258605
130000000 0.02261129059
140000000 0.02408967486
150000000 0.02557227888
160000000 0.0270576152
180000000 0.02969132496
200000000 0.0321262659
#Header 
#Target 49 125 1
#Product 2 4 0
#Datapoints 45
1000000 0
2000000 2.1911306004E-16
3000000 1.2495185901E-12
4000000 1.0291331988E-10
5000000 2.5706680548E-9
6000000 3.203005161E-8
7000000 2.651117819E-7
8000000 1.6432024665E-6
9000000 7.978278905E-6
10000000 3.08359323387E-5
11000000 9.24788878542E-5
12000000 0.0002312876688675
13000000 0.0004865129093
14000000 0.0009150922025
15000000 0.001664861444
16000000 0.00350609502
17000000 0.008245110024
18000000 0.01099611738
19000000 0.011699603982
20000000 0.00737973885
22000000 0.007719487508
24000000 0.008585673292
26000000 0.00949415818
28000000 0.010335371442
30000000 0.011080418013
35000000 0.0124465374
40000000 0.013591205313
45000000 0.014375349307
50000000 0.014900835075
55000000 0.0155815488
60000000 0.0163971648
65000000 0.01770725536
70000000 0.0196353365
75000000 0.02240404012
80000000 0.02571828115
90000000 0.0342432225
100000000 0.04184812335
110000000 0.04732199064
120000000 0.04990184078
130000000 0.05065438755
140000000 0.05041806714
150000000 0.05017730481
160000000 0.0501129965
180000000 0.05971830376
200000000 0.07706882538
#Header 
#Target 49 125 1
#Product 44 100 0
#Datapoints 9
1000000 0
110000000 0
120000000 3.818274843E-13
130000000 2.1359896237E-9
140000000 3.515630256E-7
150000000 4.4534006397E-6
160000000 1.395879737E-5
180000000 0.000114267988608
200000000 0.00041548698252
#Header 
#Target 49 125 1
#Product 44 101 0
#Datapoints 9
1000000 0
110000000 0
120000000 8.813990018E-11
130000000 8.4954190562E-8
140000000 3.1165806807E-6
150000000 1.3425397344E-5
160000000 2.606970562E-5
180000000 0.00012624304656
200000000 0.00026905698234
#Header 
#Target 49 125 1
#Product 44 102 0
#Datapoints 10
1000000 0
100000000 0
110000000 1.541571848E-12
120000000 9.1031696936E-9
130000000 9.6841696715E-7
140000000 7.4750595417E-6
150000000 2.0591300331E-5
160000000 3.822619591E-5
180000000 0.000106766996112
200000000 0.00014874599592
#Header 
#Target 49 125 1
#Product 45 101 0
#Datapoints 8
1000000 0
120000000 0
130000000 5.612200191E-13
140000000 1.4114997576E-9
150000000 1.4176898298E-7
160000000 1.778899661E-6
180000000 2.4954802608E-5
200000000 0.00011389899942
#Header 
#Target 49 125 1
#Product 45 102 0
#Datapoints 9
1000000 0
110000000 0
120000000 8.703136004E-15
130000000 1.955128907E-10
140000000 7.7058904014E-8
150000000 2.3402099376E-6
160000000 1.126190037E-5
180000000 8.000320532E-5
200000000 0.00028300404321
#Header 
#Target 49 125 1
#Product 45 103 0
#Datapoints 9
1000000 0
110000000 0
120000000 1.478350059E-12
130000000 2.0828799215E-9
140000000 1.4000597199E-7
150000000 1.01338999569E-6
160000000 2.422380254E-6
180000000 1.1861696288E-5
200000000 2.7227694024E-5
#Header 
#Target 49 125 1
#Product 45 104 0
#Datapoints 10
1000000 0
100000000 0
110000000 1.87286082E-14
120000000 2.228748445E-10
130000000 6.7463303359E-8
140000000 1.09261994013E-6
150000000 3.5680593555E-6
160000000 6.842129413E-6
180000000 2.4951994632E-5
200000000 3.5871099048E-5
#Header 
#Target 49 125 1
#Product 45 105 0
#Datapoints 10
1000000 0
100000000 0
110000000 4.60209922E-11
120000000 5.4946304388E-8
130000000 2.6431003536E-6
140000000 1.7212396185E-5
150000000 4.4066106216E-5
160000000 7.383129131E-5
180000000 0.00015988496864
200000000 0.00018793103328
#Header 
#Target 49 125 1
#Product 45 106 0
#Datapoints 11
1000000 0
90000000 0
100000000 2.181776553E-14
110000000 1.968410508E-10
120000000 2.6511398859E-8
130000000 3.3314298801E-7
140000000 1.3458903759E-6
150000000 2.4582798126E-6
160000000 3.398219797E-6
180000000 6.1953594832E-6
200000000 8.7735101751E-6
#Header 
#Target 49 125 1
#Product 46 102 0
#Datapoints 8
1000000 0
120000000 0
130000000 8.9456393675E-9
140000000 3.0926600361E-6
150000000 5.3897297094E-5
160000000 0.0001828520386
180000000 0.001407850448
200000000 0.004541979285
#Header 
#Target 49 125 1
#Product 46 103 0
#Datapoints 9
1000000 0
110000000 0
120000000 5.747750972E-10
130000000 1.16691988828E-6
140000000 4.7849093469E-5
150000000 0.00022371904449
160000000 0.0004503910026
180000000 0.0022916603016
200000000 0.0045648099153
#Header 
#Target 49 125 1
#Product 46 104 0
#Datapoints 10
1000000 0
100000000 0
110000000 1.7245441E-11
120000000 1.9488594652E-7
130000000 2.5737201587E-5
140000000 0.00022254899931
150000000 0.00063594998478
160000000 0.001231590633
180000000 0.0036244003536
200000000 0.004518030339
#Header 
#Target 49 125 1
#Product 46 105 0
#Datapoints 11
1000000 0
90000000 0
100000000 6.148787799E-14
110000000 1.1156400802E-8
120000000 5.4097403482E-6
130000000 0.000109662994268
140000000 0.00055387992429
150000000 0.00122598004977
160000000 0.001751870141
180000000 0.0033268402032
200000000 0.0046989403047
#Header 
#Target 49 125 1
#Product 46 106 0
#Datapoints 11
1000000 0
90000000 0
100000000 4.166672367E-10
110000000 1.29942003924E-6
120000000 4.7607105961E-5
130000000 0.00037383199929
140000000 0.00093809902356
150000000 0.00118630010754
160000000 0.001490570249
180000000 0.002858910552
200000000 0.0036699595263
#Header 
#Target 49 125 1
#Product 46 107 0
#Datapoints 12
1000000 0
80000000 0
90000000 3.75082875E-13
100000000 3.0031405371E-8
110000000 3.4845893744E-6
120000000 5.1824393368E-5
130000000 0.00014213798162
140000000 0.00016195202451
150000000 0.00019532400624
160000000 0.0002539579623
180000000 0.000365027994
200000000 0.00044490299112
#Header 
#Target 49 125 1
#Product 46 108 0
#Datapoints 13
1000000 0
75000000 0
80000000 1.755299339E-15
90000000 4.523330475E-9
100000000 2.6965993725E-6
110000000 9.813950078E-5
120000000 0.00045743500169
130000000 0.00064534703244
140000000 0.0006748290414
150000000 0.00081062102448
160000000 0.0009421420148
180000000 0.0011906102592
200000000 0.0013256102358
#Header 
#Target 49 125 1
#Product 46 109 0
#Datapoints 14
1000000 0
70000000 0
75000000 3.819575956E-15
80000000 7.069619012E-12
90000000 3.982149975E-8
100000000 4.5369801081E-6
110000000 3.0203698956E-5
120000000 4.5137400239E-5
130000000 4.477529763E-5
140000000 5.2202294802E-5
150000000 6.2120002131E-5
160000000 7.688889677E-5
180000000 9.4510394136E-5
200000000 9.8897800905E-5
#Header 
#Target 49 125 1
#Product 46 110 0
#Datapoints 15
1000000 0
65000000 0
70000000 2.38693793E-14
75000000 2.524778312E-11
80000000 4.956079549E-9
90000000 2.8069305375E-6
100000000 4.0078896099E-5
110000000 8.788220094E-5
120000000 9.0380896975E-5
130000000 0.000100650996242
140000000 0.00012550695957
150000000 0.00015426697059
160000000 0.0001746620456
180000000 0.00019173002304
200000000 0.00022892899887
#Header 
#Target 49 125 1
#Product 46 111 0
#Datapoints 16
1000000 0
60000000 0
65000000 9.202343108E-15
70000000 1.95147654E-11
75000000 4.3703806104E-9
80000000 1.34535006625E-7
90000000 3.4746094125E-6
100000000 7.3324706499E-6
110000000 7.01655975E-6
120000000 8.6259301414E-6
130000000 1.2947903471E-5
140000000 1.8183797406E-5
150000000 2.3159200509E-5
160000000 2.738510593E-5
180000000 3.5740700496E-5
200000000 4.8582298881E-5
#Header 
#Target 49 125 1
#Product 46 112 0
#Datapoints 17
1000000 0
55000000 0
60000000 6.684443445E-13
65000000 9.586799911E-10
70000000 9.42399991E-8
75000000 1.37511003742E-6
80000000 6.1794203495E-6
90000000 2.002109775E-5
100000000 2.244699567E-5
110000000 2.7782092616E-5
120000000 4.3272298859E-5
130000000 5.944809602E-5
140000000 7.2651906747E-5
150000000 8.0021296566E-5
160000000 8.862669592E-5
180000000 0.000110645995768
200000000 0.00016370501031
#Header 
#Target 49 125 1
#Product 46 113 0
#Datapoints 18
1000000 0
50000000 0
55000000 2.023952832E-12
60000000 1.634059752E-9
65000000 9.6165803771E-8
70000000 9.4987406774E-7
75000000 2.9892204552E-6
80000000 4.7386500013E-6
90000000 5.0708005125E-6
100000000 6.3032002275E-6
110000000 1.023559897E-5
120000000 1.4844303978E-5
130000000 1.9300696405E-5
140000000 2.290509387E-5
150000000 2.61740979E-5
160000000 3.050129957E-5
180000000 4.9551499416E-5
200000000 7.8353806194E-5
#Header 
#Target 49 125 1
#Product 46 114 0
#Datapoints 20
1000000 0
40000000 0
45000000 2.35612608E-14
50000000 1.2159898359E-10
55000000 2.5994094912E-8
60000000 5.194630257E-7
65000000 2.3552693283E-6
70000000 4.6105900438E-6
75000000 5.578020077E-6
80000000 5.5642292198E-6
90000000 6.3428605125E-6
100000000 1.1412698781E-5
110000000 1.789659882E-5
120000000 2.3893204456E-5
130000000 2.950540417E-5
140000000 3.3815897577E-5
150000000 4.2149203461E-5
160000000 5.747310331E-5
180000000 0.000109075993592
200000000 0.00017730703413
#Header 
#Target 49 125 1
#Product 46 115 0
#Datapoints 21
1000000 0
35000000 0
40000000 5.030292666E-14
45000000 1.945620834E-10
50000000 2.0351497698E-8
55000000 2.0722293504E-7
60000000 5.096200741E-7
65000000 6.0046096911E-7
70000000 5.4677691978E-7
75000000 5.1201498166E-7
80000000 5.7750594567E-7
90000000 1.16362007625E-6
100000000 2.4889102359E-6
110000000 4.1146904352E-6
120000000 5.6132099384E-6
130000000 6.998450218E-6
140000000 9.7702390431E-6
150000000 1.6392895047E-5
160000000 2.617429969E-5
180000000 5.4573404544E-5
200000000 8.4776196672E-5
#Header 
#Target 49 125 1
#Product 46 116 0
#Datapoints 22
1000000 0
30000000 0
35000000 3.47365788E-12
40000000 1.5982189419E-9
45000000 4.6377897149E-8
50000000 2.4484304019E-7
55000000 4.5769193856E-7
60000000 4.9656506215E-7
65000000 4.7514403337E-7
70000000 5.015069839E-7
75000000 6.868999396E-7
80000000 1.09021000759E-6
90000000 2.4116401125E-6
100000000 4.1832399345E-6
110000000 5.6197099832E-6
120000000 7.15136031E-6
130000000 1.06983999884E-5
140000000 2.0120102514E-5
150000000 3.683399823E-5
160000000 5.812219931E-5
180000000 0.00011276499872
200000000 0.00015814997199
#Header 
#Target 49 125 1
#Product 47 103 0
#Datapoints 7
1000000 0
130000000 0
140000000 5.771076444E-10
150000000 7.9538700519E-7
160000000 2.892150163E-5
180000000 0.00071431900048
200000000 0.002035229841
#Header 
#Target 49 125 1
#Product 47 104 0
#Datapoints 8
1000000 0
120000000 0
130000000 3.697118029E-11
140000000 3.8152606635E-7
150000000 3.1600307214E-5
160000000 0.0002485950488
180000000 0.0016218300672
200000000 0.0036306404307
#Header 
#Target 49 125 1
#Product 47 105 0
#Datapoints 9
1000000 0
110000000 0
120000000 2.198591718E-13
130000000 9.4146898734E-9
140000000 1.05356996703E-6
150000000 1.08874997946E-5
160000000 3.11599988E-5
180000000 0.00012114497064
200000000 0.00020834605512
#Header 
#Target 49 125 1
#Product 47 106 0
#Datapoints 10
1000000 0
100000000 0
110000000 2.686653324E-16
120000000 3.8748802702E-9
130000000 1.15837999899E-6
140000000 2.028400461E-5
150000000 8.0491699215E-5
160000000 0.0001771270361
180000000 0.00046680598688
200000000 0.00060827308857
#Header 
#Target 49 125 1
#Product 47 107 0
#Datapoints 10
1000000 0
100000000 0
110000000 2.25201684E-10
120000000 1.8591796251E-7
130000000 5.9819006062E-6
140000000 3.6551997117E-5
150000000 8.8370597043E-5
160000000 0.0001307509434
180000000 0.00024093002784
200000000 0.00032839299801
#Header 
#Target 49 125 1
#Product 47 108 0
#Datapoints 11
1000000 0
90000000 0
100000000 3.750910779E-12
110000000 7.2934404588E-8
120000000 7.3467898254E-6
130000000 8.3734491974E-5
140000000 0.00029587502313
150000000 0.00047367904203
160000000 0.0006073240082
180000000 0.00089918298904
200000000 0.00103144002561
#Header 
#Target 49 125 1
#Product 47 109 0
#Datapoints 12
1000000 0
80000000 0
90000000 1.8281145E-14
100000000 4.8375394023E-9
110000000 1.8141703396E-6
120000000 3.8411895719E-5
130000000 0.0001912589521
140000000 0.00035097901236
150000000 0.00044159200479
160000000 0.0005184220762
180000000 0.00065243393448
200000000 0.00066486998718
#Header 
#Target 49 125 1
#Product 47 110 0
#Datapoints 12
1000000 0
80000000 0
90000000 1.493185875E-10
100000000 3.4447704753E-7
110000000 1.26643998564E-5
120000000 7.9129704488E-5
130000000 0.00017374897152
140000000 0.00023756692716
150000000 0.00030723903666
160000000 0.000348847926
180000000 0.00041823404456
200000000 0.00047523902094
#Header 
#Target 49 125 1
#Product 47 111 0
#Datapoints 14
1000000 0
70000000 0
75000000 1.763018838E-16
80000000 1.0088188416E-12
90000000 2.624209275E-8
100000000 1.9606700487E-6
110000000 1.6996898532E-5
120000000 4.743669918E-5
130000000 6.8344496238E-5
140000000 8.4742101045E-5
150000000 9.428060457E-5
160000000 0.00010453299927
180000000 0.00012890304104
200000000 0.00016209002745
#Header 
#Target 49 125 1
#Product 47 112 0
#Datapoints 15
1000000 0
65000000 0
70000000 2.804395022E-15
75000000 4.034871302E-11
80000000 1.4934703952E-8
90000000 6.8032801875E-6
100000000 0.000109984002678
110000000 0.000442049027
120000000 0.00072706992073
130000000 0.00081130491921
140000000 0.0008707659813
150000000 0.00093340498491
160000000 0.0010076801238
180000000 0.001227340244
200000000 0.0015040903959
#Header 
#Target 49 125 1
#Product 47 113 0
#Datapoints 16
1000000 0
60000000 0
65000000 7.266078572E-14
70000000 1.664369382E-10
75000000 2.0509394528E-8
80000000 3.1793295881E-7
90000000 6.0580705875E-6
100000000 2.9304807873E-5
110000000 5.5024291296E-5
120000000 6.9926397442E-5
130000000 8.0901194255E-5
140000000 9.435411009E-5
150000000 0.000111278998737
160000000 0.000140413028
180000000 0.00020378702176
200000000 0.00026451203562
#Header 
#Target 49 125 1
#Product 47 114 0
#Datapoints 17
1000000 0
55000000 0
60000000 1.640068495E-12
65000000 3.5007600809E-9
70000000 2.9490596304E-7
75000000 3.8754005948E-6
80000000 1.8059503372E-5
90000000 0.000133203996
100000000 0.00030195204963
110000000 0.00037947504584
120000000 0.00041990605729
130000000 0.00045340494487
140000000 0.00054617697387
150000000 0.0006798960216
160000000 0.0008786199786
180000000 0.0012717394392
200000000 0.0016836097401
#Header 
#Target 49 125 1
#Product 47 115 0
#Datapoints 19
1000000 0
45000000 0
50000000 8.625222984E-16
55000000 2.376019008E-11
60000000 6.3583994995E-9
65000000 1.11466001679E-7
70000000 5.6088003998E-7
75000000 1.8718403732E-6
80000000 4.9460804198E-6
90000000 1.431569775E-5
100000000 2.08893069E-5
110000000 2.413979752E-5
120000000 2.9327294524E-5
130000000 4.2445905636E-5
140000000 6.5478103191E-5
150000000 0.000100339005996
160000000 0.0001345919932
180000000 0.00020998305184
200000000 0.00026005401729
#Header 
#Target 49 125 1
#Product 47 116 0
#Datapoints 20
1000000 0
40000000 0
45000000 8.248529027E-15
50000000 2.035515657E-10
55000000 3.9445595136E-8
60000000 5.549400157E-7
65000000 2.656840754E-6
70000000 9.5493701836E-6
75000000 2.4783198426E-5
80000000 4.2643495783E-5
90000000 6.07145025E-5
100000000 6.7016195202E-5
110000000 7.2589601144E-5
120000000 9.2825899709E-5
130000000 0.00014473703435
140000000 0.00021842095176
150000000 0.00029531195523
160000000 0.0003900500212
180000000 0.00051987495608
200000000 0.00069219401229
#Header 
#Target 49 125 1
#Product 47 117 0
#Datapoints 21
1000000 0
35000000 0
40000000 2.664496716E-12
45000000 1.9921807795E-9
50000000 4.9271095818E-8
55000000 3.4234990848E-7
60000000 1.7646894575E-6
65000000 5.9631406667E-6
70000000 1.23186989874E-5
75000000 1.7322293198E-5
80000000 2.0900498086E-5
90000000 2.3005596375E-5
100000000 2.6902395861E-5
110000000 4.7882301176E-5
120000000 0.000104089005328
130000000 0.00017832695345
140000000 0.00026629895961
150000000 0.00035210693853
160000000 0.0004343510654
180000000 0.00057851994952
200000000 0.0006531859737
#Header 
#Target 49 125 1
#Product 47 118 0
#Datapoints 22
1000000 0
30000000 0
35000000 1.4259398648E-11
40000000 3.6218405223E-9
45000000 5.978510558E-8
50000000 6.2686901991E-7
55000000 4.0310799552E-6
60000000 1.1294900218E-5
65000000 1.8007392616E-5
70000000 2.133849575E-5
75000000 2.2475795538E-5
80000000 2.2566895608E-5
90000000 2.7144703125E-5
100000000 6.882619689E-5
110000000 0.0001850349872
120000000 0.00035483702024
130000000 0.00055596598738
140000000 0.00072643094271
150000000 0.00090952506135
160000000 0.0010439499371
180000000 0.00127985058
200000000 0.0014020699806
#Header 
#Target 49 125 1
#Product 47 119 0
#Datapoints 25
1000000 0
24000000 0
26000000 1.145988831E-14
28000000 2.784877842E-13
30000000 3.579428174E-12
35000000 4.122867232E-10
40000000 2.8414803648E-8
45000000 5.4263301631E-7
50000000 2.6389393506E-6
55000000 5.412780288E-6
60000000 6.932500763E-6
65000000 7.214279914E-6
70000000 7.2267299364E-6
75000000 7.6314992614E-6
80000000 9.8578607357E-6
90000000 5.2234504875E-5
100000000 0.0001850870604
110000000 0.00039346700284
120000000 0.00061880997833
130000000 0.0008193019948
140000000 0.00101049998634
150000000 0.00115573000752
160000000 0.001280689417
180000000 0.0014557495424
200000000 0.001604800485
#Header 
#Target 49 125 1
#Product 47 120 0
#Datapoints 25
1000000 0
24000000 0
26000000 4.97537482E-15
28000000 4.587419166E-13
30000000 1.635238052E-11
35000000 4.4985307048E-9
40000000 7.4517300858E-8
45000000 2.6516203718E-7
50000000 4.203539256E-7
55000000 4.5997403904E-7
60000000 4.563259214E-7
65000000 4.7272400368E-7
70000000 6.9481692722E-7
75000000 2.670580143E-6
80000000 1.0665699656E-5
90000000 5.24872935E-5
100000000 0.000118864002906
110000000 0.00019057104708
120000000 0.00025288304414
130000000 0.0002998229574
140000000 0.00034807599855
150000000 0.00037620607338
160000000 0.0004159150436
180000000 0.00045210001232
200000000 0.0004688000361
#Header 
#Target 49 125 1
#Product 47 121 0
#Datapoints 28
1000000 0
19000000 0
20000000 2.54056176E-15
22000000 1.3585689764E-13
24000000 2.694629217E-12
26000000 2.73006799E-11
28000000 1.69886106E-10
30000000 7.7057939E-10
35000000 1.041070008E-8
40000000 2.8578702915E-8
45000000 3.6445098151E-8
50000000 3.6044793981E-8
55000000 4.05740016E-8
60000000 1.4987699801E-7
65000000 1.7907392011E-6
70000000 1.04556994438E-5
75000000 3.2017302422E-5
80000000 6.629960678E-5
90000000 0.0001584549975
100000000 0.00025266694431
110000000 0.00033839500256
120000000 0.00040326893009
130000000 0.00045835302705
140000000 0.00049850894691
150000000 0.00053670995478
160000000 0.0005536779192
180000000 0.00059465491136
200000000 0.00060942689712
#Header 
#Target 49 125 1
#Product 47 122 0
#Datapoints 21
1000000 0
35000000 0
40000000 3.934015029E-14
45000000 1.5902496395E-11
50000000 7.62322827E-10
55000000 8.856809568E-8
60000000 1.46922995265E-6
65000000 7.2387691517E-6
70000000 1.851350748E-5
75000000 3.3390604828E-5
80000000 4.8152904362E-5
90000000 7.455789525E-5
100000000 9.7099995927E-5
110000000 0.000114007005688
120000000 0.00012570700786
130000000 0.00013593295042
140000000 0.00014608496232
150000000 0.00015085698993
160000000 0.000157578953
180000000 0.00016239899576
200000000 0.00016466995035
#Header 
#Target 49 125 1
#Product 48 104 0
#Datapoints 7
1000000 0
130000000 0
140000000 3.5711202267E-9
150000000 6.4900501686E-6
160000000 5.521899635E-5
180000000 0.00050766499968
200000000 0.00125667963
#Header 
#Target 49 125 1
#Product 48 105 0
#Datapoints 8
1000000 0
120000000 0
130000000 5.843092135E-10
140000000 1.07468007903E-5
150000000 0.00012464093889
160000000 0.0003682870191
180000000 0.002053649384
200000000 0.0035390502585
#Header 
#Target 49 125 1
#Product 48 106 0
#Datapoints 9
1000000 0
110000000 0
120000000 8.589419744E-10
130000000 8.0890009003E-6
140000000 0.00014788305594
150000000 0.00058101602805
160000000 0.001221860248
180000000 0.0038567301552
200000000 0.0059242396005
#Header 
#Target 49 125 1
#Product 48 107 0
#Datapoints 9
1000000 0
110000000 0
120000000 4.0395896345E-6
130000000 0.00013446393712
140000000 0.00080999201016
150000000 0.0018285595011
160000000 0.00291214014
180000000 0.0059842399712
200000000 0.0098238797595
#Header 
#Target 49 125 1
#Product 48 108 0
#Datapoints 11
1000000 0
90000000 0
100000000 4.33267197E-13
110000000 1.4336194048E-6
120000000 9.2225292197E-5
130000000 0.00102216994787
140000000 0.0027979997157
150000000 0.0037976693814
160000000 0.005223109605
180000000 0.0107395994584
200000000 0.013446995706
#Header 
#Target 49 125 1
#Product 48 109 0
#Datapoints 11
1000000 0
90000000 0
100000000 3.269810214E-7
110000000 5.284909356E-5
120000000 0.00113849999089
130000000 0.0040720504597
140000000 0.0053383701807
150000000 0.006633919998
160000000 0.009092760803
180000000 0.01302189984
200000000 0.014831496144
#Header 
#Target 49 125 1
#Product 48 110 0
#Datapoints 12
1000000 0
80000000 0
90000000 2.56143045E-8
100000000 2.1153605154E-5
110000000 0.00092139404512
120000000 0.0048214495191
130000000 0.0071860802897
140000000 0.0078908802048
150000000 0.0098977798341
160000000 0.011766400548
180000000 0.015068096832
200000000 0.01578989619
#Header 
#Target 49 125 1
#Product 48 111 0
#Datapoints 13
1000000 0
75000000 0
80000000 1.695530646E-10
90000000 1.10986000125E-6
100000000 0.00015840497607
110000000 0.00108667011028
120000000 0.0016304294405
130000000 0.0016298303994
140000000 0.0018218599218
150000000 0.0020713099374
160000000 0.002452890188
180000000 0.0028771493632
200000000 0.0028591899534
#Header 
#Target 49 125 1
#Product 48 112 0
#Datapoints 15
1000000 0
65000000 0
70000000 3.274844222E-12
75000000 3.173369906E-9
80000000 5.1769203623E-7
90000000 0.000425907
100000000 0.0059581102812
110000000 0.0123551002212
120000000 0.0115935003477
130000000 0.0109897998437
140000000 0.0121763001546
150000000 0.013610297835
160000000 0.01459219881
180000000 0.014388898384
200000000 0.013761904563
#Header 
#Target 49 125 1
#Product 48 113 0
#Datapoints 16
1000000 0
60000000 0
65000000 2.988310028E-12
70000000 5.1546793376E-9
75000000 1.592590629E-6
80000000 4.4262501897E-5
90000000 0.00090347603625
100000000 0.0017295703656
110000000 0.0014305305708
120000000 0.0013165003621
130000000 0.0015250002944
140000000 0.001780779843
150000000 0.002109629592
160000000 0.002421610058
180000000 0.0025808095568
200000000 0.0026962405335
#Header 
#Target 49 125 1
#Product 48 114 0
#Datapoints 18
1000000 0
50000000 0
55000000 1.713705984E-14
60000000 7.478711725E-10
65000000 1.16839999579E-6
70000000 8.6571499612E-5
75000000 0.00096641194818
80000000 0.0040539600586
90000000 0.011746599975
100000000 0.0102232000728
110000000 0.008412139736
120000000 0.0091840397468
130000000 0.0106720007692
140000000 0.0121023998262
150000000 0.012937195278
160000000 0.01336379674
180000000 0.014213796792
200000000 0.014829401484
#Header 
#Target 49 125 1
#Product 48 115 0
#Datapoints 19
1000000 0
45000000 0
50000000 1.646571255E-13
55000000 4.6184603328E-9
60000000 3.122639357E-6
65000000 7.6556399958E-5
70000000 0.0004012480459
75000000 0.00085918901838
80000000 0.00102637999112
90000000 0.00077402200875
100000000 0.00069480302001
110000000 0.00088019400492
120000000 0.00125403996574
130000000 0.0016783799604
140000000 0.0020015099622
150000000 0.0023447597679
160000000 0.002623069596
180000000 0.0029425704648
200000000 0.0028964597733
#Header 
#Target 49 125 1
#Product 48 116 0
#Datapoints 20
1000000 0
40000000 0
45000000 6.845403673E-10
50000000 2.4637203864E-6
55000000 0.00017544304512
60000000 0.0014474599676
65000000 0.0040659207612
70000000 0.0060354800714
75000000 0.0061615605044
80000000 0.0053315505708
90000000 0.004872469875
100000000 0.0064948306335
110000000 0.0089380397392
120000000 0.0113788989413
130000000 0.013250297518
140000000 0.015362199423
150000000 0.016461099567
160000000 0.01733179567
180000000 0.017873703232
200000000 0.019816705485
#Header 
#Target 49 125 1
#Product 48 117 0
#Datapoints 22
1000000 0
30000000 0
35000000 3.729796048E-15
40000000 6.5225803503E-9
45000000 5.448780615E-6
50000000 0.00010954599684
55000000 0.00033667996032
60000000 0.0004510340646
65000000 0.00040808403398
70000000 0.00034331592542
75000000 0.00032552406124
80000000 0.00033680996397
90000000 0.000503794035
100000000 0.00092098291164
110000000 0.0014121003084
120000000 0.0019413106137
130000000 0.0023565896175
140000000 0.0026764696971
150000000 0.0028603896192
160000000 0.003100049799
180000000 0.0033312002672
200000000 0.0034609799529
#Header 
#Target 49 125 1
#Product 48 118 0
#Datapoints 24
1000000 0
26000000 0
28000000 3.125376063E-12
30000000 1.3796393268E-9
35000000 1.00394996328E-5
40000000 0.00055645203159
45000000 0.0026232302
50000000 0.0046466901621
55000000 0.0051660104832
60000000 0.004627950388
65000000 0.0041949493823
70000000 0.0042837092168
75000000 0.0048320997424
80000000 0.0059126805569
90000000 0.009273669825
100000000 0.0134250002535
110000000 0.01720770322
120000000 0.01983149688
130000000 0.022151202204
140000000 0.023617497915
150000000 0.025129403379
160000000 0.02569020244
180000000 0.026818504856
200000000 0.027346298328
#Header 
#Target 49 125 1
#Product 48 119 0
#Datapoints 27
1000000 0
20000000 0
22000000 1.966020764E-12
24000000 1.2535896593E-9
26000000 1.2708499661E-7
28000000 3.1774695258E-6
30000000 3.3580193094E-5
35000000 0.00074974497664
40000000 0.0021305206272
45000000 0.0027429600999
50000000 0.0025802002611
55000000 0.0021981398976
60000000 0.0020837497315
65000000 0.0022943193734
70000000 0.0026987599444
75000000 0.0033188095416
80000000 0.0040845798877
90000000 0.0059003895375
100000000 0.0075247691574
110000000 0.0086637802584
120000000 0.0094557803506
130000000 0.0101597997374
140000000 0.0104061002616
150000000 0.0108528994944
160000000 0.011069599625
180000000 0.0112930005816
200000000 0.0111681999639
#Header 
#Target 49 125 1
#Product 48 120 0
#Datapoints 35
1000000 0
12000000 0
13000000 1.422820484E-13
14000000 1.324929375E-11
15000000 4.316295452E-10
16000000 8.1885804936E-9
17000000 1.05273003024E-7
18000000 8.610990171E-7
19000000 4.7500699378E-6
20000000 1.604320465E-5
22000000 0.00015776894912
24000000 0.0007146830182
26000000 0.0018357299935
28000000 0.0032571806799
30000000 0.0047156201596
35000000 0.0066005600144
40000000 0.006075969669
45000000 0.0048201599933
50000000 0.0041858000352
55000000 0.0046590494976
60000000 0.0054965504615
65000000 0.0068322294461
70000000 0.0089336986414
75000000 0.0114307006352
80000000 0.0140004993909
90000000 0.018535099125
100000000 0.021719304915
110000000 0.023972499948
120000000 0.025465299518
130000000 0.0260828942
140000000 0.026777305782
150000000 0.026804793438
160000000 0.02700450074
180000000 0.026656293888
200000000 0.026384605011
#Header 
#Target 49 125 1
#Product 48 121 0
#Datapoints 41
1000000 0
6000000 0
7000000 7.858857342E-15
8000000 2.025197421E-12
9000000 1.5496853388E-10
10000000 3.6733308644727E-9
11000000 5.1532610089185E-8
12000000 4.9209896335731E-7
13000000 3.4582005153E-6
14000000 1.70651996E-5
15000000 7.5018194912E-5
16000000 0.00032875695072
17000000 0.0012877002894
18000000 0.002536829574
19000000 0.0035591698274
20000000 0.00283377996
22000000 0.0037664295352
24000000 0.0044711506809
26000000 0.0046892600235
28000000 0.0045142606293
30000000 0.0041145400492
35000000 0.0028694594632
40000000 0.0021229898172
45000000 0.0024168396752
50000000 0.0030934296057
55000000 0.003827899296
60000000 0.005009249975
65000000 0.0065348897992
70000000 0.0081339098516
75000000 0.0096368908244
80000000 0.0108602991942
90000000 0.0127858999125
100000000 0.013885997037
110000000 0.014467900876
120000000 0.014725404732
130000000 0.014926895936
140000000 0.014766100146
150000000 0.014670399708
160000000 0.01451769809
180000000 0.014004205672
200000000 0.013474901232
#Header 
#Target 49 125 1
#Product 48 122 0
#Datapoints 45
1000000 0
2000000 0
3000000 1.24582007513E-12
4000000 1.02629980784E-10
5000000 2.56259006489E-9
6000000 3.19069005336E-8
7000000 2.639869701E-7
8000000 1.6356500694E-6
9000000 7.9396599902E-6
10000000 3.0679405349661E-5
11000000 9.191841717663E-5
12000000 0.00022928502039618
13000000 0.00047873401942
14000000 0.00088312401375
15000000 0.0015403403756
16000000 0.00300331967
17000000 0.0063060898164
18000000 0.007288670997
19000000 0.006638449785
20000000 0.0034267999645
22000000 0.0024401906844
24000000 0.0019160394673
26000000 0.001495489996
28000000 0.00119309986563
30000000 0.0010202699745
35000000 0.001500329996
40000000 0.0027926294424
45000000 0.003877599596
50000000 0.0057673001442
55000000 0.0085404103488
60000000 0.011516599265
65000000 0.0142200002517
70000000 0.016659996808
75000000 0.018468197986
80000000 0.019982704517
90000000 0.021985395375
100000000 0.023000305185
110000000 0.023362004092
120000000 0.02317039709
130000000 0.022796796223
140000000 0.022363798734
150000000 0.022008801249
160000000 0.02140160337
180000000 0.020117797368
200000000 0.019134300168
#Header 
#Target 49 125 1
#Product 48 123 0
#Datapoints 31
1000000 0
16000000 0
17000000 7.85494656E-15
18000000 9.08591172E-13
19000000 4.060553684E-11
20000000 8.67577986E-10
22000000 8.716629242E-8
24000000 2.2508906518E-6
26000000 2.0865493675E-5
28000000 8.0869308372E-5
30000000 0.00016784193104
35000000 0.00033908896208
40000000 0.00082459693659
45000000 0.0018013304234
50000000 0.0028973992299
55000000 0.003880760544
60000000 0.0047484604275
65000000 0.0054417394686
70000000 0.0059865296842
75000000 0.0063869900486
80000000 0.0066143796079
90000000 0.0070680096375
100000000 0.0071783497566
110000000 0.0070588892892
120000000 0.0068432292137
130000000 0.0067122798476
140000000 0.0064561406535
150000000 0.0062443298916
160000000 0.005998879838
180000000 0.0055241797616
200000000 0.0051457196457
#Header 
#Target 49 125 1
#Product 48 124 0
#Datapoints 31
1000000 0
16000000 0
17000000 3.700384566E-15
18000000 8.20486728E-14
19000000 8.6094624E-13
20000000 9.439789975E-12
22000000 2.8627998016E-9
24000000 1.9516198521E-7
26000000 3.805229714E-6
28000000 3.2246508426E-5
30000000 0.000146091000657
35000000 0.001321589962
40000000 0.0035821403352
45000000 0.0059325100012
50000000 0.007944830502
55000000 0.0095464598976
60000000 0.010825599942
65000000 0.0118002008114
70000000 0.0125118006312
75000000 0.0130283998194
80000000 0.0133978014491
90000000 0.0136526004
100000000 0.013571004051
110000000 0.013281301256
120000000 0.0128554001441
130000000 0.0122469993931
140000000 0.0119229003945
150000000 0.0113348000025
160000000 0.011016899327
180000000 0.0100509996224
200000000 0.0091503895482
#Header 
#Target 49 125 1
#Product 49 107 0
#Datapoints 7
1000000 0
130000000 0
140000000 3.9804896097E-7
150000000 2.3471898606E-5
160000000 0.00010855600182
180000000 0.00034723597088
200000000 0.00070955304156
#Header 
#Target 49 125 1
#Product 49 108 0
#Datapoints 8
1000000 0
120000000 0
130000000 3.9573004027E-7
140000000 4.3961795793E-5
150000000 0.00028616298129
160000000 0.0006774680346
180000000 0.0016436694856
200000000 0.0020455995717
#Header 
#Target 49 125 1
#Product 49 109 0
#Datapoints 9
1000000 0
110000000 0
120000000 3.306719282E-7
130000000 4.1286093697E-5
140000000 0.00039002998122
150000000 0.00121913997057
160000000 0.002017070664
180000000 0.0032882204624
200000000 0.003864310227
#Header 
#Target 49 125 1
#Product 49 110 0
#Datapoints 10
1000000 0
100000000 0
110000000 5.5431806632E-8
120000000 2.9919702088E-5
130000000 0.00050690600436
140000000 0.0021867599079
150000000 0.0037514301516
160000000 0.00461879033
180000000 0.0063181497856
200000000 0.0061173602703
#Header 
#Target 49 125 1
#Product 49 111 0
#Datapoints 11
1000000 0
90000000 0
100000000 1.898069613E-8
110000000 2.7616099072E-5
120000000 0.00078981293165
130000000 0.0041728796861
140000000 0.0085290503418
150000000 0.0112323999933
160000000 0.01360019605
180000000 0.014806102008
200000000 0.012785699907
#Header 
#Target 49 125 1
#Product 49 112 0
#Datapoints 12
1000000 0
80000000 0
90000000 2.21902875E-11
100000000 1.4656203342E-6
110000000 8.5567893712E-5
120000000 0.00059321492366
130000000 0.0014281099469
140000000 0.0020251194318
150000000 0.0024434195688
160000000 0.002585670283
180000000 0.0025159097672
200000000 0.0022682805489
#Header 
#Target 49 125 1
#Product 49 113 0
#Datapoints 13
1000000 0
75000000 0
80000000 2.024909517E-12
90000000 5.333580525E-6
100000000 0.0005950489875
110000000 0.005642450124
120000000 0.016031994245
130000000 0.023076996908
140000000 0.026642504772
150000000 0.027752296518
160000000 0.02679750451
180000000 0.023690597312
200000000 0.022336104348
#Header 
#Target 49 125 1
#Product 49 114 0
#Datapoints 14
1000000 0
70000000 0
75000000 8.846542642E-11
80000000 6.2570495363E-8
90000000 3.4327901625E-5
100000000 0.00048730999482
110000000 0.0017702496228
120000000 0.0029462503415
130000000 0.0035963292922
140000000 0.0039016503117
150000000 0.0038922504048
160000000 0.003802990492
180000000 0.0037362999744
200000000 0.0037189303497
#Header 
#Target 49 125 1
#Product 49 115 0
#Datapoints 16
1000000 0
60000000 0
65000000 5.654556407E-12
70000000 8.9944206144E-8
75000000 1.23436003222E-5
80000000 0.00019247694114
90000000 0.004128719925
100000000 0.019039205625
110000000 0.03344719858
120000000 0.038136501239
130000000 0.039196805031
140000000 0.03813350049
150000000 0.037047100554
160000000 0.03479720097
180000000 0.03228739948
200000000 0.029897105454
#Header 
#Target 49 125 1
#Product 49 116 0
#Datapoints 17
1000000 0
55000000 0
60000000 4.62437514E-11
65000000 1.3419900603E-7
70000000 7.4636499288E-6
75000000 6.2282000942E-5
80000000 0.00022769897391
90000000 0.0013622599875
100000000 0.0028670705316
110000000 0.0038623597
120000000 0.004372570699
130000000 0.0045646595863
140000000 0.0046339994295
150000000 0.0045547702209
160000000 0.004665120768
180000000 0.0043559894728
200000000 0.0041053497354
#Header 
#Target 49 125 1
#Product 49 117 0
#Datapoints 19
1000000 0
45000000 0
50000000 2.24452872E-12
55000000 2.337590016E-7
60000000 4.4555502765E-5
65000000 0.00054752490769
70000000 0.0024610395966
75000000 0.0076104293804
80000000 0.017959698097
90000000 0.043310798625
100000000 0.053209695495
110000000 0.055263692396
120000000 0.054697198735
130000000 0.052508406334
140000000 0.051349899348
150000000 0.048897697239
160000000 0.04815099485
180000000 0.045319204248
200000000 0.041492095884
#Header 
#Target 49 125 1
#Product 49 118 0
#Datapoints 20
1000000 0
40000000 0
45000000 2.277763851E-11
50000000 8.6176402872E-7
55000000 4.268409696E-5
60000000 0.000232887002
65000000 0.00073551400589
70000000 0.0020050396964
75000000 0.0039529002282
80000000 0.0060451003356
90000000 0.008997429675
100000000 0.0105119994309
110000000 0.0112483993188
120000000 0.0112880999888
130000000 0.0114445992757
140000000 0.0113088002661
150000000 0.011155499397
160000000 0.010786400009
180000000 0.0104962995936
200000000 0.0102416003478
#Header 
#Target 49 125 1
#Product 49 119 0
#Datapoints 22
1000000 0
30000000 0
35000000 1.1288985928E-14
40000000 1.41081008838E-6
45000000 0.00020921201128
50000000 0.00150800993007
55000000 0.0053526702528
60000000 0.01585059264
65000000 0.033649594098
70000000 0.053013500124
75000000 0.067196003392
80000000 0.074648307302
90000000 0.081732699375
100000000 0.08207579688
110000000 0.079338301688
120000000 0.077457701569
130000000 0.07441760726
140000000 0.071834201082
150000000 0.070350607116
160000000 0.06876741004
180000000 0.064353407232
200000000 0.061330003983
#Header 
#Target 49 125 1
#Product 49 120 0
#Datapoints 23
1000000 0
28000000 0
30000000 2.165890244E-11
35000000 1.863950308E-5
40000000 0.00044296608972
45000000 0.00157269997447
50000000 0.0050721696627
55000000 0.0129817007424
60000000 0.02185710111
65000000 0.029535799458
70000000 0.03388499127
75000000 0.037036996108
80000000 0.039415900507
90000000 0.040640305125
100000000 0.040264709298
110000000 0.039222501496
120000000 0.037950403677
130000000 0.03738189667
140000000 0.036612302832
150000000 0.034526097117
160000000 0.03432389373
180000000 0.032192497
200000000 0.030379994406
#Header 
#Target 49 125 1
#Product 49 121 0
#Datapoints 27
1000000 0
20000000 0
22000000 7.84755826E-10
24000000 1.5531396309E-6
26000000 5.9629696685E-5
28000000 0.00040471000977
30000000 0.00117878994625
35000000 0.0048329502144
40000000 0.0147173994933
45000000 0.04045320584
50000000 0.074151393876
55000000 0.098491391424
60000000 0.11383598815
65000000 0.119463988366
70000000 0.122977995036
75000000 0.124190998806
80000000 0.12360099891
90000000 0.11691499575
100000000 0.111649006095
110000000 0.105633999964
120000000 0.100066002538
130000000 0.094671099871
140000000 0.088558002729
150000000 0.086486103702
160000000 0.08126700085
180000000 0.074110093056
200000000 0.068189596551
#Header 
#Target 49 125 1
#Product 49 122 0
#Datapoints 33
1000000 0
14000000 0
15000000 1.437928471E-12
16000000 1.6228002984E-9
17000000 1.5060494634E-7
18000000 3.137240043E-6
19000000 2.282599902E-5
20000000 8.9161207685E-5
22000000 0.00039268304128
24000000 0.00083593402132
26000000 0.00130707998655
28000000 0.0018512997795
30000000 0.0027609604302
35000000 0.0088224204464
40000000 0.018955497414
45000000 0.027191406597
50000000 0.032618796567
55000000 0.03609790272
60000000 0.0377154993
65000000 0.039008407557
70000000 0.039397501962
75000000 0.039401899334
80000000 0.039147406431
90000000 0.037544098875
100000000 0.035970800712
110000000 0.033992295456
120000000 0.03199539773
130000000 0.030356204543
140000000 0.029295196965
150000000 0.027518205357
160000000 0.02671210479
180000000 0.024340199456
200000000 0.02226309381
#Header 
#Target 49 125 1
#Product 49 123 0
#Datapoints 41
1000000 0
6000000 0
7000000 1.9760995772E-15
8000000 1.5267974535E-12
9000000 2.4673160906E-10
10000000 2.059540257141E-8
11000000 8.914581606042E-7
12000000 1.1279899843188E-5
13000000 6.4972200214E-5
14000000 0.00021605902725
15000000 0.00050327299846
16000000 0.00094437896008
17000000 0.0015936196542
18000000 0.002589980136
19000000 0.0039808999736
20000000 0.005799469456
22000000 0.0120686002684
24000000 0.022784400439
26000000 0.039220597585
28000000 0.061067907201
30000000 0.084247095513
35000000 0.133129998936
40000000 0.158951012094
45000000 0.16991200676
50000000 0.17330294541
55000000 0.17281506816
60000000 0.16927896285
65000000 0.16480400684
70000000 0.15759796702
75000000 0.15123098004
80000000 0.14452504961
90000000 0.1311390075
100000000 0.119210997279
110000000 0.109309001136
120000000 0.10111799398
130000000 0.092922100987
140000000 0.087123498426
150000000 0.082402701543
160000000 0.07759159163
180000000 0.069218598864
200000000 0.062828896131
#Header 
#Target 49 125 1
#Product 49 124 0
#Datapoints 41
1000000 0
6000000 0
7000000 3.159071699E-15
8000000 2.9162476575E-10
9000000 1.15780993513E-7
10000000 5.5492809089913E-6
11000000 7.5561304819842E-5
12000000 0.00045593903020548
13000000 0.0015239798932
14000000 0.003473369955
15000000 0.0063504599751
16000000 0.010157999676
17000000 0.014861005134
18000000 0.02019830169
19000000 0.025683601504
20000000 0.03250260244
22000000 0.04405470484
24000000 0.054043898464
26000000 0.06171469369
28000000 0.067318396728
30000000 0.071862705593
35000000 0.079435595976
40000000 0.081900394821
45000000 0.081761304234
50000000 0.080186892492
55000000 0.07629531264
60000000 0.074472400535
65000000 0.071158308609
70000000 0.069644397134
75000000 0.066010897134
80000000 0.062935303318
90000000 0.05644480425
100000000 0.051622002894
110000000 0.047259305092
120000000 0.043538603774
130000000 0.041548997731
140000000 0.038388701331
150000000 0.036107497422
160000000 0.03433429622
180000000 0.030626001832
200000000 0.027509902911
#Header 
#Target 49 125 1
#Product 49 125 0
#Datapoints 46
1000000 0
1000000 0
2000000 4.745520096E-17
3000000 4.9626996303E-13
4000000 8.5776885252E-11
5000000 2.9790995377E-9
6000000 1.59041033091E-7
7000000 4.3325902347E-6
8000000 4.627809738E-5
9000000 0.000246282978721
10000000 0.0008369760827934
11000000 0.0021115604041659
12000000 0.0042950708384358
13000000 0.007410800264
14000000 0.011250095225
15000000 0.015414600612
16000000 0.019544200468
17000000 0.023217005988
18000000 0.02634600021
19000000 0.028740001114
20000000 0.030557795455
22000000 0.033078198672
24000000 0.034543106096
26000000 0.034811100545
28000000 0.034721102379
30000000 0.034017893462
35000000 0.031754108584
40000000 0.028636706175
45000000 0.025443006138
50000000 0.022626007089
55000000 0.019549999296
60000000 0.017205406545
65000000 0.015421297211
70000000 0.0135986995378
75000000 0.011717101193
80000000 0.0104254000336
90000000 0.0081891096375
100000000 0.0066495197505
110000000 0.0055379395244
120000000 0.0046428801798
130000000 0.0040628504634
140000000 0.0035655402366
150000000 0.0032025003021
160000000 0.002868299518
180000000 0.002359760236
200000000 0.0020321902566
#Header 
#Target 49 125 1
#Product 50 111 0
#Datapoints 10
1000000 0
100000000 0
110000000 1.072339106E-9
120000000 9.4500700409E-6
130000000 0.00013657597588
140000000 0.00026780803389
150000000 0.00022566594006
160000000 0.000198356956
180000000 0.00020508805064
200000000 0.00016738497882
#Header 
#Target 49 125 1
#Product 50 112 0
#Datapoints 11
1000000 0
90000000 0
100000000 1.584480315E-9
110000000 1.8227097472E-5
120000000 0.00036855904014
130000000 0.0009221999867
140000000 0.00082909902645
150000000 0.00068688894762
160000000 0.0006326479558
180000000 0.00048297199048
200000000 0.00046705204233
#Header 
#Target 49 125 1
#Product 50 113 0
#Datapoints 11
1000000 0
90000000 0
100000000 1.760899602E-6
110000000 3.969869564E-5
120000000 8.9381895763E-5
130000000 8.7602197749E-5
140000000 8.0338402233E-5
150000000 7.2387505665E-5
160000000 6.481879922E-5
180000000 6.0165198472E-5
200000000 4.712240232E-5
#Header 
#Target 49 125 1
#Product 50 114 0
#Datapoints 13
1000000 0
75000000 0
80000000 4.165049411E-12
90000000 3.59210985E-5
100000000 0.0019145602476
110000000 0.0068215904404
120000000 0.0072599606276
130000000 0.0054479098431
140000000 0.0039697204653
150000000 0.0031653595062
160000000 0.002823149805
180000000 0.0022134895672
200000000 0.0016268502726
#Header 
#Target 49 125 1
#Product 50 115 0
#Datapoints 14
1000000 0
70000000 0
75000000 1.37303999616E-7
80000000 4.3252000317E-5
90000000 0.004378880625
100000000 0.01702160658
110000000 0.018202992712
120000000 0.0123741998623
130000000 0.0084150497308
140000000 0.0067456292454
150000000 0.0058471600059
160000000 0.004925230247
180000000 0.0035499498912
200000000 0.0028089495333
#Header 
#Target 49 125 1
#Product 50 116 0
#Datapoints 16
1000000 0
60000000 0
65000000 6.2901704857E-8
70000000 4.5355400818E-5
75000000 0.00132405997766
80000000 0.0088677709442
90000000 0.040260601875
100000000 0.038925901377
110000000 0.024299797804
120000000 0.016119099353
130000000 0.01217750026
140000000 0.0099901899801
150000000 0.0084001803129
160000000 0.007136489605
180000000 0.005046620056
200000000 0.0039280902966
#Header 
#Target 49 125 1
#Product 50 117 0
#Datapoints 17
1000000 0
55000000 0
60000000 7.533870945E-6
65000000 0.00053595297914
70000000 0.0041106800722
75000000 0.0105217996436
80000000 0.0142044999421
90000000 0.0109782996
100000000 0.0068078503581
110000000 0.005168738902
120000000 0.0041750305995
130000000 0.0034337496299
140000000 0.0028992697524
150000000 0.0024446597625
160000000 0.00209153021
180000000 0.0016086894504
200000000 0.0012445201287
#Header 
#Target 49 125 1
#Product 50 118 0
#Datapoints 19
1000000 0
45000000 0
50000000 1.7201697807E-5
55000000 0.0027679200768
60000000 0.03120600731
65000000 0.097358105943
70000000 0.14782601223
75000000 0.14567397166
80000000 0.11245099684
90000000 0.056573494875
100000000 0.03591119796
110000000 0.025757595732
120000000 0.019673402914
130000000 0.015998301364
140000000 0.012985494561
150000000 0.010759900914
160000000 0.009223259374
180000000 0.0070426893448
200000000 0.0055332201087
#Header 
#Target 49 125 1
#Product 50 119 0
#Datapoints 21
1000000 0
35000000 0
40000000 1.6855106436E-8
45000000 0.00090961495279
50000000 0.02221629228
55000000 0.080859995712
60000000 0.122068991495
65000000 0.111484993517
70000000 0.07819479655
75000000 0.051528899534
80000000 0.035487307321
90000000 0.02183999925
100000000 0.015403599717
110000000 0.011578201172
120000000 0.0091069898895
130000000 0.0073625997621
140000000 0.0061345400463
150000000 0.0053183897442
160000000 0.00463423058
180000000 0.003604570356
200000000 0.0029581300548
#Header 
#Target 49 125 1
#Product 50 120 0
#Datapoints 22
1000000 0
30000000 0
35000000 0.0030053205248
40000000 0.093369001278
45000000 0.30842892037
50000000 0.39174801267
55000000 0.29724801984
60000000 0.18149296505
65000000 0.112973008539
70000000 0.08033260352
75000000 0.062613198816
80000000 0.050926002871
90000000 0.036297901875
100000000 0.027756701973
110000000 0.022148098916
120000000 0.018464103979
130000000 0.015617294228
140000000 0.013569495354
150000000 0.0119028994929
160000000 0.010764199957
180000000 0.0087306004472
200000000 0.0073302696522
#Header 
#Target 49 125 1
#Product 50 121 0
#Datapoints 25
1000000 0
24000000 0
26000000 0.00041918194695
28000000 0.0078255506055
30000000 0.030488902927
35000000 0.099504095504
40000000 0.088255196736
45000000 0.044759893224
50000000 0.023481000312
55000000 0.016301699712
60000000 0.013178299847
65000000 0.010977899373
70000000 0.0094495402716
75000000 0.0082355291844
80000000 0.0072443590891
90000000 0.005717629425
100000000 0.0047566599795
110000000 0.0040343702136
120000000 0.0034956997188
130000000 0.0030862198013
140000000 0.0027237595842
150000000 0.0024759896805
160000000 0.002252539926
180000000 0.001876770592
200000000 0.0015980696442
#Header 
#Target 49 125 1
#Product 50 122 0
#Datapoints 32
1000000 0
15000000 0
16000000 0.0002446540386
17000000 0.0055899706422
18000000 0.02840699709
19000000 0.07817220587
20000000 0.1597359984
22000000 0.3930400514
24000000 0.63321401083
26000000 0.801440081
28000000 0.86313603522
30000000 0.8006039566
35000000 0.43014009984
40000000 0.21992592972
45000000 0.145991000059
50000000 0.113188009641
55000000 0.092810090304
60000000 0.07834730513
65000000 0.06775240388
70000000 0.058945598244
75000000 0.052091800642
80000000 0.046528303429
90000000 0.0381430965
100000000 0.031618895517
110000000 0.026905403812
120000000 0.023228995775
130000000 0.020429495841
140000000 0.01824319449
150000000 0.016316398035
160000000 0.01485060199
180000000 0.01238270024
200000000 0.010526900022
#Header 
#Target 49 125 1
#Product 50 123 0
#Datapoints 38
1000000 0
9000000 0
10000000 0.003250610160453
11000000 0.045751506672204
12000000 0.14738505003849
13000000 0.28040698368
14000000 0.4026729945
15000000 0.51288702618
16000000 0.60216700604
17000000 0.66944901732
18000000 0.7161279816
19000000 0.73621989012
20000000 0.7239529748
22000000 0.60336100484
24000000 0.43323594107
26000000 0.29762302765
28000000 0.21446105049
30000000 0.16903796546
35000000 0.121112004376
40000000 0.099422907276
45000000 0.083452299619
50000000 0.071569097649
55000000 0.061821890496
60000000 0.05374369116
65000000 0.04781879946
70000000 0.042433792934
75000000 0.03772890569
80000000 0.033635107434
90000000 0.0271106955
100000000 0.022299905364
110000000 0.018672996016
120000000 0.015915802529
130000000 0.013909898408
140000000 0.0123844998789
150000000 0.0110410004457
160000000 0.010040799419
180000000 0.0082628200808
200000000 0.0070619995638
#Header 
#Target 49 125 1
#Product 50 124 0
#Datapoints 46
1000000 0
1000000 4.48674953244E-14
2000000 2.76812031804E-7
3000000 0.000123645995073
4000000 0.00331189002318
5000000 0.023525800427
6000000 0.0813004945962
7000000 0.186451983648
8000000 0.332728001055
9000000 0.49613503561
10000000 0.6413951378061
11000000 0.68592709774179
12000000 0.61912502504685
13000000 0.49432400906
14000000 0.3863029745
15000000 0.2980769632
16000000 0.2376440352
17000000 0.20044400976
18000000 0.1762790265
19000000 0.16078103602
20000000 0.1508759494
22000000 0.136557001508
24000000 0.126552994486
26000000 0.11813799699
28000000 0.110333008854
30000000 0.103232004477
35000000 0.086707396952
40000000 0.07386330609
45000000 0.063118297256
50000000 0.053939706093
55000000 0.046954707264
60000000 0.040986499205
65000000 0.036332003103
70000000 0.03179400731
75000000 0.027878398128
80000000 0.02467229325
90000000 0.019531407375
100000000 0.015862700172
110000000 0.013248094644
120000000 0.0114238001031
130000000 0.0098719098243
140000000 0.0087079299129
150000000 0.0078148800351
160000000 0.007031689665
180000000 0.0058802702168
200000000 0.0049423700529
#Header 
#Target 49 125 1
#Product 50 125 0
#Datapoints 46
1000000 0
1000000 1.73548026729E-13
2000000 9.1016587812E-8
3000000 2.1656697744E-5
4000000 0.000360740975052
5000000 0.0018456399702
6000000 0.00490364930241
7000000 0.0090042496208
8000000 0.0134710997685
9000000 0.0175048029981
10000000 0.020882503465668
11000000 0.023344106403402
12000000 0.025065500581383
13000000 0.025690702218
14000000 0.025999697375
15000000 0.025812304149
16000000 0.02544009864
17000000 0.025067901234
18000000 0.02461259601
19000000 0.023959807498
20000000 0.0233922964
22000000 0.021946605932
24000000 0.020393802715
26000000 0.018835094395
28000000 0.017557600845
30000000 0.016376698947
35000000 0.0138389997944
40000000 0.0117186005076
45000000 0.0100280990706
50000000 0.0085895600217
55000000 0.0073857505536
60000000 0.0063600708055
65000000 0.005686490385
70000000 0.0049057303438
75000000 0.0043610697158
80000000 0.0037639695719
90000000 0.002963730525
100000000 0.0023816293314
110000000 0.0019973204136
120000000 0.0017069004021
130000000 0.0014905904609
140000000 0.0013166897139
150000000 0.00117823995252
160000000 0.0010618299888
180000000 0.00088767597448
200000000 0.0006060340134
#Header 
#Target 49 125 1
#Product 50 126 0
#Datapoints 46
1000000 0
1000000 2.93871965457E-16
2000000 1.05650012868E-10
3000000 6.044769744E-8
4000000 2.0133399305E-6
5000000 1.84265002192E-5
6000000 7.40906912901E-5
7000000 0.000181560006222
8000000 0.00032713801326
9000000 0.000462413984956
10000000 0.00053426209865733
11000000 0.00053810408041659
12000000 0.00050740101319455
13000000 0.00046750795887
14000000 0.0004298849845
15000000 0.00039975494165
16000000 0.0003780530488
17000000 0.00035522898942
18000000 0.0003381589467
19000000 0.00032530699938
20000000 0.00031113998905
22000000 0.00028502607348
24000000 0.00026544993642
26000000 0.0002521730341
28000000 0.00024091094859
30000000 0.00022568392819
35000000 0.00020851599648
40000000 0.0001899510627
45000000 0.00017779604066
50000000 0.00016345095942
55000000 0.00015227499744
60000000 0.000140355007565
65000000 0.000132365992683
70000000 0.000121523996334
75000000 0.000113487004694
80000000 0.00010534600598
90000000 9.061171425E-5
100000000 7.9358702313E-5
110000000 6.9994005856E-5
120000000 5.9614498684E-5
130000000 5.4115299375E-5
140000000 4.9613405931E-5
150000000 4.3165095066E-5
160000000 3.702909819E-5
180000000 2.9712698752E-5
200000000 1.9556304336E-5
