#Header 
#Target 88 213 0
#Product 0 1 0
#Datapoints 41
1000000 0
6000000 0
7000000 0.00013257593225
8000000 0.0038059143584
9000000 0.01905741376
10000000 0.06486864325458
11000000 0.1326996064155
12000000 0.2342292203416
13000000 0.3612879063236
14000000 0.497207449524
15000000 0.6237363221542
16000000 0.7295804097605
17000000 0.888967457104
18000000 1.17735249465
19000000 1.46653838912
20000000 1.67186705271
22000000 1.9008981648
24000000 2.00898816165
26000000 2.12976377646
28000000 2.39749240258
30000000 2.57159043696
35000000 2.76096616506
40000000 2.92382292288
45000000 3.15530946548
50000000 3.2944098079
55000000 3.40950810208
60000000 3.4992589788
65000000 3.6073935144
70000000 3.7185188404
75000000 3.80985456896
80000000 3.90754791944
90000000 4.08734374288
100000000 4.25931722856
110000000 4.41690205056
120000000 4.55738746409
130000000 4.69044091308
140000000 4.80761268911
150000000 4.92059354744
160000000 5.0351071287
180000000 5.26934380686
200000000 5.52456535152
#Header 
#Target 88 213 0
#Product 1 1 0
#Datapoints 45
1000000 0
2000000 0
3000000 4.0069701E-18
4000000 1.340261804E-12
5000000 3.397932090384E-9
6000000 5.38330863E-7
7000000 1.877162675E-5
8000000 0.00015561184804
9000000 0.000740793405
10000000 0.00136036749516
11000000 0.00247387169375
12000000 0.00438754889128
13000000 0.00849352255244
14000000 0.0176111500845
15000000 0.03210747569876
16000000 0.0512062207232
17000000 0.06961360497488
18000000 0.07531165247799
19000000 0.0752508430688
20000000 0.0793170679715
22000000 0.0989373332988
24000000 0.129008894444
26000000 0.175832262039
28000000 0.219848982894
30000000 0.253367948538
35000000 0.333292836732
40000000 0.435961127952
45000000 0.517645267268
50000000 0.60660923863
55000000 0.669822062208
60000000 0.7334235666
65000000 0.7899261021
70000000 0.84268617252
75000000 0.887396854662
80000000 0.930583480068
90000000 1.000478215184
100000000 1.056033229284
110000000 1.101125945888
120000000 1.136549650331
130000000 1.164216970701
140000000 1.187382949269
150000000 1.20876217088
160000000 1.22817203914
180000000 1.26433266015
200000000 1.30424352024
#Header 
#Target 88 213 0
#Product 1 2 0
#Datapoints 40
1000000 0
7000000 0
8000000 1.1143191433E-17
9000000 1.035948177E-13
10000000 2.105816985716E-11
11000000 4.47853928758E-10
12000000 5.96726249084E-9
13000000 8.7203270048E-8
14000000 1.064933573624E-6
15000000 8.87442073374E-6
16000000 5.08191729201E-5
17000000 0.0002097084992256
18000000 0.0006415880807172
19000000 0.00149297051008
20000000 0.00280710208923
22000000 0.00655883874252
24000000 0.0111393731569
26000000 0.0158813632959
28000000 0.0205624224703
30000000 0.024587735131
35000000 0.033702770052
40000000 0.0406405551376
45000000 0.0471559405721
50000000 0.05330657297
55000000 0.056588164304
60000000 0.06159870315
65000000 0.06455804571
70000000 0.069011909232
75000000 0.071781151917
80000000 0.0757312488064
90000000 0.0751734741648
100000000 0.0746584391736
110000000 0.0721964610432
120000000 0.069903283819
130000000 0.067813440675
140000000 0.0658763629557
150000000 0.064102391556
160000000 0.0624295442802
180000000 0.060072238842
200000000 0.058225310111
#Header 
#Target 88 213 0
#Product 1 3 0
#Datapoints 36
1000000 0
11000000 0
12000000 1.790160789256E-16
13000000 1.3224447203E-13
14000000 5.219651762704E-12
15000000 7.50391566772E-11
16000000 1.06579901523E-9
17000000 1.90487342256E-8
18000000 2.386651355883E-7
19000000 1.91358015968E-6
20000000 1.037422708094E-5
22000000 0.0001045668696624
24000000 0.000385846955825
26000000 0.00086011111647
28000000 0.00147146389233
30000000 0.00215874890422
35000000 0.00397091073924
40000000 0.00566063120832
45000000 0.00725720875757
50000000 0.0086186771281
55000000 0.00973475265824
60000000 0.0108510564843
65000000 0.0119974152213
70000000 0.0132551044198
75000000 0.0145163154494
80000000 0.0159286337364
90000000 0.0190384029072
100000000 0.0226776873636
110000000 0.0252185310272
120000000 0.0276502596123
130000000 0.0300005186673
140000000 0.0323254943649
150000000 0.034694952824
160000000 0.0369495965962
180000000 0.0409974631164
200000000 0.0441642090258
#Header 
#Target 88 213 0
#Product 2 3 0
#Datapoints 38
1000000 0
9000000 0
10000000 4.544158024696E-19
11000000 3.19871798129E-17
12000000 7.67137369412E-16
13000000 9.99005218684E-15
14000000 1.558453184299E-13
15000000 2.771629000374E-12
16000000 3.627480617265E-11
17000000 3.355824076608E-10
18000000 2.308286696604E-9
19000000 1.25367611712E-8
20000000 5.66668086475E-8
22000000 7.57486323072E-7
24000000 6.528745912E-6
26000000 3.84062849952E-5
28000000 0.000155969608649
30000000 0.000424382261828
35000000 0.00181941857358
40000000 0.00377231029776
45000000 0.0059551110493
50000000 0.0080570524219
55000000 0.00974241206784
60000000 0.0113807186244
65000000 0.012727949256
70000000 0.0140639788172
75000000 0.0152099229566
80000000 0.0164363131328
90000000 0.0188468770896
100000000 0.0215139620088
110000000 0.0233122909984
120000000 0.0250358684758
130000000 0.0267392053038
140000000 0.0284055196986
150000000 0.0300768897016
160000000 0.0317274812036
180000000 0.0348966422595
200000000 0.0378654833002
#Header 
#Target 88 213 0
#Product 2 4 0
#Datapoints 45
1000000 0
2000000 6.2311776023E-15
3000000 3.534574968E-11
4000000 3.1648701E-9
5000000 3.182783093906E-7
6000000 9.781457175E-6
7000000 0.00011592804675
8000000 0.00048610353231
9000000 0.001694567336
10000000 0.00393442324874
11000000 0.01042045175477
12000000 0.02543739871688
13000000 0.0524544874392
14000000 0.0927404168743
15000000 0.1439871058814
16000000 0.201501378123
17000000 0.2458712960672
18000000 0.2551200727911
19000000 0.255390293984
20000000 0.26977034002
22000000 0.331767876852
24000000 0.412374544545
26000000 0.489310211076
28000000 0.530888649813
30000000 0.54360497728
35000000 0.585722460942
40000000 0.649180737472
45000000 0.68385326181
50000000 0.66106872015
55000000 0.625452515296
60000000 0.58906671552
65000000 0.53401940739
70000000 0.49917084504
75000000 0.474934140408
80000000 0.457755020096
90000000 0.427462707264
100000000 0.397692803016
110000000 0.37202572608
120000000 0.348311037891
130000000 0.329773044093
140000000 0.311941122526
150000000 0.2974849306
160000000 0.285358888016
180000000 0.263814173217
200000000 0.247489555194
#Header 
#Target 88 213 0
#Product 82 187 0
#Datapoints 8
1000000 0
120000000 0
130000000 3.88779033642E-10
140000000 2.294323515396E-7
150000000 2.95242293292E-6
160000000 1.953692949268E-5
180000000 6.786993855768E-5
200000000 0.000261870153756
#Header 
#Target 88 213 0
#Product 82 188 0
#Datapoints 9
1000000 0
110000000 0
120000000 1.424277674131E-9
130000000 9.580700105418E-7
140000000 9.72703283376E-6
150000000 3.117379542896E-5
160000000 5.4099270059E-5
180000000 0.0002219755528914
200000000 0.0004315595036644
#Header 
#Target 88 213 0
#Product 82 189 0
#Datapoints 10
1000000 0
100000000 0
110000000 3.564530260608E-9
120000000 1.770378426195E-6
130000000 3.393380884194E-5
140000000 3.534362429224E-5
150000000 3.1529066214E-5
160000000 4.146405297876E-5
180000000 8.251532319093E-5
200000000 0.00010331296749074
#Header 
#Target 88 213 0
#Product 83 188 0
#Datapoints 9
1000000 0
110000000 0
120000000 7.67411743478E-16
130000000 1.42351074081E-6
140000000 1.886333002906E-5
150000000 2.840749322648E-5
160000000 3.76702583901E-5
180000000 0.0001255321050795
200000000 0.0001085743221696
#Header 
#Target 88 213 0
#Product 83 189 0
#Datapoints 9
1000000 0
110000000 0
120000000 3.51427881339E-7
130000000 1.328764886442E-5
140000000 3.341474786914E-5
150000000 3.468216621672E-5
160000000 0.00010286093751094
180000000 0.0002767918852251
200000000 0.0004197445212348
#Header 
#Target 88 213 0
#Product 83 190 0
#Datapoints 10
1000000 0
100000000 0
110000000 2.19338710496E-7
120000000 8.24246223762E-5
130000000 0.0001766706360084
140000000 0.00010246105479995
150000000 0.0002129353358736
160000000 0.0003532047287152
180000000 0.0002176627988766
200000000 0.000258815976301
#Header 
#Target 88 213 0
#Product 83 191 0
#Datapoints 11
1000000 0
90000000 0
100000000 7.365789861264E-9
110000000 2.35146759984E-5
120000000 8.855266189659E-5
130000000 8.349345677592E-5
140000000 0.00010408173539852
150000000 0.000184213873424
160000000 0.0002041535763232
180000000 0.0002859677036727
200000000 0.0003283000391526
#Header 
#Target 88 213 0
#Product 83 192 0
#Datapoints 12
1000000 0
80000000 0
90000000 3.33132149664E-10
100000000 3.100613455692E-5
110000000 0.0001673750502912
120000000 0.0001301362834516
130000000 0.00012280897959978
140000000 0.0001764664767591
150000000 0.0001929272841008
160000000 0.0002025434345972
180000000 0.0002631701553222
200000000 0.00025438273467
#Header 
#Target 88 213 0
#Product 83 193 0
#Datapoints 13
1000000 0
75000000 0
80000000 1.135827204028E-12
90000000 7.563747410496E-7
100000000 2.197487861568E-5
110000000 5.4979747192E-5
120000000 8.405976737035E-5
130000000 9.808611031953E-5
140000000 0.00011956190082232
150000000 0.0001547913157888
160000000 0.0001924277737166
180000000 0.0002054063471292
200000000 0.0002021052812392
#Header 
#Target 88 213 0
#Product 83 194 0
#Datapoints 15
1000000 0
65000000 0
70000000 1.6771882736E-14
75000000 3.463042315268E-7
80000000 1.562359170548E-5
90000000 0.0001486151675216
100000000 9.884044730088E-5
110000000 5.251916007648E-5
120000000 5.369803047855E-5
130000000 6.039996595398E-5
140000000 6.19482359122E-5
150000000 6.948224815832E-5
160000000 7.69123846455E-5
180000000 7.70029035153E-5
200000000 7.631431717106E-5
#Header 
#Target 88 213 0
#Product 83 195 0
#Datapoints 17
1000000 0
55000000 0
60000000 8.5807000836E-16
65000000 2.48790381876E-8
70000000 1.051576400452E-6
75000000 9.930903986268E-6
80000000 3.287509249728E-5
90000000 8.562021168976E-5
100000000 9.511586140752E-5
110000000 8.985708777248E-5
120000000 9.467250583348E-5
130000000 0.0001279216521288
140000000 0.0001464768782378
150000000 0.0001457818558912
160000000 0.0001438044774606
180000000 0.000139596514407
200000000 0.0001278044513002
#Header 
#Target 88 213 0
#Product 83 196 0
#Datapoints 18
1000000 0
50000000 0
55000000 2.82886536384E-9
60000000 4.79586355038E-7
65000000 6.00681998097E-6
70000000 2.08671104164E-5
75000000 3.460679289692E-5
80000000 4.727335941284E-5
90000000 4.870245082496E-5
100000000 4.456580176512E-5
110000000 4.86872899168E-5
120000000 6.757204378813E-5
130000000 7.987749786087E-5
140000000 7.630278583169E-5
150000000 7.453142270344E-5
160000000 7.14397963864E-5
180000000 6.628966362522E-5
200000000 6.52130325736E-5
#Header 
#Target 88 213 0
#Product 83 197 0
#Datapoints 20
1000000 0
40000000 0
45000000 2.0963184055E-13
50000000 5.21972036723E-9
55000000 9.524615640416E-7
60000000 1.20405441222E-5
65000000 3.52246750029E-5
70000000 7.5014016931E-5
75000000 0.00011275661041128
80000000 0.00012278399258532
90000000 0.00012903109337296
100000000 0.000128978009055
110000000 0.0002088539369952
120000000 0.0002505393658527
130000000 0.0002352833260374
140000000 0.0002168229018813
150000000 0.0002069265680584
160000000 0.0001847048316418
180000000 0.0001626000423999
200000000 0.0001495185020006
#Header 
#Target 88 213 0
#Product 83 198 0
#Datapoints 22
1000000 0
30000000 0
35000000 3.166507405386E-8
40000000 1.51777471632E-5
45000000 7.157486371272E-5
50000000 0.0001387126970617
55000000 0.00014628456534688
60000000 0.000149768542944
65000000 0.000148748404779
70000000 0.0001352790488404
75000000 0.0001155945219605
80000000 9.616500120084E-5
90000000 0.00010337813354848
100000000 0.0001464985703304
110000000 0.0001472509221024
120000000 0.0001450584236307
130000000 0.0001345073296851
140000000 0.0001257993325732
150000000 0.00011598400957432
160000000 0.00010883801771682
180000000 0.00010558604872704
200000000 0.00010597290176232
#Header 
#Target 88 213 0
#Product 84 189 0
#Datapoints 7
1000000 0
130000000 0
140000000 3.91160649088E-11
150000000 7.452285532496E-7
160000000 2.944709359676E-5
180000000 5.767736083557E-5
200000000 0.0002291769106072
#Header 
#Target 88 213 0
#Product 84 190 0
#Datapoints 8
1000000 0
120000000 0
130000000 1.22547214188E-11
140000000 1.758744703089E-6
150000000 7.363384037664E-5
160000000 0.0002643506126208
180000000 0.0003600807039648
200000000 0.0006135467226044
#Header 
#Target 88 213 0
#Product 84 191 0
#Datapoints 9
1000000 0
110000000 0
120000000 3.57396787845E-14
130000000 4.507292388165E-7
140000000 4.224150649543E-5
150000000 0.0002313849686088
160000000 0.000211572393268
180000000 0.0003238015449102
200000000 0.0003582421135124
#Header 
#Target 88 213 0
#Product 84 192 0
#Datapoints 10
1000000 0
100000000 0
110000000 4.8185763696E-14
120000000 2.698017609675E-7
130000000 4.291441008162E-5
140000000 0.0003566729764466
150000000 0.0002835908929608
160000000 0.0002646234071242
180000000 0.0004029202704282
200000000 0.0003872555680276
#Header 
#Target 88 213 0
#Product 84 193 0
#Datapoints 10
1000000 0
100000000 0
110000000 3.55978052752E-8
120000000 1.727795435188E-5
130000000 0.0002969947246596
140000000 0.0002483065434124
150000000 0.000163728931596
160000000 0.0001830268642736
180000000 0.0001686012990627
200000000 0.0001884421600874
#Header 
#Target 88 213 0
#Product 84 194 0
#Datapoints 11
1000000 0
90000000 0
100000000 9.898578999E-10
110000000 1.2091267420512E-6
120000000 7.748238291954E-5
130000000 0.0001569497377329
140000000 0.000148234195076
150000000 0.0001741827741528
160000000 0.0002187953077234
180000000 0.0002499297750684
200000000 0.0002686231783402
#Header 
#Target 88 213 0
#Product 84 195 0
#Datapoints 12
1000000 0
80000000 0
90000000 1.51459544176E-11
100000000 3.061823496876E-7
110000000 2.8425216112E-5
120000000 6.456497072467E-5
130000000 5.293898802531E-5
140000000 4.332531708901E-5
150000000 4.666287735576E-5
160000000 4.88351509692E-5
180000000 5.321548153782E-5
200000000 5.431527771932E-5
#Header 
#Target 88 213 0
#Product 84 196 0
#Datapoints 13
1000000 0
75000000 0
80000000 2.90222220552E-13
90000000 7.442327681344E-8
100000000 3.65219374716E-5
110000000 0.000228174353872
120000000 0.000347016135698
130000000 0.0003680984845377
140000000 0.0003741498748449
150000000 0.0004047749965504
160000000 0.0004556472703822
180000000 0.0005177377874676
200000000 0.0005166830964896
#Header 
#Target 88 213 0
#Product 84 197 0
#Datapoints 15
1000000 0
65000000 0
70000000 1.6706318144E-13
75000000 3.82310054566E-10
80000000 9.196785322384E-8
90000000 3.154131468336E-5
100000000 0.000194605245468
110000000 0.0002766959795232
120000000 0.0002386330743157
130000000 0.0002109018284499
140000000 0.0002106028778535
150000000 0.0002049388424904
160000000 0.0001931965790924
180000000 0.0001915178603289
200000000 0.000191343548367
#Header 
#Target 88 213 0
#Product 84 198 0
#Datapoints 17
1000000 0
55000000 0
60000000 1.30591161171E-14
65000000 5.5353580902E-10
70000000 1.354988052492E-7
75000000 7.416333103364E-6
80000000 7.054278779548E-5
90000000 0.000511340511464
100000000 0.0008021957858388
110000000 0.0008120958149248
120000000 0.0007424210137544
130000000 0.0007515200412807
140000000 0.0007597078027022
150000000 0.0007605884212944
160000000 0.0007595035078616
180000000 0.0008163816374595
200000000 0.0008192282555938
#Header 
#Target 88 213 0
#Product 84 199 0
#Datapoints 18
1000000 0
50000000 0
55000000 4.44235345952E-14
60000000 2.6152591716E-10
65000000 3.31352028828E-8
70000000 7.74040619824E-7
75000000 5.931440698428E-6
80000000 1.88546214472E-5
90000000 4.88645929808E-5
100000000 5.916557593044E-5
110000000 5.718656618464E-5
120000000 5.917663935381E-5
130000000 6.215601143895E-5
140000000 6.453619606555E-5
150000000 7.051107194096E-5
160000000 7.585897553012E-5
180000000 8.489916183777E-5
200000000 9.256193093152E-5
#Header 
#Target 88 213 0
#Product 84 200 0
#Datapoints 20
1000000 0
40000000 0
45000000 1.157838159901E-10
50000000 1.061309287521E-7
55000000 7.549353551264E-6
60000000 8.73426698055E-5
65000000 0.000282945898116
70000000 0.000557337565576
75000000 0.0007579493785986
80000000 0.0008506980321488
90000000 0.0008093449982272
100000000 0.0006952356918324
110000000 0.0006110470092672
120000000 0.0005857460439849
130000000 0.0005648878658673
140000000 0.000567152489651
150000000 0.0005663956029552
160000000 0.0005898745605886
180000000 0.0006102574556967
200000000 0.0006432826868292
#Header 
#Target 88 213 0
#Product 84 201 0
#Datapoints 22
1000000 0
30000000 0
35000000 2.56548653892E-11
40000000 1.740264678928E-8
45000000 1.2796501530149E-6
50000000 1.053302526025E-5
55000000 3.17385112128E-5
60000000 8.44588100142E-5
65000000 0.0001424722851486
70000000 0.000169261464438
75000000 0.000183274025317
80000000 0.0001656855079396
90000000 0.00013153098274304
100000000 0.00010943972111736
110000000 9.796549222304E-5
120000000 8.71889041936E-5
130000000 8.25559044639E-5
140000000 8.071082413889E-5
150000000 8.062394221032E-5
160000000 7.998184498586E-5
180000000 7.992033330981E-5
200000000 8.170713264148E-5
#Header 
#Target 88 213 0
#Product 84 202 0
#Datapoints 26
1000000 0
22000000 0
24000000 8.3383994579E-15
26000000 6.3829435449E-12
28000000 5.07477745287E-10
30000000 8.574360992624E-9
35000000 1.3311883686126E-6
40000000 2.033380799744E-5
45000000 0.00011495178171617
50000000 0.000386252245045
55000000 0.0007114868708096
60000000 0.000890359544475
65000000 0.000914775220197
70000000 0.000837925406718
75000000 0.0008103480540644
80000000 0.0007653040595948
90000000 0.0006009720022272
100000000 0.0005320108795608
110000000 0.0005022595992768
120000000 0.0004921481934943
130000000 0.0004736794948695
140000000 0.0004613527366679
150000000 0.0004739598007984
160000000 0.0004738990244576
180000000 0.000460082715309
200000000 0.0004555573617308
#Header 
#Target 88 213 0
#Product 84 203 0
#Datapoints 33
1000000 0
14000000 0
15000000 3.926997802454E-17
16000000 5.15205893759E-15
17000000 1.633170546784E-13
18000000 2.717738903661E-12
19000000 2.88016087072E-11
20000000 2.23118664693E-10
22000000 6.010263165996E-9
24000000 7.175599438655E-8
26000000 4.242465146016E-7
28000000 1.431729749451E-6
30000000 3.838362915976E-6
35000000 4.81693600032E-5
40000000 0.0002214812088688
45000000 0.000459691064795
50000000 0.000638893541463
55000000 0.0005811418640384
60000000 0.000532841347413
65000000 0.000475094323539
70000000 0.000490420703866
75000000 0.0004396862422388
80000000 0.0003506786672708
90000000 0.0003060971346288
100000000 0.0002718124997652
110000000 0.000274037061584
120000000 0.0002513453069255
130000000 0.0002161850700645
140000000 0.000240215788593
150000000 0.000223385896808
160000000 0.000225115142689
180000000 0.0002141374970784
200000000 0.000213935360567
#Header 
#Target 88 213 0
#Product 84 204 0
#Datapoints 37
1000000 0
10000000 0
11000000 1.90909901433E-14
12000000 9.04318500856E-13
13000000 1.15149856592E-11
14000000 1.289404969849E-10
15000000 2.2403274993158E-9
16000000 2.103412930626E-8
17000000 1.0362368175216E-7
18000000 2.5906736545992E-7
19000000 4.721549720832E-7
20000000 8.393743110482E-7
22000000 2.838659225112E-6
24000000 9.11228403158E-6
26000000 2.403595433637E-5
28000000 5.320003076754E-5
30000000 9.181407063622E-5
35000000 0.0002185061441772
40000000 0.0003022790044928
45000000 0.0002756891460109
50000000 0.000260069945862
55000000 0.0002190512320608
60000000 0.000185043297852
65000000 0.000172456632954
70000000 0.0001359783901102
75000000 0.00012501564142916
80000000 0.000119558637979
90000000 9.529169253808E-5
100000000 7.960402597104E-5
110000000 7.507967984928E-5
120000000 7.209555197089E-5
130000000 6.565946211006E-5
140000000 6.372258882099E-5
150000000 6.599016828176E-5
160000000 6.204765492828E-5
180000000 5.931879978738E-5
200000000 5.962817599246E-5
#Header 
#Target 88 213 0
#Product 84 205 0
#Datapoints 41
1000000 0
6000000 0
7000000 2.013100325E-14
8000000 6.4599660323E-13
9000000 9.51108917E-12
10000000 9.482839491484E-11
11000000 1.0180108064955E-9
12000000 8.871791329308E-9
13000000 5.681654969748E-8
14000000 2.684318109695E-7
15000000 9.923756667272E-7
16000000 2.6450848430215E-6
17000000 6.0056229959344E-6
18000000 1.1969933795628E-5
19000000 2.127898368288E-5
20000000 3.764506906006E-5
22000000 8.313567447276E-5
24000000 0.0001522310841355
26000000 0.0002473399174005
28000000 0.0003666403533432
30000000 0.0004217287814458
35000000 0.000467759057595
40000000 0.0004208412832832
45000000 0.0003776185797139
50000000 0.000385796657784
55000000 0.0002934410540864
60000000 0.000284296936266
65000000 0.000244941938388
70000000 0.000284896987682
75000000 0.0002022888727892
80000000 0.0002414438012184
90000000 0.0001614364841488
100000000 0.00014605065639
110000000 0.0001638958416608
120000000 0.0001334978596315
130000000 0.0001349984624607
140000000 0.0001200685710653
150000000 0.00011598533394336
160000000 0.00010040430652216
180000000 0.00010928658792702
200000000 8.9325991105E-5
#Header 
#Target 88 213 0
#Product 85 191 0
#Datapoints 8
1000000 0
120000000 0
130000000 1.85307985092E-14
140000000 2.346330886416E-6
150000000 1.647682682904E-5
160000000 2.167668504884E-5
180000000 0.0001443859831092
200000000 0.000144406114091
#Header 
#Target 88 213 0
#Product 85 193 0
#Datapoints 9
1000000 0
110000000 0
120000000 1.342036884997E-6
130000000 7.704463516197E-5
140000000 0.0001142638387231
150000000 9.323831119464E-5
160000000 0.0002708569394114
180000000 0.000214619957979
200000000 0.000236836605645
#Header 
#Target 88 213 0
#Product 85 194 0
#Datapoints 10
1000000 0
100000000 0
110000000 1.89550229024E-7
120000000 8.085289858975E-5
130000000 0.0001559104437513
140000000 8.697556635339E-5
150000000 0.0001811583313672
160000000 0.0002768236449336
180000000 0.0001531650918378
200000000 0.0001503353405564
#Header 
#Target 88 213 0
#Product 85 195 0
#Datapoints 11
1000000 0
90000000 0
100000000 3.13856847846E-8
110000000 0.00012412446263008
120000000 0.000358012087037
130000000 0.0002116579467771
140000000 0.0002396937966764
150000000 0.0003751124116768
160000000 0.0002894825952504
180000000 0.0003168208904091
200000000 0.0003035833117634
#Header 
#Target 88 213 0
#Product 85 196 0
#Datapoints 12
1000000 0
80000000 0
90000000 1.9042427132E-9
100000000 0.00028921958685
110000000 0.0010600360269632
120000000 0.0005600127943962
130000000 0.000362096119332
140000000 0.0005095531873113
150000000 0.0004729059312048
160000000 0.0004561198693578
180000000 0.0005503254465576
200000000 0.0005526173545924
#Header 
#Target 88 213 0
#Product 85 197 0
#Datapoints 14
1000000 0
70000000 0
75000000 1.83444735498E-14
80000000 4.30473733404E-10
90000000 0.00013261549086448
100000000 0.0011671988483016
110000000 0.0009671979797632
120000000 0.0005586864968141
130000000 0.0007425761643837
140000000 0.0007839213220894
150000000 0.0008085674987944
160000000 0.0008898401769238
180000000 0.0010214079609888
200000000 0.0009873322170508
#Header 
#Target 88 213 0
#Product 85 198 0
#Datapoints 15
1000000 0
65000000 0
70000000 4.3361487996E-13
75000000 1.1828332772922E-5
80000000 0.0004649382001176
90000000 0.003700258333872
100000000 0.002088358529256
110000000 0.0009770285154176
120000000 0.0009624559134765
130000000 0.0010486342306695
140000000 0.0009985302541214
150000000 0.0010728644444568
160000000 0.001169937241134
180000000 0.001107318489501
200000000 0.001051887624456
#Header 
#Target 88 213 0
#Product 85 199 0
#Datapoints 17
1000000 0
55000000 0
60000000 4.4789450931E-13
65000000 2.01492448533E-5
70000000 0.000544353044502
75000000 0.002521733627096
80000000 0.004018463886712
90000000 0.002799394006
100000000 0.001485177062796
110000000 0.0012724044037696
120000000 0.001499979648491
130000000 0.001696748207964
140000000 0.001895179531047
150000000 0.00192095627224
160000000 0.001940901331536
180000000 0.001949253647565
200000000 0.001971162382
#Header 
#Target 88 213 0
#Product 85 200 0
#Datapoints 18
1000000 0
50000000 0
55000000 3.082827589952E-7
60000000 2.89362241053E-5
65000000 0.000219023698599
70000000 0.000520283650138
75000000 0.0006560210920534
80000000 0.0006429716816732
90000000 0.0003928067653584
100000000 0.0002680447843728
110000000 0.0003408153037888
120000000 0.0004176552568294
130000000 0.0004487873224365
140000000 0.0004530639270377
150000000 0.0004757465269944
160000000 0.0004871532566798
180000000 0.0004913657629944
200000000 0.0005263890101196
#Header 
#Target 88 213 0
#Product 85 201 0
#Datapoints 20
1000000 0
40000000 0
45000000 0.0001842950869923
50000000 0.00697033740044
55000000 0.02310498831072
60000000 0.0293520355587
65000000 0.0215668206369
70000000 0.0149317894564
75000000 0.010356411508378
80000000 0.006972600269096
90000000 0.004862638615552
100000000 0.005776074284904
110000000 0.00633664520656
120000000 0.006563469610886
130000000 0.006730508875479
140000000 0.006742935484593
150000000 0.00671904568348
160000000 0.006561479022194
180000000 0.006681493381416
200000000 0.006597390553586
#Header 
#Target 88 213 0
#Product 85 202 0
#Datapoints 22
1000000 0
30000000 0
35000000 1.75478525763E-6
40000000 0.0007686182519104
45000000 0.003382704647977
50000000 0.00569403448005
55000000 0.005044510958784
60000000 0.00415602327897
65000000 0.00322558405092
70000000 0.00230818564534
75000000 0.001728027619822
80000000 0.001494645696984
90000000 0.001720136474816
100000000 0.001978652187
110000000 0.001966376545792
120000000 0.001961432607888
130000000 0.001897732866111
140000000 0.001862472913048
150000000 0.001833478767128
160000000 0.001781795687582
180000000 0.001770196119048
200000000 0.001811251967598
#Header 
#Target 88 213 0
#Product 85 203 0
#Datapoints 25
1000000 0
24000000 0
26000000 1.0608179381058E-8
28000000 1.0737029087243E-6
30000000 3.715955909574E-5
35000000 0.002704931342112
40000000 0.008652774609104
45000000 0.009144906195427
50000000 0.00818355738477
55000000 0.006569726961536
60000000 0.00490775377734
65000000 0.00387049863213
70000000 0.00349844754902
75000000 0.003576119039144
80000000 0.0039366872875
90000000 0.004625169792176
100000000 0.00485910842922
110000000 0.004698729477472
120000000 0.004622581439544
130000000 0.004582518295731
140000000 0.004434399258652
150000000 0.004279402034736
160000000 0.004345539547148
180000000 0.004306198911588
200000000 0.004265333072658
#Header 
#Target 88 213 0
#Product 85 204 0
#Datapoints 32
1000000 0
15000000 0
16000000 3.012370652565E-11
17000000 4.19747696432E-5
18000000 0.0013151669381976
19000000 0.003463871586336
20000000 0.005484723635166
22000000 0.009325193954976
24000000 0.0148520634042
26000000 0.01954653848517
28000000 0.01745417229495
30000000 0.013687689675566
35000000 0.009045270520392
40000000 0.007357701221824
45000000 0.00600220477072
50000000 0.00493275615439
55000000 0.0041160403016
60000000 0.00379195826328
65000000 0.00383203450719
70000000 0.00427359068922
75000000 0.004814425191842
80000000 0.005335987907228
90000000 0.006020796871552
100000000 0.006437063107044
110000000 0.006693059115648
120000000 0.00671406156641
130000000 0.006743634017898
140000000 0.006889403730902
150000000 0.006813554064584
160000000 0.006812101082154
180000000 0.006827364318621
200000000 0.006749629388158
#Header 
#Target 88 213 0
#Product 85 205 0
#Datapoints 41
1000000 0
6000000 0
7000000 3.4458494675E-11
8000000 2.74819964199E-9
9000000 2.3329001938E-5
10000000 0.00017969832010226
11000000 0.0006812879350243
12000000 0.0019387367822476
13000000 0.004311729727412
14000000 0.007933128667086
15000000 0.012686021225388
16000000 0.01821308181804
17000000 0.02264666636136
18000000 0.021784149172413
19000000 0.01780373843136
20000000 0.01466078536518
22000000 0.01241976347604
24000000 0.012033052559865
26000000 0.012381450760287
28000000 0.011936703082252
30000000 0.011462969418572
35000000 0.010070736852354
40000000 0.008476718279216
45000000 0.007190396235137
50000000 0.00640742264232
55000000 0.00652660522912
60000000 0.00714297621177
65000000 0.00780987407364
70000000 0.00839614701436
75000000 0.008820519968124
80000000 0.009063722314372
90000000 0.009319839992864
100000000 0.009425478707496
110000000 0.009315710958112
120000000 0.009168452217528
130000000 0.009047446180287
140000000 0.008859357345179
150000000 0.008787388993768
160000000 0.008637597829454
180000000 0.008323891508814
200000000 0.008124242655944
#Header 
#Target 88 213 0
#Product 85 206 0
#Datapoints 45
1000000 0
2000000 0
3000000 7.2854392707E-13
4000000 2.4624303155E-11
5000000 2.2152898587352E-9
6000000 7.676860086E-8
7000000 1.00733000575E-6
8000000 5.0021798189E-6
9000000 1.6867398262E-5
10000000 2.5814656236472E-5
11000000 4.243059812709E-5
12000000 6.550592074908E-5
13000000 8.717862497168E-5
14000000 0.0001060753670194
15000000 0.00012345086407112
16000000 0.000142548249166
17000000 0.0001681333966608
18000000 0.00020343183640728
19000000 0.0002522393123712
20000000 0.0003166561353467
22000000 0.000519083629218
24000000 0.001164646062266
26000000 0.001797806113467
28000000 0.0009967756762661
30000000 0.000772454601074
35000000 0.0005297178966204
40000000 0.0005159323617472
45000000 0.0008693217748936
50000000 0.001374030532317
55000000 0.001771764217824
60000000 0.0021179137554
65000000 0.00230219843166
70000000 0.00244840328956
75000000 0.00251672140618
80000000 0.002575132623888
90000000 0.0026024798196
100000000 0.002573314114932
110000000 0.002527974520384
120000000 0.002492684199807
130000000 0.00243966150378
140000000 0.002396658627957
150000000 0.002353512780824
160000000 0.002322271949272
180000000 0.002240638593732
200000000 0.002160796554624
#Header 
#Target 88 213 0
#Product 85 207 0
#Datapoints 34
1000000 0
13000000 0
14000000 1.873559701734E-15
15000000 4.945355974904E-14
16000000 8.4762059154E-13
17000000 9.84807976192E-12
18000000 8.24349488382E-11
19000000 5.26512763168E-10
20000000 2.733548017313E-9
22000000 4.5795412674E-8
24000000 4.86207408963E-7
26000000 3.310569342642E-6
28000000 1.674314621045E-5
30000000 5.737804632358E-5
35000000 0.0003820832402094
40000000 0.0008944857713696
45000000 0.0013517202691262
50000000 0.00170525422621
55000000 0.001935998319552
60000000 0.00212537349576
65000000 0.00226254327381
70000000 0.00238176895948
75000000 0.002461958146788
80000000 0.002519422412012
90000000 0.002556491797072
100000000 0.002541381799644
110000000 0.002502136594112
120000000 0.002438174743519
130000000 0.002380548585924
140000000 0.00230777014226
150000000 0.0022444832206
160000000 0.002183737788168
180000000 0.002048490749529
200000000 0.001932533595244
#Header 
#Target 88 213 0
#Product 85 208 0
#Datapoints 36
1000000 0
11000000 0
12000000 1.890620384308E-14
13000000 3.741002460004E-13
14000000 3.099483049617E-12
15000000 1.91612173541E-11
16000000 1.187262478975E-10
17000000 6.811078602256E-10
18000000 3.1189259900073E-9
19000000 1.171293251296E-8
20000000 3.73646958171E-8
22000000 2.488730418576E-7
24000000 1.056613603329E-6
26000000 3.252320211696E-6
28000000 7.801536361838E-6
30000000 1.576536009206E-5
35000000 5.751866742174E-5
40000000 0.00011927979340224
45000000 0.0001788872935691
50000000 0.000226830311356
55000000 0.0002631221363616
60000000 0.000289644112251
65000000 0.000311649646176
70000000 0.00032770721549
75000000 0.0003397750275252
80000000 0.0003486161409016
90000000 0.0003615075725936
100000000 0.0003721232854008
110000000 0.0003782992077376
120000000 0.0003823755394081
130000000 0.0003841817309715
140000000 0.0003821833232481
150000000 0.000377182646608
160000000 0.0003718963739692
180000000 0.0003543584701545
200000000 0.0003365319173392
#Header 
#Target 88 213 0
#Product 86 195 0
#Datapoints 9
1000000 0
110000000 0
120000000 4.29090491444E-13
130000000 1.421689272408E-6
140000000 7.745412927934E-5
150000000 0.0004083654430584
160000000 0.0001925732947222
180000000 0.0001900783234182
200000000 0.0001710010669286
#Header 
#Target 88 213 0
#Product 86 196 0
#Datapoints 10
1000000 0
100000000 0
110000000 1.14093977072E-13
120000000 1.292047608224E-7
130000000 2.389525647468E-5
140000000 0.000153993609792
150000000 8.618160414632E-5
160000000 7.110172400604E-5
180000000 7.92056922447E-5
200000000 6.805469709564E-5
#Header 
#Target 88 213 0
#Product 86 197 0
#Datapoints 10
1000000 0
100000000 0
110000000 7.675141233088E-8
120000000 4.466540051422E-5
130000000 0.0004882640243199
140000000 0.0003195813386172
150000000 0.0001999944923408
160000000 0.0001981222585564
180000000 0.0001879836076986
200000000 0.000197231874016
#Header 
#Target 88 213 0
#Product 86 198 0
#Datapoints 12
1000000 0
80000000 0
90000000 3.28496788352E-15
100000000 3.00680679528E-8
110000000 5.53305694464E-5
120000000 0.0010737859805995
130000000 0.001276397055354
140000000 0.0008450153567141
150000000 0.0007817717626896
160000000 0.0008229946209918
180000000 0.0007638743987994
200000000 0.0007111330725692
#Header 
#Target 88 213 0
#Product 86 199 0
#Datapoints 12
1000000 0
80000000 0
90000000 7.1158525544E-10
100000000 1.37789708724E-5
110000000 0.0004115084814336
120000000 0.0005953768632846
130000000 0.0004188532959693
140000000 0.0003749751831485
150000000 0.0004097286055632
160000000 0.0004224163781586
180000000 0.0003972363815406
200000000 0.0003818432764878
#Header 
#Target 88 213 0
#Product 86 200 0
#Datapoints 14
1000000 0
70000000 0
75000000 2.65200037036E-13
80000000 2.299196330596E-9
90000000 3.364778492384E-5
100000000 0.001909877653836
110000000 0.004267505005536
120000000 0.003563121969332
130000000 0.003145187993037
140000000 0.003223813205217
150000000 0.003193571782976
160000000 0.003181031800316
180000000 0.003156449057769
200000000 0.002930649494558
#Header 
#Target 88 213 0
#Product 86 201 0
#Datapoints 15
1000000 0
65000000 0
70000000 2.5105343674E-11
75000000 3.30069197475E-8
80000000 7.156390579976E-6
90000000 0.0007591998832736
100000000 0.00194831927946
110000000 0.0017459834904
120000000 0.001578476947254
130000000 0.001604464162779
140000000 0.001640976421161
150000000 0.001618321538488
160000000 0.001571578659516
180000000 0.001581593246373
200000000 0.001600751954398
#Header 
#Target 88 213 0
#Product 86 202 0
#Datapoints 17
1000000 0
55000000 0
60000000 2.5878803373E-12
65000000 8.37582650955E-8
70000000 1.59571707894E-5
75000000 0.0006636877500328
80000000 0.003874613917636
90000000 0.011384739309088
100000000 0.011022010712388
110000000 0.009848804057856
120000000 0.009313623740211
130000000 0.009191989899192
140000000 0.008838357780615
150000000 0.00865324564612
160000000 0.008503345520652
180000000 0.008678909135925
200000000 0.008589511927236
#Header 
#Target 88 213 0
#Product 86 203 0
#Datapoints 19
1000000 0
45000000 0
50000000 1.32790650426E-14
55000000 2.174371044416E-9
60000000 6.77471252031E-7
65000000 3.91824585036E-5
70000000 0.000338826452678
75000000 0.0008641170860288
80000000 0.0012337217482832
90000000 0.0011753763451536
100000000 0.001005758246502
110000000 0.0009108072367328
120000000 0.0008593083169199
130000000 0.0008383340275791
140000000 0.0008077616304439
150000000 0.0008000400857872
160000000 0.0008141901410962
180000000 0.0008268742227627
200000000 0.0008425199856912
#Header 
#Target 88 213 0
#Product 86 204 0
#Datapoints 21
1000000 0
35000000 0
40000000 1.37339060432E-15
45000000 2.230630422118E-8
50000000 1.382435763121E-5
55000000 0.0010294352098144
60000000 0.00871189363791
65000000 0.0178344774702
70000000 0.021980745141
75000000 0.02253967978958
80000000 0.02198464779148
90000000 0.02066266188512
100000000 0.01911380006916
110000000 0.01787463024736
120000000 0.01711334920943
130000000 0.01656656238144
140000000 0.01635443594576
150000000 0.01620392476624
160000000 0.01610249604348
180000000 0.0159542504457
200000000 0.01610599200692
#Header 
#Target 88 213 0
#Product 86 205 0
#Datapoints 23
1000000 0
28000000 0
30000000 3.28077854364E-15
35000000 1.4092482083946E-7
40000000 7.436531969984E-5
45000000 0.005454019390828
50000000 0.0300287013054
55000000 0.04660054702048
60000000 0.0551080824084
65000000 0.058979195334
70000000 0.0613773150832
75000000 0.06207527936634
80000000 0.06186218476372
90000000 0.05926921938048
100000000 0.05636015092368
110000000 0.05415671054112
120000000 0.05171478753168
130000000 0.04970170280436
140000000 0.04818076505022
150000000 0.04686304460208
160000000 0.0456567564502
180000000 0.04318860471366
200000000 0.04119570914484
#Header 
#Target 88 213 0
#Product 86 206 0
#Datapoints 26
1000000 0
22000000 0
24000000 6.82300053295E-11
26000000 3.497339220396E-8
28000000 2.322922924145E-6
30000000 3.474110085278E-5
35000000 0.003698141088372
40000000 0.02894213760448
45000000 0.03786392449814
50000000 0.0435033237512
55000000 0.04987816455104
60000000 0.0562216059054
65000000 0.0597562971597
70000000 0.0615191847826
75000000 0.06255624290534
80000000 0.06281004447696
90000000 0.061863248328
100000000 0.06023955895524
110000000 0.05848267210624
120000000 0.05645846691302
130000000 0.0546468789003
140000000 0.05274773874645
150000000 0.050859580162
160000000 0.0490270367116
180000000 0.04576796931504
200000000 0.04296723913894
#Header 
#Target 88 213 0
#Product 86 207 0
#Datapoints 34
1000000 0
13000000 0
14000000 1.646844914301E-14
15000000 2.508288123448E-12
16000000 1.57918949659E-10
17000000 4.314357479272E-9
18000000 6.0462017782389E-8
19000000 5.1147135704E-7
20000000 2.893773686306E-6
22000000 3.342736944864E-5
24000000 0.0004550631497925
26000000 0.003876652176444
28000000 0.010607469825828
30000000 0.0172132750763
35000000 0.03301147910004
40000000 0.05432071159024
45000000 0.07153066250394
50000000 0.0786343763193
55000000 0.07809517668256
60000000 0.0751004070147
65000000 0.0716390337555
70000000 0.0687815848462
75000000 0.0651385425213
80000000 0.06182530338996
90000000 0.05544141767504
100000000 0.05034250889964
110000000 0.0464379992176
120000000 0.04286546124877
130000000 0.0398532861738
140000000 0.03734378606068
150000000 0.03510108875624
160000000 0.03319638262866
180000000 0.02994595912581
200000000 0.0272710476155
#Header 
#Target 88 213 0
#Product 86 208 0
#Datapoints 37
1000000 0
10000000 0
11000000 2.19953719499E-11
12000000 9.943924737356E-10
13000000 2.0997407399028E-8
14000000 1.4981027861936E-6
15000000 4.2049908081252E-5
16000000 0.0003652175864791
17000000 0.0014433092317216
18000000 0.0025160790334437
19000000 0.00303745162336
20000000 0.003583998520302
22000000 0.00606122393094
24000000 0.01092046845336
26000000 0.01822770417603
28000000 0.02769111209465
30000000 0.0368593484384
35000000 0.05687340221376
40000000 0.06442685518224
45000000 0.06487816967017
50000000 0.0617344550361
55000000 0.05826396876128
60000000 0.054483880257
65000000 0.0511830507798
70000000 0.0476781112
75000000 0.04465370330544
80000000 0.0423993569538
90000000 0.03766113749616
100000000 0.03417284224152
110000000 0.03131624536
120000000 0.02884067441997
130000000 0.02682039707346
140000000 0.02500091913682
150000000 0.02349081418576
160000000 0.022125390118
180000000 0.01976386824279
200000000 0.01801448620086
#Header 
#Target 88 213 0
#Product 86 209 0
#Datapoints 43
1000000 0
4000000 0
5000000 5.5737607959462E-13
6000000 1.2113600016E-9
7000000 1.43590994325E-7
8000000 2.91730960257E-6
9000000 2.1966100662E-5
10000000 5.746295197379E-5
11000000 0.00013916750727402
12000000 0.0003059244670292
13000000 0.0006028670044372
14000000 0.0011302839827944
15000000 0.0020047702380146
16000000 0.003298187676957
17000000 0.0050260372183376
18000000 0.0071540272394697
19000000 0.00968971278352
20000000 0.01264348978408
22000000 0.01924112222424
24000000 0.02532479544335
26000000 0.02985015554466
28000000 0.0325861771751
30000000 0.03418610398518
35000000 0.0337972540962
40000000 0.03062802305904
45000000 0.02796793069371
50000000 0.0256837130005
55000000 0.02356699199968
60000000 0.0209607829002
65000000 0.0188531950464
70000000 0.0170806114464
75000000 0.01558698703772
80000000 0.01427922919896
90000000 0.012243155568112
100000000 0.01069441398144
110000000 0.009455792464448
120000000 0.008412727376121
130000000 0.007532535089151
140000000 0.006773803022206
150000000 0.006188025266792
160000000 0.005670405015356
180000000 0.004900663452825
200000000 0.00437784886303
#Header 
#Target 88 213 0
#Product 86 210 0
#Datapoints 28
1000000 0
19000000 0
20000000 5.18219625215E-15
22000000 5.69018603124E-13
24000000 2.51969113145E-11
26000000 5.56124746899E-10
28000000 7.145985845766E-9
30000000 5.982535638926E-8
35000000 2.170621847262E-6
40000000 7.948857408224E-6
45000000 1.618427108828E-5
50000000 3.45871359344E-5
55000000 7.696409753792E-5
60000000 0.000163042354386
65000000 0.000291416883948
70000000 0.000438854008476
75000000 0.0005771432133256
80000000 0.0007061285119548
90000000 0.000889417113496
100000000 0.001010223425988
110000000 0.0010796623851968
120000000 0.0011122847971337
130000000 0.001122565322472
140000000 0.0011337850254797
150000000 0.0011214304635632
160000000 0.001115217670574
180000000 0.0010943565795792
200000000 0.001071003937964
#Header 
#Target 88 213 0
#Product 86 211 0
#Datapoints 30
1000000 0
17000000 0
18000000 1.86628955097E-14
19000000 3.19255175456E-13
20000000 3.3418901223E-12
22000000 1.15185839076E-10
24000000 1.2937669644E-9
26000000 6.463014553053E-9
28000000 1.812865149749E-8
30000000 4.024575957306E-8
35000000 3.918747240552E-7
40000000 2.138758874064E-6
45000000 8.666041688773E-6
50000000 2.73464934729E-5
55000000 6.130816020704E-5
60000000 0.0001056984514119
65000000 0.000151255957014
70000000 0.000192736751578
75000000 0.0002246810901494
80000000 0.0002497933967232
90000000 0.000277213840888
100000000 0.0002896147190052
110000000 0.0002921013314336
120000000 0.0002885083694351
130000000 0.0002847965400468
140000000 0.0002768188832299
150000000 0.0002707693598424
160000000 0.000264180876369
180000000 0.0002528280766032
200000000 0.0002437052660452
#Header 
#Target 88 213 0
#Product 87 198 0
#Datapoints 10
1000000 0
100000000 0
110000000 7.851619657824E-8
120000000 4.183057339875E-5
130000000 7.698257987208E-5
140000000 4.311463808234E-5
150000000 9.127430706856E-5
160000000 0.0001339465769732
180000000 7.817883289545E-5
200000000 7.677210651818E-5
#Header 
#Target 88 213 0
#Product 87 200 0
#Datapoints 12
1000000 0
80000000 0
90000000 3.38195852192E-10
100000000 7.409469779928E-5
110000000 0.0002342856684768
120000000 0.00010895373877429
130000000 6.053222520819E-5
140000000 8.595221522778E-5
150000000 7.46079196656E-5
160000000 6.657615844892E-5
180000000 7.031777012883E-5
200000000 6.801004882224E-5
#Header 
#Target 88 213 0
#Product 87 201 0
#Datapoints 14
1000000 0
70000000 0
75000000 2.42286622368E-14
80000000 1.479548435552E-9
90000000 0.0002389547854352
100000000 0.0011559867739704
110000000 0.0005655358362048
120000000 0.0002613055886819
130000000 0.0003195052226868
140000000 0.0003012517974741
150000000 0.0002786761946136
160000000 0.0002947410908944
180000000 0.000334165503441
200000000 0.0003004524720452
#Header 
#Target 88 213 0
#Product 87 202 0
#Datapoints 15
1000000 0
65000000 0
70000000 2.6126771002E-13
75000000 8.939658674278E-6
80000000 0.00029509653129
90000000 0.001978461695808
100000000 0.0010146262511736
110000000 0.0004712502019584
120000000 0.0004707529292951
130000000 0.0005055918179223
140000000 0.0004683354875155
150000000 0.0004947685684368
160000000 0.000531534982868
180000000 0.000483674235618
200000000 0.0004529408872534
#Header 
#Target 88 213 0
#Product 87 203 0
#Datapoints 17
1000000 0
55000000 0
60000000 1.46140810659E-12
65000000 8.52265141794E-5
70000000 0.0021666006343
75000000 0.009020103544966
80000000 0.012599945423956
90000000 0.006096101712784
100000000 0.002641574125404
110000000 0.002154823209888
120000000 0.002389938060756
130000000 0.002379537068721
140000000 0.002572646871883
150000000 0.002569969766336
160000000 0.002576953218986
180000000 0.002500769665296
200000000 0.002513203128096
#Header 
#Target 88 213 0
#Product 87 204 0
#Datapoints 18
1000000 0
50000000 0
55000000 3.42756348704E-5
60000000 0.00207146673135
65000000 0.0076904313165
70000000 0.00910550126264
75000000 0.006181428404148
80000000 0.00388605947466
90000000 0.001707399462288
100000000 0.00134394789618
110000000 0.001528588971168
120000000 0.001690769049794
130000000 0.00195812769459
140000000 0.002132248262265
150000000 0.002396209032264
160000000 0.002482683609822
180000000 0.002452631869254
200000000 0.00260670432165
#Header 
#Target 88 213 0
#Product 87 205 0
#Datapoints 20
1000000 0
40000000 0
45000000 0.0010717530667904
50000000 0.0309986816988
55000000 0.07640444009472
60000000 0.0710852855337
65000000 0.0382731969969
70000000 0.0209590158708
75000000 0.013448147138174
80000000 0.009546288185676
90000000 0.007206359416368
100000000 0.007214441748372
110000000 0.007493629412448
120000000 0.008095927726358
130000000 0.008627843525826
140000000 0.008787024179593
150000000 0.0088968006286
160000000 0.008930448524446
180000000 0.009251775650817
200000000 0.009165768026444
#Header 
#Target 88 213 0
#Product 87 206 0
#Datapoints 22
1000000 0
30000000 0
35000000 0.0003533298321462
40000000 0.06351120686784
45000000 0.12566268069624
50000000 0.0911030747522
55000000 0.04177755808544
60000000 0.0236863509984
65000000 0.0166967436456
70000000 0.01261426229452
75000000 0.0102782404123
80000000 0.009263246062356
90000000 0.009120254812512
100000000 0.009581696837496
110000000 0.01010766386352
120000000 0.010435311645509
130000000 0.010558512768615
140000000 0.010750576978889
150000000 0.01086371133452
160000000 0.010695900642306
180000000 0.010493859415473
200000000 0.01075040484504
#Header 
#Target 88 213 0
#Product 87 207 0
#Datapoints 26
1000000 0
22000000 0
24000000 3.07201928465E-10
26000000 0.01769678861547
28000000 0.09489520759443
30000000 0.1720723565706
35000000 0.2883710876358
40000000 0.2080621197296
45000000 0.09156738379945
50000000 0.0585177045453
55000000 0.04270326094432
60000000 0.0330611695416
65000000 0.0276293957553
70000000 0.0247334802874
75000000 0.02338295975008
80000000 0.023349328684
90000000 0.0243955328096
100000000 0.02614281820956
110000000 0.02716276114912
120000000 0.02813268948288
130000000 0.02853813272706
140000000 0.0283808227912
150000000 0.028120280946
160000000 0.0287152652462
180000000 0.02865531543945
200000000 0.02774260619034
#Header 
#Target 88 213 0
#Product 87 208 0
#Datapoints 33
1000000 0
14000000 0
15000000 5.163230457588E-12
16000000 1.1886620225285E-9
17000000 0.00066302274808416
18000000 0.0242344422474
19000000 0.07127737610336
20000000 0.119774386907
22000000 0.1994404689792
24000000 0.2646083995125
26000000 0.2982071495802
28000000 0.2587616682291
30000000 0.1903257140954
35000000 0.09152222898588
40000000 0.06586090199856
45000000 0.05195213328881
50000000 0.042263668252
55000000 0.03599213087072
60000000 0.0314874670653
65000000 0.0291876904089
70000000 0.0282655138738
75000000 0.02808620232188
80000000 0.02871474181796
90000000 0.03019083940624
100000000 0.0314427874968
110000000 0.03234383010176
120000000 0.03238105301466
130000000 0.03192597792051
140000000 0.03225333383789
150000000 0.03184180482872
160000000 0.0313853117413
180000000 0.03092803116333
200000000 0.03028299658362
#Header 
#Target 88 213 0
#Product 87 209 0
#Datapoints 41
1000000 0
6000000 0
7000000 4.1828294125E-10
8000000 3.36107972706E-8
9000000 0.000208512007
10000000 0.0016847172288062
11000000 0.006410367068644
12000000 0.018049971724656
13000000 0.03969725043304
14000000 0.07217074172408
15000000 0.11311043292342
16000000 0.15811764255185
17000000 0.19017379812768
18000000 0.17183119342275
19000000 0.1255433780832
20000000 0.0898914330775
22000000 0.05877128713536
24000000 0.0480428072642
26000000 0.04423288079991
28000000 0.03991353045301
30000000 0.0361489295496
35000000 0.0285214252608
40000000 0.02338774035568
45000000 0.01990374103992
50000000 0.0178352390666
55000000 0.01680725813856
60000000 0.0170942830785
65000000 0.0182470013658
70000000 0.0204210267614
75000000 0.0223927131989
80000000 0.02441956113168
90000000 0.02718269726464
100000000 0.02887960030524
110000000 0.02980161544896
120000000 0.03004739213451
130000000 0.03011570626422
140000000 0.02968230185602
150000000 0.02944344281776
160000000 0.02894441492434
180000000 0.02779672068327
200000000 0.02679842904568
#Header 
#Target 88 213 0
#Product 87 210 0
#Datapoints 45
1000000 0
2000000 5.998490092931E-15
3000000 3.3802499043E-11
4000000 3.1146602961E-9
5000000 3.1383802187478E-7
6000000 9.6268295235E-6
7000000 0.000113768993275
8000000 0.000473142975019
9000000 0.0013836901738
10000000 0.001781182787894
11000000 0.002423653791511
12000000 0.003073005626084
13000000 0.0033564613816708
14000000 0.0033586222474294
15000000 0.0032074264827246
16000000 0.003003386005869
17000000 0.0028337448079408
18000000 0.0027242469259377
19000000 0.002699900625632
20000000 0.002774961902492
22000000 0.003331968262128
24000000 0.006261296294165
26000000 0.008639667115131
28000000 0.004092410540155
30000000 0.002938280502484
35000000 0.001856038927854
40000000 0.00225486305056
45000000 0.003955417631146
50000000 0.00638932725283
55000000 0.009571598310176
60000000 0.01320135672978
65000000 0.0166115869686
70000000 0.019599571439
75000000 0.02200041978628
80000000 0.02400013359392
90000000 0.02660294970608
100000000 0.02796678120996
110000000 0.02844816819008
120000000 0.02833097216922
130000000 0.0279178748028
140000000 0.0272436860597
150000000 0.02659675258656
160000000 0.0258376103133
180000000 0.02441979274014
200000000 0.02314394110034
#Header 
#Target 88 213 0
#Product 87 211 0
#Datapoints 35
1000000 0
12000000 0
13000000 9.93626702028E-15
14000000 1.538728272923E-13
15000000 2.719735767478E-12
16000000 3.538307685535E-11
17000000 3.252414641168E-10
18000000 2.2298013574875E-9
19000000 1.242070990048E-8
20000000 6.417847145644E-8
22000000 1.395279635328E-6
24000000 1.320082259475E-5
26000000 6.115131338523E-5
28000000 0.0001947938923299
30000000 0.0004690316024008
35000000 0.00183073589316
40000000 0.003874005832976
45000000 0.007174761601711
50000000 0.01131956509325
55000000 0.01493883812064
60000000 0.0182695448916
65000000 0.0210069046053
70000000 0.023400232936
75000000 0.02517808001274
80000000 0.0265339904676
90000000 0.02814817018064
100000000 0.028640766051
110000000 0.02845341400928
120000000 0.02777442900662
130000000 0.02682748875543
140000000 0.02586707324795
150000000 0.02478080823112
160000000 0.02384640553762
180000000 0.02196959638125
200000000 0.0203588096439
#Header 
#Target 88 213 0
#Product 87 212 0
#Datapoints 38
1000000 0
9000000 0
10000000 1.378823162846E-13
11000000 2.01333649175E-11
12000000 8.894772433332E-10
13000000 1.327600423766E-8
14000000 9.260078693567E-8
15000000 3.7780267396888E-7
16000000 1.010902761263E-6
17000000 1.9650763710112E-6
18000000 3.1320144424632E-6
19000000 4.74436938304E-6
20000000 7.534825651667E-6
22000000 1.931983697592E-5
24000000 4.13460498172E-5
26000000 8.295340848801E-5
28000000 0.0001788879493254
30000000 0.0003922734461444
35000000 0.001906354277106
40000000 0.00458082411256
45000000 0.007547836978108
50000000 0.01012126058071
55000000 0.01211180952784
60000000 0.01370614278141
65000000 0.0149007936798
70000000 0.0159005494378
75000000 0.01657240270328
80000000 0.01714511652524
90000000 0.01762318535584
100000000 0.01759593153744
110000000 0.01718690982656
120000000 0.01656007167164
130000000 0.01593124845993
140000000 0.01516922416636
150000000 0.01450952936048
160000000 0.01378945802174
180000000 0.01257137738199
200000000 0.0115562472913
#Header 
#Target 88 213 0
#Product 88 202 0
#Datapoints 12
1000000 0
80000000 0
90000000 1.330030850992E-14
100000000 6.434356212468E-9
110000000 1.372832179904E-5
120000000 0.0001508155058247
130000000 0.000146665078191
140000000 0.00010383506604427
150000000 9.982610956224E-5
160000000 0.00010491225577458
180000000 9.927966814332E-5
200000000 9.582992757592E-5
#Header 
#Target 88 213 0
#Product 88 203 0
#Datapoints 12
1000000 0
80000000 0
90000000 7.18595591456E-10
100000000 1.34408084778E-5
110000000 0.0002384605634016
120000000 0.00026331779356
130000000 0.0001897160123685
140000000 0.0001934167076127
150000000 0.0002183597405
160000000 0.0002319726479316
180000000 0.0002283311962029
200000000 0.0002216435584054
#Header 
#Target 88 213 0
#Product 88 204 0
#Datapoints 14
1000000 0
70000000 0
75000000 2.09901271848E-13
80000000 1.451025625412E-9
90000000 1.746375784656E-5
100000000 0.0006500341421064
110000000 0.0011893693031008
120000000 0.0009452522489369
130000000 0.0009315489635655
140000000 0.0009934968805278
150000000 0.0009983601302984
160000000 0.0010161370313818
180000000 0.0010290790451067
200000000 0.0009494014209286
#Header 
#Target 88 213 0
#Product 88 205 0
#Datapoints 15
1000000 0
65000000 0
70000000 1.0295006873E-10
75000000 1.0654332649568E-7
80000000 2.32324629328E-5
90000000 0.001449025132112
100000000 0.002621257791408
110000000 0.002181916246976
120000000 0.002269655894733
130000000 0.002492656155978
140000000 0.002570759836337
150000000 0.002562424378832
160000000 0.002469734765136
180000000 0.002445165107217
200000000 0.00240222165369
#Header 
#Target 88 213 0
#Product 88 206 0
#Datapoints 17
1000000 0
55000000 0
60000000 1.6935197796E-10
65000000 3.38613557733E-7
70000000 5.11283184502E-5
75000000 0.001193036079388
80000000 0.005325915592844
90000000 0.010199849287264
100000000 0.008512101215496
110000000 0.008530928634208
120000000 0.00893429557092
130000000 0.009053110922436
140000000 0.008812357691742
150000000 0.00862290821904
160000000 0.008457463941134
180000000 0.008333105340672
200000000 0.008098712837456
#Header 
#Target 88 213 0
#Product 88 207 0
#Datapoints 19
1000000 0
45000000 0
50000000 3.6706950455E-12
55000000 2.629180837408E-7
60000000 5.20426082133E-5
65000000 0.00231816059379
70000000 0.01254726419598
75000000 0.02377856819858
80000000 0.0279009274016
90000000 0.02453516658944
100000000 0.02554332615
110000000 0.02577002853312
120000000 0.0259608346382
130000000 0.02535370941972
140000000 0.02466112086185
150000000 0.02385168716904
160000000 0.02378048498114
180000000 0.02307176427465
200000000 0.02222321232948
#Header 
#Target 88 213 0
#Product 88 208 0
#Datapoints 21
1000000 0
35000000 0
40000000 9.43556125904E-12
45000000 3.926424711481E-7
50000000 7.88471444619E-5
55000000 0.003396951132128
60000000 0.0176186840148
65000000 0.0294937612047
70000000 0.0324053139742
75000000 0.0326721577909
80000000 0.03313540605364
90000000 0.03518641658288
100000000 0.03592134191376
110000000 0.03540084743136
120000000 0.03465381440511
130000000 0.03402756161502
140000000 0.03334420582878
150000000 0.03258546734488
160000000 0.03168357242068
180000000 0.03035523316098
200000000 0.02967228957686
#Header 
#Target 88 213 0
#Product 88 209 0
#Datapoints 23
1000000 0
28000000 0
30000000 1.132303807838E-14
35000000 1.735990794144E-7
40000000 6.17725095752E-5
45000000 0.004718195812069
50000000 0.0174911448442
55000000 0.02227574939488
60000000 0.0246113676207
65000000 0.026542335231
70000000 0.0289917567558
75000000 0.03086084485298
80000000 0.03221012076788
90000000 0.03331801675328
100000000 0.0332138357604
110000000 0.0329173859536
120000000 0.0321004614528
130000000 0.03113775651999
140000000 0.03026170808793
150000000 0.02947127800776
160000000 0.028627355869
180000000 0.02688822227553
200000000 0.02536067969306
#Header 
#Target 88 213 0
#Product 88 210 0
#Datapoints 27
1000000 0
20000000 0
22000000 3.0918712842E-11
24000000 1.1120429530725E-8
26000000 6.557774389215E-7
28000000 1.0109274254232E-5
30000000 7.479228235952E-5
35000000 0.00526468950774
40000000 0.02525440364944
45000000 0.03863714434839
50000000 0.0514415587743
55000000 0.05987915233792
60000000 0.0637520638986
65000000 0.0640441171854
70000000 0.0632697306326
75000000 0.06140496211122
80000000 0.05996603094416
90000000 0.05593053150624
100000000 0.05232972316968
110000000 0.04870893377824
120000000 0.04552183898997
130000000 0.0426148633347
140000000 0.04013608315079
150000000 0.03780492293232
160000000 0.03565234798508
180000000 0.03225936245931
200000000 0.0295140077002
#Header 
#Target 88 213 0
#Product 88 211 0
#Datapoints 35
1000000 0
12000000 0
13000000 1.32203784404E-13
14000000 5.203059133392E-12
15000000 7.2489688934E-11
16000000 9.047152331705E-10
17000000 1.4643271221056E-8
18000000 1.7691818647692E-7
19000000 1.391254376736E-6
20000000 7.460438494519E-6
22000000 0.0002157071732964
24000000 0.00501152881571
26000000 0.02205797648406
28000000 0.03511973186813
30000000 0.04130677962902
35000000 0.05264033904168
40000000 0.0715619756432
45000000 0.08997727017112
50000000 0.1021215498655
55000000 0.1078389842912
60000000 0.1107826259913
65000000 0.1123858363734
70000000 0.112644138734
75000000 0.11190602037166
80000000 0.11116857385436
90000000 0.10676342058176
100000000 0.10186464416544
110000000 0.0963951011968
120000000 0.09107696465754
130000000 0.08621166037413
140000000 0.08124883307893
150000000 0.07705799066952
160000000 0.0731412904156
180000000 0.06613867082298
200000000 0.06043690933412
#Header 
#Target 88 213 0
#Product 88 212 0
#Datapoints 39
1000000 0
8000000 0
9000000 1.075017163E-13
10000000 1.6684191950574E-9
11000000 2.111874469791E-6
12000000 0.00014805164516268
13000000 0.0017866335702836
14000000 0.007444810126122
15000000 0.017476023163542
16000000 0.031120718797565
17000000 0.042745640783952
18000000 0.041303678440623
19000000 0.03430764269856
20000000 0.03092346520932
22000000 0.0343023673842
24000000 0.04437373489525
26000000 0.05832856033542
28000000 0.07255019259836
30000000 0.08677308761252
35000000 0.11892966215004
40000000 0.13249413991664
45000000 0.13833009330421
50000000 0.138852538087
55000000 0.13566597631136
60000000 0.1333312784082
65000000 0.1280966920101
70000000 0.1252113756876
75000000 0.11970903399356
80000000 0.11594895759832
90000000 0.10714338925152
100000000 0.09904563150516
110000000 0.09165705139008
120000000 0.08493187832347
130000000 0.07890420445497
140000000 0.07349341670462
150000000 0.06879240424952
160000000 0.0645102766083
180000000 0.05740186306386
200000000 0.05168622249342
#Header 
#Target 88 213 0
#Product 88 213 0
#Datapoints 44
1000000 0
3000000 0
4000000 1.3402604703E-12
5000000 3.3973705310675E-9
6000000 5.3713091985E-7
7000000 1.86281016E-5
8000000 0.00015269501643
9000000 0.0007188249255
10000000 0.0013028719946572
11000000 0.002332407620835
12000000 0.003932357304956
13000000 0.00609950138872
14000000 0.009022723670947
15000000 0.0125639046448
16000000 0.01641729592237
17000000 0.020516750310208
18000000 0.024838604131473
19000000 0.02950993375008
20000000 0.03469019587116
22000000 0.04524425169156
24000000 0.0536268855284
26000000 0.05893419916932
28000000 0.06129166294752
30000000 0.06056293835322
35000000 0.0574478563029
40000000 0.05179217366512
45000000 0.04805808814721
50000000 0.044787256967
55000000 0.0416960411456
60000000 0.037910647404
65000000 0.0348521181678
70000000 0.031895808079
75000000 0.02939269479592
80000000 0.02689806791936
90000000 0.02269559112256
100000000 0.01904543635644
110000000 0.01588481978528
120000000 0.0132343543217
130000000 0.011019461035116
140000000 0.009205027729491
150000000 0.007743918627152
160000000 0.00655756326769
180000000 0.00482669753349
200000000 0.00377756514024
#Header 
#Target 88 213 0
#Product 89 206 0
#Datapoints 14
1000000 0
70000000 0
75000000 6.240246207424E-6
80000000 0.000151428727054
90000000 0.0005994816749072
100000000 0.0001974700865448
110000000 0.00011550799087552
120000000 9.358285887709E-5
130000000 8.065721415927E-5
140000000 6.820070160574E-5
150000000 5.771027164408E-5
160000000 5.055381372272E-5
180000000 4.162055153466E-5
200000000 3.284125699328E-5
#Header 
#Target 88 213 0
#Product 89 207 0
#Datapoints 16
1000000 0
60000000 0
65000000 0.0001166216774598
70000000 0.00164001775096
75000000 0.004245545201286
80000000 0.00403244994262
90000000 0.001153272574264
100000000 0.0006730007332968
110000000 0.0005459949653952
120000000 0.0004585514706662
130000000 0.0003743644833279
140000000 0.0003151812129114
150000000 0.0002778927072656
160000000 0.0002415061100256
180000000 0.0001810643934771
200000000 0.0001517331420174
#Header 
#Target 88 213 0
#Product 89 208 0
#Datapoints 18
1000000 0
50000000 0
55000000 0.0001536954977504
60000000 0.00886109873238
65000000 0.0311365161945
70000000 0.0324540560722
75000000 0.01719827864406
80000000 0.007864810024984
90000000 0.003583186131648
100000000 0.002659234086432
110000000 0.002021870836608
120000000 0.001572470214978
130000000 0.001319192959374
140000000 0.0010972113033783
150000000 0.0009248383104464
160000000 0.0007955369418492
180000000 0.0006553151709594
200000000 0.0005321503505114
#Header 
#Target 88 213 0
#Product 89 209 0
#Datapoints 20
1000000 0
40000000 0
45000000 0.001458996934269
50000000 0.0260996944619
55000000 0.0438933249792
60000000 0.0296388152541
65000000 0.01213879126293
70000000 0.00591057320216
75000000 0.00417773855072
80000000 0.00347961468492
90000000 0.002754464559216
100000000 0.002153607185988
110000000 0.00179164802272
120000000 0.001526266036923
130000000 0.001298817586116
140000000 0.0011221982196084
150000000 0.0010136012739328
160000000 0.0009111431667846
180000000 0.0007486281481224
200000000 0.0006250007713898
#Header 
#Target 88 213 0
#Product 89 210 0
#Datapoints 22
1000000 0
30000000 0
35000000 0.000418915108215
40000000 0.04934489273664
45000000 0.07387605336505
50000000 0.0394922870876
55000000 0.013739132153248
60000000 0.00713154852441
65000000 0.00545220049158
70000000 0.00466918960838
75000000 0.004078961814952
80000000 0.00363850446344
90000000 0.002934841227904
100000000 0.002451081072924
110000000 0.00206760401792
120000000 0.001776242681404
130000000 0.001551994319628
140000000 0.001391647953289
150000000 0.001244976046072
160000000 0.0011231475325014
180000000 0.0009428932508814
200000000 0.0008062806845886
#Header 
#Target 88 213 0
#Product 89 211 0
#Datapoints 26
1000000 0
22000000 0
24000000 1.64831298053E-5
26000000 0.05361604174866
28000000 0.2105337644952
30000000 0.3101372013662
35000000 0.331077578961
40000000 0.14261083694528
45000000 0.0399421345693
50000000 0.0230504397309
55000000 0.01844113662368
60000000 0.0157966174485
65000000 0.0137489734611
70000000 0.01215636694822
75000000 0.010764241672492
80000000 0.009630089617148
90000000 0.007809739405584
100000000 0.006485728710708
110000000 0.005476017403872
120000000 0.004724017546094
130000000 0.004120868235399
140000000 0.003647184136398
150000000 0.00326432942196
160000000 0.00295033510076
180000000 0.002452740163272
200000000 0.002082118159558
#Header 
#Target 88 213 0
#Product 89 212 0
#Datapoints 32
1000000 0
15000000 0
16000000 0.0007336216211405
17000000 0.075146182193664
18000000 0.27602713055895
19000000 0.4681469614976
20000000 0.5802748159653
22000000 0.6545132815428
24000000 0.638727238504
26000000 0.5236904411259
28000000 0.3110690399926
30000000 0.160654991923
35000000 0.04730687048952
40000000 0.03225371373536
45000000 0.02734837557746
50000000 0.0237646552746
55000000 0.02062014198272
60000000 0.0180243845514
65000000 0.0157447877436
70000000 0.01393891579578
75000000 0.012312700598768
80000000 0.010985494115508
90000000 0.008915903313024
100000000 0.007400845209636
110000000 0.006225347056832
120000000 0.005365561518179
130000000 0.004710692151177
140000000 0.004173209081954
150000000 0.003747405335384
160000000 0.003385491108468
180000000 0.002813190171939
200000000 0.002408705825002
#Header 
#Target 88 213 0
#Product 89 213 0
#Datapoints 41
1000000 0
6000000 0
7000000 0.000132576008125
8000000 0.00380590027543
9000000 0.018825599276
10000000 0.063003394018614
11000000 0.12560432417036
12000000 0.21407832214148
13000000 0.31546003815548
14000000 0.4095982609363
15000000 0.48033122067914
16000000 0.52020939901935
17000000 0.48025711525792
18000000 0.33143442990291
19000000 0.186869825296
20000000 0.1047427414129
22000000 0.04615928641512
24000000 0.02998397671945
26000000 0.02460129021105
28000000 0.02201664380356
30000000 0.02028774018922
35000000 0.01690120793094
40000000 0.014191046980736
45000000 0.012231300040742
50000000 0.01097651527036
55000000 0.009220049256704
60000000 0.00812749440375
65000000 0.00682056529056
70000000 0.00613556183794
75000000 0.005209119880452
80000000 0.004762796429292
90000000 0.003814232565072
100000000 0.003139110920988
110000000 0.002643127375776
120000000 0.002313507309894
130000000 0.001998792406836
140000000 0.001755451382476
150000000 0.001563635645208
160000000 0.00141227103057
180000000 0.001166223805047
200000000 0.0009811257858376
#Header 
#Target 88 213 0
#Product 89 214 0
#Datapoints 45
1000000 0
2000000 0
3000000 2.29172996574E-10
4000000 1.3022900313E-7
5000000 8.1250210381171E-6
6000000 0.00015461100165
7000000 0.0012513799705
8000000 0.00384444039386
9000000 0.008611241529
10000000 0.008349935991992
11000000 0.008345967927327
12000000 0.007556465608572
13000000 0.005839751584336
14000000 0.0041864404815035
15000000 0.0029533044971088
16000000 0.002134093243533
17000000 0.0016311509901312
18000000 0.0013199680648527
19000000 0.00111222603744
20000000 0.0009567172744984
22000000 0.00071201484441
24000000 0.000515484395748
26000000 0.0004000836182562
28000000 0.0003347760759385
30000000 0.0002937617883738
35000000 0.0002491091849424
40000000 0.0002137448997584
45000000 0.0001983762000879
50000000 0.00018152206029
55000000 0.0001721461974816
60000000 0.000157887697311
65000000 0.000149792625837
70000000 0.000139585290984
75000000 0.00013203052652082
80000000 0.00012009937328752
90000000 0.00010813184799392
100000000 8.99821082106E-5
110000000 8.532928521824E-5
120000000 7.484556110143E-5
130000000 6.011418469026E-5
140000000 5.185500548789E-5
150000000 4.929806702328E-5
160000000 4.627352221384E-5
180000000 3.88255050309E-5
200000000 3.04028509655E-5
