#Header 
#Target 39 98 1
#Product 0 1 0
#Datapoints 45
1000000 0
2000000 4.260307856E-6
3000000 0.003598180196
4000000 0.0478642747
5000000 0.231909427
6000000 0.57079689
7000000 0.9556107184
8000000 1.3522720911
9000000 1.7306717181
10000000 2.0704610122
11000000 2.3641060302
12000000 2.617210848
13000000 2.829222409
14000000 3.0415973
15000000 3.227495424
16000000 3.406730793
17000000 3.57871254
18000000 3.740696839
19000000 3.885359003
20000000 4.00364562
22000000 4.207378144
24000000 4.39317355
26000000 4.566269565
28000000 4.712338005
30000000 4.827871461
35000000 5.060480713
40000000 5.214171418
45000000 5.306938646
50000000 5.366029039
55000000 5.39431746
60000000 5.410289535
65000000 5.41308609
70000000 5.3959074
75000000 5.392527616
80000000 5.395113336
90000000 5.44770368
100000000 5.504831374
110000000 5.621483772
120000000 5.756425215
130000000 5.88609472
140000000 6.007667496
150000000 6.125664542
160000000 6.233489535
180000000 6.439999707137
200000000 6.6509420785
#Header 
#Target 39 98 1
#Product 1 1 0
#Datapoints 45
1000000 0
2000000 3.022397651E-19
3000000 1.1402027893E-11
4000000 3.07834395E-8
5000000 3.65245508E-6
6000000 7.1383449E-5
7000000 0.000461386052
8000000 0.0015842629488
9000000 0.0037927122615
10000000 0.0073336287612
11000000 0.012395704428
12000000 0.01904151776
13000000 0.02718239836
14000000 0.0365557976
15000000 0.0469662208
16000000 0.05831590749
17000000 0.07050887442
18000000 0.08348899383
19000000 0.09714041453
20000000 0.11320037925
22000000 0.1445432384
24000000 0.1775034135
26000000 0.2109463785
28000000 0.2442237897
30000000 0.2775150672
35000000 0.3592549937
40000000 0.433667148
45000000 0.5009220642
50000000 0.5597989228
55000000 0.6132372995
60000000 0.659170386
65000000 0.7008869772
70000000 0.7370623725
75000000 0.7682773504
80000000 0.7946340192
90000000 0.8405226505
100000000 0.8757745458
110000000 0.9068590748
120000000 0.9358294731
130000000 0.964779632
140000000 0.9950873484
150000000 1.0264572502
160000000 1.0588708
180000000 1.124989368212
200000000 1.1907362457
#Header 
#Target 39 98 1
#Product 1 2 0
#Datapoints 44
1000000 0
3000000 0
4000000 1.578559059E-15
5000000 1.128010892E-12
6000000 6.2677539E-11
7000000 7.0360603E-10
8000000 1.3013321916E-7
9000000 9.854612112E-6
10000000 0.00014467385338
11000000 0.00085999743684
12000000 0.002593773408
13000000 0.005318831479
14000000 0.008758078672
15000000 0.01264177152
16000000 0.01673973265
17000000 0.0208975278
18000000 0.02501506788
19000000 0.02902620116
20000000 0.0329003151
22000000 0.04017739184
24000000 0.04680995425
26000000 0.05276950965
28000000 0.05816892387
30000000 0.06308121232
35000000 0.07359561846
40000000 0.08193392748
45000000 0.08864582552
50000000 0.09407047478
55000000 0.09857382535
60000000 0.10235079225
65000000 0.10562628501
70000000 0.1086740766
75000000 0.1113098112
80000000 0.1137819214
90000000 0.10924632575
100000000 0.10535958762
110000000 0.10015096576
120000000 0.09650568684
130000000 0.0941233152
140000000 0.09357688224
150000000 0.09436666662
160000000 0.09682922405
180000000 0.1093950922294
200000000 0.12888988711
#Header 
#Target 39 98 1
#Product 1 3 0
#Datapoints 45
1000000 0
2000000 0
3000000 5.644463746E-20
4000000 9.42894447E-14
5000000 3.99632685E-9
6000000 9.9014548E-7
7000000 3.0317071652E-5
8000000 0.0002572537821
9000000 0.0009454865817
10000000 0.0021493146066
11000000 0.0037397471607
12000000 0.005556255808
13000000 0.007468149897
14000000 0.00937730507
15000000 0.011223481856
16000000 0.01296580968
17000000 0.01458527556
18000000 0.01607406669
19000000 0.01743232018
20000000 0.018667503
22000000 0.0208043288
24000000 0.0225911913
26000000 0.02401635951
28000000 0.02508140529
30000000 0.02579938543
35000000 0.0265709224
40000000 0.02670251768
45000000 0.02680677904
50000000 0.02716049506
55000000 0.02776547795
60000000 0.02871465555
65000000 0.02985326577
70000000 0.03121276275
75000000 0.03270434048
80000000 0.03435482808
90000000 0.03829477735
100000000 0.04259545136
110000000 0.04460514808
120000000 0.04690274991
130000000 0.0492720144
140000000 0.05190889332
150000000 0.05470007846
160000000 0.0577064176
180000000 0.06530725940651
200000000 0.074755627425
#Header 
#Target 39 98 1
#Product 2 3 0
#Datapoints 37
1000000 0
10000000 0
11000000 6.1584477066E-20
12000000 2.483747648E-17
13000000 1.872759694E-14
14000000 3.067103452E-12
15000000 1.87044096E-10
16000000 5.383453334E-9
17000000 8.231562246E-8
18000000 7.599156191E-7
19000000 3.357414756E-6
20000000 1.607982735E-5
22000000 0.0001463870832
24000000 0.000538051771
26000000 0.0012101771682
28000000 0.002092380012
30000000 0.003100207509
35000000 0.005748793581
40000000 0.008234614498
45000000 0.01040825422
50000000 0.012174833509
55000000 0.01347430259
60000000 0.0144962118
65000000 0.01541706363
70000000 0.01625899035
75000000 0.01715805952
80000000 0.01804463572
90000000 0.0200511835
100000000 0.02233701008
110000000 0.02343487392
120000000 0.02442658845
130000000 0.0254454208
140000000 0.02649690624
150000000 0.0275747728
160000000 0.02868064225
180000000 0.03090266516036
200000000 0.033073178774
#Header 
#Target 39 98 1
#Product 2 4 0
#Datapoints 45
1000000 0
2000000 2.0408244402E-5
3000000 0.00011314158658
4000000 0.000401475701
5000000 0.001105315615
6000000 0.00239658162
7000000 0.0042852147996
8000000 0.00664988751
9000000 0.00936558561
10000000 0.012647705812
11000000 0.019521307179
12000000 0.02508387008
13000000 0.02992196818
14000000 0.02434195246
15000000 0.02523502592
16000000 0.02628498066
17000000 0.0272388165
18000000 0.02805315458
19000000 0.02871515597
20000000 0.029231715
22000000 0.02988952944
24000000 0.03018871195
26000000 0.03022392087
28000000 0.03008663595
30000000 0.02983154888
35000000 0.02882653251
40000000 0.02795178762
45000000 0.02731306082
50000000 0.02723285675
55000000 0.0274380372
60000000 0.0279994995
65000000 0.02853051966
70000000 0.0289694154
75000000 0.02921033472
80000000 0.02936651876
90000000 0.03035464655
100000000 0.03138039744
110000000 0.03464821936
120000000 0.040821363
130000000 0.0489396944
140000000 0.0589617624
150000000 0.07043743368
160000000 0.08334005095
180000000 0.1106195081524
200000000 0.13023369893
#Header 
#Target 39 98 1
#Product 33 72 0
#Datapoints 8
1000000 0
120000000 0
130000000 1.51919552E-14
140000000 8.437111848E-11
150000000 1.0712103444E-8
160000000 2.358810233E-7
180000000 1.7916599472431E-5
200000000 0.000276619957425
#Header 
#Target 39 98 1
#Product 33 73 0
#Datapoints 9
1000000 0
110000000 0
120000000 1.749199236E-15
130000000 2.33864304E-11
140000000 5.0380997952E-9
150000000 1.2449297564E-7
160000000 1.302739685E-6
180000000 4.4064608738757E-5
200000000 0.000393745054856
#Header 
#Target 39 98 1
#Product 33 74 0
#Datapoints 9
1000000 0
110000000 0
120000000 7.652949177E-13
130000000 8.27017984E-10
140000000 4.9415999772E-8
150000000 6.6688498776E-7
160000000 4.439309706E-6
180000000 6.7162110165441E-5
200000000 0.000392164954499
#Header 
#Target 39 98 1
#Product 33 75 0
#Datapoints 10
1000000 0
100000000 0
110000000 1.15634962E-14
120000000 1.0665694941E-10
130000000 2.038489472E-8
140000000 4.3824798528E-7
150000000 3.2972302646E-6
160000000 1.4686597185E-5
180000000 0.00012679802433563
200000000 0.000482732995217
#Header 
#Target 39 98 1
#Product 33 76 0
#Datapoints 10
1000000 0
100000000 0
110000000 5.173183164E-12
120000000 2.7128603619E-9
130000000 1.221890256E-7
140000000 1.4459902332E-6
150000000 7.116050527E-6
160000000 2.381810262E-5
180000000 0.0001434049865459
200000000 0.000383805040705
#Header 
#Target 39 98 1
#Product 33 77 0
#Datapoints 11
1000000 0
90000000 0
100000000 3.808159264E-13
110000000 5.124422176E-10
120000000 3.5910900051E-8
130000000 6.137300768E-7
140000000 3.58379034E-6
150000000 1.1434398484E-5
160000000 3.0113699785E-5
180000000 0.00013727703371631
200000000 0.000306298987404
#Header 
#Target 39 98 1
#Product 34 73 0
#Datapoints 8
1000000 0
120000000 0
130000000 5.3391496E-14
140000000 1.627452408E-10
150000000 2.117449947E-8
160000000 4.6360998645E-7
180000000 2.5985500405001E-5
200000000 0.000306892975633
#Header 
#Target 39 98 1
#Product 34 74 0
#Datapoints 9
1000000 0
110000000 0
120000000 1.654540527E-14
130000000 3.58231312E-10
140000000 5.447780172E-8
150000000 1.1083201158E-6
160000000 9.7367507185E-6
180000000 0.00020531304834894
200000000 0.00124488952159
#Header 
#Target 39 98 1
#Product 34 75 0
#Datapoints 9
1000000 0
110000000 0
120000000 5.696796906E-11
130000000 3.863929664E-8
140000000 1.353449544E-6
150000000 1.2316300434E-5
160000000 5.919659252E-5
180000000 0.00051583308919456
200000000 0.00185077994454
#Header 
#Target 39 98 1
#Product 34 76 0
#Datapoints 10
1000000 0
100000000 0
110000000 1.844183396E-11
120000000 3.1066195731E-8
130000000 1.619729824E-6
140000000 1.7300098404E-5
150000000 7.9007398064E-5
160000000 0.0002681300479
180000000 0.0016038305628145
200000000 0.00403184991575
#Header 
#Target 39 98 1
#Product 34 77 0
#Datapoints 11
1000000 0
90000000 0
100000000 8.056309142E-14
110000000 1.2481904756E-9
120000000 1.6975797522E-7
130000000 2.097599552E-6
140000000 8.759930286E-6
150000000 2.419020551E-5
160000000 6.14638986E-5
180000000 0.0002398670611561
200000000 0.00049152891646
#Header 
#Target 39 98 1
#Product 34 78 0
#Datapoints 12
1000000 0
80000000 0
90000000 1.243753365E-13
100000000 6.5971999324E-9
110000000 1.10035005268E-6
120000000 1.7133302958E-5
130000000 7.635589072E-5
140000000 0.00019984002552
150000000 0.00045632604376
160000000 0.0009448019633
180000000 0.0025225207799025
200000000 0.00418739954708
#Header 
#Target 39 98 1
#Product 34 79 0
#Datapoints 12
1000000 0
80000000 0
90000000 8.676252045E-10
100000000 3.475680432E-7
110000000 6.912399816E-6
120000000 3.5653306194E-5
130000000 8.80708032E-5
140000000 0.00019202900748
150000000 0.00039540797414
160000000 0.0006937630453
180000000 0.0013657901709419
200000000 0.00178918986971
#Header 
#Target 39 98 1
#Product 34 80 0
#Datapoints 14
1000000 0
70000000 0
75000000 8.52747392E-14
80000000 4.383038804E-11
90000000 6.300459561E-8
100000000 1.7068103178E-6
110000000 9.1929609792E-6
120000000 2.3969802981E-5
130000000 5.037469504E-5
140000000 0.000102526007736
150000000 0.00018103202804
160000000 0.00027840801365
180000000 0.00048860307452714
200000000 0.000641336043956
#Header 
#Target 39 98 1
#Product 35 75 0
#Datapoints 8
1000000 0
120000000 0
130000000 2.12271008E-11
140000000 1.1178403368E-8
150000000 3.6565399496E-7
160000000 3.5121395335E-6
180000000 7.3118604947407E-5
200000000 0.000515832016526
#Header 
#Target 39 98 1
#Product 35 76 0
#Datapoints 9
1000000 0
110000000 0
120000000 4.174123941E-13
130000000 9.82962896E-10
140000000 6.1527503076E-8
150000000 8.2978498746E-7
160000000 5.1298096005E-6
180000000 6.4468106451412E-5
200000000 0.000310421018015
#Header 
#Target 39 98 1
#Product 35 77 0
#Datapoints 10
1000000 0
100000000 0
110000000 2.479130168E-14
120000000 3.534534519E-10
130000000 6.47347032E-8
140000000 1.3288402224E-6
150000000 8.0549698842E-6
160000000 2.9772097615E-5
180000000 0.00018388397786826
200000000 0.000565209006834
#Header 
#Target 39 98 1
#Product 35 78 0
#Datapoints 10
1000000 0
100000000 0
110000000 1.29089362E-10
120000000 8.6324199603E-8
130000000 3.430750544E-6
140000000 3.363070488E-5
150000000 0.0001435240418
160000000 0.00044278403065
180000000 0.0021859099289279
200000000 0.00506788006947
#Header 
#Target 39 98 1
#Product 35 79 0
#Datapoints 11
1000000 0
90000000 0
100000000 7.815476298E-12
110000000 1.2770501636E-8
120000000 6.4800306726E-7
130000000 8.473600416E-6
140000000 3.918579828E-5
150000000 0.00010550798478
160000000 0.000246016017
180000000 0.00087865510142423
200000000 0.00161011963077
#Header 
#Target 39 98 1
#Product 35 80 0
#Datapoints 12
1000000 0
80000000 0
90000000 1.558539475E-13
100000000 2.9591802814E-9
110000000 3.0172097448E-7
120000000 5.7093706302E-6
130000000 3.523860176E-5
140000000 0.00010643300064
150000000 0.00023295298936
160000000 0.00043070600495
180000000 0.0011246001433129
200000000 0.00170254033745
#Header 
#Target 39 98 1
#Product 35 81 0
#Datapoints 13
1000000 0
75000000 0
80000000 2.679119284E-14
90000000 2.753269592E-9
100000000 6.1353394102E-7
110000000 1.5863600924E-5
120000000 0.0001183830474
130000000 0.000378565008
140000000 0.00078143404668
150000000 0.0014182795306
160000000 0.002425089667
180000000 0.0046419907153761
200000000 0.00581146049409
#Header 
#Target 39 98 1
#Product 35 82 0
#Datapoints 14
1000000 0
70000000 0
75000000 2.438691584E-13
80000000 7.621187448E-11
90000000 8.533729502E-8
100000000 3.9516899702E-6
110000000 3.525069618E-5
120000000 0.00012573702306
130000000 0.0002580249328
140000000 0.000480096987
150000000 0.00084435699998
160000000 0.0012717297515
180000000 0.0019043301032015
200000000 0.00207674999615
#Header 
#Target 39 98 1
#Product 35 83 0
#Datapoints 16
1000000 0
60000000 0
65000000 2.043250317E-15
70000000 5.242380195E-12
75000000 7.497310464E-10
80000000 1.835719738E-8
90000000 1.298559854E-6
100000000 1.2949103398E-5
110000000 4.450250222E-5
120000000 8.95585017E-5
130000000 0.000162088008
140000000 0.00027223704204
150000000 0.00039993505356
160000000 0.0005272060157
180000000 0.0006711859860447
200000000 0.000693425037654
#Header 
#Target 39 98 1
#Product 36 77 0
#Datapoints 9
1000000 0
110000000 0
120000000 9.834335973E-13
130000000 2.673009488E-9
140000000 1.9075402488E-7
150000000 1.8876097842E-6
160000000 1.0304998795E-5
180000000 0.0001234499933813
200000000 0.00044585199205
#Header 
#Target 39 98 1
#Product 36 78 0
#Datapoints 10
1000000 0
100000000 0
110000000 3.84756598E-13
120000000 7.0605205257E-9
130000000 6.637140064E-7
140000000 7.9524900672E-6
150000000 3.9209997468E-5
160000000 0.0001468550525
180000000 0.00086852808673491
200000000 0.00196673003554
#Header 
#Target 39 98 1
#Product 36 79 0
#Datapoints 11
1000000 0
90000000 0
100000000 1.047459259E-14
110000000 2.97084364E-10
120000000 9.7716600192E-8
130000000 1.998399888E-6
140000000 1.03783994076E-5
150000000 3.1090701288E-5
160000000 8.1435604055E-5
180000000 0.00030365395435188
200000000 0.000561460961588
#Header 
#Target 39 98 1
#Product 36 80 0
#Datapoints 12
1000000 0
80000000 0
90000000 1.287561475E-14
100000000 6.3593904612E-9
110000000 1.688280536E-6
120000000 3.2672405253E-5
130000000 0.000160449992
140000000 0.00046115599704
150000000 0.001127250334
160000000 0.002529650097
180000000 0.006639270909955
200000000 0.0098994169913
#Header 
#Target 39 98 1
#Product 36 81 0
#Datapoints 12
1000000 0
80000000 0
90000000 2.076820555E-9
100000000 2.1776902616E-6
110000000 5.1048000548E-5
120000000 0.00029611897728
130000000 0.000766451056
140000000 0.0016945597464
150000000 0.0033898499008
160000000 0.0058770401105
180000000 0.010575698420193
200000000 0.0126101038748
#Header 
#Target 39 98 1
#Product 36 82 0
#Datapoints 14
1000000 0
70000000 0
75000000 9.111848704E-13
80000000 1.5388803172E-9
90000000 3.6832601455E-6
100000000 8.8523906226E-5
110000000 0.0004370779566
120000000 0.00109079006001
130000000 0.00222775
140000000 0.0043452101592
150000000 0.007252039963
160000000 0.0101812009195
180000000 0.014335899628928
200000000 0.015297903049
#Header 
#Target 39 98 1
#Product 36 83 0
#Datapoints 16
1000000 0
60000000 0
65000000 4.659359787E-15
70000000 1.214509077E-10
75000000 4.5054196992E-8
80000000 1.610249486E-6
90000000 9.085599969E-5
100000000 0.00037404997756
110000000 0.00080658107708
120000000 0.0015206105502
130000000 0.002844850016
140000000 0.004808710272
150000000 0.006541460474
160000000 0.0079934999625
180000000 0.0097338706638063
200000000 0.00964365976114
#Header 
#Target 39 98 1
#Product 36 84 0
#Datapoints 17
1000000 0
55000000 0
60000000 6.471808875E-12
65000000 6.1931798199E-9
70000000 5.0137194705E-7
75000000 8.1710098176E-6
80000000 4.6940201168E-5
90000000 0.00026010999945
100000000 0.0004345130552
110000000 0.000705416995
120000000 0.0012472497291
130000000 0.002041959536
140000000 0.0028293395136
150000000 0.0035408101854
160000000 0.003945699979
180000000 0.0043270510307785
200000000 0.0041778699904
#Header 
#Target 39 98 1
#Product 36 85 0
#Datapoints 19
1000000 0
45000000 0
50000000 7.608630313E-15
55000000 1.1887596875E-10
60000000 4.409249754E-8
65000000 1.5916896855E-6
70000000 1.1709200946E-5
75000000 3.7020404736E-5
80000000 6.7351800676E-5
90000000 0.00010595601104
100000000 0.00014239797838
110000000 0.00024115005052
120000000 0.00039009404613
130000000 0.0005324660448
140000000 0.00066678001296
150000000 0.0007549789941
160000000 0.000841436947
180000000 0.00087917512978047
200000000 0.00090404501355
#Header 
#Target 39 98 1
#Product 36 86 0
#Datapoints 20
1000000 0
40000000 0
45000000 2.03537717E-11
50000000 1.5206607763E-8
55000000 6.670770001E-7
60000000 5.736399627E-6
65000000 1.9185904089E-5
70000000 3.5343999555E-5
75000000 4.5153495296E-5
80000000 4.9248505028E-5
90000000 5.9076995315E-5
100000000 9.42321009E-5
110000000 0.00013805997108
120000000 0.00017954798679
130000000 0.000216148968
140000000 0.00024149601708
150000000 0.00027280698492
160000000 0.0002963629968
180000000 0.00033869006848547
200000000 0.000399831020608
#Header 
#Target 39 98 1
#Product 36 87 0
#Datapoints 22
1000000 0
30000000 0
35000000 5.123657444E-15
40000000 1.64585902E-10
45000000 5.8809004458E-8
50000000 1.34179990098E-6
55000000 6.3637803425E-6
60000000 1.3335600075E-5
65000000 1.7263005516E-5
70000000 1.7792304765E-5
75000000 1.7713294592E-5
80000000 1.94531017E-5
90000000 3.0292903975E-5
100000000 4.6186904848E-5
110000000 5.8215204276E-5
120000000 6.9407800503E-5
130000000 7.573040016E-5
140000000 8.3544795048E-5
150000000 9.2511002032E-5
160000000 0.0001065710191
180000000 0.0001526169743113
200000000 0.000199259987586
#Header 
#Target 39 98 1
#Product 36 88 0
#Datapoints 24
1000000 0
26000000 0
28000000 2.941290432E-15
30000000 4.366882548E-13
35000000 2.1122799783E-9
40000000 1.968930005E-7
45000000 1.8332405288E-6
50000000 5.1648996522E-6
55000000 7.5655600545E-6
60000000 8.041810434E-6
65000000 7.7163306498E-6
70000000 7.9331495025E-6
75000000 9.3651898368E-6
80000000 1.19295991556E-5
90000000 1.903489715E-5
100000000 2.690899729E-5
110000000 3.2583395016E-5
120000000 3.6706703163E-5
130000000 4.23530048E-5
140000000 4.93622958E-5
150000000 6.1168004826E-5
160000000 8.0201697095E-5
180000000 0.00012177801859734
200000000 0.000165135944068
#Header 
#Target 39 98 1
#Product 36 89 0
#Datapoints 26
1000000 0
22000000 0
24000000 1.40607789E-13
26000000 9.969019632E-12
28000000 2.852387553E-10
30000000 3.8163992755E-9
35000000 1.8678497406E-7
40000000 1.07685004156E-6
45000000 2.0409206798E-6
50000000 2.266879246E-6
55000000 2.076219425E-6
60000000 1.943480238E-6
65000000 2.2915097424E-6
70000000 3.096630546E-6
75000000 4.0279499008E-6
80000000 5.4507307264E-6
90000000 8.3836801885E-6
100000000 1.10582003252E-5
110000000 1.3150296924E-5
120000000 1.5525199605E-5
130000000 1.965950448E-5
140000000 2.8510999884E-5
150000000 4.0194704284E-5
160000000 5.3495599885E-5
180000000 8.0704200046826E-5
200000000 0.00011595301657
#Header 
#Target 39 98 1
#Product 37 79 0
#Datapoints 9
1000000 0
110000000 0
120000000 5.512920147E-12
130000000 2.621649968E-8
140000000 9.7515605004E-7
150000000 7.3561794596E-6
160000000 2.787099796E-5
180000000 0.00012359005461737
200000000 0.000234403982325
#Header 
#Target 39 98 1
#Product 37 80 0
#Datapoints 10
1000000 0
100000000 0
110000000 5.968293356E-13
120000000 2.8883199726E-8
130000000 1.554090192E-6
140000000 1.5513302112E-5
150000000 6.2083401966E-5
160000000 0.0001704279902
180000000 0.00050251403214858
200000000 0.000827323988199
#Header 
#Target 39 98 1
#Product 37 81 0
#Datapoints 11
1000000 0
90000000 0
100000000 1.40124803E-12
110000000 9.021629286E-9
120000000 5.2210194867E-7
130000000 7.264170016E-6
140000000 3.677669682E-5
150000000 9.9766101602E-5
160000000 0.00018765596915
180000000 0.00039381406970701
200000000 0.000502499998998
#Header 
#Target 39 98 1
#Product 37 82 0
#Datapoints 12
1000000 0
80000000 0
90000000 2.49791799E-14
100000000 2.2734599734E-9
110000000 3.8748795332E-7
120000000 8.0333694687E-6
130000000 5.21958944E-5
140000000 0.00014295096492
150000000 0.00027297503034
160000000 0.00042648501285
180000000 0.00070235105448742
200000000 0.0008031469802
#Header 
#Target 39 98 1
#Product 37 83 0
#Datapoints 13
1000000 0
75000000 0
80000000 7.65766836E-15
90000000 1.1965497105E-8
100000000 3.728450068E-6
110000000 8.9311305068E-5
120000000 0.00059515095126
130000000 0.001948159536
140000000 0.0037394003088
150000000 0.0054766199104
160000000 0.007119320273
180000000 0.0091734813778118
200000000 0.0098302370127
#Header 
#Target 39 98 1
#Product 37 84 0
#Datapoints 14
1000000 0
70000000 0
75000000 1.873910528E-12
80000000 1.2806794008E-9
90000000 2.3691594655E-6
100000000 7.8736600936E-5
110000000 0.00056007202692
120000000 0.0017220101721
130000000 0.00325224968
140000000 0.0047062001976
150000000 0.0061092296378
160000000 0.007058590318
180000000 0.0078466007557986
200000000 0.00804020067807
#Header 
#Target 39 98 1
#Product 37 85 0
#Datapoints 16
1000000 0
60000000 0
65000000 5.560953147E-14
70000000 4.15622544E-10
75000000 9.4067493632E-8
80000000 3.0252300904E-6
90000000 0.0001299040008
100000000 0.00087616594814
110000000 0.0025344602668
120000000 0.0046914496041
130000000 0.00651961992
140000000 0.0081115603272
150000000 0.00955757032
160000000 0.010800900565
180000000 0.011305599629316
200000000 0.0107666046988
#Header 
#Target 39 98 1
#Product 37 86 0
#Datapoints 17
1000000 0
55000000 0
60000000 1.103999316E-11
65000000 9.1138408407E-9
70000000 4.7319403035E-7
75000000 5.3152302336E-6
80000000 2.720080308E-5
90000000 0.00022822301985
100000000 0.00056838797974
110000000 0.00095207796776
120000000 0.0013338404991
130000000 0.00161982952
140000000 0.0019813503228
150000000 0.0021663995174
160000000 0.002398919965
180000000 0.0026384301630263
200000000 0.00262680981641
#Header 
#Target 39 98 1
#Product 37 87 0
#Datapoints 19
1000000 0
45000000 0
50000000 2.887856436E-12
55000000 1.10244998185E-8
60000000 8.3453097E-7
65000000 9.0959695992E-6
70000000 4.62854007E-5
75000000 0.00016966399744
80000000 0.00044433098492
90000000 0.001218780603
100000000 0.0017375798188
110000000 0.0021498998788
120000000 0.0025571502339
130000000 0.002964909728
140000000 0.0033395798676
150000000 0.0036781901636
160000000 0.003895419944
180000000 0.0042045108879286
200000000 0.00466160031243
#Header 
#Target 39 98 1
#Product 37 88 0
#Datapoints 20
1000000 0
40000000 0
45000000 5.01658654E-11
50000000 7.4381400602E-8
55000000 2.4536394785E-6
60000000 1.65378003E-5
65000000 6.4061903925E-5
70000000 0.00018744303945
75000000 0.00037944997888
80000000 0.00057581402576
90000000 0.000811514931
100000000 0.00094887898574
110000000 0.00104577990324
120000000 0.001130649948
130000000 0.001295250432
140000000 0.0015114400416
150000000 0.001701229501
160000000 0.0018759800475
180000000 0.0022281303781492
200000000 0.00255248961132
#Header 
#Target 39 98 1
#Product 37 89 0
#Datapoints 22
1000000 0
30000000 0
35000000 2.719431045E-14
40000000 2.0230000368E-9
45000000 3.683309519E-7
50000000 4.3790100318E-6
55000000 1.9918595235E-5
60000000 7.04200014E-5
65000000 0.00017470499967
70000000 0.00028910494425
75000000 0.00037735901952
80000000 0.00041826497944
90000000 0.00045328403545
100000000 0.00050551196486
110000000 0.00057725800476
120000000 0.00069090906747
130000000 0.0008858850416
140000000 0.001083230058
150000000 0.0013123498274
160000000 0.001569369802
180000000 0.0020356701133354
200000000 0.00223955016513
#Header 
#Target 39 98 1
#Product 37 90 0
#Datapoints 23
1000000 0
28000000 0
30000000 1.3051489276E-13
35000000 2.7822697162E-9
40000000 1.8927995264E-7
45000000 1.3273899578E-6
50000000 6.3174894284E-6
55000000 2.2692106885E-5
60000000 4.7477600625E-5
65000000 6.7135300398E-5
70000000 7.719829983E-5
75000000 7.9925199872E-5
80000000 8.2716701712E-5
90000000 8.8126098385E-5
100000000 0.000102291002492
110000000 0.00013796298728
120000000 0.00019547302557
130000000 0.0002514540016
140000000 0.00032026499988
150000000 0.00039260597466
160000000 0.0004486920113
180000000 0.00054297301472293
200000000 0.000601017008444
#Header 
#Target 39 98 1
#Product 37 91 0
#Datapoints 27
1000000 0
20000000 0
22000000 7.3910744E-15
24000000 2.47910575E-12
26000000 1.434231513E-10
28000000 2.3831896527E-9
30000000 1.8269899851E-8
35000000 3.3538508242E-7
40000000 2.1002101668E-6
45000000 1.30825997138E-5
50000000 3.9385092856E-5
55000000 6.420509963E-5
60000000 7.664229909E-5
65000000 7.9578699138E-5
70000000 8.070970845E-5
75000000 8.285550336E-5
80000000 8.6531000144E-5
90000000 0.00011962597165
100000000 0.00021953995756
110000000 0.00037700394848
120000000 0.00056107304973
130000000 0.0007548329344
140000000 0.00091291500924
150000000 0.0010541003594
160000000 0.00121564001
180000000 0.0013897797638918
200000000 0.0015695097936
#Header 
#Target 39 98 1
#Product 37 92 0
#Datapoints 31
1000000 0
16000000 0
17000000 1.934002704E-15
18000000 4.018280816E-14
19000000 4.939621372E-13
20000000 4.023817755E-12
22000000 1.082300048E-10
24000000 1.149788733E-9
26000000 6.1440601365E-9
28000000 2.008859562E-8
30000000 4.9211905253E-8
35000000 7.7339096206E-7
40000000 6.1279694368E-6
45000000 1.5083803924E-5
50000000 2.0504094587E-5
55000000 2.2044795325E-5
60000000 2.1783295905E-5
65000000 2.1603699585E-5
70000000 2.2364598015E-5
75000000 2.5684705536E-5
80000000 3.7052704756E-5
90000000 9.524660393E-5
100000000 0.00020037599106
110000000 0.00032655297572
120000000 0.00044628598236
130000000 0.0005506659248
140000000 0.00064447902552
150000000 0.00072501203314
160000000 0.00078510299985
180000000 0.00087330111882239
200000000 0.000952899009461
#Header 
#Target 39 98 1
#Product 37 93 0
#Datapoints 30
1000000 0
17000000 0
18000000 1.2516598479E-14
19000000 1.42682712E-13
20000000 1.176889773E-12
22000000 5.256718272E-11
24000000 1.1074897325E-9
26000000 1.2084500142E-8
28000000 6.851489469E-8
30000000 2.4781402345E-7
35000000 1.6263103476E-6
40000000 3.0777606688E-6
45000000 3.4830998872E-6
50000000 3.4706902653E-6
55000000 3.2472796125E-6
60000000 3.389959692E-6
65000000 4.8669404274E-6
70000000 1.1176900797E-5
75000000 2.5354296576E-5
80000000 5.1429002616E-5
90000000 0.0001287109845
100000000 0.00022332297582
110000000 0.000309653016
120000000 0.00038461496316
130000000 0.0004512499312
140000000 0.000495119997
150000000 0.0005386140446
160000000 0.0005709340325
180000000 0.00062020011245886
200000000 0.000647530938431
#Header 
#Target 39 98 1
#Product 37 94 0
#Datapoints 33
1000000 0
14000000 0
15000000 3.3228928E-15
16000000 5.936275552E-14
17000000 6.616910754E-13
18000000 5.131013536E-12
19000000 2.937575299E-11
20000000 1.145909718E-10
22000000 1.2246787136E-9
24000000 6.7718493515E-9
26000000 2.1752400384E-8
28000000 4.6004705715E-8
30000000 7.151049416E-8
35000000 1.06265992025E-7
40000000 1.1211900198E-7
45000000 1.06893006944E-7
50000000 1.13005001255E-7
55000000 2.18272957E-7
60000000 1.4105803005E-6
65000000 6.5931508719E-6
70000000 1.697850438E-5
75000000 3.1105494784E-5
80000000 4.9691408408E-5
90000000 8.7744399725E-5
100000000 0.00012306002968
110000000 0.00015547702824
120000000 0.00017745700032
130000000 0.0001952389648
140000000 0.000209125035
150000000 0.00022252702906
160000000 0.0002308809815
180000000 0.00024422598184198
200000000 0.00025061602848
#Header 
#Target 39 98 1
#Product 37 95 0
#Datapoints 22
1000000 0
30000000 0
35000000 1.2584695018E-13
40000000 4.004259288E-11
45000000 1.8923896794E-9
50000000 1.0284498942E-7
55000000 1.26199000725E-6
60000000 5.4833399985E-6
65000000 1.3969094769E-5
70000000 2.4841402935E-5
75000000 3.5596698368E-5
80000000 4.6768098404E-5
90000000 6.521530069E-5
100000000 8.0171504728E-5
110000000 9.141810714E-5
120000000 9.8393102898E-5
130000000 0.00010366399728
140000000 0.0001097090166
150000000 0.00011242300722
160000000 0.0001140369971
180000000 0.00012062796354381
200000000 0.000122507951193
#Header 
#Target 39 98 1
#Product 38 81 0
#Datapoints 10
1000000 0
100000000 0
110000000 6.62690866E-15
120000000 1.4084399253E-9
130000000 6.663499472E-8
140000000 7.9648199856E-7
150000000 8.1643609296E-6
160000000 3.812079791E-5
180000000 0.00011677304430656
200000000 0.000231566959577
#Header 
#Target 39 98 1
#Product 38 82 0
#Datapoints 11
1000000 0
90000000 0
100000000 3.66174921E-12
110000000 2.4001797488E-8
120000000 9.3480800853E-7
130000000 8.87086968E-6
140000000 4.5260398416E-5
150000000 0.00015990003174
160000000 0.00040958900255
180000000 0.00082381211858892
200000000 0.00099349626668
#Header 
#Target 39 98 1
#Product 38 83 0
#Datapoints 12
1000000 0
80000000 0
90000000 5.85022486E-12
100000000 7.9153593638E-8
110000000 3.691080096E-6
120000000 3.2600702403E-5
130000000 0.000121419008
140000000 0.00035888502792
150000000 0.00087597190358
160000000 0.001468219883
180000000 0.0021194599808726
200000000 0.00256643970427
#Header 
#Target 39 98 1
#Product 38 84 0
#Datapoints 13
1000000 0
75000000 0
80000000 1.596236828E-11
90000000 3.739579595E-7
100000000 1.9302795078E-5
110000000 0.0001274669856
120000000 0.00038971604622
130000000 0.0009226969856
140000000 0.0020030602824
150000000 0.0034211396888
160000000 0.0046926396465
180000000 0.0058865507689597
200000000 0.00622321984374
#Header 
#Target 39 98 1
#Product 38 85 0
#Datapoints 15
1000000 0
65000000 0
70000000 2.466504945E-12
75000000 7.1221595648E-9
80000000 6.8501700192E-7
90000000 7.779799773E-5
100000000 0.00040657001602
110000000 0.00100193997416
120000000 0.0019249303323
130000000 0.003542710224
140000000 0.0058584298092
150000000 0.0081253698364
160000000 0.009449080953
180000000 0.010474002216377
200000000 0.0100875018866
#Header 
#Target 39 98 1
#Product 38 86 0
#Datapoints 17
1000000 0
55000000 0
60000000 9.91579932E-13
65000000 8.0732592378E-9
70000000 1.707720501E-6
75000000 4.7281296384E-5
80000000 0.000332159073
90000000 0.002099779998
100000000 0.0034887198794
110000000 0.0055247096364
120000000 0.0089772198087
130000000 0.01362019952
140000000 0.018221495652
150000000 0.02134130241
160000000 0.02260929996
180000000 0.022118297190117
200000000 0.0202447981215
#Header 
#Target 39 98 1
#Product 38 87 0
#Datapoints 19
1000000 0
45000000 0
50000000 2.802189084E-15
55000000 8.31122229E-10
60000000 1.3958904645E-6
65000000 7.0382303217E-5
70000000 0.00061208810565
75000000 0.0020296204544
80000000 0.0036992703256
90000000 0.005593000182
100000000 0.0067213402648
110000000 0.0095431812536
120000000 0.013506397653
130000000 0.01756169696
140000000 0.020629702572
150000000 0.021793699732
160000000 0.02148719898
180000000 0.020642099544024
200000000 0.0194122979223
#Header 
#Target 39 98 1
#Product 38 88 0
#Datapoints 21
1000000 0
35000000 0
40000000 1.93806746E-15
45000000 4.3648897748E-8
50000000 6.6929396542E-6
55000000 0.00018257701385
60000000 0.0013834595775
65000000 0.0042961406787
70000000 0.0073447893405
75000000 0.008827739648
80000000 0.0090181097548
90000000 0.009517569802
100000000 0.012687196816
110000000 0.017075999332
120000000 0.021872303046
130000000 0.02421779856
140000000 0.02511810438
150000000 0.025049504678
160000000 0.025112494615
180000000 0.024629504565983
200000000 0.0245369018685
#Header 
#Target 39 98 1
#Product 38 89 0
#Datapoints 22
1000000 0
30000000 0
35000000 8.879371799E-12
40000000 3.363759321E-7
45000000 9.465850485E-5
50000000 0.00134826009155
55000000 0.0046855899965
60000000 0.007990500021
65000000 0.0089691993567
70000000 0.008378759688
75000000 0.0076827697408
80000000 0.0076647799224
90000000 0.0095500408105
100000000 0.012505898146
110000000 0.015180005284
120000000 0.017539699386
130000000 0.01881930304
140000000 0.01881570174
150000000 0.019035497672
160000000 0.01974679746
180000000 0.020687104295145
200000000 0.0208932019525
#Header 
#Target 39 98 1
#Product 38 90 0
#Datapoints 25
1000000 0
24000000 0
26000000 1.1697589332E-13
28000000 3.302370039E-10
30000000 1.3971701191E-8
35000000 2.0912306993E-5
40000000 0.00078824101308
45000000 0.0038453606888
50000000 0.0072971292099
55000000 0.0082629094625
60000000 0.0074946500475
65000000 0.0065204697015
70000000 0.0061992606675
75000000 0.0066047396352
80000000 0.0073841501376
90000000 0.00988465942
100000000 0.01264919726
110000000 0.01460290122
120000000 0.016329497589
130000000 0.01748279776
140000000 0.018353898096
150000000 0.019165802762
160000000 0.019475497535
180000000 0.020104600863029
200000000 0.0201452994858
#Header 
#Target 39 98 1
#Product 38 91 0
#Datapoints 28
1000000 0
19000000 0
20000000 3.16399209E-14
22000000 2.067317152E-10
24000000 4.258719916E-8
26000000 2.5799306247E-6
28000000 4.5281004585E-5
30000000 0.00029920504852
35000000 0.0033549704667
40000000 0.0079020603598
45000000 0.0095698411302
50000000 0.008664319314
55000000 0.0072405700045
60000000 0.0065886594795
65000000 0.0068557608324
70000000 0.007596371028
75000000 0.0084636099072
80000000 0.0098347098616
90000000 0.012674698825
100000000 0.015575001764
110000000 0.017872802536
120000000 0.01903420572
130000000 0.01999330384
140000000 0.020963197608
150000000 0.021536703098
160000000 0.021904001795
180000000 0.022175197689433
200000000 0.0221054021301
#Header 
#Target 39 98 1
#Product 38 92 0
#Datapoints 35
1000000 0
12000000 0
13000000 5.490944238E-13
14000000 4.780444102E-11
15000000 7.985494016E-10
16000000 1.4281394443E-8
17000000 1.8262101426E-7
18000000 1.4949005687E-6
19000000 8.5137595635E-6
20000000 3.834520215E-5
22000000 0.0003342299664
24000000 0.00133278999785
26000000 0.0032150900925
28000000 0.0057311704236
30000000 0.0082554501554
35000000 0.0112359996671
40000000 0.009905099033
45000000 0.0076531298494
50000000 0.0063383993179
55000000 0.0062448696555
60000000 0.0066970703625
65000000 0.0073788194889
70000000 0.008472700578
75000000 0.0099130001152
80000000 0.0115214006432
90000000 0.014808103865
100000000 0.01719479909
110000000 0.018750903952
120000000 0.019809899193
130000000 0.02050179632
140000000 0.020771103036
150000000 0.021072398676
160000000 0.02118670255
180000000 0.021089200493338
200000000 0.0212281017023
#Header 
#Target 39 98 1
#Product 38 93 0
#Datapoints 41
1000000 0
6000000 0
7000000 1.4266978884E-14
8000000 1.1675471619E-11
9000000 1.18998003978E-9
10000000 4.55752994662E-8
11000000 8.74725990408E-7
12000000 9.1761894496E-6
13000000 6.3565093982E-5
14000000 0.00022108997582
15000000 0.000685952
16000000 0.001621879795
17000000 0.0030722593524
18000000 0.0049369699313
19000000 0.007045310148
20000000 0.009233770293
22000000 0.0130172003584
24000000 0.01554260453
26000000 0.016326093069
28000000 0.015750700494
30000000 0.014379798916
35000000 0.0101453999712
40000000 0.007217949932
45000000 0.006745190317
50000000 0.0072058395907
55000000 0.0076200500075
60000000 0.008546190807
65000000 0.010019400219
70000000 0.0116395001835
75000000 0.013369495552
80000000 0.014932397916
90000000 0.01751259504
100000000 0.019255497268
110000000 0.020025999864
120000000 0.020543895543
130000000 0.0205043048
140000000 0.02041640214
150000000 0.020355798336
160000000 0.020080796905
180000000 0.019679798219955
200000000 0.0190855995204
#Header 
#Target 39 98 1
#Product 38 94 0
#Datapoints 46
1000000 0
1000000 0
2000000 9.6514786277E-9
3000000 2.5502610961E-7
4000000 3.007449214E-6
5000000 2.310620595E-5
6000000 0.0001224590122
7000000 0.00045990514664
8000000 0.00129427991679
9000000 0.00279078970287
10000000 0.00516247946718
11000000 0.0103156049691
12000000 0.01543059952
13000000 0.020488298961
14000000 0.017578699516
15000000 0.018900397568
16000000 0.019759599606
17000000 0.01989720306
18000000 0.019397195532
19000000 0.018435105936
20000000 0.01712300355
22000000 0.014369597056
24000000 0.011602100479
26000000 0.0092995591689
28000000 0.0074485893015
30000000 0.0060581098697
35000000 0.0048061600591
40000000 0.0055941599616
45000000 0.0060321600802
50000000 0.0067411900402
55000000 0.0081883401075
60000000 0.010012499406
65000000 0.0118738004193
70000000 0.01361689962
75000000 0.015109298176
80000000 0.016381098748
90000000 0.018095399785
100000000 0.018931199056
110000000 0.0193392985
120000000 0.019112903703
130000000 0.01887949584
140000000 0.018614598624
150000000 0.018004404936
160000000 0.01766889618
180000000 0.016699301089146
200000000 0.0159763037244
#Header 
#Target 39 98 1
#Product 38 95 0
#Datapoints 46
1000000 0
1000000 0
2000000 2.03252989289E-5
3000000 0.000112446989774
4000000 0.0003967329278
5000000 0.0010767599798
6000000 0.002259530099
7000000 0.00379412000864
8000000 0.00529818984135
9000000 0.00648580976637
10000000 0.00735611051098
11000000 0.00898940032803
12000000 0.009358609856
13000000 0.0090248205151
14000000 0.006259970808
15000000 0.0053536804864
16000000 0.0045923502413
17000000 0.0039461895036
18000000 0.0033858896192
19000000 0.0028836803129
20000000 0.002492719596
22000000 0.001821380192
24000000 0.001429469261
26000000 0.00140806003338
28000000 0.0018086203539
30000000 0.0024528604289
35000000 0.003630429971
40000000 0.0041320194708
45000000 0.0051679097954
50000000 0.0067723097336
55000000 0.0085420496385
60000000 0.0102320001735
65000000 0.011680400547
70000000 0.012842098395
75000000 0.0138259968
80000000 0.014582198392
90000000 0.015454101155
100000000 0.015799104664
110000000 0.015672896016
120000000 0.015311196702
130000000 0.01489019792
140000000 0.014304105036
150000000 0.013896703932
160000000 0.013341802695
180000000 0.012486603537355
200000000 0.011772201123
#Header 
#Target 39 98 1
#Product 38 96 0
#Datapoints 35
1000000 0
12000000 0
13000000 1.879532824E-14
14000000 3.076832486E-12
15000000 1.87362048E-10
16000000 5.387399809E-9
17000000 8.231069997E-8
18000000 7.5950905349E-7
19000000 3.3492099797E-6
20000000 1.599320505E-5
22000000 0.00014193496912
24000000 0.000467459008
26000000 0.00082966801203
28000000 0.00107465006334
30000000 0.00125871006254
35000000 0.002134009711
40000000 0.0039609097788
45000000 0.0061644804498
50000000 0.0082806801338
55000000 0.0100940997325
60000000 0.011544698907
65000000 0.0128093001669
70000000 0.013683497595
75000000 0.014383502336
80000000 0.014867005512
90000000 0.015394295835
100000000 0.01541920128
110000000 0.015085600244
120000000 0.014487303588
130000000 0.0138616032
140000000 0.013301904516
150000000 0.01268080265
160000000 0.012153797825
180000000 0.011174397988136
200000000 0.0103254970061
#Header 
#Target 39 98 1
#Product 38 97 0
#Datapoints 32
1000000 0
15000000 0
16000000 1.899347345E-15
17000000 6.85977021E-14
18000000 1.0803196624E-12
19000000 9.310580327E-12
20000000 1.1952899919E-7
22000000 3.2543601408E-6
24000000 2.9051002665E-5
26000000 0.000126018011691
28000000 0.00034940801673
30000000 0.00072552295508
35000000 0.002173059952
40000000 0.003834870156
45000000 0.0053085800678
50000000 0.0065001700565
55000000 0.007451040205
60000000 0.008151869523
65000000 0.0086794998066
70000000 0.0090708911385
75000000 0.0093353501696
80000000 0.0094773003112
90000000 0.009575109841
100000000 0.0094262392238
110000000 0.009087920236
120000000 0.0086681597259
130000000 0.008235399872
140000000 0.0078251496672
150000000 0.00742009056
160000000 0.007066429799
180000000 0.0064394103947578
200000000 0.00591355996152
#Header 
#Target 39 98 1
#Product 39 83 0
#Datapoints 9
1000000 0
110000000 0
120000000 1.570259574E-8
130000000 1.44637992E-6
140000000 1.4862803148E-5
150000000 6.1341299724E-5
160000000 0.00011587297865
180000000 0.00015750697296053
200000000 0.000217425046754
#Header 
#Target 39 98 1
#Product 39 84 0
#Datapoints 10
1000000 0
100000000 0
110000000 4.3145995976E-8
120000000 4.8064905324E-6
130000000 5.948599824E-5
140000000 0.00024732199824
150000000 0.00052605805942
160000000 0.00074620500955
180000000 0.00098621506295928
200000000 0.00108555030192
#Header 
#Target 39 98 1
#Product 39 85 0
#Datapoints 11
1000000 0
90000000 0
100000000 2.7278196736E-8
110000000 2.665299822E-6
120000000 2.6680400598E-5
130000000 0.0001099409968
140000000 0.00022402796616
150000000 0.00037378499116
160000000 0.0004918940624
180000000 0.00052480009422935
200000000 0.000482359009852
#Header 
#Target 39 98 1
#Product 39 86 0
#Datapoints 12
1000000 0
80000000 0
90000000 1.9594906465E-7
100000000 3.0609103238E-5
110000000 0.00032889202316
120000000 0.0012568097442
130000000 0.002646220208
140000000 0.0040707400296
150000000 0.0052918300016
160000000 0.005989790053
180000000 0.0053380801267425
200000000 0.00496850040695
#Header 
#Target 39 98 1
#Product 39 87 0
#Datapoints 15
1000000 0
65000000 0
70000000 1.66288938E-15
75000000 1.1033990912E-9
80000000 2.2803302376E-7
90000000 3.0279402615E-5
100000000 0.00026605703684
110000000 0.00082453204968
120000000 0.0015709196781
130000000 0.002379220384
140000000 0.0029471504316
150000000 0.0029835299496
160000000 0.00296540972
180000000 0.0027287402942185
200000000 0.00282709043785
#Header 
#Target 39 98 1
#Product 39 88 0
#Datapoints 16
1000000 0
60000000 0
65000000 6.5202999345E-9
70000000 3.0318405045E-6
75000000 7.7738002944E-5
80000000 0.00051325603108
90000000 0.0049398398025
100000000 0.01511369545
110000000 0.02712390222
120000000 0.035671095069
130000000 0.03897110208
140000000 0.03754389642
150000000 0.034901097536
160000000 0.03212140087
180000000 0.028952698188874
200000000 0.0276339980376
#Header 
#Target 39 98 1
#Product 39 89 0
#Datapoints 19
1000000 0
45000000 0
50000000 8.459609343E-15
55000000 1.1503299885E-8
60000000 3.599740578E-6
65000000 5.3457003441E-5
70000000 0.00026643501915
75000000 0.0008516510464
80000000 0.0019348594472
90000000 0.0049619601645
100000000 0.0075731997474
110000000 0.0094284499788
120000000 0.0100950004635
130000000 0.009952079232
140000000 0.0098210799396
150000000 0.0091623602108
160000000 0.0089814500945
180000000 0.0084203003387902
200000000 0.00787018020233
#Header 
#Target 39 98 1
#Product 39 90 0
#Datapoints 20
1000000 0
40000000 0
45000000 1.2021088984E-11
50000000 1.6677994534E-6
55000000 9.0146399035E-5
60000000 0.00061419796515
65000000 0.0021754504917
70000000 0.0057280899105
75000000 0.0112754992896
80000000 0.017033201204
90000000 0.024787605585
100000000 0.028500404408
110000000 0.02919330106
120000000 0.02779749816
130000000 0.02668850128
140000000 0.025701302364
150000000 0.024673695894
160000000 0.023663405025
180000000 0.022181100767826
200000000 0.021028899641
#Header 
#Target 39 98 1
#Product 39 91 0
#Datapoints 21
1000000 0
35000000 0
40000000 7.2021193462E-8
45000000 2.955859936E-5
50000000 0.00026867603828
55000000 0.0009363599161
60000000 0.002665610493
65000000 0.0056178694926
70000000 0.0087837201585
75000000 0.0114331999488
80000000 0.013402698136
90000000 0.01573469412
100000000 0.01651840008
110000000 0.016237902332
120000000 0.016162906143
130000000 0.01533590336
140000000 0.015200897172
150000000 0.01455989834
160000000 0.0145555956
180000000 0.013190204690636
200000000 0.0126735009767
#Header 
#Target 39 98 1
#Product 39 92 0
#Datapoints 23
1000000 0
28000000 0
30000000 3.675923209E-12
35000000 1.6341897414E-5
40000000 0.00078932998418
45000000 0.0037055895932
50000000 0.0117987999452
55000000 0.030131805795
60000000 0.052966099935
65000000 0.071527995405
70000000 0.08178090585
75000000 0.08736199808
80000000 0.089721295284
90000000 0.088508201135
100000000 0.085677396126
110000000 0.081237005692
120000000 0.076843594041
130000000 0.07296260336
140000000 0.069257296884
150000000 0.066677399288
160000000 0.063561097535
180000000 0.059417301177628
200000000 0.0558299005532
#Header 
#Target 39 98 1
#Product 39 93 0
#Datapoints 27
1000000 0
20000000 0
22000000 2.311138672E-13
24000000 2.0560194555E-8
26000000 4.1370604704E-6
28000000 5.6128797678E-5
30000000 0.00022138393501
35000000 0.00105822006821
40000000 0.0028984797506
45000000 0.0076391897814
50000000 0.014191196862
55000000 0.019702497955
60000000 0.023834298915
65000000 0.026201198889
70000000 0.0274834041
75000000 0.028447998208
80000000 0.028683794
90000000 0.02877379893
100000000 0.027897803808
110000000 0.026898002844
120000000 0.025482404706
130000000 0.02364539344
140000000 0.023166397008
150000000 0.02179470407
160000000 0.02152420231
180000000 0.019705301907717
200000000 0.0179202962299
#Header 
#Target 39 98 1
#Product 39 94 0
#Datapoints 32
1000000 0
15000000 0
16000000 3.145607721E-11
17000000 1.8543194298E-8
18000000 1.23265006898E-6
19000000 1.9232804807E-5
20000000 0.000114478005195
22000000 0.00091192005376
24000000 0.0028040604845
26000000 0.0053007800274
28000000 0.0081266896935
30000000 0.0114422002247
35000000 0.030696898918
40000000 0.069179803326
45000000 0.104839999688
50000000 0.125704005624
55000000 0.134432998735
60000000 0.13837396125
65000000 0.13838805126
70000000 0.1370700201
75000000 0.13506802176
80000000 0.13155799656
90000000 0.1230879533
100000000 0.114746998856
110000000 0.10635299568
120000000 0.09831040926
130000000 0.09188330688
140000000 0.085509804756
150000000 0.080820197092
160000000 0.07557710745
180000000 0.068535108462967
200000000 0.0631060954521
#Header 
#Target 39 98 1
#Product 39 95 0
#Datapoints 40
1000000 0
7000000 0
8000000 8.932648158E-15
9000000 6.6689981892E-10
10000000 2.53122971808E-7
11000000 9.5835342564E-6
12000000 0.00010536000672
13000000 0.00045965201685
14000000 0.001231039929
15000000 0.0024646202368
16000000 0.0040146603736
17000000 0.005716120008
18000000 0.0075295606749
19000000 0.0093177001527
20000000 0.0110833987815
22000000 0.014998701616
24000000 0.02108999613
26000000 0.031958804592
28000000 0.048251605698
30000000 0.068500003544
35000000 0.119689999955
40000000 0.14903505058
45000000 0.16174706142
50000000 0.16531493362
55000000 0.16604595315
60000000 0.16303704375
65000000 0.15901004052
70000000 0.15404604225
75000000 0.14826205184
80000000 0.14318105636
90000000 0.13038498675
100000000 0.11939603368
110000000 0.10933600434
120000000 0.099952601571
130000000 0.09159759744
140000000 0.0857406066
150000000 0.079117895952
160000000 0.07491759912
180000000 0.06652510529285
200000000 0.060142795351
#Header 
#Target 39 98 1
#Product 39 96 0
#Datapoints 44
1000000 0
3000000 0
4000000 8.16780712E-14
5000000 3.408899812E-9
6000000 8.39016898E-7
7000000 2.5487300762E-5
8000000 0.000213763004595
9000000 0.00077287323327
10000000 0.00172096013922
11000000 0.00291834038295
12000000 0.0041631193504
13000000 0.0053017900689
14000000 0.0063819393694
15000000 0.0076012101632
16000000 0.0093198605727
17000000 0.0119138003586
18000000 0.015513403917
19000000 0.020179495755
20000000 0.02577259782
22000000 0.03889830128
24000000 0.05275470052
26000000 0.064869908103
28000000 0.074618397852
30000000 0.082017190829
35000000 0.092466492118
40000000 0.09665740461
45000000 0.09705560275
50000000 0.095414902202
55000000 0.093017693615
60000000 0.0896456043
65000000 0.086169406671
70000000 0.08333560071
75000000 0.079905292544
80000000 0.076034306964
90000000 0.06912439604
100000000 0.06303870552
110000000 0.05728530342
120000000 0.052032897255
130000000 0.04828530272
140000000 0.04447589736
150000000 0.04162960302
160000000 0.03888029483
180000000 0.034607907016974
200000000 0.0314167015362
#Header 
#Target 39 98 1
#Product 39 97 0
#Datapoints 44
1000000 0
3000000 0
4000000 1.483048655E-15
5000000 5.78894313E-13
6000000 3.2063705E-9
7000000 6.3918092736E-7
8000000 1.65035010588E-5
9000000 0.00014371003011
10000000 0.000607940920818
11000000 0.00168232036482
12000000 0.0035673596576
13000000 0.006173019931
14000000 0.0092193798564
15000000 0.012353695232
16000000 0.015455197538
17000000 0.01832499714
18000000 0.020841504244
19000000 0.022963694944
20000000 0.02541440004
22000000 0.028145601648
24000000 0.02987140316
26000000 0.030856498101
28000000 0.031112095752
30000000 0.03116789844
35000000 0.030343005206
40000000 0.02864459978
45000000 0.026882898032
50000000 0.025016505686
55000000 0.023222792355
60000000 0.02154010551
65000000 0.020017697094
70000000 0.018805899075
75000000 0.017477505024
80000000 0.016393505212
90000000 0.01421700339
100000000 0.012509101262
110000000 0.0111493002536
120000000 0.0099979301304
130000000 0.009053119328
140000000 0.0082497699144
150000000 0.0076451803076
160000000 0.0070832905
180000000 0.0062362907431932
200000000 0.00559104024877
#Header 
#Target 39 98 1
#Product 39 98 0
#Datapoints 45
1000000 0
2000000 0
3000000 9.6092795746E-12
4000000 2.536559949E-8
5000000 3.007460197E-6
6000000 5.875400315E-5
7000000 0.000378372023416
8000000 0.00127837978674
9000000 0.00291420986931
10000000 0.00514079961836
11000000 0.00767415934719
12000000 0.010214997888
13000000 0.01256050081
14000000 0.01457729819
15000000 0.016189597696
16000000 0.017509404562
17000000 0.018417502566
18000000 0.019103203592
19000000 0.019462595783
20000000 0.0195331962
22000000 0.019704900512
24000000 0.019476393435
26000000 0.018971597502
28000000 0.018336893382
30000000 0.01762910387
35000000 0.01556389757
40000000 0.0135609004732
45000000 0.011828600114
50000000 0.0102832003205
55000000 0.0089649206465
60000000 0.0077755491555
65000000 0.0068520795003
70000000 0.006067319907
75000000 0.005332209792
80000000 0.0046888593724
90000000 0.0036811398615
100000000 0.0029717703708
110000000 0.002445460532
120000000 0.0020467999992
130000000 0.001745620144
140000000 0.0015059496708
150000000 0.0013465097442
160000000 0.001178010093
180000000 0.00097588208757527
200000000 0.000827474947611
#Header 
#Target 39 98 1
#Product 40 86 0
#Datapoints 11
1000000 0
90000000 0
100000000 1.5646104026E-7
110000000 8.9180595572E-6
120000000 7.1089796106E-5
130000000 0.0001980429952
140000000 0.00029935296996
150000000 0.0003470500313
160000000 0.00035563700445
180000000 0.0002736310768279
200000000 0.000233470042862
#Header 
#Target 39 98 1
#Product 40 87 0
#Datapoints 12
1000000 0
80000000 0
90000000 2.346600547E-6
100000000 7.5712801822E-5
110000000 0.00033866002968
120000000 0.00079178205996
130000000 0.001178409936
140000000 0.0012886195992
150000000 0.0011927197114
160000000 0.00106678988
180000000 0.0008110600756159
200000000 0.000673207983688
#Header 
#Target 39 98 1
#Product 40 88 0
#Datapoints 14
1000000 0
70000000 0
75000000 3.7974802432E-7
80000000 2.7257801428E-5
90000000 0.0009926760844
100000000 0.0022927097788
110000000 0.0034831300108
120000000 0.0043339599933
130000000 0.004186779616
140000000 0.0035971705536
150000000 0.003092460242
160000000 0.0027277097575
180000000 0.0020773798915254
200000000 0.00158847041277
#Header 
#Target 39 98 1
#Product 40 89 0
#Datapoints 16
1000000 0
60000000 0
65000000 3.5447101479E-6
70000000 0.00020218697385
75000000 0.001655770368
80000000 0.0047964005224
90000000 0.010743300753
100000000 0.0098961006228
110000000 0.009850089572
120000000 0.0086179896249
130000000 0.006978469152
140000000 0.0057179901864
150000000 0.004685619868
160000000 0.0039943298655
180000000 0.0028871508463118
200000000 0.00229276043229
#Header 
#Target 39 98 1
#Product 40 90 0
#Datapoints 19
1000000 0
45000000 0
50000000 1.22781996137E-8
55000000 5.8708901125E-5
60000000 0.0010823899485
65000000 0.004205859894
70000000 0.0076515597015
75000000 0.0094560196864
80000000 0.0092596296388
90000000 0.0075867505295
100000000 0.0061360099906
110000000 0.0051120699156
120000000 0.0041309905716
130000000 0.003349489728
140000000 0.0027706997856
150000000 0.002376460434
160000000 0.0019910904065
180000000 0.0015334505382844
200000000 0.00125712035457
#Header 
#Target 39 98 1
#Product 40 91 0
#Datapoints 20
1000000 0
40000000 0
45000000 4.467360585E-5
50000000 0.0043747405532
55000000 0.029634994445
60000000 0.068790611085
65000000 0.087848101944
70000000 0.080330400675
75000000 0.063146395648
80000000 0.048493593848
90000000 0.03276639829
100000000 0.023816400314
110000000 0.017678902208
120000000 0.013817598969
130000000 0.01117550352
140000000 0.0091097301552
150000000 0.0076675801512
160000000 0.0065701902435
180000000 0.0052257305089363
200000000 0.00426476039459
#Header 
#Target 39 98 1
#Product 40 92 0
#Datapoints 22
1000000 0
30000000 0
35000000 9.3208099969E-6
40000000 0.006413939413
45000000 0.058810701018
50000000 0.137510002849
55000000 0.1647300634
60000000 0.138235944
65000000 0.100529004717
70000000 0.072472504965
75000000 0.055533906176
80000000 0.044732601364
90000000 0.03132180031
100000000 0.023326196824
110000000 0.01815239618
120000000 0.014661798768
130000000 0.0121246952
140000000 0.0103466990148
150000000 0.0089845892786
160000000 0.007900829378
180000000 0.0063246398179884
200000000 0.00525470989524
#Header 
#Target 39 98 1
#Product 40 93 0
#Datapoints 24
1000000 0
26000000 0
28000000 0.00016655005674
30000000 0.0045532292295
35000000 0.098441597954
40000000 0.24713492968
45000000 0.2794269665
50000000 0.21233697646
55000000 0.14239397515
60000000 0.09853039476
65000000 0.073928291841
70000000 0.05818469952
75000000 0.047940696832
80000000 0.040421798212
90000000 0.03045700017
100000000 0.024195001712
110000000 0.019828500484
120000000 0.016707300453
130000000 0.01426720512
140000000 0.01256760294
150000000 0.011037602142
160000000 0.010003500234
180000000 0.0082897915378398
200000000 0.007004009618
#Header 
#Target 39 98 1
#Product 40 94 0
#Datapoints 30
1000000 0
17000000 0
18000000 2.615559342E-8
19000000 7.8605399474E-5
20000000 0.0012882100245
22000000 0.021797302688
24000000 0.09141619072
26000000 0.20265703029
28000000 0.32142695274
30000000 0.41514500202
35000000 0.4453750054
40000000 0.30028704272
45000000 0.18455702786
50000000 0.125125000992
55000000 0.093884397285
60000000 0.0754785003
65000000 0.062556201225
70000000 0.05319019686
75000000 0.046339405056
80000000 0.040796601428
90000000 0.032836698065
100000000 0.02740069864
110000000 0.023262893052
120000000 0.020023300011
130000000 0.01755360336
140000000 0.015453799416
150000000 0.013906799082
160000000 0.01247810252
180000000 0.010384500398786
200000000 0.00891067087511
#Header 
#Target 39 98 1
#Product 40 95 0
#Datapoints 36
1000000 0
11000000 0
12000000 0.00062397196032
13000000 0.014376495224
14000000 0.060160699284
15000000 0.13526102016
16000000 0.23181205574
17000000 0.3361350336
18000000 0.43919897032
19000000 0.53086906047
20000000 0.6045510714
22000000 0.69160707728
24000000 0.68173398605
26000000 0.59611106412
28000000 0.48211901361
30000000 0.37847291692
35000000 0.21628704829
40000000 0.14821893162
45000000 0.114699006746
50000000 0.093278190664
55000000 0.07841700846
60000000 0.067305305445
65000000 0.058604900418
70000000 0.05203969605
75000000 0.046483196928
80000000 0.041861095732
90000000 0.03428629963
100000000 0.028693801178
110000000 0.024107504224
120000000 0.020559900057
130000000 0.01777619344
140000000 0.015579298116
150000000 0.01384350508
160000000 0.01236360242
180000000 0.010247196587193
200000000 0.00871763006423
#Header 
#Target 39 98 1
#Product 40 96 0
#Datapoints 44
1000000 0
3000000 0
4000000 6.084060092E-5
5000000 0.005137489358
6000000 0.0339424103
7000000 0.106898005116
8000000 0.228619027077
9000000 0.372476952915
10000000 0.511594965294
11000000 0.631367990928
12000000 0.730577056
13000000 0.79288797016
14000000 0.8111760482
15000000 0.77703900672
16000000 0.70903499149
17000000 0.6258889956
18000000 0.53910497894
19000000 0.45987803684
20000000 0.39127994895
22000000 0.2923169584
24000000 0.23051999355
26000000 0.19236701484
28000000 0.16730902206
30000000 0.14890692761
35000000 0.11851899837
40000000 0.09702209164
45000000 0.08132099841
50000000 0.06948750034
55000000 0.060142506165
60000000 0.05220249783
65000000 0.046051492662
70000000 0.041187399285
75000000 0.036551999232
80000000 0.03247299642
90000000 0.026140403825
100000000 0.021312093614
110000000 0.017755895012
120000000 0.014914904355
130000000 0.01276139888
140000000 0.01114759962
150000000 0.0098016203124
160000000 0.008820340698
180000000 0.007246730526778
200000000 0.00614479993989
#Header 
#Target 39 98 1
#Product 40 97 0
#Datapoints 46
1000000 0
1000000 5.66804979757E-10
2000000 1.3038900364E-6
3000000 0.00171243003964
4000000 0.022963700243
5000000 0.10470401148
6000000 0.22696900575
7000000 0.306506977196
8000000 0.319446996456
9000000 0.29036496396
10000000 0.248858961246
11000000 0.21160695447
12000000 0.18326695872
13000000 0.16253404804
14000000 0.14719201644
15000000 0.13478797824
16000000 0.12564896392
17000000 0.118118998308
18000000 0.11193800486
19000000 0.107016990429
20000000 0.103664999115
22000000 0.095424195584
24000000 0.08763159472
26000000 0.080448200118
28000000 0.073835704158
30000000 0.068091604322
35000000 0.056312498996
40000000 0.047040597892
45000000 0.03978390786
50000000 0.033998202539
55000000 0.02944589571
60000000 0.02548979916
65000000 0.022244295771
70000000 0.019900895175
75000000 0.017485796608
80000000 0.015463697352
90000000 0.012240302075
100000000 0.0099111794642
110000000 0.0081540806044
120000000 0.0068352794325
130000000 0.005833939776
140000000 0.0050694802584
150000000 0.0044694293834
160000000 0.00400980983
180000000 0.0032902604228866
200000000 0.00235471035223
#Header 
#Target 39 98 1
#Product 40 98 0
#Datapoints 46
1000000 0
1000000 1.12989996442E-10
2000000 1.61356006581E-6
3000000 0.000169972008968
4000000 0.001704320134
5000000 0.006831280739
6000000 0.014268599375
7000000 0.0203284001956
8000000 0.0246157981461
9000000 0.0274548017454
10000000 0.0292731989592
11000000 0.0305370043767
12000000 0.031140304896
13000000 0.031313502363
14000000 0.030527602056
15000000 0.02960910336
16000000 0.028508898252
17000000 0.027618795342
18000000 0.026561802058
19000000 0.025265000053
20000000 0.024033304155
22000000 0.022183704864
24000000 0.02044480066
26000000 0.018758095785
28000000 0.017284707036
30000000 0.015885905644
35000000 0.0130829994973
40000000 0.011096199707
45000000 0.0093021098242
50000000 0.0080059890474
55000000 0.0065215101175
60000000 0.005970810258
65000000 0.0049169407266
70000000 0.00458385993
75000000 0.0038364607232
80000000 0.0035497699728
90000000 0.002821090156
100000000 0.0022630901734
110000000 0.001859689592
120000000 0.0015436101972
130000000 0.001317039904
140000000 0.0010930500024
150000000 0.00096078296714
160000000 0.00085514093535
180000000 0.00071292104892124
200000000 2.8351796389E-5
#Header 
#Target 39 98 1
#Product 40 99 0
#Datapoints 46
1000000 0
1000000 5.16963010082E-15
2000000 3.9509295805E-9
3000000 6.5445306123E-7
4000000 1.2948901867E-5
5000000 7.899949924E-5
6000000 0.00020955300825
7000000 0.000334822010868
8000000 0.000412187005314
9000000 0.000433659978951
10000000 0.000416616968054
11000000 0.000383962945761
12000000 0.00035175901536
13000000 0.00032546803328
14000000 0.00030195093348
15000000 0.00028155203072
16000000 0.00026587304931
17000000 0.0002513099382
18000000 0.0002408490084
19000000 0.00023071396455
20000000 0.0002230929522
22000000 0.00020703101584
24000000 0.0001940060383
26000000 0.00018313098804
28000000 0.00017339901918
30000000 0.000165808993
35000000 0.000143074000837
40000000 0.000136529002502
45000000 0.000120288988152
50000000 0.000114889002438
55000000 0.00010261900523
60000000 9.7988900415E-5
65000000 8.7978809475E-5
70000000 8.3737299735E-5
75000000 7.5889105152E-5
80000000 7.0803296192E-5
90000000 6.228609982E-5
100000000 4.839620226E-5
110000000 4.3506798136E-5
120000000 3.9302105499E-5
130000000 3.438749808E-5
140000000 2.860460034E-5
150000000 2.507319463E-5
160000000 2.321080307E-5
180000000 2.0397803680883E-5
200000000 9.00983014469E-6
