#Header 
#Target 87 204 0
#Product 0 1 0
#Datapoints 41
1000000 0
6000000 0
7000000 5.80430564262E-5
8000000 0.00039076993516
9000000 0.0014883308073
10000000 0.0039338922285
11000000 0.007695974985
12000000 0.013699375974
13000000 0.0247402844
14000000 0.042032343664
15000000 0.06134250045
16000000 0.066626818596
17000000 0.0742753954
18000000 0.087804006168
19000000 0.102750803232
20000000 0.116510808544
22000000 0.144205130142
24000000 0.1888045502784
26000000 0.2352406042714
28000000 0.2620602640638
30000000 0.2834164347
35000000 0.3601143792
40000000 0.45038499671
45000000 0.5210693554044
50000000 0.6084614055
55000000 0.682381298511
60000000 0.758611308
65000000 0.827090593692
70000000 0.8944348054
75000000 0.955925451
80000000 1.012125755211
90000000 1.0987988994
100000000 1.1790619875
110000000 1.262619225
120000000 1.337680665
130000000 1.4096456528
140000000 1.4774838238
150000000 1.5407954058
160000000 1.606958343766
180000000 1.7673421978
200000000 2.0659404015
#Header 
#Target 87 204 0
#Product 1 1 0
#Datapoints 45
1000000 0
2000000 0
3000000 8.32052648E-17
4000000 1.535422854E-11
5000000 2.810006115091E-8
6000000 3.4321366152E-6
7000000 1.56930077926E-5
8000000 0.000145114161127
9000000 0.00068507931177
10000000 0.00193315877073
11000000 0.0037163753076
12000000 0.006045469035
13000000 0.0097991354195
14000000 0.0157432884552
15000000 0.0229865871
16000000 0.024623458888
17000000 0.028082264158
18000000 0.034705932747
19000000 0.042012015136
20000000 0.048693817848
22000000 0.061857994104
24000000 0.0824735745138
26000000 0.1036282455362
28000000 0.1164041165375
30000000 0.12785923944
35000000 0.1688912154
40000000 0.21845635085
45000000 0.2593397814348
50000000 0.30770683331
55000000 0.3479027636799
60000000 0.3891300174
65000000 0.4240673124633
70000000 0.45878526788
75000000 0.4883701693
80000000 0.5154548144664
90000000 0.5494936545
100000000 0.57663984675
110000000 0.6020591325
120000000 0.622419975
130000000 0.6423399136
140000000 0.657183751
150000000 0.6724333896
160000000 0.689816572684
180000000 0.7271148492
200000000 0.806698605
#Header 
#Target 87 204 0
#Product 1 2 0
#Datapoints 39
1000000 0
8000000 0
9000000 3.9228290775E-18
10000000 1.62582903E-14
11000000 3.519917295E-12
12000000 1.3493335764E-10
13000000 4.530679298E-9
14000000 9.9902009104E-8
15000000 1.186229517E-6
16000000 7.0790023704E-6
17000000 3.1374856322E-5
18000000 0.000109706486931
19000000 0.00028704093768
20000000 0.00057950917336
22000000 0.00148269693888
24000000 0.002950211188536
26000000 0.00463082627091
28000000 0.00563556027678
30000000 0.00675577962
35000000 0.009988806195
40000000 0.013359307818
45000000 0.01606110832458
50000000 0.019546140256
55000000 0.02132734121936
60000000 0.02468490645
65000000 0.02631345759768
70000000 0.029245536794
75000000 0.03080671685
80000000 0.03347426132328
90000000 0.033525368712
100000000 0.03363208585
110000000 0.03304770555
120000000 0.03260895714
130000000 0.03212741224
140000000 0.031414225495
150000000 0.030962459472
160000000 0.03050313902843
180000000 0.029646743355
200000000 0.031210124685
#Header 
#Target 87 204 0
#Product 1 3 0
#Datapoints 34
1000000 0
13000000 0
14000000 4.810213856E-18
15000000 8.50793541E-15
16000000 1.82237103728E-12
17000000 1.12603017598E-10
18000000 3.0602784384E-9
19000000 4.2870484944E-8
20000000 3.5279267088E-7
22000000 7.1987530248E-6
24000000 4.75536985002E-5
26000000 0.000145763162531
28000000 0.0002784636492434
30000000 0.000433380147654
35000000 0.0009383006655
40000000 0.0015362281126
45000000 0.002098304053527
50000000 0.0027080065761
55000000 0.003246183458012
60000000 0.003834121401
65000000 0.004394826864318
70000000 0.0050233852788
75000000 0.005651806524
80000000 0.00634107667386
90000000 0.007734096324
100000000 0.0093493719
110000000 0.010536815475
120000000 0.01179731673
130000000 0.01312979976
140000000 0.014387913409
150000000 0.015613626168
160000000 0.01685215509037
180000000 0.019243020897
200000000 0.02185542849
#Header 
#Target 87 204 0
#Product 2 3 0
#Datapoints 40
1000000 0
7000000 0
8000000 1.1182864956E-18
9000000 8.7868462014E-17
10000000 1.93543866891E-15
11000000 1.7212466073E-14
12000000 1.062100281E-13
13000000 8.710613623E-13
14000000 9.517653716E-12
15000000 8.88924627E-11
16000000 5.3074616604E-10
17000000 2.7580577452E-9
18000000 1.30601595873E-8
19000000 5.3525674496E-8
20000000 1.90310430544E-7
22000000 1.76370225714E-6
24000000 1.460399989889E-5
26000000 6.38959651708E-5
28000000 0.0001740817805667
30000000 0.0003546315966
35000000 0.0011242472085
40000000 0.0021934556413
45000000 0.003254190163103
50000000 0.0044383403476
55000000 0.00540862452339
60000000 0.006414652635
65000000 0.00722182453872
70000000 0.008067853612
75000000 0.00880545497
80000000 0.00959579285478
90000000 0.010931642748
100000000 0.012443489625
110000000 0.013501378875
120000000 0.01451044944
130000000 0.015552362672
140000000 0.016591878697
150000000 0.017630756052
160000000 0.01870367825821
180000000 0.020821520644
200000000 0.02290861689
#Header 
#Target 87 204 0
#Product 2 4 0
#Datapoints 45
1000000 0
2000000 1.0681667721E-14
3000000 1.8805630998E-10
4000000 5.949219918E-8
5000000 3.543319475024E-6
6000000 6.09714346905E-5
7000000 0.000103033984292
8000000 0.00053671315703
9000000 0.001658537334
10000000 0.0035371525698
11000000 0.005898359373
12000000 0.009513371148
13000000 0.01653884631
14000000 0.02813715728
15000000 0.0391658889
16000000 0.03139348024
17000000 0.028444325082
18000000 0.030763682304
19000000 0.033355732368
20000000 0.03458205296
22000000 0.037443430404
24000000 0.0545944103295
26000000 0.0663379606092
28000000 0.0617109597487
30000000 0.0585810219
35000000 0.06508878525
40000000 0.07481424484
45000000 0.0748927771328
50000000 0.08068591186
55000000 0.0823322100381
60000000 0.08508995475
65000000 0.0861023843856
70000000 0.08757367346
75000000 0.0884177255
80000000 0.0891791752212
90000000 0.08637814746
100000000 0.08513340725
110000000 0.08487805725
120000000 0.0827382636
130000000 0.08216801824
140000000 0.08189180056
150000000 0.08066071692
160000000 0.0794985656669
180000000 0.07946421193
200000000 0.0845308575
#Header 
#Target 87 204 0
#Product 78 175 0
#Datapoints 11
1000000 0
90000000 0
100000000 9.38712405E-15
110000000 1.37059392E-11
120000000 3.043264599E-10
130000000 3.70589242408E-9
140000000 5.8276429111E-8
150000000 6.4998719226E-7
160000000 2.5546651923362E-6
180000000 2.15754466501E-5
200000000 0.0001649936187
#Header 
#Target 87 204 0
#Product 78 176 0
#Datapoints 11
1000000 0
90000000 0
100000000 7.48889515E-13
110000000 2.358581115E-11
120000000 3.581534619E-10
130000000 5.862138436E-9
140000000 8.0223008403E-8
150000000 5.06281082412E-7
160000000 1.6481429464722E-6
180000000 1.44073097175E-5
200000000 0.00013545355734
#Header 
#Target 87 204 0
#Product 78 177 0
#Datapoints 12
1000000 0
80000000 0
90000000 3.8755913598E-16
100000000 1.372527325E-13
110000000 2.8927259925E-11
120000000 1.0546081272E-9
130000000 1.13855687176E-8
140000000 1.17823334293E-7
150000000 4.70097212046E-7
160000000 1.2523535573414E-6
180000000 7.7233105544E-6
200000000 4.5160333533E-5
#Header 
#Target 87 204 0
#Product 79 176 0
#Datapoints 10
1000000 0
100000000 0
110000000 1.674601335E-16
120000000 1.0642565421E-9
130000000 3.01868674184E-7
140000000 2.09451528342E-6
150000000 3.845695959E-6
160000000 9.815435607601E-6
180000000 5.9223936054E-5
200000000 0.000322221169755
#Header 
#Target 87 204 0
#Product 79 177 0
#Datapoints 10
1000000 0
100000000 0
110000000 3.21305622E-12
120000000 7.397324217E-9
130000000 1.38316401608E-7
140000000 6.9392460385E-7
150000000 1.8541034736E-6
160000000 6.289111222303E-6
180000000 3.87610152804E-5
200000000 0.00024335822463
#Header 
#Target 87 204 0
#Product 79 178 0
#Datapoints 11
1000000 0
90000000 0
100000000 4.2292971675E-10
110000000 2.913418209E-7
120000000 5.797032183E-6
130000000 1.11479615016E-5
140000000 1.65555616421E-5
150000000 4.10539783962E-5
160000000 8.351714556654E-5
180000000 0.000262220618087
200000000 0.0007493300175
#Header 
#Target 87 204 0
#Product 79 179 0
#Datapoints 11
1000000 0
90000000 0
100000000 4.077567005E-13
110000000 4.7814826275E-11
120000000 2.2229415342E-9
130000000 5.815236504E-8
140000000 4.36148286055E-7
150000000 1.79013173136E-6
160000000 5.0684904692317E-6
180000000 2.63772053107E-5
200000000 0.00011229610908
#Header 
#Target 87 204 0
#Product 79 180 0
#Datapoints 14
1000000 0
70000000 0
75000000 1.23545695E-13
80000000 5.811833299902E-11
90000000 1.77811795512E-7
100000000 3.17864732875E-6
110000000 3.785239212E-6
120000000 3.4883212041E-6
130000000 6.6259957456E-6
140000000 1.35593263317E-5
150000000 2.34076998204E-5
160000000 3.1356584697808E-5
180000000 5.3065598058E-5
200000000 9.3395071785E-5
#Header 
#Target 87 204 0
#Product 79 181 0
#Datapoints 15
1000000 0
65000000 0
70000000 3.6223425328E-16
75000000 2.559574342E-13
80000000 1.197419301006E-11
90000000 3.17708808534E-9
100000000 5.65091440975E-8
110000000 1.36292418525E-6
120000000 4.613874345E-6
130000000 9.7367807768E-6
140000000 2.0578440738E-5
150000000 2.84891845014E-5
160000000 3.4603565050823E-5
180000000 4.62876382356E-5
200000000 5.578162407E-5
#Header 
#Target 87 204 0
#Product 80 177 0
#Datapoints 9
1000000 0
110000000 0
120000000 2.988094986E-10
130000000 1.48065205288E-8
140000000 9.0619392967E-8
150000000 4.44683429568E-7
160000000 4.1314420876469E-6
180000000 4.61861687964E-5
200000000 0.00044947291836
#Header 
#Target 87 204 0
#Product 80 178 0
#Datapoints 10
1000000 0
100000000 0
110000000 8.376299625E-12
120000000 3.7972442961E-9
130000000 3.6294228124E-8
140000000 1.99418422301E-7
150000000 1.90304492154E-6
160000000 7.629181636953E-6
180000000 8.0060308661E-5
200000000 0.00064898416245
#Header 
#Target 87 204 0
#Product 80 179 0
#Datapoints 11
1000000 0
90000000 0
100000000 4.9764895675E-12
110000000 6.594291345E-9
120000000 1.0471931262E-7
130000000 3.90399291744E-7
140000000 4.75494119629E-6
150000000 2.37425489154E-5
160000000 6.207886062868E-5
180000000 0.000307445000669
200000000 0.00111787050675
#Header 
#Target 87 204 0
#Product 80 180 0
#Datapoints 12
1000000 0
80000000 0
90000000 3.9832792218E-13
100000000 6.43940847E-9
110000000 1.2589481535E-7
120000000 4.0011295257E-7
130000000 2.63933865272E-6
140000000 2.03030692471E-5
150000000 6.0141026022E-5
160000000 0.00011771070116825
180000000 0.000424909176036
200000000 0.0011624473302
#Header 
#Target 87 204 0
#Product 80 181 0
#Datapoints 13
1000000 0
75000000 0
80000000 2.902571197395E-13
90000000 5.24948358348E-9
100000000 5.187736514E-8
110000000 2.8022266425E-7
120000000 1.0370561346E-6
130000000 5.6368282432E-6
140000000 2.54743382122E-5
150000000 5.2150890708E-5
160000000 9.309308404223E-5
180000000 0.000267969362748
200000000 0.00054027159975
#Header 
#Target 87 204 0
#Product 80 182 0
#Datapoints 14
1000000 0
70000000 0
75000000 3.190139823E-12
80000000 4.042612376865E-10
90000000 1.70149942494E-8
100000000 7.471081215E-7
110000000 7.50331587E-6
120000000 1.5280796178E-5
130000000 4.70530982152E-5
140000000 0.000104194046208
150000000 0.000156467199546
160000000 0.00022769898674103
180000000 0.000357197369002
200000000 0.000487684144155
#Header 
#Target 87 204 0
#Product 80 183 0
#Datapoints 16
1000000 0
60000000 0
65000000 1.405245121599E-12
70000000 1.6330443992E-10
75000000 9.56974226E-10
80000000 2.7243181444701E-9
90000000 1.04767630956E-7
100000000 1.44156931125E-6
110000000 2.867203359E-6
120000000 6.203464488E-6
130000000 1.84381774192E-5
140000000 3.28976964771E-5
150000000 4.75000030722E-5
160000000 5.935956753594E-5
180000000 7.6785476694E-5
200000000 9.1710906975E-5
#Header 
#Target 87 204 0
#Product 80 184 0
#Datapoints 19
1000000 0
45000000 0
50000000 2.9804660441E-13
55000000 1.827736413217E-10
60000000 7.119589713E-9
65000000 2.6058334188744E-8
70000000 5.80429105426E-8
75000000 1.5879142695E-7
80000000 6.709882733154E-7
90000000 4.282874037E-6
100000000 5.43436830825E-6
110000000 1.0480381125E-5
120000000 2.8492751367E-5
130000000 4.30062920672E-5
140000000 5.8057943722E-5
150000000 7.4214585816E-5
160000000 8.542223997656E-5
180000000 0.000104389894015
200000000 0.000112973448675
#Header 
#Target 87 204 0
#Product 80 185 0
#Datapoints 21
1000000 0
35000000 0
40000000 1.2820375228E-10
45000000 7.893330257175E-9
50000000 4.90545813889E-8
55000000 6.177542454171E-8
60000000 6.2832672015E-8
65000000 1.0472193081537E-7
70000000 3.2074261369E-7
75000000 1.153946157E-6
80000000 2.4933182556789E-6
90000000 3.82137002082E-6
100000000 4.92127733675E-6
110000000 1.69343303475E-5
120000000 2.4218997714E-5
130000000 2.6195345792E-5
140000000 3.46122372179E-5
150000000 3.73459417338E-5
160000000 3.8319251673705E-5
180000000 3.62917392968E-5
200000000 3.3948206385E-5
#Header 
#Target 87 204 0
#Product 81 178 0
#Datapoints 8
1000000 0
120000000 0
130000000 8.935928232E-14
140000000 4.5606759951E-10
150000000 5.3479857144E-8
160000000 2.3585518205093E-7
180000000 3.01250800616E-6
200000000 4.08503317215E-5
#Header 
#Target 87 204 0
#Product 81 179 0
#Datapoints 9
1000000 0
110000000 0
120000000 2.478855447E-14
130000000 1.41577991016E-9
140000000 2.87256135093E-7
150000000 1.25064660294E-6
160000000 2.9685819741917E-6
180000000 3.32182937382E-5
200000000 0.00016997742693
#Header 
#Target 87 204 0
#Product 81 180 0
#Datapoints 10
1000000 0
100000000 0
110000000 2.761115865E-16
120000000 1.7713111491E-9
130000000 4.71835519232E-7
140000000 3.24727809962E-6
150000000 5.8580525472E-6
160000000 1.485796823142E-5
180000000 8.3961562273E-5
200000000 0.000299626219845
#Header 
#Target 87 204 0
#Product 81 181 0
#Datapoints 10
1000000 0
100000000 0
110000000 2.48812406475E-9
120000000 9.698877018E-7
130000000 9.9900457272E-6
140000000 2.10061473468E-5
150000000 3.5067946179E-5
160000000 9.550894709331E-5
180000000 0.00030576051897
200000000 0.00074168555565
#Header 
#Target 87 204 0
#Product 81 182 0
#Datapoints 11
1000000 0
90000000 0
100000000 2.85180722425E-9
110000000 1.800694068E-6
120000000 3.1968787959E-5
130000000 5.0373415092E-5
140000000 5.752422824E-5
150000000 0.000121412849544
160000000 0.00018850283487669
180000000 0.000409329984339
200000000 0.0008808328695
#Header 
#Target 87 204 0
#Product 81 183 0
#Datapoints 12
1000000 0
80000000 0
90000000 1.3751898948E-12
100000000 3.718704534E-9
110000000 2.22213886725E-7
120000000 1.4345068734E-6
130000000 8.4288446088E-6
140000000 3.1860050141E-5
150000000 0.000109377758448
160000000 0.00021075894955396
180000000 0.00052176239744
200000000 0.00101717133405
#Header 
#Target 87 204 0
#Product 81 184 0
#Datapoints 14
1000000 0
70000000 0
75000000 2.823715817E-12
80000000 1.4105119931211E-9
90000000 4.73931807786E-6
100000000 8.8964673225E-5
110000000 0.000109128079125
120000000 8.526794328E-5
130000000 0.000119574762384
140000000 0.00019210680093
150000000 0.0002719262007
160000000 0.00033391155222032
180000000 0.000479352642968
200000000 0.0005852053833
#Header 
#Target 87 204 0
#Product 81 185 0
#Datapoints 15
1000000 0
65000000 0
70000000 9.967551354E-16
75000000 6.34706644E-13
80000000 3.105969899199E-11
90000000 7.7418446688E-9
100000000 1.542301168E-7
110000000 2.94393647475E-6
120000000 8.694130455E-6
130000000 1.76445945368E-5
140000000 3.7493053721E-5
150000000 5.22550730772E-5
160000000 6.514941898817E-5
180000000 8.9298281396E-5
200000000 9.891385185E-5
#Header 
#Target 87 204 0
#Product 81 186 0
#Datapoints 18
1000000 0
50000000 0
55000000 3.412864232624E-16
60000000 3.944846331E-12
65000000 4.3061382764631E-9
70000000 2.76156544808E-7
75000000 1.780544272E-6
80000000 4.0661725459806E-6
90000000 3.96335667294E-6
100000000 5.653221678E-6
110000000 1.361439519E-5
120000000 1.716686937E-5
130000000 2.86524149296E-5
140000000 4.07023973152E-5
150000000 4.87111803192E-5
160000000 5.552927634408E-5
180000000 6.5530483186E-5
200000000 6.7988878965E-5
#Header 
#Target 87 204 0
#Product 81 187 0
#Datapoints 19
1000000 0
45000000 0
50000000 8.032344544E-15
55000000 1.38452944531E-11
60000000 1.97118143955E-9
65000000 3.8746226038146E-8
70000000 2.38054482424E-7
75000000 9.551205911E-7
80000000 3.2873156906379E-6
90000000 1.22140232514E-5
100000000 2.41962707625E-5
110000000 2.45794872E-5
120000000 3.9312079047E-5
130000000 5.5018460728E-5
140000000 5.6358918845E-5
150000000 5.7967234122E-5
160000000 5.957832554551E-5
180000000 5.6572783035E-5
200000000 5.3005504785E-5
#Header 
#Target 87 204 0
#Product 81 189 0
#Datapoints 25
1000000 0
24000000 0
26000000 1.619938607224E-18
28000000 6.90020354909E-16
30000000 3.069987105E-14
35000000 2.5580883375E-11
40000000 2.31995336856E-9
45000000 2.8739420126582E-8
50000000 1.56481076508E-7
55000000 5.1899701987969E-7
60000000 1.95019376775E-6
65000000 5.7010915680939E-6
70000000 1.04296216116E-5
75000000 1.3099433477E-5
80000000 1.2763394895222E-5
90000000 1.04860363806E-5
100000000 1.421919144E-5
110000000 1.78879913775E-5
120000000 1.7560421523E-5
130000000 1.65421496856E-5
140000000 1.65235419524E-5
150000000 1.63903696404E-5
160000000 1.6177899437443E-5
180000000 1.57832276542E-5
200000000 1.5194677908E-5
#Header 
#Target 87 204 0
#Product 82 180 0
#Datapoints 9
1000000 0
110000000 0
120000000 7.1024679E-16
130000000 4.1550506536E-10
140000000 1.02733967793E-8
150000000 3.61687629114E-8
160000000 2.7044668041626E-7
180000000 6.1575048371E-6
200000000 3.92640655605E-5
#Header 
#Target 87 204 0
#Product 82 181 0
#Datapoints 9
1000000 0
110000000 0
120000000 1.2381920757E-9
130000000 3.34888895264E-8
140000000 1.0977932528E-7
150000000 4.53626627622E-7
160000000 3.4418175925994E-6
180000000 1.74817747314E-5
200000000 8.2757348595E-5
#Header 
#Target 87 204 0
#Product 82 182 0
#Datapoints 11
1000000 0
90000000 0
100000000 3.4585067875E-15
110000000 9.624736455E-10
120000000 1.1309430834E-7
130000000 5.7602644792E-7
140000000 2.43444496879E-6
150000000 1.8262938372E-5
160000000 4.1418232260996E-5
180000000 0.000169637310171
200000000 0.00045680777196
#Header 
#Target 87 204 0
#Product 82 183 0
#Datapoints 11
1000000 0
90000000 0
100000000 1.2642409975E-10
110000000 1.246270296E-7
120000000 5.83473114E-7
130000000 9.8940379384E-7
140000000 8.5058893928E-6
150000000 2.21401955544E-5
160000000 3.647901635601E-5
180000000 0.000134194730565
200000000 0.00028862430369
#Header 
#Target 87 204 0
#Product 82 184 0
#Datapoints 12
1000000 0
80000000 0
90000000 7.6133493216E-10
100000000 8.48497466E-7
110000000 3.92365155225E-6
120000000 5.609038788E-6
130000000 3.18340106392E-5
140000000 0.000117665260357
150000000 0.000194524468782
160000000 0.00030845447688678
180000000 0.00074095304929
200000000 0.00115688322765
#Header 
#Target 87 204 0
#Product 82 185 0
#Datapoints 13
1000000 0
75000000 0
80000000 2.88888252012E-11
90000000 1.26649404144E-7
100000000 7.1218507375E-7
110000000 1.88481474675E-6
120000000 5.84810154E-6
130000000 2.14248409144E-5
140000000 5.5981387754E-5
150000000 8.6516491908E-5
160000000 0.0001309111709567
180000000 0.000240010413028
200000000 0.00033240603234
#Header 
#Target 87 204 0
#Product 82 186 0
#Datapoints 15
1000000 0
65000000 0
70000000 5.3489250156E-13
75000000 3.7996680761E-9
80000000 1.7745309264195E-7
90000000 1.93343223132E-6
100000000 1.281123251E-5
110000000 5.4254133225E-5
120000000 8.970892164E-5
130000000 0.000228371400488
140000000 0.000384783326671
150000000 0.000494394990516
160000000 0.0006361721831301
180000000 0.00082119349622
200000000 0.00086496687765
#Header 
#Target 87 204 0
#Product 82 187 0
#Datapoints 17
1000000 0
55000000 0
60000000 1.7397028815E-12
65000000 1.3913191841835E-9
70000000 5.90598970622E-8
75000000 2.3271819831E-7
80000000 4.2874934869632E-7
90000000 4.63774705128E-6
100000000 3.5989586395E-5
110000000 5.1191712435E-5
120000000 9.754302897E-5
130000000 0.00025169095336
140000000 0.000363528158888
150000000 0.000466823486766
160000000 0.0005472781267178
180000000 0.00065437697229
200000000 0.0006572187012
#Header 
#Target 87 204 0
#Product 82 188 0
#Datapoints 19
1000000 0
45000000 0
50000000 7.411884059E-11
55000000 2.7236002399485E-8
60000000 8.7219284805E-7
65000000 2.8435221781989E-6
70000000 5.3179186742E-6
75000000 1.0379072938E-5
80000000 2.6924003609655E-5
90000000 9.8373539034E-5
100000000 0.000106908143125
110000000 0.0002068881
120000000 0.00048318185502
130000000 0.00063426050072
140000000 0.0007810245303
150000000 0.00093342464544
160000000 0.0010352674125691
180000000 0.0011598141127
200000000 0.0011085505179
#Header 
#Target 87 204 0
#Product 82 189 0
#Datapoints 21
1000000 0
35000000 0
40000000 1.6398999797E-7
45000000 8.220003546744E-6
50000000 4.23175056087E-5
55000000 4.2491838291485E-5
60000000 3.2939059941E-5
65000000 3.1302222307686E-5
70000000 3.45114839E-5
75000000 5.2839250204E-5
80000000 7.150453563375E-5
90000000 7.9411761378E-5
100000000 0.000106318309075
110000000 0.000218070901425
120000000 0.00023879467548
130000000 0.000254952871712
140000000 0.000313821302235
150000000 0.000337556836176
160000000 0.00035839755669733
180000000 0.000376222785354
200000000 0.000379359658485
#Header 
#Target 87 204 0
#Product 82 190 0
#Datapoints 24
1000000 0
26000000 0
28000000 1.430159727644E-12
30000000 2.132294304E-10
35000000 1.76530932225E-7
40000000 2.31256841148E-6
45000000 4.4916807516691E-6
50000000 6.8957518292E-6
55000000 1.2064946338445E-5
60000000 2.3605169559E-5
65000000 4.4903733361278E-5
70000000 5.9850770568E-5
75000000 5.8132753237E-5
80000000 5.3088439064073E-5
90000000 9.4581148176E-5
100000000 0.000235209113525
110000000 0.00028986601155
120000000 0.00026672031576
130000000 0.000343523565616
140000000 0.000386267861197
150000000 0.000406419051444
160000000 0.00042368016705481
180000000 0.000429713449698
200000000 0.00043115482917
#Header 
#Target 87 204 0
#Product 82 191 0
#Datapoints 30
1000000 0
17000000 0
18000000 4.4678335548E-16
19000000 2.8826771344E-15
20000000 1.04207968904E-14
22000000 5.7586011732E-13
24000000 4.25014925819E-11
26000000 6.979200222302E-10
28000000 3.6280256037476E-9
30000000 1.02426367092E-8
35000000 3.46033100115E-8
40000000 1.10810505983E-7
45000000 3.1170209058384E-7
50000000 1.02313795419E-6
55000000 2.6165186664232E-6
60000000 4.2821428767E-6
65000000 4.885463748759E-6
70000000 4.97985111064E-6
75000000 6.339958742E-6
80000000 1.1968825845168E-5
90000000 3.37626352764E-5
100000000 4.63000275925E-5
110000000 4.23398029575E-5
120000000 4.6641381354E-5
130000000 5.35881190152E-5
140000000 5.5072354648E-5
150000000 5.6401465386E-5
160000000 6.005536219616E-5
180000000 6.0169649029E-5
200000000 6.0919507935E-5
#Header 
#Target 87 204 0
#Product 82 192 0
#Datapoints 40
1000000 0
7000000 0
8000000 4.6100620963E-15
9000000 1.5614778762E-12
10000000 9.82448704746E-11
11000000 2.2282955679E-9
12000000 2.60316732072E-8
13000000 1.919231668E-7
14000000 9.2858925812E-7
15000000 2.8972644E-6
16000000 4.76251389632E-6
17000000 8.1205043663E-6
18000000 1.378829055411E-5
19000000 2.122738458176E-5
20000000 2.842643592256E-5
22000000 3.8975286528E-5
24000000 4.896732774147E-5
26000000 5.764333730904E-5
28000000 5.849524531159E-5
30000000 5.846426502E-5
35000000 5.859129006E-5
40000000 5.6908834128E-5
45000000 5.502528838983E-5
50000000 5.5875916756E-5
55000000 6.56595988961E-5
60000000 0.000100088059845
65000000 0.00017287089424935
70000000 0.000269148228654
75000000 0.00031092816677
80000000 0.00030768632585616
90000000 0.00026317818342
100000000 0.0002853265935
110000000 0.000321508706175
120000000 0.00034721786745
130000000 0.000369377906128
140000000 0.000392770217438
150000000 0.00041720467782
160000000 0.00044102577748695
180000000 0.000465527535375
200000000 0.00047867339931
#Header 
#Target 87 204 0
#Product 82 193 0
#Datapoints 45
1000000 0
2000000 0
3000000 9.9574292636E-19
4000000 2.3575284E-17
5000000 1.1663397757284E-14
6000000 8.00113005006E-13
7000000 4.165368920182E-12
8000000 4.91185148649E-11
9000000 3.26698397595E-10
10000000 1.252285599996E-9
11000000 2.99822466162E-9
12000000 5.58527024142E-9
13000000 9.91340708355E-9
14000000 1.678444499632E-8
15000000 2.4688684005E-8
16000000 2.77672428004E-8
17000000 3.30440859962E-8
18000000 4.19972985351E-8
19000000 5.35421225808E-8
20000000 6.7719026596E-8
22000000 1.23151007052E-7
24000000 4.109440089431E-7
26000000 5.056736689501E-7
28000000 3.5523636956184E-7
30000000 3.88119865914E-7
35000000 3.9614558571E-7
40000000 3.9271105166E-7
45000000 4.2410646588145E-7
50000000 7.8147870998E-7
55000000 1.7440990698186E-6
60000000 3.67940514195E-6
65000000 5.992226962557E-6
70000000 7.5898893976E-6
75000000 8.637273411E-6
80000000 8.935138178982E-6
90000000 8.6018520636E-6
100000000 1.0029891925E-5
110000000 1.1740695285E-5
120000000 1.2931121079E-5
130000000 1.37866625512E-5
140000000 1.51175693088E-5
150000000 1.6051683816E-5
160000000 1.7361287124719E-5
180000000 1.8758702006E-5
200000000 1.9921006551E-5
#Header 
#Target 87 204 0
#Product 83 187 0
#Datapoints 12
1000000 0
80000000 0
90000000 1.01152050732E-9
100000000 1.5210364325E-6
110000000 4.3474990695E-5
120000000 7.336422045E-5
130000000 6.2926603432E-5
140000000 0.000129745445464
150000000 0.00017661646779
160000000 0.0001675459017583
180000000 0.000199377201726
200000000 0.000206118492285
#Header 
#Target 87 204 0
#Product 83 188 0
#Datapoints 14
1000000 0
70000000 0
75000000 2.322479276E-12
80000000 9.920855316804E-10
90000000 3.18358468386E-6
100000000 5.14144048675E-5
110000000 5.7653479575E-5
120000000 4.0506156045E-5
130000000 4.66250927296E-5
140000000 6.0652073059E-5
150000000 6.9530317038E-5
160000000 7.683658012105E-5
180000000 9.1473654109E-5
200000000 9.13183029E-5
#Header 
#Target 87 204 0
#Product 83 189 0
#Datapoints 16
1000000 0
60000000 0
65000000 3.424873990659E-14
70000000 8.395696302E-11
75000000 1.9329678368E-8
80000000 1.6143740040021E-6
90000000 5.953360653E-5
100000000 9.5837642625E-5
110000000 0.00015257316075
120000000 0.00022864737753
130000000 0.000347729059832
140000000 0.00056309952636
150000000 0.0006169285269
160000000 0.0006996751547174
180000000 0.00074327295696
200000000 0.00073169691705
#Header 
#Target 87 204 0
#Product 83 190 0
#Datapoints 18
1000000 0
50000000 0
55000000 3.641152062207E-14
60000000 4.0343751795E-10
65000000 4.3866002293806E-7
70000000 2.5901750173E-5
75000000 0.00015825619212
80000000 0.00034052531221386
90000000 0.00028775915964
100000000 0.0002168391136
110000000 0.000226111717575
120000000 0.00023011700733
130000000 0.000305882613344
140000000 0.000334283023079
150000000 0.00036700471878
160000000 0.00039997273480575
180000000 0.000435984083024
200000000 0.000441983468775
#Header 
#Target 87 204 0
#Product 83 191 0
#Datapoints 20
1000000 0
40000000 0
45000000 1.081959128107E-14
50000000 1.9689408711E-10
55000000 2.0665157468813E-7
60000000 1.090448451E-5
65000000 7.381859492304E-5
70000000 0.00017723700847
75000000 0.00029759338219
80000000 0.000540055924755
90000000 0.00067065221412
100000000 0.0005825872535
110000000 0.0006602058165
120000000 0.0008840135223
130000000 0.00101073581224
140000000 0.00102631716415
150000000 0.00109014838968
160000000 0.0011556858821719
180000000 0.00121376606763
200000000 0.0012557866725
#Header 
#Target 87 204 0
#Product 83 192 0
#Datapoints 22
1000000 0
30000000 0
35000000 2.3497498845E-16
40000000 1.7003501669E-10
45000000 1.890768332431E-7
50000000 1.62603821587E-5
55000000 0.00012233582262902
60000000 0.0002975776155
65000000 0.00036113090599674
70000000 0.000590071856852
75000000 0.0009461916204
80000000 0.0010283229202029
90000000 0.0006950047437
100000000 0.00068834811225
110000000 0.000873992079
120000000 0.0009160033185
130000000 0.00094584502936
140000000 0.00101122347869
150000000 0.00105829821426
160000000 0.001106772391117
180000000 0.00114914139894
200000000 0.0011755487025
#Header 
#Target 87 204 0
#Product 83 193 0
#Datapoints 25
1000000 0
24000000 0
26000000 1.134771315083E-14
28000000 2.746167755664E-12
30000000 1.1746221354E-10
35000000 7.7573867805E-8
40000000 5.4929620762E-6
45000000 5.0059038874306E-5
50000000 0.000164800068808
55000000 0.00028361182634631
60000000 0.00054892495305
65000000 0.0008603792062965
70000000 0.00094825231588
75000000 0.0008333823849
80000000 0.0007035871813332
90000000 0.00065081268324
100000000 0.000854443141
110000000 0.0009252360585
120000000 0.0009204389487
130000000 0.00094205285328
140000000 0.00097628795112
150000000 0.00099846279624
160000000 0.0010192628724078
180000000 0.00104160335451
200000000 0.0010514119251
#Header 
#Target 87 204 0
#Product 83 194 0
#Datapoints 33
1000000 0
14000000 0
15000000 2.682059385E-17
16000000 1.99021874952E-14
17000000 1.3330581765E-12
18000000 3.9272416839E-11
19000000 5.94355369384E-10
20000000 5.2599174836E-9
22000000 1.238708564676E-7
24000000 1.1243393778092E-6
26000000 1.0161967804891E-5
28000000 4.0144113859148E-5
30000000 9.4845098904E-5
35000000 0.000302122002465
40000000 0.000406699793993
45000000 0.00034482431034931
50000000 0.000384283018874
55000000 0.00042525954239505
60000000 0.00042786720984
65000000 0.00040544058377031
70000000 0.000390010732648
75000000 0.00038116001391
80000000 0.00039164617389993
90000000 0.00042990213285
100000000 0.000464908202625
110000000 0.00049664396805
120000000 0.0005274394389
130000000 0.0005549367516
140000000 0.00057512782996
150000000 0.00059010228522
160000000 0.0006034610985141
180000000 0.0006209724753
200000000 0.0006308900319
#Header 
#Target 87 204 0
#Product 83 195 0
#Datapoints 38
1000000 0
9000000 0
10000000 7.0310564856E-17
11000000 1.8010288062E-14
12000000 2.2338575766E-11
13000000 2.7354726754E-9
14000000 6.07420609448E-8
15000000 3.6089107095E-7
16000000 6.26788328856E-7
17000000 1.343234296714E-6
18000000 2.94093994833E-6
19000000 5.69141438992E-6
20000000 1.025890504704E-5
22000000 2.85964111917E-5
24000000 7.444343506624E-5
26000000 0.00015829610061685
28000000 0.00025486950531247
30000000 0.000357406881498
35000000 0.00065396228985
40000000 0.00088808697717
45000000 0.0009594249855476
50000000 0.00093806032381
55000000 0.0008590231365507
60000000 0.0008166563202
65000000 0.0007900966397181
70000000 0.000825901066
75000000 0.0008704868458
80000000 0.0009149902995675
90000000 0.00090461513394
100000000 0.00088021562175
110000000 0.0008736048735
120000000 0.0008603807832
130000000 0.00085560033944
140000000 0.00083987467926
150000000 0.00083065670436
160000000 0.0008293254543945
180000000 0.00082267869252
200000000 0.0008084032716
#Header 
#Target 87 204 0
#Product 83 196 0
#Datapoints 44
1000000 0
3000000 0
4000000 8.353763913E-18
5000000 7.5764313128826E-14
6000000 1.1061207424245E-11
7000000 6.248025300749E-11
8000000 7.80513414162E-10
9000000 5.7548962791E-9
10000000 2.88165781602E-8
11000000 1.02048720681E-7
12000000 2.99679526248E-7
13000000 8.3533213139E-7
14000000 2.11642836392E-6
15000000 4.464230652E-6
16000000 6.6182891998E-6
17000000 9.80514118198E-6
18000000 1.492393069974E-5
19000000 2.199581888504E-5
20000000 3.08300134168E-5
22000000 5.50389692502E-5
24000000 9.34998592473E-5
26000000 0.00013021761374027
28000000 0.00014686556601002
30000000 0.0001561122261
35000000 0.000173859174495
40000000 0.000176715588365
45000000 0.00016165958632934
50000000 0.000157650224693
55000000 0.00015905070316762
60000000 0.000167318001885
65000000 0.00017487203762127
70000000 0.00017750876888
75000000 0.00017758673348
80000000 0.00017437353136014
90000000 0.00016959307437
100000000 0.0001693690753
110000000 0.000165977681475
120000000 0.00016361497755
130000000 0.000163639278264
140000000 0.000164163993522
150000000 0.000162895610388
160000000 0.00016530401368428
180000000 0.000166593847983
200000000 0.000167840401515
#Header 
#Target 87 204 0
#Product 83 197 0
#Datapoints 30
1000000 0
17000000 0
18000000 2.8885199088E-19
19000000 9.660380968E-18
20000000 1.56384954752E-16
22000000 1.75074910956E-14
24000000 1.055608675067E-12
26000000 3.11485614426E-11
28000000 4.998839080422E-10
30000000 5.5120095294E-9
35000000 6.4655796915E-7
40000000 1.09311641144E-5
45000000 4.4678910711017E-5
50000000 9.1117296382E-5
55000000 0.00012803936308845
60000000 0.00015362985072
65000000 0.00016153946111556
70000000 0.00016673828633
75000000 0.00016701124596
80000000 0.00016914379477098
90000000 0.000164597923728
100000000 0.000161389344475
110000000 0.0001584556185
120000000 0.00015764487111
130000000 0.000155972141864
140000000 0.00015674207671
150000000 0.000155495618334
160000000 0.00015497171031286
180000000 0.000153835701272
200000000 0.00015014844948
#Header 
#Target 87 204 0
#Product 83 198 0
#Datapoints 34
1000000 0
13000000 0
14000000 4.5855856096E-17
15000000 5.188275765E-16
16000000 4.6321708324E-15
17000000 7.0653866056E-14
18000000 8.9106273708E-13
19000000 8.0891243888E-12
20000000 4.8234329936E-11
22000000 9.82864646604E-10
24000000 1.0100660526036E-8
26000000 5.910835964404E-8
28000000 2.1274018531594E-7
30000000 5.519136927E-7
35000000 2.71438340085E-6
40000000 6.8514953951E-6
45000000 1.1099288437699E-5
50000000 1.46847173533E-5
55000000 1.766282369973E-5
60000000 2.0601566634E-5
65000000 2.2878540212715E-5
70000000 2.48318136284E-5
75000000 2.6177855496E-5
80000000 2.7237693939789E-5
90000000 2.74515260076E-5
100000000 2.741341778E-5
110000000 2.73525087825E-5
120000000 2.7202507767E-5
130000000 2.69184250104E-5
140000000 2.65504232923E-5
150000000 2.6257463841E-5
160000000 2.5911699418331E-5
180000000 2.50266185095E-5
200000000 2.4067394712E-5
#Header 
#Target 87 204 0
#Product 84 189 0
#Datapoints 14
1000000 0
70000000 0
75000000 8.82541166E-16
80000000 4.0265885015019E-9
90000000 3.40712207622E-6
100000000 8.7417065975E-6
110000000 1.005728247E-5
120000000 3.750308064E-5
130000000 8.7322077304E-5
140000000 9.0980458023E-5
150000000 8.8634994462E-5
160000000 0.00010687441765306
180000000 0.000113095421289
200000000 0.000113266301655
#Header 
#Target 87 204 0
#Product 84 190 0
#Datapoints 16
1000000 0
60000000 0
65000000 4.210060199433E-16
70000000 5.82472827236E-8
75000000 3.0744305748E-6
80000000 2.3516774504388E-5
90000000 4.91609868408E-5
100000000 5.76726261075E-5
110000000 0.000149983653
120000000 0.00028195337961
130000000 0.000373807082264
140000000 0.00041518756337
150000000 0.000465188167332
160000000 0.00050718584058717
180000000 0.00055132711863
200000000 0.0005319267468
#Header 
#Target 87 204 0
#Product 84 191 0
#Datapoints 17
1000000 0
55000000 0
60000000 1.78227376455E-8
65000000 2.5096399546647E-6
70000000 3.06214260408E-5
75000000 6.606988843E-5
80000000 6.591474170475E-5
90000000 6.7044908502E-5
100000000 0.000179751205175
110000000 0.000273355728
120000000 0.00037211332941
130000000 0.000509119951032
140000000 0.000513147676701
150000000 0.00053915733018
160000000 0.0005854205354059
180000000 0.00055524037801
200000000 0.0005654164728
#Header 
#Target 87 204 0
#Product 84 192 0
#Datapoints 20
1000000 0
40000000 0
45000000 3.080346943619E-15
50000000 7.0082217231E-7
55000000 2.8020793880167E-5
60000000 0.00016588573824
65000000 0.00021681627821304
70000000 0.00018260509692
75000000 0.00017066523799
80000000 0.00018795107462667
90000000 0.000319835776284
100000000 0.00041355864025
110000000 0.0005983710285
120000000 0.0007908357618
130000000 0.00077479140816
140000000 0.00081631961129
150000000 0.0008862818307
160000000 0.0009324232573459
180000000 0.00099347678451
200000000 0.0010355017035
#Header 
#Target 87 204 0
#Product 84 193 0
#Datapoints 21
1000000 0
35000000 0
40000000 2.40651042937E-6
45000000 9.329465256485E-5
50000000 0.000402570391954
55000000 0.00035629959388958
60000000 0.000246796147065
65000000 0.00020552122736343
70000000 0.00017253415132
75000000 0.00018180514625
80000000 0.00021035760414054
90000000 0.000295627438926
100000000 0.000323647854275
110000000 0.000400828377375
120000000 0.00038199812184
130000000 0.00040787054924
140000000 0.000451325597378
150000000 0.000476051060436
160000000 0.00050231643569385
180000000 0.00054391510936
200000000 0.0005707469382
#Header 
#Target 87 204 0
#Product 84 194 0
#Datapoints 24
1000000 0
26000000 0
28000000 3.98701918895E-10
30000000 5.4586063266E-8
35000000 4.1645429856E-5
40000000 0.000289691002368
45000000 0.00030720725234243
50000000 0.000288399455338
55000000 0.00027123867471998
60000000 0.000283959205905
65000000 0.00035684756905116
70000000 0.000391870695498
75000000 0.00039863662072
80000000 0.00043709908081401
90000000 0.00070803208998
100000000 0.0010572911
110000000 0.00099565579425
120000000 0.0010297035288
130000000 0.00114975412552
140000000 0.00122535805536
150000000 0.0012833833236
160000000 0.0013410160681097
180000000 0.00142093542678
200000000 0.00153144260535
#Header 
#Target 87 204 0
#Product 84 195 0
#Datapoints 31
1000000 0
16000000 0
17000000 6.3636922926E-15
18000000 1.910715343227E-7
19000000 1.152574678976E-6
20000000 2.901749760312E-6
22000000 9.99260749224E-6
24000000 3.6931310059292E-5
26000000 0.00010446820625227
28000000 0.00016515378769932
30000000 0.000190824264354
35000000 0.00017147790261
40000000 0.000168638635721
45000000 0.00013987290711713
50000000 0.000114121720992
55000000 0.00010246407630151
60000000 9.854902989E-5
65000000 0.00011432650061283
70000000 0.000154295716568
75000000 0.0001931777627
80000000 0.00022808489248674
90000000 0.000221735902194
100000000 0.00020940678895
110000000 0.000236775425175
120000000 0.00026488422558
130000000 0.000295446426352
140000000 0.000325171043232
150000000 0.000354049025484
160000000 0.0003843820824831
180000000 0.000428030572218
200000000 0.00045465529215
#Header 
#Target 87 204 0
#Product 84 196 0
#Datapoints 40
1000000 0
7000000 0
8000000 1.88679163339E-13
9000000 5.00427777546E-11
10000000 3.00077582175E-9
11000000 6.9059177697E-8
12000000 8.261589237E-7
13000000 6.1522233249E-6
14000000 2.9565156208E-5
15000000 8.611718838E-5
16000000 0.0001202247124108
17000000 0.0001898687279954
18000000 0.000311561978079
19000000 0.000455137632096
20000000 0.0005761159872
22000000 0.000712742172696
24000000 0.000834833930733
26000000 0.0009341896406969
28000000 0.0009045008886857
30000000 0.00086335352124
35000000 0.00076683156975
40000000 0.00067664490791
45000000 0.0005997212740926
50000000 0.00064459387612
55000000 0.0008758317581167
60000000 0.00124582603245
65000000 0.0017029999724265
70000000 0.00222435925416
75000000 0.0023910080324
80000000 0.0022786846096077
90000000 0.00195781007844
100000000 0.00215718036375
110000000 0.00237021601575
120000000 0.0025144084548
130000000 0.00265618223024
140000000 0.00281036778706
150000000 0.00295076472474
160000000 0.0031055643771821
180000000 0.00325473006795
200000000 0.0033443227524
#Header 
#Target 87 204 0
#Product 84 197 0
#Datapoints 46
1000000 0
1000000 0
2000000 1.38075667254E-16
3000000 2.07219989676E-12
4000000 8.1090203715E-11
5000000 5.2454506203421E-9
6000000 1.216226977461E-7
7000000 2.70498989086E-7
8000000 1.447363562554E-6
9000000 4.95474209253E-6
10000000 1.116352944738E-5
11000000 1.77392697459E-5
12000000 2.38872503244E-5
13000000 3.1995148196E-5
14000000 4.2311085928E-5
15000000 5.059961124E-5
16000000 4.77415528872E-5
17000000 4.89024694804E-5
18000000 5.53894609242E-5
19000000 6.4895754644E-5
20000000 7.73998534712E-5
22000000 0.0001411533582174
24000000 0.0005352225152598
26000000 0.0005087423440918
28000000 0.0002190362498553
30000000 0.000149741831316
35000000 9.8967042405E-5
40000000 0.000154579735276
45000000 0.00034763357768194
50000000 0.00059361746341
55000000 0.0006944924600581
60000000 0.0007370263503
65000000 0.0007570841321505
70000000 0.00076667996818
75000000 0.0007701610293
80000000 0.0007805662853268
90000000 0.00076912743546
100000000 0.0007647188645
110000000 0.00076770416925
120000000 0.000779059782
130000000 0.00078474963952
140000000 0.00078896223891
150000000 0.00078951430026
160000000 0.0007862053406005
180000000 0.00078556223976
200000000 0.0007722243768
#Header 
#Target 87 204 0
#Product 84 198 0
#Datapoints 36
1000000 0
11000000 0
12000000 2.7170277114E-15
13000000 6.4491260585E-14
14000000 1.101955754E-12
15000000 1.229619588E-11
16000000 8.027494386E-11
17000000 4.43655286668E-10
18000000 2.53771970469E-9
19000000 2.226182157472E-8
20000000 2.192476033904E-7
22000000 6.51892796154E-6
24000000 5.829727295105E-5
26000000 0.0002316318388062
28000000 0.0005147498596713
30000000 0.00082198673292
35000000 0.0016007386212
40000000 0.00251461561612
45000000 0.0032233078221058
50000000 0.00391220482053
55000000 0.0044248146563698
60000000 0.0048802822086
65000000 0.0051573795245874
70000000 0.0054133361108
75000000 0.0056179922201
80000000 0.0057883405211976
90000000 0.00581543246142
100000000 0.0057822266625
110000000 0.0057317485125
120000000 0.005627111112
130000000 0.0055157275096
140000000 0.00537747015212
150000000 0.00523456486266
160000000 0.0051098618871734
180000000 0.00487510355328
200000000 0.00463981681305
#Header 
#Target 87 204 0
#Product 84 199 0
#Datapoints 41
1000000 0
6000000 0
7000000 1.246347963E-20
8000000 7.0592913245E-18
9000000 1.5256596465E-14
10000000 5.7235856031E-12
11000000 4.59411417567E-10
12000000 1.20473697186E-8
13000000 1.36600833365E-7
14000000 7.85527500376E-7
15000000 2.6311023465E-6
16000000 5.09434536928E-6
17000000 8.61896610778E-6
18000000 1.377751039347E-5
19000000 1.982584109016E-5
20000000 2.55195899972E-5
22000000 3.4647323778E-5
24000000 4.373763502356E-5
26000000 5.221479544372E-5
28000000 5.748093394435E-5
30000000 6.5169682344E-5
35000000 0.00011163922389
40000000 0.000179730755597
45000000 0.00023738700428498
50000000 0.000292248194727
55000000 0.00033275675620528
60000000 0.00036736203174
65000000 0.00039194099020923
70000000 0.000413463685862
75000000 0.00042916100734
80000000 0.00044298653578248
90000000 0.000452087245494
100000000 0.000455555482675
110000000 0.000454864437825
120000000 0.00044804388672
130000000 0.00043992449732
140000000 0.000428898965682
150000000 0.00041686464036
160000000 0.00040592356310457
180000000 0.000383486430241
200000000 0.000363421233915
#Header 
#Target 87 204 0
#Product 84 200 0
#Datapoints 25
1000000 0
24000000 0
26000000 3.34453666078E-15
28000000 1.014855280964E-13
30000000 1.941213828E-12
35000000 7.9707938625E-10
40000000 5.9225122551E-8
45000000 9.163267481456E-7
50000000 4.78492696964E-6
55000000 1.1367484884173E-5
60000000 2.01599068935E-5
65000000 3.1349442744807E-5
70000000 4.5782948264E-5
75000000 6.081888176E-5
80000000 7.648895909214E-5
90000000 0.000103829998806
100000000 0.000125522262075
110000000 0.000140523745725
120000000 0.00015099677397
130000000 0.000157735391352
140000000 0.000162224780482
150000000 0.000163296258594
160000000 0.00016404003758809
180000000 0.000163580400215
200000000 0.0001609588248
#Header 
#Target 87 204 0
#Product 85 191 0
#Datapoints 13
1000000 0
75000000 0
80000000 3.095801167509E-16
90000000 4.26172918086E-9
100000000 4.13804952825E-6
110000000 4.75765132125E-5
120000000 4.9210553853E-5
130000000 3.53248411208E-5
140000000 6.0005578734E-5
150000000 6.6585188208E-5
160000000 6.116736015147E-5
180000000 6.7138842106E-5
200000000 6.9926766435E-5
#Header 
#Target 87 204 0
#Product 85 192 0
#Datapoints 14
1000000 0
70000000 0
75000000 3.034243914E-12
80000000 1.0941104023365E-9
90000000 3.27478611708E-6
100000000 4.15669239425E-5
110000000 3.90911488125E-5
120000000 2.4423943662E-5
130000000 2.3206752492E-5
140000000 2.53187206847E-5
150000000 2.51002296258E-5
160000000 2.4914063961553E-5
180000000 2.44753467623E-5
200000000 2.45178356895E-5
#Header 
#Target 87 204 0
#Product 85 193 0
#Datapoints 16
1000000 0
60000000 0
65000000 1.624769230788E-12
70000000 1.1081977852E-9
75000000 4.1346024629E-7
80000000 1.6243989293682E-5
90000000 0.000199133874432
100000000 0.000175095453025
110000000 0.00010414908195
120000000 9.994457565E-5
130000000 0.000110165154792
140000000 0.000105178715101
150000000 0.000101393795958
160000000 9.987468758692E-5
180000000 9.4552357366E-5
200000000 9.2827890285E-5
#Header 
#Target 87 204 0
#Product 85 194 0
#Datapoints 18
1000000 0
50000000 0
55000000 3.984782398443E-14
60000000 4.210201944E-10
65000000 4.5652101640398E-7
70000000 2.40177614356E-5
75000000 0.00013645180029
80000000 0.00027312003902139
90000000 0.000201680053542
100000000 0.000123119863025
110000000 0.000107988831975
120000000 0.00011020229082
130000000 0.000105563008936
140000000 0.000101051085029
150000000 9.9371131818E-5
160000000 9.850409524647E-5
180000000 9.7852546343E-5
200000000 9.8098931715E-5
#Header 
#Target 87 204 0
#Product 85 195 0
#Datapoints 20
1000000 0
40000000 0
45000000 5.36216268247E-14
50000000 1.00211157645E-9
55000000 1.1082033006803E-6
60000000 5.4300378897E-5
65000000 0.00030777340156728
70000000 0.000579405663478
75000000 0.0006445363626
80000000 0.0007683180780912
90000000 0.00063869735718
100000000 0.000473325662125
110000000 0.0005913990585
120000000 0.0006617423214
130000000 0.000707462602
140000000 0.00075965809531
150000000 0.00082431306342
160000000 0.0008813285010765
180000000 0.00098963131632
200000000 0.00103226668755
#Header 
#Target 87 204 0
#Product 85 196 0
#Datapoints 22
1000000 0
30000000 0
35000000 3.861854955E-15
40000000 2.17675077049E-9
45000000 1.9783278507344E-6
50000000 0.000121442101678
55000000 0.0007310815309545
60000000 0.00138501809745
65000000 0.0012514028095569
70000000 0.0013759518919
75000000 0.0017266114671
80000000 0.0016902868954185
90000000 0.00118121102478
100000000 0.001271624025
110000000 0.00149943740175
120000000 0.001638843354
130000000 0.00181688874136
140000000 0.00200998729765
150000000 0.00215792454948
160000000 0.0022832247601151
180000000 0.00240034269317
200000000 0.0024770200236
#Header 
#Target 87 204 0
#Product 85 197 0
#Datapoints 26
1000000 0
22000000 0
24000000 2.526266397992E-15
26000000 7.3893977297E-12
28000000 1.3968182550029E-9
30000000 4.399904604E-8
35000000 1.7973536445E-5
40000000 0.00055677651039
45000000 0.0022138033362676
50000000 0.00341029801214
55000000 0.0029733556148296
60000000 0.00322478557815
65000000 0.0035833347334356
70000000 0.00328430599348
75000000 0.0027800244498
80000000 0.0025360106828742
90000000 0.00270425594196
100000000 0.00306964752025
110000000 0.00327488816925
120000000 0.0035582116275
130000000 0.00383239990056
140000000 0.00400344971447
150000000 0.00413433241998
160000000 0.0042656590989118
180000000 0.00443495243378
200000000 0.00450962628375
#Header 
#Target 87 204 0
#Product 85 198 0
#Datapoints 33
1000000 0
14000000 0
15000000 3.25524282E-15
16000000 7.221941556E-13
17000000 4.6737602784E-11
18000000 1.333206450195E-9
19000000 1.95167181888E-8
20000000 1.66783952816E-7
22000000 3.6188563896E-6
24000000 3.1329996328684E-5
26000000 0.00028207505052482
28000000 0.0010256528456656
30000000 0.00228899597808
35000000 0.006312401226
40000000 0.0072542519055
45000000 0.005553508977885
50000000 0.0057851525014
55000000 0.006008764852189
60000000 0.006016578465
65000000 0.005969249607354
70000000 0.0060629061358
75000000 0.00616925413
80000000 0.006325739338311
90000000 0.006388940097
100000000 0.00651454333
110000000 0.0066705344925
120000000 0.006709366998
130000000 0.0067463234608
140000000 0.0067004453414
150000000 0.0066622916934
160000000 0.006574170222072
180000000 0.0064416792957
200000000 0.0062477019555
#Header 
#Target 87 204 0
#Product 85 199 0
#Datapoints 38
1000000 0
9000000 0
10000000 3.8726766954E-14
11000000 1.4247460251E-11
12000000 2.55092892192E-8
13000000 3.0328149572E-6
14000000 6.44472544808E-5
15000000 0.00034681536315
16000000 0.000515951464952
17000000 0.001011664239118
18000000 0.00195996544233
19000000 0.00308897764784
20000000 0.00415656016152
22000000 0.0060638722056
24000000 0.008563568805239
26000000 0.010562233772818
28000000 0.010762587540026
30000000 0.0107833648314
35000000 0.0130777514415
40000000 0.0160694402238
45000000 0.017443320608428
50000000 0.0185885527466
55000000 0.019027886653105
60000000 0.0198248679255
65000000 0.02006718456567
70000000 0.0206600735686
75000000 0.020783502259
80000000 0.021062385643479
90000000 0.0205797863106
100000000 0.0201444837425
110000000 0.0196393752225
120000000 0.019005878754
130000000 0.018433583168
140000000 0.0177905466593
150000000 0.0171557199954
160000000 0.016628808267128
180000000 0.0155945197508
200000000 0.0147922756425
#Header 
#Target 87 204 0
#Product 85 200 0
#Datapoints 44
1000000 0
3000000 0
4000000 1.21677994533E-14
5000000 3.3352598860231E-11
6000000 4.699489588155E-9
7000000 2.375723648897E-8
8000000 2.797586684966E-7
9000000 1.83773926053E-6
10000000 7.88894693109E-6
11000000 2.34185137203E-5
12000000 5.61514568238E-5
13000000 0.000124615175085
14000000 0.000247985569
15000000 0.00039946262565
16000000 0.000444965541608
17000000 0.000483387907674
18000000 0.000543590857287
19000000 0.000611178044288
20000000 0.000684436416456
22000000 0.00087820593228
24000000 0.001201318294111
26000000 0.0014581236104225
28000000 0.0014949591523368
30000000 0.00148917649728
35000000 0.0014583307581
40000000 0.00140321169739
45000000 0.0012886929970904
50000000 0.0012737923513
55000000 0.0012778230338709
60000000 0.00130684117395
65000000 0.0013398930021081
70000000 0.0014230818888
75000000 0.0015238838589
80000000 0.0016332252681351
90000000 0.00178369958952
100000000 0.0018795294635
110000000 0.001906429557
120000000 0.0019259247834
130000000 0.00191418105648
140000000 0.00191566013151
150000000 0.00187399273824
160000000 0.0018573844300738
180000000 0.00181763394596
200000000 0.00176902921185
#Header 
#Target 87 204 0
#Product 85 201 0
#Datapoints 30
1000000 0
17000000 0
18000000 1.47910943826E-15
19000000 1.5243303572E-14
20000000 1.26989629208E-13
22000000 5.3546040522E-12
24000000 1.455874290526E-10
26000000 2.5355491407925E-9
28000000 3.1163611385397E-8
30000000 2.6840054148E-7
35000000 1.3442060322E-5
40000000 0.000129499994781
45000000 0.00035710016175152
50000000 0.00057340857492
55000000 0.000790010880703
60000000 0.0010801548747
65000000 0.0013738945426437
70000000 0.00166347022934
75000000 0.0018946024487
80000000 0.0020870238733545
90000000 0.0022794382188
100000000 0.0023817485085
110000000 0.002424601356
120000000 0.0024256819233
130000000 0.00239297385096
140000000 0.00234938737055
150000000 0.00230501868828
160000000 0.0022581825724764
180000000 0.00217421612285
200000000 0.00208896536865
#Header 
#Target 87 204 0
#Product 85 202 0
#Datapoints 34
1000000 0
13000000 0
14000000 4.9661780584E-15
15000000 1.188002415E-13
16000000 2.4959640684E-12
17000000 3.5842881346E-11
18000000 3.56787115152E-10
19000000 2.494047688384E-9
20000000 1.153814783992E-8
22000000 1.414161747666E-7
24000000 8.883076175745E-7
26000000 3.2643575190058E-6
28000000 7.463421823891E-6
30000000 1.27096137384E-5
35000000 2.9256651252E-5
40000000 5.8768992849E-5
45000000 0.00010400915182592
50000000 0.000167386050565
55000000 0.00023394727999665
60000000 0.0003015734931
65000000 0.00035683555936512
70000000 0.000403692124178
75000000 0.00043972636669
80000000 0.00046522525113846
90000000 0.000483264382932
100000000 0.0004854748697
110000000 0.000478635108375
120000000 0.00046626139098
130000000 0.000452289447456
140000000 0.000435977795109
150000000 0.000420416568432
160000000 0.00040787622961963
180000000 0.000383548322045
200000000 0.00036280893807
#Header 
#Target 87 204 0
#Product 86 195 0
#Datapoints 17
1000000 0
55000000 0
60000000 9.186571503E-7
65000000 3.1227020479512E-5
70000000 0.000149350214064
75000000 0.00017970076423
80000000 0.00011439107128131
90000000 4.66426393614E-5
100000000 6.7255108875E-5
110000000 0.00011579885775
120000000 8.763494976E-5
130000000 7.6955516792E-5
140000000 8.0769140895E-5
150000000 8.162601888E-5
160000000 8.54908616856E-5
180000000 8.395292019E-5
200000000 8.3715833295E-5
#Header 
#Target 87 204 0
#Product 86 196 0
#Datapoints 20
1000000 0
40000000 0
45000000 3.421433603731E-15
50000000 1.26487368214E-6
55000000 2.8011681181759E-5
60000000 0.000102487915005
65000000 9.648893780889E-5
70000000 6.0114297622E-5
75000000 4.2197078573E-5
80000000 3.0072020311842E-5
90000000 3.24205348176E-5
100000000 6.0952000675E-5
110000000 5.08423247625E-5
120000000 4.375090143E-5
130000000 4.31647005328E-5
140000000 4.53371164808E-5
150000000 4.31668988016E-5
160000000 4.4249956551101E-5
180000000 4.18239454422E-5
200000000 4.35882677235E-5
#Header 
#Target 87 204 0
#Product 86 197 0
#Datapoints 21
1000000 0
35000000 0
40000000 1.30066154429E-5
45000000 0.00032689140805651
50000000 0.00092957450828
55000000 0.0005791612876071
60000000 0.00030329409564
65000000 0.00021051590272284
70000000 0.000154111897946
75000000 0.00012717295825
80000000 0.00013801778842797
90000000 0.00020131742394
100000000 0.00016794061245
110000000 0.000152178858375
120000000 0.00015098958738
130000000 0.000153427376256
140000000 0.000151841082863
150000000 0.000147093393804
160000000 0.00014316530317332
180000000 0.000142524456601
200000000 0.0001444418751
#Header 
#Target 87 204 0
#Product 86 198 0
#Datapoints 25
1000000 0
24000000 0
26000000 4.478590770899E-7
28000000 0.00012793780705492
30000000 0.00055639358448
35000000 0.0035762419269
40000000 0.00517569037
45000000 0.0027137087352243
50000000 0.00175951287254
55000000 0.0013360207608803
60000000 0.00102467190465
65000000 0.0008604274805247
70000000 0.00088092971508
75000000 0.001066724035
80000000 0.001237793377716
90000000 0.00105506255466
100000000 0.000891648058
110000000 0.000838366902
120000000 0.000805650165
130000000 0.00075525158632
140000000 0.00073870034191
150000000 0.00071163135414
160000000 0.0006913047796868
180000000 0.00066539588686
200000000 0.00065749916985
#Header 
#Target 87 204 0
#Product 86 199 0
#Datapoints 32
1000000 0
15000000 0
16000000 8.3298778648E-15
17000000 3.0757466538E-12
18000000 7.10832429186E-5
19000000 0.000355536008688
20000000 0.000733487259024
22000000 0.001608017266476
24000000 0.0036071438854525
26000000 0.005990843676699
28000000 0.00524617946001
30000000 0.00353749951458
35000000 0.0014761281105
40000000 0.00112662455797
45000000 0.0008844323709958
50000000 0.00075281227169
55000000 0.0006841233653584
60000000 0.00067690946625
65000000 0.0007072009592472
70000000 0.00074724447506
75000000 0.0007214625106
80000000 0.0006742127841513
90000000 0.00062416096776
100000000 0.00060441018975
110000000 0.000589458489
120000000 0.0005641077609
130000000 0.00055624101456
140000000 0.000532239531407
150000000 0.00053239649148
160000000 0.0005272999475614
180000000 0.000507272004703
200000000 0.00049856325771
#Header 
#Target 87 204 0
#Product 86 200 0
#Datapoints 41
1000000 0
6000000 0
7000000 1.413924647719E-5
8000000 0.0001489087645173
9000000 0.000646231358898
10000000 0.001817632005084
11000000 0.00377866172586
12000000 0.00716541091794
13000000 0.013737620122
14000000 0.0245285730768
15000000 0.03450316716
16000000 0.0267110285
17000000 0.0230173446666
18000000 0.02351265915531
19000000 0.02344635143984
20000000 0.02173450970288
22000000 0.01757676438648
24000000 0.01651926964307
26000000 0.015946584442033
28000000 0.01416882091817
30000000 0.0125777263866
35000000 0.010438986645
40000000 0.0092678967926
45000000 0.008125804314617
50000000 0.0078348280566
55000000 0.008271150910803
60000000 0.0083507263545
65000000 0.007936035857838
70000000 0.0074874855408
75000000 0.007302368619
80000000 0.007132167897336
90000000 0.0067701103812
100000000 0.0064811263275
110000000 0.00619147272
120000000 0.005930931168
130000000 0.005717211192
140000000 0.0055642943251
150000000 0.0053566117038
160000000 0.0052385175930615
180000000 0.00497722192494
200000000 0.0047704168578
#Header 
#Target 87 204 0
#Product 86 201 0
#Datapoints 46
1000000 0
1000000 0
2000000 3.70494342765E-15
3000000 9.2093293152E-11
4000000 3.6807796968E-8
5000000 2.1528800434813E-6
6000000 3.581582329485E-5
7000000 4.853344061364E-5
8000000 0.0002082240961828
9000000 0.000520538577768
10000000 0.000824642108343
11000000 0.00091639693896
12000000 0.00087507263586
13000000 0.000857777225505
14000000 0.000849435160288
15000000 0.00078292989915
16000000 0.000582229266948
17000000 0.000471773204856
18000000 0.000425346473073
19000000 0.000397929717752
20000000 0.000381982779776
22000000 0.000495422462268
24000000 0.0015609783075553
26000000 0.0013068147917034
28000000 0.0005015375812192
30000000 0.000323721171072
35000000 0.00038073283119
40000000 0.00080159008102
45000000 0.0012104824648862
50000000 0.00163693825728
55000000 0.0020091822527744
60000000 0.00253285373115
65000000 0.0030288852064152
70000000 0.00344535699966
75000000 0.003769884664
80000000 0.0040319520561933
90000000 0.00424708033446
100000000 0.0043374807445
110000000 0.004348247364
120000000 0.0043120119384
130000000 0.00424969113184
140000000 0.004153921741
150000000 0.00407204277228
160000000 0.0039545559503537
180000000 0.00378932725237
200000000 0.0036397358544
#Header 
#Target 87 204 0
#Product 86 202 0
#Datapoints 38
1000000 0
9000000 0
10000000 1.92985371927E-15
11000000 1.7118335817E-14
12000000 1.0345010196E-13
13000000 8.1419179505E-13
14000000 8.8436801488E-12
15000000 9.047176575E-11
16000000 1.056203942488E-9
17000000 3.49024890528E-8
18000000 6.31046418897E-7
19000000 5.22075872752E-6
20000000 2.410061701736E-5
22000000 0.0001823863042674
24000000 0.0006748961822127
26000000 0.0014852317714612
28000000 0.002293008668354
30000000 0.00304248955278
35000000 0.004991231691
40000000 0.007332746392
45000000 0.009408809731585
50000000 0.0119067946627
55000000 0.013995330952075
60000000 0.0159975576795
65000000 0.017387582239005
70000000 0.018594437906
75000000 0.01942984537
80000000 0.020060422602957
90000000 0.0201626297928
100000000 0.0198626241125
110000000 0.0193731913125
120000000 0.018714777291
130000000 0.0180596780056
140000000 0.0173540347708
150000000 0.0166866705138
160000000 0.016080355572507
180000000 0.0150157175356
200000000 0.014071544061
#Header 
#Target 87 204 0
#Product 86 203 0
#Datapoints 41
1000000 0
6000000 0
7000000 2.93221705712E-13
8000000 1.169046311871E-10
9000000 9.4230477846E-9
10000000 2.045649587652E-7
11000000 1.62255813255E-6
12000000 6.94123527456E-6
13000000 2.15052217235E-5
14000000 5.11355792288E-5
15000000 9.00108582E-5
16000000 0.0001059967242124
17000000 0.0001219430163046
18000000 0.0001496228222739
19000000 0.000183914451448
20000000 0.0002175545515312
22000000 0.0002718704207628
24000000 0.00032195603458525
26000000 0.00035479714114985
28000000 0.00036184097354754
30000000 0.000385957162542
35000000 0.0006037449183
40000000 0.00093916677351
45000000 0.0012240272498839
50000000 0.00149541895216
55000000 0.0016919271713025
60000000 0.00185448481485
65000000 0.0019629566912835
70000000 0.00205223378754
75000000 0.0021083445916
80000000 0.0021475861918197
90000000 0.00212035751694
100000000 0.0020625431125
110000000 0.00199283031975
120000000 0.0019083666627
130000000 0.00182413811888
140000000 0.00174135716344
150000000 0.00166308437064
160000000 0.0015908101400574
180000000 0.001462685485
200000000 0.00135602533545
#Header 
#Target 87 204 0
#Product 87 198 0
#Datapoints 18
1000000 0
50000000 0
55000000 2.249453734132E-14
60000000 2.1478482465E-10
65000000 2.1368204451165E-7
70000000 9.5145735852E-6
75000000 5.0612131544E-5
80000000 9.491446023438E-5
90000000 6.2898366474E-5
100000000 4.00259088875E-5
110000000 3.771170367E-5
120000000 3.6920198052E-5
130000000 3.54198894896E-5
140000000 3.40822576363E-5
150000000 3.34106919342E-5
160000000 3.2868993482807E-5
180000000 3.2609477103E-5
200000000 3.2541835626E-5
#Header 
#Target 87 204 0
#Product 87 199 0
#Datapoints 20
1000000 0
40000000 0
45000000 5.65268957176E-14
50000000 6.2527896062E-10
55000000 4.9211450290508E-7
60000000 1.1490371913E-5
65000000 4.7331726878304E-5
70000000 6.4202457186E-5
75000000 4.7014228001E-5
80000000 3.2613445092216E-5
90000000 2.74459679244E-5
100000000 2.8064682775E-5
110000000 2.76060318675E-5
120000000 2.7427475889E-5
130000000 2.71924079504E-5
140000000 2.72256710935E-5
150000000 2.6777763726E-5
160000000 2.7104948845081E-5
180000000 2.67362709221E-5
200000000 2.66067495435E-5
#Header 
#Target 87 204 0
#Product 87 200 0
#Datapoints 22
1000000 0
30000000 0
35000000 1.498121838E-15
40000000 6.5743708527E-10
45000000 4.5075769706143E-7
50000000 2.1065949762E-5
55000000 0.00010964089300791
60000000 0.0001754658315
65000000 0.00012749847700326
70000000 8.969674573E-5
75000000 8.135905024E-5
80000000 8.159540733081E-5
90000000 8.310600261E-5
100000000 8.30166315E-5
110000000 8.2454162175E-5
120000000 8.078958351E-5
130000000 8.0600983848E-5
140000000 7.9625804209E-5
150000000 7.956876564E-5
160000000 7.932374870568E-5
180000000 7.761573765E-5
200000000 7.24816329E-5
#Header 
#Target 87 204 0
#Product 87 201 0
#Datapoints 26
1000000 0
22000000 0
24000000 1.077478348687E-14
26000000 2.57515940885E-11
28000000 3.7250343709834E-9
30000000 9.3903506946E-8
35000000 3.28266946485E-5
40000000 0.00057883603594
45000000 0.0015984737953646
50000000 0.00168105108567
55000000 0.0010504391068974
60000000 0.0008702525421
65000000 0.0008843915138553
70000000 0.00092422046228
75000000 0.0009505928796
80000000 0.0009734412523818
90000000 0.00098248894308
100000000 0.00097439165025
110000000 0.00095834326425
120000000 0.0009423825606
130000000 0.00091444019744
140000000 0.00088418558925
150000000 0.00086365310934
160000000 0.0008508455170439
180000000 0.00081402574223
200000000 0.00076887904665
#Header 
#Target 87 204 0
#Product 87 202 0
#Datapoints 33
1000000 0
14000000 0
15000000 4.89283104E-15
16000000 1.0114838826E-12
17000000 5.9715669704E-11
18000000 1.539777004608E-9
19000000 2.04242726884E-8
20000000 1.591345095184E-7
22000000 2.89311932673E-6
24000000 2.252984979965E-5
26000000 0.00017913501562999
28000000 0.0005711028305985
30000000 0.00118544654376
35000000 0.00266910115005
40000000 0.00251744539462
45000000 0.001820645682086
50000000 0.00188945486719
55000000 0.0020321153103911
60000000 0.0021884497161
65000000 0.0022909824267429
70000000 0.00238967311024
75000000 0.0024466206752
80000000 0.0024900311680326
90000000 0.00245030040846
100000000 0.002389604881
110000000 0.00231790466625
120000000 0.0022228824816
130000000 0.00215102567064
140000000 0.00206276876794
150000000 0.00199949103942
160000000 0.0019185672090602
180000000 0.00179308059793
200000000 0.0016808751573
#Header 
#Target 87 204 0
#Product 87 203 0
#Datapoints 38
1000000 0
9000000 0
10000000 1.5726225069E-13
11000000 1.82846758134E-10
12000000 1.95385866846E-7
13000000 1.5224476437E-5
14000000 0.000239759030264
15000000 0.0010270839042
16000000 0.001340520520696
17000000 0.00238227347004
18000000 0.00434889730953
19000000 0.00658118473936
20000000 0.00858842121384
22000000 0.0119487204567
24000000 0.016125327554236
26000000 0.019149455629619
28000000 0.018784599985663
30000000 0.018185232588
35000000 0.0207879372
40000000 0.025012335681
45000000 0.0273118396177
50000000 0.029932521302
55000000 0.030787228903024
60000000 0.032374828518
65000000 0.03244522651524
70000000 0.0331798041952
75000000 0.03283396896
80000000 0.033017757474411
90000000 0.0313408006146
100000000 0.0297530062575
110000000 0.028269896265
120000000 0.026756727489
130000000 0.025445435708
140000000 0.0241093363029
150000000 0.0228763952802
160000000 0.021841837420946
180000000 0.0199286847972
200000000 0.018463350096
#Header 
#Target 87 204 0
#Product 87 204 0
#Datapoints 44
1000000 0
3000000 0
4000000 1.32452994102E-11
5000000 2.5064607889769E-8
6000000 3.03987793545E-6
7000000 1.334086264764E-5
8000000 0.0001242419680533
9000000 0.000583713050337
10000000 0.001630398170205
11000000 0.00309035076
12000000 0.0049358314995
13000000 0.00780885996235
14000000 0.01195351112104
15000000 0.0159140859045
16000000 0.01551674663008
17000000 0.01524039793286
18000000 0.0157880329791
19000000 0.0163896695088
20000000 0.01694387944392
22000000 0.01862088904026
24000000 0.022427288034894
26000000 0.024908978839423
28000000 0.024298779773971
30000000 0.0231870537612
35000000 0.022083445044
40000000 0.0214396103079
45000000 0.020183563502322
50000000 0.0204275433096
55000000 0.019711095348362
60000000 0.0192787064385
65000000 0.018386811665937
70000000 0.0177206640512
75000000 0.016771907919
80000000 0.015898836065319
90000000 0.0136400130846
100000000 0.01158337558
110000000 0.009743123685
120000000 0.008101788309
130000000 0.0067029631592
140000000 0.0055430990289
150000000 0.00458625284712
160000000 0.0038253750568458
180000000 0.00272987463278
200000000 0.00207248068065
#Header 
#Target 87 204 0
#Product 88 201 0
#Datapoints 21
1000000 0
35000000 0
40000000 1.14073062139E-5
45000000 0.00015054547466222
50000000 0.000263277317898
55000000 0.00011797136146488
60000000 5.3311934769E-5
65000000 3.8583488905203E-5
70000000 3.37270598564E-5
75000000 3.0236524851E-5
80000000 2.746466123451E-5
90000000 2.26243189728E-5
100000000 1.913355159E-5
110000000 1.6396245285E-5
120000000 1.4385720321E-5
130000000 1.27655052448E-5
140000000 1.14319200084E-5
150000000 1.03513841718E-5
160000000 9.563961251014E-6
180000000 7.9901904972E-6
200000000 7.1211926865E-6
#Header 
#Target 87 204 0
#Product 88 202 0
#Datapoints 25
1000000 0
24000000 0
26000000 1.9543559757337E-6
28000000 0.00012833174972873
30000000 0.000293506233168
35000000 0.0007612265655
40000000 0.00056513378956
45000000 0.00021740622634445
50000000 0.000130530309795
55000000 0.00010778044042062
60000000 9.706012305E-5
65000000 8.836668117222E-5
70000000 8.0647750528E-5
75000000 7.41849498E-5
80000000 6.807370183356E-5
90000000 5.65642300194E-5
100000000 4.77400354425E-5
110000000 4.1006209305E-5
120000000 3.614882625E-5
130000000 3.18809125712E-5
140000000 2.87692512014E-5
150000000 2.62308515196E-5
160000000 2.3957148963713E-5
180000000 2.04777313374E-5
200000000 1.8243845652E-5
#Header 
#Target 87 204 0
#Product 88 203 0
#Datapoints 31
1000000 0
16000000 0
17000000 3.95543968612E-9
18000000 0.0001702463656953
19000000 0.000662962189008
20000000 0.001237095589288
22000000 0.002299238057898
24000000 0.004331331665852
26000000 0.006042272520459
28000000 0.0043008767078624
30000000 0.0023621376285
35000000 0.00074431692585
40000000 0.00055119700298
45000000 0.00047805030483947
50000000 0.000439831274854
55000000 0.00040202323820384
60000000 0.000365418989685
65000000 0.00033147575325843
70000000 0.000300749042222
75000000 0.00027137964061
80000000 0.00024554460479847
90000000 0.000199645170984
100000000 0.0001672556476
110000000 0.00014338741995
120000000 0.00012459775482
130000000 0.000109547343136
140000000 9.7550675923E-5
150000000 8.8308526572E-5
160000000 8.036965090443E-5
180000000 6.7630716351E-5
200000000 5.883233205E-5
#Header 
#Target 87 204 0
#Product 88 204 0
#Datapoints 41
1000000 0
6000000 0
7000000 4.390072758308E-5
8000000 0.0002418084212797
9000000 0.000841679946549
10000000 0.002114640000693
11000000 0.00391324514007
12000000 0.00652513142286
13000000 0.0109622693154
14000000 0.01714076075272
15000000 0.020265225414
16000000 0.012550974694
17000000 0.00894351669196
18000000 0.00804907431786
19000000 0.00720804802704
20000000 0.00606255259376
22000000 0.0044141660604
24000000 0.004080659287635
26000000 0.003939654972463
28000000 0.0035321708986149
30000000 0.003205019922
35000000 0.002802951837
40000000 0.00255331576886
45000000 0.0022251774455922
50000000 0.00195498092586
55000000 0.0017776783433739
60000000 0.0015552579684
65000000 0.0014096469070167
70000000 0.00123275235274
75000000 0.0011264340919
80000000 0.0009938196313686
90000000 0.00079917405642
100000000 0.000664273901
110000000 0.000567516030225
120000000 0.00049364207604
130000000 0.000435588521984
140000000 0.000385059146254
150000000 0.000348027116388
160000000 0.00031715606743632
180000000 0.00026819177995
200000000 0.000229837085985
#Header 
#Target 87 204 0
#Product 88 205 0
#Datapoints 45
1000000 0
2000000 0
3000000 1.6068099614E-10
4000000 9.0653805612E-8
5000000 5.0955001414156E-6
6000000 8.322689925555E-5
7000000 0.0001178965401623
8000000 0.000455441317712
9000000 0.001028136155589
10000000 0.001423017136737
11000000 0.00132671830974
12000000 0.0010318291182
13000000 0.00081127169764
14000000 0.000651153298688
15000000 0.00050173403805
16000000 0.000322136467328
17000000 0.000235265532228
18000000 0.0001965048308184
19000000 0.000166931940504
20000000 0.0001410160855064
22000000 0.000102303817209
24000000 8.562802199242E-5
26000000 7.368983627432E-5
28000000 6.169889714595E-5
30000000 5.4154324206E-5
35000000 4.768811631E-5
40000000 4.22212435782E-5
45000000 4.1579925697651E-5
50000000 3.84664495383E-5
55000000 3.9141714534032E-5
60000000 3.52419696615E-5
65000000 3.6651807437982E-5
70000000 3.32554914084E-5
75000000 3.0731348882E-5
80000000 2.963204516472E-5
90000000 2.83792195512E-5
100000000 2.20701435625E-5
110000000 1.87316622E-5
120000000 1.8594777951E-5
130000000 1.78196475688E-5
140000000 1.64740466708E-5
150000000 1.46511019788E-5
160000000 1.2643818273071E-5
180000000 8.316995782E-6
200000000 5.975990796E-6
