#Header 
#Target 75 166 0
#Product 0 1 0
#Datapoints 40
1000000 0
7000000 0
8000000 0.001727634342
9000000 0.003243316185
10000000 0.003495440992
11000000 0.010479013044
12000000 0.024365866863
13000000 0.03760430688
14000000 0.05333007382479
15000000 0.073102613605
16000000 0.0977508381
17000000 0.12752148552
18000000 0.1609474581
19000000 0.1955546775
20000000 0.2301018831
22000000 0.299929123
24000000 0.377119431
26000000 0.4731074712
28000000 0.5741108752
30000000 0.677736696
35000000 0.9205012344
40000000 1.1183426777
45000000 1.307804984
50000000 1.4720010162
55000000 1.6124391456
60000000 1.745859582
65000000 1.866931288
70000000 1.980036606
75000000 2.084106804
80000000 2.18669616
90000000 2.36911469
100000000 2.534310891
110000000 2.6994846
120000000 2.846428806
130000000 2.974908728
140000000 3.103332315
150000000 3.306465401
160000000 3.514450462
180000000 3.923132103
200000000 4.347894096
#Header 
#Target 75 166 0
#Product 1 1 0
#Datapoints 45
1000000 0
2000000 1.3566659139E-19
3000000 2.660503077E-11
4000000 3.1078816068E-7
5000000 5.428507023E-5
6000000 0.0009123508503
7000000 0.00587485767456
8000000 0.02165710401
9000000 0.064972857175
10000000 0.1585740416
11000000 0.3127661292
12000000 0.5178866589
13000000 0.7492613544
14000000 0.975817323996
15000000 1.190532444
16000000 1.387171156
17000000 1.5591497129
18000000 1.705920502
19000000 1.8292581
20000000 1.937072114
22000000 2.134442557
24000000 2.335874424
26000000 2.591081115
28000000 2.803788544
30000000 2.9677515
35000000 3.247819995
40000000 3.524044861
45000000 3.73598407
50000000 3.886113946
55000000 4.006124052
60000000 4.09483998
65000000 4.158540089
70000000 4.221196302
75000000 4.261598315
80000000 4.300502448
90000000 4.368028024
100000000 4.426009434
110000000 4.48492848
120000000 4.53653759
130000000 4.578293016
140000000 4.62080104
150000000 4.7039188
160000000 4.788630235
180000000 4.966909662
200000000 5.16869262
#Header 
#Target 75 166 0
#Product 1 2 0
#Datapoints 39
1000000 0
8000000 0
9000000 1.4553636675E-20
10000000 9.22012544E-15
11000000 9.583869816E-12
12000000 8.483571681E-10
13000000 2.0627745296E-8
14000000 3.444442651149E-7
15000000 3.941984175E-6
16000000 2.9419174115E-5
17000000 0.00014671424118
18000000 0.0005055231896
19000000 0.0012664404
20000000 0.002488006808
22000000 0.00609675092
24000000 0.01071292872
26000000 0.01572969664
28000000 0.02073677936
30000000 0.0249017622
35000000 0.03663607578
40000000 0.04711872367
45000000 0.0565805437
50000000 0.06384154348
55000000 0.0749894988
60000000 0.07921122273
65000000 0.08788765759
70000000 0.09185443032
75000000 0.09912685861
80000000 0.10302919704
90000000 0.10488693726
100000000 0.10671215247
110000000 0.1051708596
120000000 0.10379134597
130000000 0.10276188472
140000000 0.10182133095
150000000 0.10231276129
160000000 0.10336728831
180000000 0.10710736278
200000000 0.1137255756
#Header 
#Target 75 166 0
#Product 1 3 0
#Datapoints 33
1000000 0
14000000 0
15000000 4.0844756605E-19
16000000 3.8507692655E-15
17000000 2.1948173143E-12
18000000 2.499649867E-10
19000000 9.0829506E-9
20000000 1.490422584E-7
22000000 7.450779986E-6
24000000 7.113381366E-5
26000000 0.0002615398072
28000000 0.0005949002
30000000 0.001045869972
35000000 0.002484418623
40000000 0.004087439961
45000000 0.0057403892
50000000 0.007325209034
55000000 0.008828286172
60000000 0.010338384762
65000000 0.011842702535
70000000 0.013444597548
75000000 0.015105065287
80000000 0.01690632636
90000000 0.0209647815
100000000 0.02569645242
110000000 0.029283735
120000000 0.03309341438
130000000 0.03703833584
140000000 0.04101749805
150000000 0.04481731485
160000000 0.04868927097
180000000 0.0561654687
200000000 0.06370213668
#Header 
#Target 75 166 0
#Product 2 3 0
#Datapoints 41
1000000 0
6000000 0
7000000 4.63870314054E-18
8000000 1.073508747E-15
9000000 6.7135749325E-14
10000000 1.380904832E-12
11000000 1.1593774614E-11
12000000 5.228059278E-11
13000000 1.7824051608E-10
14000000 7.08560051901E-10
15000000 3.841215011E-9
16000000 2.1883116755E-8
17000000 1.1083609927E-7
18000000 4.832547148E-7
19000000 1.801510575E-6
20000000 5.413106429E-6
22000000 4.403499581E-5
24000000 0.0002618469633
26000000 0.0008148584773
28000000 0.00185956656
30000000 0.00335367186
35000000 0.008352493608
40000000 0.01406972881
45000000 0.0195056082
50000000 0.02452157422
55000000 0.02853384548
60000000 0.03213272826
65000000 0.03506933026
70000000 0.03794641086
75000000 0.04056077428
80000000 0.04330711176
90000000 0.04897215384
100000000 0.05527518021
110000000 0.0593234898
120000000 0.0633682231
130000000 0.06745494008
140000000 0.0714892697
150000000 0.07475008664
160000000 0.07808112728
180000000 0.084593586
200000000 0.09113562276
#Header 
#Target 75 166 0
#Product 2 4 0
#Datapoints 45
1000000 0
2000000 1.9527753656E-12
3000000 2.444016645E-9
4000000 5.348029881E-7
5000000 1.418868882E-5
6000000 0.0001322364789
7000000 0.000746952523695
8000000 0.00288187152
9000000 0.008963219825
10000000 0.0216730688
11000000 0.03898176126
12000000 0.05607377412
13000000 0.07116306168
14000000 0.0843585131358
15000000 0.0941047
16000000 0.10167022045
17000000 0.11032617466
18000000 0.1206069865
19000000 0.1327265925
20000000 0.1466513072
22000000 0.1853296848
24000000 0.2331978363
26000000 0.2479663396
28000000 0.2682482352
30000000 0.29088549
35000000 0.3538045104
40000000 0.3854439492
45000000 0.38207451
50000000 0.3873570272
55000000 0.3980836104
60000000 0.4015921941
65000000 0.3959359795
70000000 0.3912792228
75000000 0.3853080452
80000000 0.3812787396
90000000 0.3780341168
100000000 0.3651050079
110000000 0.353296842
120000000 0.3469533899
130000000 0.343713216
140000000 0.3409912335
150000000 0.3493373325
160000000 0.3576224064
180000000 0.3680614146
200000000 0.3693259752
#Header 
#Target 75 166 0
#Product 66 141 0
#Datapoints 10
1000000 0
100000000 0
110000000 6.27337056E-15
120000000 9.136305373E-13
130000000 2.391900148E-11
140000000 3.56993193E-10
150000000 9.6705999314E-9
160000000 1.45691996546E-7
180000000 9.8791002816E-6
200000000 0.000122359994484
#Header 
#Target 75 166 0
#Product 66 142 0
#Datapoints 11
1000000 0
90000000 0
100000000 1.4020290918E-14
110000000 2.9504655E-12
120000000 1.2802788063E-10
130000000 2.7670608636E-9
140000000 1.5331906615E-8
150000000 1.8496094168E-7
160000000 1.6376693485E-6
180000000 5.645850342E-5
200000000 0.00045895994508
#Header 
#Target 75 166 0
#Product 66 143 0
#Datapoints 12
1000000 0
80000000 0
90000000 1.3282684806E-14
100000000 3.849771627E-12
110000000 1.89907566E-10
120000000 5.1556398101E-9
130000000 5.540650324E-8
140000000 1.8556296185E-7
150000000 1.5710196772E-6
160000000 1.11064996528E-5
180000000 0.00020059192791
200000000 0.00109597009704
#Header 
#Target 75 166 0
#Product 66 144 0
#Datapoints 14
1000000 0
70000000 0
75000000 5.419700806E-15
80000000 9.833192424E-14
90000000 1.711684748E-11
100000000 6.457549662E-10
110000000 7.814371194E-9
120000000 8.8017498777E-8
130000000 6.0961398608E-7
140000000 1.7657392245E-6
150000000 1.09305989952E-5
160000000 5.2135596998E-5
180000000 0.00055010606178
200000000 0.0030933197568
#Header 
#Target 75 166 0
#Product 66 145 0
#Datapoints 19
1000000 0
45000000 0
50000000 1.3978590054E-20
55000000 1.2848493988E-18
60000000 2.59398954E-16
65000000 7.15388935E-15
70000000 1.051839387E-13
75000000 9.354579689E-13
80000000 5.948990388E-12
90000000 1.104678614E-10
100000000 7.856127342E-10
110000000 7.06349094E-9
120000000 6.2850796333E-8
130000000 2.6020305784E-7
140000000 5.340981053E-7
150000000 2.3772704675E-6
160000000 8.7732701305E-6
180000000 5.9210592639E-5
200000000 0.00019319393184
#Header 
#Target 75 166 0
#Product 66 146 0
#Datapoints 26
1000000 0
22000000 0
24000000 1.1745398652E-20
26000000 7.996527756E-20
28000000 4.027720896E-19
30000000 1.61589582E-18
35000000 3.40687569E-17
40000000 6.053876091E-16
45000000 1.55587007E-14
50000000 2.096206684E-13
55000000 1.926648444E-12
60000000 1.2964994685E-11
65000000 6.632279268E-11
70000000 2.57077521E-10
75000000 8.016347872E-10
80000000 2.1024101208E-9
90000000 9.9719695162E-9
100000000 1.1887299126E-7
110000000 9.520530042E-7
120000000 2.947469941E-6
130000000 8.036609526E-6
140000000 1.5349791955E-5
150000000 5.0368593182E-5
160000000 0.000137831004321
180000000 0.00059177799285
200000000 0.0018075497076
#Header 
#Target 75 166 0
#Product 66 147 0
#Datapoints 36
1000000 0
11000000 0
12000000 2.8132579254E-20
13000000 1.1248859368E-19
14000000 4.096958329842E-19
15000000 1.345604648E-18
16000000 4.1754758875E-18
17000000 1.2178267296E-17
18000000 3.352307387E-17
19000000 8.91159315E-17
20000000 2.194690018E-16
22000000 3.081330174E-15
24000000 1.500919641E-14
26000000 5.529508019E-14
28000000 1.752563568E-13
30000000 5.45191374E-13
35000000 4.900168722E-12
40000000 2.593540833E-11
45000000 8.7504369E-11
50000000 2.060407492E-10
55000000 3.976769788E-10
60000000 7.328150793E-10
65000000 1.5166090109E-9
70000000 4.0117897818E-9
75000000 1.20321003166E-8
80000000 3.0216204744E-8
90000000 1.8872193468E-7
100000000 1.21516007148E-6
110000000 3.287579952E-6
120000000 7.7472991713E-6
130000000 2.1255300396E-5
140000000 3.472679641E-5
150000000 8.8293997975E-5
160000000 0.00020351197041
180000000 0.00072578109747
200000000 0.0015592403736
#Header 
#Target 75 166 0
#Product 66 148 0
#Datapoints 22
1000000 0
30000000 0
35000000 2.709256917E-15
40000000 5.56978183E-13
45000000 2.87792378E-11
50000000 8.434478052E-10
55000000 1.1247499864E-8
60000000 1.02587003091E-7
65000000 5.4106993805E-7
70000000 1.9448803548E-6
75000000 4.3980605929E-6
80000000 7.7175605364E-6
90000000 1.1888200608E-5
100000000 2.8665904959E-5
110000000 8.772349746E-5
120000000 0.000138300995703
130000000 0.0001859970662
140000000 0.0002509710654
150000000 0.00043590802217
160000000 0.00070573797012
180000000 0.00130561994442
200000000 0.0019535002032
#Header 
#Target 75 166 0
#Product 66 149 0
#Datapoints 28
1000000 0
19000000 0
20000000 7.660978573E-19
22000000 3.720855177E-17
24000000 8.021879463E-16
26000000 1.1548193846E-14
28000000 1.12554892E-13
30000000 8.1552366E-13
35000000 4.854191814E-11
40000000 1.0587385399E-9
45000000 1.1795399351E-8
50000000 8.0535603434E-8
55000000 3.4346303888E-7
60000000 8.9819294814E-7
65000000 1.60339998614E-6
70000000 1.9229094084E-6
75000000 2.0377295159E-6
80000000 2.3638396716E-6
90000000 1.13677011782E-5
100000000 3.3003200565E-5
110000000 4.06248999E-5
120000000 4.5277796577E-5
130000000 6.5987105096E-5
140000000 7.9010100335E-5
150000000 9.9806497297E-5
160000000 0.000120600006324
180000000 0.00016023995097
200000000 0.00018139194528
#Header 
#Target 75 166 0
#Product 66 150 0
#Datapoints 20
1000000 0
40000000 0
45000000 8.59450156E-15
50000000 1.0515297364E-12
55000000 5.9109924E-11
60000000 1.0513791009E-9
65000000 1.36771992915E-8
70000000 1.1248999683E-7
75000000 6.1825605283E-7
80000000 2.1081702312E-6
90000000 6.7153892398E-6
100000000 7.837840971E-6
110000000 9.357620478E-6
120000000 1.5881107437E-5
130000000 2.046049412E-5
140000000 1.995699833E-5
150000000 2.3287698534E-5
160000000 2.6575100607E-5
180000000 3.2534396103E-5
200000000 3.3448203516E-5
#Header 
#Target 75 166 0
#Product 67 143 0
#Datapoints 10
1000000 0
100000000 0
110000000 2.23335918E-14
120000000 7.069870704E-12
130000000 2.016276812E-10
140000000 1.8358202495E-9
150000000 3.2559993695E-8
160000000 3.625590022E-7
180000000 8.5112900631E-6
200000000 6.5461006884E-5
#Header 
#Target 75 166 0
#Product 67 144 0
#Datapoints 11
1000000 0
90000000 0
100000000 4.930356231E-15
110000000 9.61678962E-12
120000000 7.234886464E-10
130000000 9.0526704972E-9
140000000 5.512460514E-8
150000000 6.2277699463E-7
160000000 4.0562205346E-6
180000000 5.7986494896E-5
200000000 0.00042303895452
#Header 
#Target 75 166 0
#Product 67 145 0
#Datapoints 12
1000000 0
80000000 0
90000000 1.71403195E-14
100000000 1.4869296405E-11
110000000 2.078590518E-9
120000000 4.856969039E-8
130000000 4.6043799208E-7
140000000 1.3178900098E-6
150000000 7.8294795716E-6
160000000 3.638850324E-5
180000000 0.00037857893832
200000000 0.001456239876
#Header 
#Target 75 166 0
#Product 67 146 0
#Datapoints 13
1000000 0
75000000 0
80000000 3.638475324E-14
90000000 3.436779734E-11
100000000 4.9193699337E-9
110000000 1.1491499382E-7
120000000 9.0745500859E-7
130000000 4.6610394688E-6
140000000 1.14132000165E-5
150000000 5.3885902377E-5
160000000 0.0001916760483
180000000 0.00108039002643
200000000 0.0038116799448
#Header 
#Target 75 166 0
#Product 67 147 0
#Datapoints 17
1000000 0
55000000 0
60000000 1.2724295535E-14
65000000 3.206816539E-13
70000000 8.0415306E-12
75000000 9.738976416E-11
80000000 8.794679388E-10
90000000 3.4761290162E-8
100000000 5.1340007853E-7
110000000 2.063769942E-6
120000000 8.8490197588E-6
130000000 3.1873293584E-5
140000000 6.178770726E-5
150000000 0.00019608606645
160000000 0.00053769701354
180000000 0.002442960663
200000000 0.0058170793044
#Header 
#Target 75 166 0
#Product 67 148 0
#Datapoints 22
1000000 0
30000000 0
35000000 4.771637868E-20
40000000 1.2421789632E-14
45000000 1.571418546E-12
50000000 8.079661304E-11
55000000 1.2886696416E-9
60000000 1.70514006363E-8
65000000 2.1055800667E-7
70000000 1.3088801301E-6
75000000 3.8827101508E-6
80000000 8.6665202844E-6
90000000 1.6559707078E-5
100000000 3.8950404471E-5
110000000 0.0001851069744
120000000 0.00034240599601
130000000 0.00048513703568
140000000 0.000712778975
150000000 0.00134827990448
160000000 0.0022819994775
180000000 0.0049279498884
200000000 0.0073811406396
#Header 
#Target 75 166 0
#Product 67 149 0
#Datapoints 32
1000000 0
15000000 0
16000000 1.3518176495E-18
17000000 8.6127419001E-18
18000000 9.173615737E-17
19000000 1.209135E-15
20000000 1.0868999544E-14
22000000 2.472093104E-13
24000000 2.593276023E-12
26000000 1.634927938E-11
28000000 7.33370232E-11
30000000 2.7510462E-10
35000000 5.5121596266E-9
40000000 6.5371993007E-8
45000000 5.198899486E-7
50000000 2.7797200288E-6
55000000 9.4053697108E-6
60000000 1.928860452E-5
65000000 2.6478502291E-5
70000000 3.373739403E-5
75000000 3.5948996018E-5
80000000 5.503570908E-5
90000000 0.0002761770398
100000000 0.00068345593065
110000000 0.000862855923
120000000 0.001114120033
130000000 0.0016950701548
140000000 0.0022320106405
150000000 0.0033223299767
160000000 0.0044813602237
180000000 0.0070681704984
200000000 0.0092720904276
#Header 
#Target 75 166 0
#Product 67 150 0
#Datapoints 35
1000000 0
12000000 0
13000000 2.3823549728E-20
14000000 1.895450297163E-19
15000000 1.1940266595E-18
16000000 6.313533279E-18
17000000 2.8560003524E-17
18000000 1.174575402E-16
19000000 3.97800945E-16
20000000 1.337278852E-15
22000000 1.0633396306E-14
24000000 6.404587371E-14
26000000 3.049989453E-13
28000000 1.2568387456E-12
30000000 4.42319682E-12
35000000 6.134305689E-11
40000000 4.963510831E-10
45000000 3.031280416E-9
50000000 1.42464001108E-8
55000000 5.0132999144E-8
60000000 1.16438987178E-7
65000000 1.8843108127E-7
70000000 2.1928301142E-7
75000000 2.1733397621E-7
80000000 3.1743002808E-7
90000000 2.520550254E-6
100000000 7.6334405157E-6
110000000 9.86949054E-6
120000000 1.35336000592E-5
130000000 2.5779605764E-5
140000000 3.6151104795E-5
150000000 6.0796202913E-5
160000000 9.4719292751E-5
180000000 0.00018544901265
200000000 0.00022997704548
#Header 
#Target 75 166 0
#Product 67 151 0
#Datapoints 24
1000000 0
26000000 0
28000000 1.0387992592E-18
30000000 3.6177897E-17
35000000 4.339029465E-14
40000000 9.153587422E-12
45000000 3.96435881E-10
50000000 7.9146500576E-9
55000000 8.4689599632E-8
60000000 5.2717788801E-7
65000000 1.9526709668E-6
70000000 5.5263994974E-6
75000000 9.7190205801E-6
80000000 1.526010156E-5
90000000 2.1894897224E-5
100000000 2.9575093032E-5
110000000 5.343169542E-5
120000000 9.1315797807E-5
130000000 0.000107468001432
140000000 0.000123973002015
150000000 0.00016835598938
160000000 0.00022163095291
180000000 0.00030205808391
200000000 0.00031736407248
#Header 
#Target 75 166 0
#Product 67 152 0
#Datapoints 23
1000000 0
28000000 0
30000000 1.528029552E-19
35000000 9.168484779E-17
40000000 1.1812386769E-14
45000000 5.99907411E-13
50000000 1.4863992E-11
55000000 2.037102152E-10
60000000 1.7492797692E-9
65000000 1.00387006232E-8
70000000 3.481079553E-8
75000000 7.8972209667E-8
80000000 1.27629998232E-7
90000000 1.37486996042E-7
100000000 2.1717293058E-7
110000000 7.319390466E-7
120000000 1.1229400013E-6
130000000 1.2378500464E-6
140000000 1.684729775E-6
150000000 2.5755204258E-6
160000000 3.4570092447E-6
180000000 4.7212003377E-6
200000000 5.0600705064E-6
#Header 
#Target 75 166 0
#Product 68 144 0
#Datapoints 10
1000000 0
100000000 0
110000000 9.18531708E-14
120000000 9.913725016E-12
130000000 1.715176584E-10
140000000 1.421869475E-9
150000000 1.9284000567E-8
160000000 1.8485596038E-7
180000000 4.6437696624E-6
200000000 4.243049538E-5
#Header 
#Target 75 166 0
#Product 68 145 0
#Datapoints 11
1000000 0
90000000 0
100000000 3.330901881E-14
110000000 7.8428178E-12
120000000 2.842008741E-10
130000000 4.9776596188E-9
140000000 2.580520341E-8
150000000 2.6114807254E-7
160000000 1.7799897295E-6
180000000 2.8540298259E-5
200000000 0.00016047499104
#Header 
#Target 75 166 0
#Product 68 146 0
#Datapoints 12
1000000 0
80000000 0
90000000 2.800015018E-12
100000000 2.831235237E-10
110000000 4.30259058E-9
120000000 5.9380502493E-8
130000000 4.5332005048E-7
140000000 1.4410299735E-6
150000000 8.5655997495E-6
160000000 3.8667393456E-5
180000000 0.00028344504342
200000000 0.0010547301492
#Header 
#Target 75 166 0
#Product 68 147 0
#Datapoints 15
1000000 0
65000000 0
70000000 2.066610072E-15
75000000 7.528504672E-14
80000000 1.62723957E-12
90000000 1.735074698E-10
100000000 5.1590999151E-9
110000000 5.372840676E-8
120000000 5.8943303783E-7
130000000 3.5631298032E-6
140000000 9.45444967E-6
150000000 3.9373703332E-5
160000000 0.000131507986613
180000000 0.00073374307578
200000000 0.0022122705696
#Header 
#Target 75 166 0
#Product 68 148 0
#Datapoints 21
1000000 0
35000000 0
40000000 3.676808336E-15
45000000 2.95564883E-13
50000000 2.591795206E-12
55000000 1.3068092504E-11
60000000 3.871797894E-11
65000000 1.1683385911E-10
70000000 4.129148916E-10
75000000 1.9080208173E-9
80000000 8.8221689952E-9
90000000 1.0458500173E-7
100000000 5.0255096922E-7
110000000 3.970339524E-6
120000000 2.1343299692E-5
130000000 5.3510400856E-5
140000000 0.000108998997915
150000000 0.00036394698473
160000000 0.00095665096287
180000000 0.0035251298082
200000000 0.0067958196852
#Header 
#Target 75 166 0
#Product 68 149 0
#Datapoints 26
1000000 0
22000000 0
24000000 2.188099446E-19
26000000 1.995337393E-16
28000000 5.61777E-14
30000000 1.77275658E-12
35000000 2.143846491E-10
40000000 5.2377004179E-9
45000000 5.024649802E-8
50000000 3.0095292084E-7
55000000 1.20180999048E-6
60000000 2.7669001626E-6
65000000 4.1139704351E-6
70000000 5.4698196918E-6
75000000 6.2113500527E-6
80000000 1.04291995632E-5
90000000 7.7298400958E-5
100000000 0.00022783805037
110000000 0.0002783129646
120000000 0.00040097806086
130000000 0.00068649493132
140000000 0.00088497098915
150000000 0.00140333998765
160000000 0.0018657097904
180000000 0.0027966702984
200000000 0.0033384704808
#Header 
#Target 75 166 0
#Product 68 150 0
#Datapoints 30
1000000 0
17000000 0
18000000 2.45921962E-15
19000000 2.7851229E-14
20000000 1.765878118E-13
22000000 4.870108958E-12
24000000 4.793228856E-11
26000000 3.108370426E-10
28000000 1.4846390368E-9
30000000 5.36879028E-9
35000000 7.2285593976E-8
40000000 4.9991102525E-7
45000000 2.111220318E-6
50000000 5.1772592586E-6
55000000 9.1216490564E-6
60000000 1.19529998739E-5
65000000 1.28358998331E-5
70000000 1.6317601566E-5
75000000 4.5052793812E-5
80000000 0.000137508000828
90000000 0.0006252470122
100000000 0.00091882195083
110000000 0.0012945400728
120000000 0.0026245399921
130000000 0.0041020596672
140000000 0.005163970385
150000000 0.008100270083
160000000 0.0124942990445
180000000 0.021452996862
200000000 0.025373107032
#Header 
#Target 75 166 0
#Product 68 151 0
#Datapoints 43
1000000 0
4000000 0
5000000 7.162478019E-19
6000000 9.258679377E-17
7000000 3.580548948018E-15
8000000 6.77387655E-14
9000000 8.3526219E-13
10000000 6.342646144E-12
11000000 3.039254526E-11
12000000 1.021937085E-10
13000000 2.7562395328E-10
14000000 6.37384764423E-10
15000000 1.33652971525E-9
16000000 2.63530980385E-9
17000000 4.9467296658E-9
18000000 8.7793795947E-9
19000000 1.49095956E-8
20000000 2.4266595364E-8
22000000 5.9036205787E-8
24000000 1.31506004721E-7
26000000 2.356369617E-7
28000000 3.9404292192E-7
30000000 6.35746062E-7
35000000 1.49162991465E-6
40000000 2.4792005634E-6
45000000 3.466670671E-6
50000000 4.181509618E-6
55000000 5.8262908632E-6
60000000 1.8056294388E-5
65000000 6.5518909849E-5
70000000 0.00018803496804
75000000 0.00039002199951
80000000 0.00058823803104
90000000 0.00071650491284
100000000 0.00108157000941
110000000 0.00267983061
120000000 0.0038576497258
130000000 0.0044613996812
140000000 0.0056441601485
150000000 0.0082551797629
160000000 0.0111847001522
180000000 0.015968099301
200000000 0.017640503244
#Header 
#Target 75 166 0
#Product 68 152 0
#Datapoints 24
1000000 0
26000000 0
28000000 1.678759056E-14
30000000 3.33841158E-13
35000000 1.4930885436E-10
40000000 1.34399994688E-8
45000000 3.737940627E-7
50000000 4.4793599422E-6
55000000 2.4482398584E-5
60000000 7.0109996841E-5
65000000 0.000124902007063
70000000 0.0001783659726
75000000 0.00021938901569
80000000 0.00024713103228
90000000 0.00038261805458
100000000 0.00109457005914
110000000 0.002088279438
120000000 0.0023013200249
130000000 0.0028155703532
140000000 0.0036403306155
150000000 0.0053198407696
160000000 0.0069326108441
180000000 0.0084271103598
200000000 0.0091805091924
#Header 
#Target 75 166 0
#Product 68 153 0
#Datapoints 28
1000000 0
19000000 0
20000000 4.078757201E-15
22000000 1.33351933E-13
24000000 2.214958863E-12
26000000 2.330010557E-11
28000000 1.684736288E-10
30000000 9.29755092E-10
35000000 2.8113296106E-8
40000000 3.1057299566E-7
45000000 1.680270009E-6
50000000 5.7398090178E-6
55000000 1.39021008964E-5
60000000 2.4014806191E-5
65000000 2.9739195184E-5
70000000 2.912099781E-5
75000000 2.9311804587E-5
80000000 4.4837799072E-5
90000000 0.00023184807828
100000000 0.00050282502354
110000000 0.0005437249902
120000000 0.00066306899438
130000000 0.00099715903452
140000000 0.00121132003075
150000000 0.0015507500094
160000000 0.0017979396505
180000000 0.002100389808
200000000 0.0020652894444
#Header 
#Target 75 166 0
#Product 68 154 0
#Datapoints 22
1000000 0
30000000 0
35000000 1.0784685234E-13
40000000 6.880177557E-11
45000000 7.203739599E-9
50000000 2.3294893622E-7
55000000 3.166700304E-6
60000000 2.3803199487E-5
65000000 9.2803296783E-5
70000000 0.00020094999804
75000000 0.00027289000024
80000000 0.00029212393188
90000000 0.00028391394284
100000000 0.00029062399158
110000000 0.0003752769618
120000000 0.00046094593571
130000000 0.00049298906272
140000000 0.00052280700585
150000000 0.00056473905136
160000000 0.00057232801223
180000000 0.00056755503915
200000000 0.00052604598228
#Header 
#Target 75 166 0
#Product 68 155 0
#Datapoints 22
1000000 0
30000000 0
35000000 7.197018711E-15
40000000 2.456045195E-12
45000000 1.81316858E-10
50000000 4.793890387E-9
55000000 5.6069296944E-8
60000000 3.6243000792E-7
65000000 1.42221011464E-6
70000000 3.7544796192E-6
75000000 6.6330295187E-6
80000000 9.0544995948E-6
90000000 8.7993697702E-6
100000000 1.23675005151E-5
110000000 2.88717981E-5
120000000 3.6969795876E-5
130000000 3.8359903384E-5
140000000 4.2813393945E-5
150000000 4.9543296278E-5
160000000 5.2949900089E-5
180000000 5.7251398842E-5
200000000 5.5411899816E-5
#Header 
#Target 75 166 0
#Product 69 148 0
#Datapoints 12
1000000 0
80000000 0
90000000 4.40699486E-14
100000000 9.163208835E-11
110000000 1.3036901058E-8
120000000 1.6965093483E-7
130000000 7.7969797928E-7
140000000 2.290639327E-6
150000000 1.09778998424E-5
160000000 3.6954094813E-5
180000000 0.00018743305383
200000000 0.000404294982
#Header 
#Target 75 166 0
#Product 69 149 0
#Datapoints 15
1000000 0
65000000 0
70000000 1.1108499552E-15
75000000 5.042706422E-14
80000000 1.84688988E-12
90000000 1.6727392502E-9
100000000 1.54107997569E-7
110000000 1.4177499972E-6
120000000 4.2600307308E-6
130000000 1.5896995796E-5
140000000 3.809459991E-5
150000000 0.000115491003893
160000000 0.00028366299849
180000000 0.00090804898173
200000000 0.0020040507396
#Header 
#Target 75 166 0
#Product 69 150 0
#Datapoints 18
1000000 0
50000000 0
55000000 8.26081694E-14
60000000 6.4198026E-12
65000000 1.921929347E-10
70000000 3.5991297696E-9
75000000 3.9426504962E-8
80000000 3.7138898544E-7
90000000 4.4304209208E-6
100000000 1.53264991041E-5
110000000 3.412609626E-5
120000000 9.7420900148E-5
130000000 0.00023837500896
140000000 0.00040511394115
150000000 0.00088123607288
160000000 0.0018004005979
180000000 0.0044274993675
200000000 0.0069348297564
#Header 
#Target 75 166 0
#Product 69 151 0
#Datapoints 21
1000000 0
35000000 0
40000000 1.3230185006E-13
45000000 3.27985847E-11
50000000 1.0512488558E-9
55000000 2.4413498088E-8
60000000 4.1584610232E-7
65000000 3.7537995881E-6
70000000 2.096579784E-5
75000000 6.2989094376E-5
80000000 0.000106085006016
90000000 0.00013629799871
100000000 0.00023567996034
110000000 0.0008339370216
120000000 0.00139943011078
130000000 0.0017614401508
140000000 0.0025042803155
150000000 0.0041844896072
160000000 0.0063664091796
180000000 0.0110238003249
200000000 0.012485900154
#Header 
#Target 75 166 0
#Product 69 152 0
#Datapoints 30
1000000 0
17000000 0
18000000 8.324079478E-15
19000000 3.4868682E-13
20000000 6.558069641E-12
22000000 4.498344227E-10
24000000 6.7785803163E-9
26000000 6.6538797927E-8
28000000 5.2167504288E-7
30000000 1.760110128E-6
35000000 1.56939998646E-5
40000000 7.556030404E-5
45000000 0.00022917192
50000000 0.00049442592056
55000000 0.00071176708004
60000000 0.00071413595631
65000000 0.00065549903421
70000000 0.00056001691224
75000000 0.00055458099671
80000000 0.00079283108388
90000000 0.0017889799154
100000000 0.0024436606698
110000000 0.00226510065
120000000 0.0025140895468
130000000 0.002978649388
140000000 0.0033112403595
150000000 0.0037671996778
160000000 0.0040685105706
180000000 0.004382469795
200000000 0.0043609104084
#Header 
#Target 75 166 0
#Product 69 153 0
#Datapoints 35
1000000 0
12000000 0
13000000 1.397717044E-18
14000000 2.185630571097E-16
15000000 3.739828767E-15
16000000 2.3188476995E-14
17000000 1.4437492602E-13
18000000 1.463098923E-12
19000000 1.9114614E-11
20000000 1.715909128E-10
22000000 3.8806095302E-9
24000000 3.9363102012E-8
26000000 2.1181995786E-7
28000000 8.4549994256E-7
30000000 2.5069905E-6
35000000 2.0657797461E-5
40000000 8.181160671E-5
45000000 0.0002020359128
50000000 0.00036882797952
55000000 0.00050428496408
60000000 0.0004962868893
65000000 0.0004185650836
70000000 0.00049530388788
75000000 0.00099702496647
80000000 0.002171549886
90000000 0.004993409631
100000000 0.0056162897478
110000000 0.005673850488
120000000 0.0079135091243
130000000 0.0101737004952
140000000 0.0117260007625
150000000 0.0141492985484
160000000 0.016476395667
180000000 0.018781607559
200000000 0.018942304836
#Header 
#Target 75 166 0
#Product 69 154 0
#Datapoints 44
1000000 0
3000000 0
4000000 1.445668341E-19
5000000 2.643351507E-17
6000000 4.707034875E-16
7000000 3.220054256853E-15
8000000 1.329129015E-14
9000000 4.135046085E-14
10000000 9.929682592E-14
11000000 1.1972802024E-12
12000000 1.7375076576E-12
13000000 2.3645693008E-12
14000000 3.304645001376E-12
15000000 5.554259945E-12
16000000 1.111224396E-11
17000000 2.372445855E-11
18000000 5.194227181E-11
19000000 1.1062098975E-10
20000000 2.36330878E-10
22000000 1.0570488617E-9
24000000 4.6945208427E-9
26000000 1.872550519E-8
28000000 6.656310296E-8
30000000 2.055920244E-7
35000000 1.9265907588E-6
40000000 8.5755100074E-6
45000000 1.953120461E-5
50000000 2.5582395696E-5
55000000 2.3107896516E-5
60000000 1.7366400225E-5
65000000 1.59204988467E-5
70000000 4.811780952E-5
75000000 0.00018119800751
80000000 0.00042301707624
90000000 0.00071441393338
100000000 0.00058415997114
110000000 0.0009637459842
120000000 0.0016706201746
130000000 0.0020338792892
140000000 0.002517879497
150000000 0.0030043902615
160000000 0.0033240607512
180000000 0.0038971094085
200000000 0.0040326406848
#Header 
#Target 75 166 0
#Product 69 155 0
#Datapoints 26
1000000 0
22000000 0
24000000 2.815819578E-19
26000000 2.016134981E-17
28000000 1.072378656E-15
30000000 2.80758072E-14
35000000 2.109248373E-11
40000000 3.6899196123E-9
45000000 1.5474700457E-7
50000000 2.9979502982E-6
55000000 2.6997493564E-5
60000000 0.000133119003798
65000000 0.00038995608386
70000000 0.00078500101134
75000000 0.00100158003296
80000000 0.00105256998528
90000000 0.000879577018
100000000 0.0017525693349
110000000 0.0030957204
120000000 0.003301990172
130000000 0.0034756808064
140000000 0.0039678702065
150000000 0.0045296403925
160000000 0.0048428695745
180000000 0.0050437202343
200000000 0.0047021098488
#Header 
#Target 75 166 0
#Product 69 156 0
#Datapoints 26
1000000 0
22000000 0
24000000 2.22873963E-15
26000000 9.580808643E-14
28000000 2.140044784E-12
30000000 2.95295742E-11
35000000 4.2824702823E-9
40000000 1.44333007742E-7
45000000 2.000400167E-6
50000000 1.4527301646E-5
55000000 5.8332908604E-5
60000000 0.000132221986713
65000000 0.00018078398686
70000000 0.00018243993756
75000000 0.000148568005274
80000000 0.000134283009564
90000000 0.00039897706768
100000000 0.00092225406303
110000000 0.0009484980858
120000000 0.00099626698691
130000000 0.00115513000724
140000000 0.00119087985725
150000000 0.00128101000022
160000000 0.00131286001513
180000000 0.00123828988173
200000000 0.00126776000988
#Header 
#Target 75 166 0
#Product 69 157 0
#Datapoints 20
1000000 0
40000000 0
45000000 3.02959594E-13
50000000 5.116946692E-11
55000000 3.428070182E-9
60000000 9.7227597555E-8
65000000 1.26905993445E-6
70000000 9.5646796308E-6
75000000 4.0506196822E-5
80000000 9.9274496904E-5
90000000 0.00019413395876
100000000 0.00018131105718
110000000 0.000175090935
120000000 0.00022971093314
130000000 0.0002649959884
140000000 0.00029513897275
150000000 0.00029657405216
160000000 0.00028620597747
180000000 0.00026992405803
200000000 0.00025750394124
#Header 
#Target 75 166 0
#Product 70 149 0
#Datapoints 12
1000000 0
80000000 0
90000000 1.0390094828E-12
100000000 1.637957052E-10
110000000 3.891420588E-9
120000000 2.9166799233E-8
130000000 1.9665703112E-7
140000000 6.8888593725E-7
150000000 3.0854302785E-6
160000000 9.0550603686E-6
180000000 3.7919197503E-5
200000000 9.3881299512E-5
#Header 
#Target 75 166 0
#Product 70 150 0
#Datapoints 18
1000000 0
50000000 0
55000000 2.70252946E-15
60000000 2.961416358E-13
65000000 6.887579326E-12
70000000 8.215567044E-11
75000000 6.372367105E-10
80000000 2.8417192848E-9
90000000 1.56851002192E-8
100000000 6.893720622E-8
110000000 2.477559414E-7
120000000 1.35468990267E-6
130000000 5.167889738E-6
140000000 1.0784700437E-5
150000000 3.231059977E-5
160000000 7.6484392866E-5
180000000 0.00025435197381
200000000 0.00045189999036
#Header 
#Target 75 166 0
#Product 70 151 0
#Datapoints 20
1000000 0
40000000 0
45000000 3.96598783E-14
50000000 2.435513938E-13
55000000 1.1496784232E-12
60000000 4.792172355E-11
65000000 1.259830028E-9
70000000 1.27929992172E-8
75000000 7.2671291264E-8
80000000 2.5061392092E-7
90000000 7.4271396734E-7
100000000 2.0309708898E-6
110000000 1.3043000028E-5
120000000 3.2644304758E-5
130000000 5.5545304628E-5
140000000 0.0001044010052
150000000 0.00022711200875
160000000 0.00039784493044
180000000 0.00091881598875
200000000 0.0012129800592
#Header 
#Target 75 166 0
#Product 70 152 0
#Datapoints 22
1000000 0
30000000 0
35000000 2.871066609E-14
40000000 8.659195456E-10
45000000 7.733840037E-8
50000000 8.6194091412E-7
55000000 4.9209003004E-6
60000000 1.46699997138E-5
65000000 3.319539263E-5
70000000 5.3866400562E-5
75000000 6.4045698379E-5
80000000 6.7026696528E-5
90000000 0.00017681603978
100000000 0.00083458402173
110000000 0.00159808005
120000000 0.0018400792631
130000000 0.0029492798632
140000000 0.0042521206505
150000000 0.0068451503686
160000000 0.0097710593427
180000000 0.0141161011233
200000000 0.015982793736
#Header 
#Target 75 166 0
#Product 70 153 0
#Datapoints 26
1000000 0
22000000 0
24000000 2.229606951E-14
26000000 1.0827592181E-11
28000000 5.896050048E-10
30000000 9.960170304E-9
35000000 3.345710571E-7
40000000 2.9722393599E-6
45000000 1.2432999512E-5
50000000 3.3236601398E-5
55000000 6.1929399312E-5
60000000 7.604928747E-5
65000000 7.7774503366E-5
70000000 8.5170705576E-5
75000000 0.000126139007618
80000000 0.00032088106512
90000000 0.00142573990094
100000000 0.0025124894766
110000000 0.002763019614
120000000 0.0042270896148
130000000 0.0066307901044
140000000 0.008517399371
150000000 0.0117575000485
160000000 0.015334495492
180000000 0.020420092737
200000000 0.021781405464
#Header 
#Target 75 166 0
#Product 70 154 0
#Datapoints 35
1000000 0
12000000 0
13000000 1.85372956E-15
14000000 9.28538216103E-14
15000000 2.397324946E-12
16000000 3.3468883965E-11
17000000 3.13733277E-10
18000000 2.1101906111E-9
19000000 9.3751600875E-9
20000000 3.3504703941E-8
22000000 2.3395901607E-7
24000000 8.8153102206E-7
26000000 2.5298093352E-6
28000000 6.0221199584E-6
30000000 1.221269952E-5
35000000 4.2131800476E-5
40000000 7.7761102319E-5
45000000 0.0001035139963
50000000 0.00011351998801
55000000 0.000116044997212
60000000 0.000135179006184
65000000 0.00029318193412
70000000 0.00077778210828
75000000 0.0017197692408
80000000 0.0029225301468
90000000 0.0046022098448
100000000 0.0044806096107
110000000 0.008173539774
120000000 0.0130121998864
130000000 0.014960700964
140000000 0.016999006985
150000000 0.020778996353
160000000 0.023645602935
180000000 0.027010893525
200000000 0.027183097032
#Header 
#Target 75 166 0
#Product 70 155 0
#Datapoints 43
1000000 0
4000000 0
5000000 5.255669358E-15
6000000 4.515994647E-13
7000000 1.6092002040534E-11
8000000 2.889808878E-10
9000000 3.3510604935E-9
10000000 2.370099472E-8
11000000 1.04453992602E-7
12000000 3.17433015861E-7
13000000 7.5805011944E-7
14000000 1.5260400235026E-6
15000000 2.7421600489E-6
16000000 4.5764501625E-6
17000000 7.22240988365E-6
18000000 1.077670165E-5
19000000 1.532559615E-5
20000000 2.0867298297E-5
22000000 3.5129802422E-5
24000000 5.3537495076E-5
26000000 6.5033796982E-5
28000000 7.4114605376E-5
30000000 8.001399924E-5
35000000 8.1857003358E-5
40000000 7.257839505E-5
45000000 6.696620474E-5
50000000 0.000146602994824
55000000 0.00063573604588
60000000 0.0018546104124
65000000 0.0035461996038
70000000 0.0054544499508
75000000 0.006810291072
80000000 0.0070226206512
90000000 0.0064009002826
100000000 0.0134242002558
110000000 0.02348759898
120000000 0.024859298555
130000000 0.027200598524
140000000 0.031991799725
150000000 0.03762020015
160000000 0.040753891685
180000000 0.042846593625
200000000 0.040753394136
#Header 
#Target 75 166 0
#Product 70 156 0
#Datapoints 31
1000000 0
16000000 0
17000000 5.6164882722E-15
18000000 5.100819009E-14
19000000 4.6939917E-13
20000000 4.940881754E-12
22000000 2.960590698E-10
24000000 8.7137097606E-9
26000000 1.7182500853E-7
28000000 1.7250803456E-6
30000000 1.0750800438E-5
35000000 0.0002615439618
40000000 0.0018447104485
45000000 0.0057010501
50000000 0.0102276006118
55000000 0.0130228010736
60000000 0.0140507007867
65000000 0.0130423004559
70000000 0.0121693999872
75000000 0.0139988012177
80000000 0.019243194432
90000000 0.03400389896
100000000 0.039751900776
110000000 0.03475609698
120000000 0.034767595421
130000000 0.03752469798
140000000 0.03800050616
150000000 0.039435802791
160000000 0.039921197643
180000000 0.036918091683
200000000 0.035107105488
#Header 
#Target 75 166 0
#Product 70 157 0
#Datapoints 39
1000000 0
8000000 0
9000000 3.80346508E-15
10000000 7.287896736E-14
11000000 6.11021004E-13
12000000 2.8757061294E-12
13000000 1.0411280864E-11
14000000 2.744574542952E-11
15000000 6.5677135695E-11
16000000 1.6710331395E-10
17000000 4.9036789685E-10
18000000 1.7123102139E-9
19000000 5.5119402375E-9
20000000 1.6584802285E-8
22000000 1.09990995855E-7
24000000 5.3225493555E-7
26000000 1.9917094015E-6
28000000 6.022520448E-6
30000000 1.57539081E-5
35000000 0.000102331998084
40000000 0.00036996896663
45000000 0.0008709470513
50000000 0.00140728996408
55000000 0.00157937004888
60000000 0.00137038003056
65000000 0.00105261004284
70000000 0.00143074002396
75000000 0.0036404993898
80000000 0.0080522202684
90000000 0.0142595000014
100000000 0.0121234988889
110000000 0.012602299344
120000000 0.01624629786
130000000 0.017678801932
140000000 0.018526005525
150000000 0.018611298551
160000000 0.0182704028
180000000 0.016718207616
200000000 0.015711195864
#Header 
#Target 75 166 0
#Product 70 158 0
#Datapoints 26
1000000 0
22000000 0
24000000 1.305579678E-15
26000000 1.903616554E-13
28000000 9.5688408E-12
30000000 2.41673418E-10
35000000 1.50887999538E-7
40000000 2.706219853E-5
45000000 0.0007071029925
50000000 0.0041579104138
55000000 0.0094402004124
60000000 0.0131997988782
65000000 0.015426601781
70000000 0.0169975000632
75000000 0.0160461012686
80000000 0.0137023001544
90000000 0.0105259009812
100000000 0.0123126011946
110000000 0.015088400472
120000000 0.0149683004276
130000000 0.0151478988584
140000000 0.015437397
150000000 0.015140002721
160000000 0.0142628999093
180000000 0.0131992990272
200000000 0.0124490984436
#Header 
#Target 75 166 0
#Product 70 159 0
#Datapoints 26
1000000 0
22000000 0
24000000 7.119851856E-15
26000000 7.161466942E-13
28000000 2.954875504E-11
30000000 6.46669128E-10
35000000 1.7983006734E-7
40000000 6.1604292531E-6
45000000 6.162249924E-5
50000000 0.000295229935
55000000 0.00075959812548
60000000 0.00115671999771
65000000 0.00121089003885
70000000 0.00100628987232
75000000 0.00074188195653
80000000 0.00063228996732
90000000 0.0012736500749
100000000 0.0020546707986
110000000 0.002082630198
120000000 0.0020593501578
130000000 0.0020442600024
140000000 0.002020609836
150000000 0.0019705792224
160000000 0.0018483993629
180000000 0.001727650221
200000000 0.0016070198508
#Header 
#Target 75 166 0
#Product 70 160 0
#Datapoints 21
1000000 0
35000000 0
40000000 1.4032384736E-15
45000000 2.82806537E-12
50000000 6.284537688E-10
55000000 4.7010592016E-8
60000000 1.51753984128E-6
65000000 1.9456905103E-5
70000000 0.000113935009074
75000000 0.00031661006741
80000000 0.00054157493412
90000000 0.0007164029819
100000000 0.00065679498072
110000000 0.00062847006
120000000 0.00061217807196
130000000 0.00063340504172
140000000 0.00060517291085
150000000 0.00058040604463
160000000 0.00055701398053
180000000 0.00052912494888
200000000 0.00050752999752
#Header 
#Target 75 166 0
#Product 70 161 0
#Datapoints 21
1000000 0
35000000 0
40000000 1.2484988605E-13
45000000 2.04161264E-10
50000000 2.5483598998E-8
55000000 6.1023605608E-7
60000000 4.5736001478E-6
65000000 1.52990000716E-5
70000000 2.9778193224E-5
75000000 3.9483199795E-5
80000000 4.0406990052E-5
90000000 3.1180297024E-5
100000000 2.4831203103E-5
110000000 2.42380011E-5
120000000 2.3271502644E-5
130000000 2.28039031E-5
140000000 2.221940351E-5
150000000 2.1646099261E-5
160000000 2.0711400943E-5
180000000 1.9344098664E-5
200000000 1.8129200544E-5
#Header 
#Target 75 166 0
#Product 71 152 0
#Datapoints 15
1000000 0
65000000 0
70000000 1.890230106E-15
75000000 2.335125845E-13
80000000 1.6348386912E-11
90000000 5.9461290744E-9
100000000 2.3277102813E-7
110000000 8.232989346E-7
120000000 1.5682406129E-6
130000000 4.5594797864E-6
140000000 8.536010362E-6
150000000 1.7645701768E-5
160000000 3.1788692649E-5
180000000 7.2164097258E-5
200000000 9.2270607156E-5
#Header 
#Target 75 166 0
#Product 71 153 0
#Datapoints 18
1000000 0
50000000 0
55000000 4.136612656E-13
60000000 2.051573571E-10
65000000 6.4650399553E-9
70000000 9.138829182E-8
75000000 6.7526493489E-7
80000000 3.3546909792E-6
90000000 1.6083200451E-5
100000000 2.9184903369E-5
110000000 3.650250114E-5
120000000 8.9185791747E-5
130000000 0.0001540640442
140000000 0.000202848059
150000000 0.00030292895131
160000000 0.00046378200265
180000000 0.00065928096333
200000000 0.00076189804236
#Header 
#Target 75 166 0
#Product 71 154 0
#Datapoints 21
1000000 0
35000000 0
40000000 3.90717055E-15
45000000 4.47039481E-11
50000000 4.9078703388E-9
55000000 9.3483505364E-8
60000000 5.07571074E-7
65000000 2.3429104106E-6
70000000 1.0176299529E-5
75000000 2.9660493902E-5
80000000 5.7748996008E-5
90000000 9.1023492306E-5
100000000 8.6804791983E-5
110000000 0.000228783963
120000000 0.00038836598697
130000000 0.00048449593236
140000000 0.00062190202685
150000000 0.00086151811945
160000000 0.00105113987625
180000000 0.00141335000598
200000000 0.0015422293068
#Header 
#Target 75 166 0
#Product 71 155 0
#Datapoints 22
1000000 0
30000000 0
35000000 4.886547156E-11
40000000 1.69974003835E-8
45000000 5.44343965E-7
50000000 6.1864807004E-6
55000000 3.9271904012E-5
60000000 0.00014711601564
65000000 0.0002937400255
70000000 0.00041507691894
75000000 0.0005209809657
80000000 0.00056282900388
90000000 0.00058033207088
100000000 0.00153057005685
110000000 0.002732079768
120000000 0.0028415295129
130000000 0.0032655900728
140000000 0.0039102998865
150000000 0.0049430292211
160000000 0.0054436597518
180000000 0.0058201007271
200000000 0.005541259542
#Header 
#Target 75 166 0
#Product 71 156 0
#Datapoints 30
1000000 0
17000000 0
18000000 3.339655319E-14
19000000 1.393690125E-12
20000000 2.613082852E-11
22000000 1.7788794868E-9
24000000 2.634260382E-8
26000000 2.5782303491E-7
28000000 2.0300501648E-6
30000000 6.773519256E-6
35000000 5.8111101237E-5
40000000 0.00027462106925
45000000 0.0008357110021
50000000 0.0018187908596
55000000 0.0026698104504
60000000 0.0027744200559
65000000 0.0026535295078
70000000 0.0023575506306
75000000 0.0023178802491
80000000 0.0032117594388
90000000 0.0075304493894
100000000 0.0111582004455
110000000 0.010685499588
120000000 0.0116344997457
130000000 0.0137325002936
140000000 0.015129898625
150000000 0.016650504788
160000000 0.01746170079
180000000 0.017706796008
200000000 0.017049594744
#Header 
#Target 75 166 0
#Product 71 157 0
#Datapoints 37
1000000 0
10000000 0
11000000 3.884614206E-15
12000000 2.8891173441E-13
13000000 3.2214257112E-10
14000000 3.0090002677422E-8
15000000 3.9730202136E-7
16000000 1.8438595684E-6
17000000 5.14195972849E-6
18000000 1.1036497043E-5
19000000 2.05506015E-5
20000000 3.5248999708E-5
22000000 8.4927093589E-5
24000000 0.0001596380019
26000000 0.0002482270336
28000000 0.00034362895984
30000000 0.0004622090172
35000000 0.00084608790564
40000000 0.00121933984498
45000000 0.001472569959
50000000 0.00173045007278
55000000 0.0017799608936
60000000 0.00161404994682
65000000 0.001777160374
70000000 0.0027134597772
75000000 0.0051429294033
80000000 0.009043708608
90000000 0.01338249834
100000000 0.0109433010078
110000000 0.012209401014
120000000 0.01608950187
130000000 0.017087502828
140000000 0.01783469498
150000000 0.018158494332
160000000 0.018131595958
180000000 0.016887192894
200000000 0.01599740142
#Header 
#Target 75 166 0
#Product 71 158 0
#Datapoints 45
1000000 0
2000000 0
3000000 1.1321598987E-13
4000000 1.44208002942E-9
5000000 2.9060797221E-7
6000000 5.6577502242E-6
7000000 4.2006307173264E-5
8000000 0.00018689700267
9000000 0.00062275097425
10000000 0.0015841107552
11000000 0.0029395800648
12000000 0.0042512582736
13000000 0.00530337022176
14000000 0.0061284708739776
15000000 0.00689725048785
16000000 0.0077509899976
17000000 0.00873071982484
18000000 0.0097510197928
19000000 0.0107692011075
20000000 0.0116945002531
22000000 0.013350704432
24000000 0.014810607435
26000000 0.0144074001883
28000000 0.0134575993328
30000000 0.012238699494
35000000 0.0097237400472
40000000 0.0084757295012
45000000 0.008596619286
50000000 0.015360400484
55000000 0.025475103248
60000000 0.032531889132
65000000 0.041265197255
70000000 0.054478692726
75000000 0.062153307177
80000000 0.059830196316
90000000 0.047278294696
100000000 0.053609801643
110000000 0.0677552961
120000000 0.069741305452
130000000 0.070528495356
140000000 0.07139930102
150000000 0.069984603593
160000000 0.067110608937
180000000 0.062558110527
200000000 0.059616400116
#Header 
#Target 75 166 0
#Product 71 159 0
#Datapoints 27
1000000 0
20000000 0
22000000 6.633005795E-14
24000000 2.729899731E-12
26000000 6.947813726E-11
28000000 1.2206591776E-9
30000000 1.770229776E-8
35000000 5.8695789642E-6
40000000 0.00023999507874
45000000 0.002327230103
50000000 0.0105317000932
55000000 0.026672694392
60000000 0.038882801376
65000000 0.037319694831
70000000 0.02923389741
75000000 0.022007606153
80000000 0.019961095968
90000000 0.036405201504
100000000 0.049888806597
110000000 0.04932720696
120000000 0.048789096213
130000000 0.048081405416
140000000 0.04770149651
150000000 0.04618210545
160000000 0.04417429985
180000000 0.041824894617
200000000 0.039278997576
#Header 
#Target 75 166 0
#Product 71 160 0
#Datapoints 35
1000000 0
12000000 0
13000000 1.625406684E-19
14000000 1.110169177752E-17
15000000 2.1756775235E-15
16000000 5.7245485525E-14
17000000 1.0068178133E-12
18000000 1.408492514E-11
19000000 1.3827945E-10
20000000 1.116789207E-9
22000000 3.9063201333E-8
24000000 6.1703900505E-7
26000000 5.4527698435E-6
28000000 3.030569544E-5
30000000 0.00011903998974
35000000 0.00129998008797
40000000 0.0053550602129
45000000 0.010532401082
50000000 0.012231399323
55000000 0.0104985001636
60000000 0.0075727306737
65000000 0.0053656793189
70000000 0.0059356896276
75000000 0.0105681997525
80000000 0.01735920582
90000000 0.02379430889
100000000 0.02167650657
110000000 0.01975139994
120000000 0.019413096079
130000000 0.018977604888
140000000 0.01825039364
150000000 0.017409301601
160000000 0.016599501841
180000000 0.015690797892
200000000 0.015036800688
#Header 
#Target 75 166 0
#Product 71 161 0
#Datapoints 22
1000000 0
30000000 0
35000000 4.586443938E-12
40000000 2.8961095332E-9
45000000 4.311100916E-7
50000000 2.634860657E-5
55000000 0.00041968604504
60000000 0.0023519104974
65000000 0.0061091591985
70000000 0.0097271609718
75000000 0.0106569990722
80000000 0.0098729298096
90000000 0.007968570236
100000000 0.0072903901257
110000000 0.00698938017
120000000 0.0066935106992
130000000 0.0066711602232
140000000 0.0064049103755
150000000 0.0061555594406
160000000 0.0058805602409
180000000 0.0054979701975
200000000 0.00523835949
#Header 
#Target 75 166 0
#Product 71 162 0
#Datapoints 24
1000000 0
26000000 0
28000000 1.936833952E-15
30000000 3.90677154E-13
35000000 3.9347509509E-9
40000000 1.00678993727E-6
45000000 3.058010208E-5
50000000 0.00022556596348
55000000 0.00063573901272
60000000 0.00099030999006
65000000 0.00106967997696
70000000 0.00091875607548
75000000 0.00069902899677
80000000 0.00053958990888
90000000 0.00042107802626
100000000 0.0003732590889
110000000 0.0003511029486
120000000 0.00033005400805
130000000 0.0003188889748
140000000 0.0003026750541
150000000 0.00028961109271
160000000 0.00027273897941
180000000 0.00024866808087
200000000 0.00022979292336
#Header 
#Target 75 166 0
#Product 72 154 0
#Datapoints 18
1000000 0
50000000 0
55000000 1.2000187172E-10
60000000 8.6575904181E-9
65000000 4.4297096842E-8
70000000 2.1077192112E-7
75000000 5.1389893919E-7
80000000 8.0496805224E-7
90000000 1.56800003894E-6
100000000 1.9531902852E-6
110000000 8.564850636E-6
120000000 1.8337903636E-5
130000000 2.3363307352E-5
140000000 3.20819039E-5
150000000 5.0873298098E-5
160000000 6.5368805055E-5
180000000 8.4311496819E-5
200000000 0.000101695005048
#Header 
#Target 75 166 0
#Product 72 155 0
#Datapoints 20
1000000 0
40000000 0
45000000 3.503829657E-7
50000000 2.5663397474E-6
55000000 4.897650746E-6
60000000 1.09459997874E-5
65000000 1.8721998501E-5
70000000 2.3911297086E-5
75000000 2.7497095639E-5
80000000 2.617899768E-5
90000000 3.1548495872E-5
100000000 0.000123704999946
110000000 0.0002444680206
120000000 0.00026561194179
130000000 0.00034803604484
140000000 0.0004291060408
150000000 0.0005859069833
160000000 0.00069831396512
180000000 0.00082213097109
200000000 0.00085509506628
#Header 
#Target 75 166 0
#Product 72 156 0
#Datapoints 22
1000000 0
30000000 0
35000000 1.1465994408E-9
40000000 1.07233985079E-6
45000000 1.0738399326E-5
50000000 4.2440500388E-5
55000000 7.0125992892E-5
60000000 7.5996698616E-5
65000000 8.225790648E-5
70000000 7.4798995656E-5
75000000 6.8013405044E-5
80000000 0.00010977000144
90000000 0.00041488289024
100000000 0.00072725991111
110000000 0.0007116060432
120000000 0.00084121002108
130000000 0.0011133799666
140000000 0.001255029965
150000000 0.00141773005429
160000000 0.0015758398827
180000000 0.0016760893776
200000000 0.001612750776
#Header 
#Target 75 166 0
#Product 72 157 0
#Datapoints 29
1000000 0
18000000 0
19000000 1.4577117E-14
20000000 1.15982999063E-5
22000000 0.000105784000673
24000000 0.00021173398194
26000000 0.00045431302693
28000000 0.00063899606224
30000000 0.0007068379878
35000000 0.00109349001039
40000000 0.00154604994011
45000000 0.0013447799254
50000000 0.00107665005734
55000000 0.00097798494912
60000000 0.00093801501495
65000000 0.00141068002266
70000000 0.0024277707606
75000000 0.0035566106862
80000000 0.00467262972
90000000 0.0057968798552
100000000 0.0049417301286
110000000 0.005493019578
120000000 0.0070164096301
130000000 0.007505550316
140000000 0.0078844495335
150000000 0.0081926402407
160000000 0.0084664602605
180000000 0.0081710597364
200000000 0.007784830872
#Header 
#Target 75 166 0
#Product 72 158 0
#Datapoints 39
1000000 0
8000000 0
9000000 2.2642373525E-13
10000000 4.09355648E-11
11000000 1.64600005896E-6
12000000 1.3785398952E-5
13000000 5.35367008448E-5
14000000 0.00014510200173678
15000000 0.000291247027215
16000000 0.000484312021105
17000000 0.000730053974494
18000000 0.00103123999836
19000000 0.001374929535
20000000 0.0017473494275
22000000 0.0024931400611
24000000 0.0031816693428
26000000 0.0037750301575
28000000 0.004180200536
30000000 0.00437510052
35000000 0.0042314603211
40000000 0.0038857104732
45000000 0.003444490004
50000000 0.00379590068
55000000 0.0064623499456
60000000 0.0107608995342
65000000 0.0154224997921
70000000 0.020159301258
75000000 0.022894701583
80000000 0.021364594812
90000000 0.0160163002698
100000000 0.019143803979
110000000 0.02556300036
120000000 0.026133099252
130000000 0.026713702004
140000000 0.027051591805
150000000 0.026913403026
160000000 0.026264894806
180000000 0.024766495611
200000000 0.023889199152
#Header 
#Target 75 166 0
#Product 72 159 0
#Datapoints 45
1000000 0
2000000 1.03175013673E-14
3000000 7.2582296535E-12
4000000 3.46944990129E-9
5000000 1.2754395198E-7
6000000 1.14196004136E-6
7000000 5.8736706921333E-6
8000000 2.0456100504E-5
9000000 6.345289916E-5
10000000 0.000152464990688
11000000 0.00027343500723
12000000 0.000390631021716
13000000 0.00048448803764
14000000 0.00054829307467311
15000000 0.00058897401151
16000000 0.000617552948925
17000000 0.000641474019784
18000000 0.00066248096629
19000000 0.00069276607575
20000000 0.00074914702921
22000000 0.00112451996696
24000000 0.001798190472
26000000 0.0014689701376
28000000 0.00137256006496
30000000 0.0012976299378
35000000 0.0009852910752
40000000 0.00127026003879
45000000 0.003790840452
50000000 0.0105708995106
55000000 0.023763795032
60000000 0.039782807649
65000000 0.045710100002
70000000 0.038636603748
75000000 0.029125102929
80000000 0.025555192476
90000000 0.040215908572
100000000 0.05746150323
110000000 0.0571789089
120000000 0.055567103046
130000000 0.054102402288
140000000 0.053779305395
150000000 0.052366896386
160000000 0.050554195727
180000000 0.047202802779
200000000 0.04499940354
#Header 
#Target 75 166 0
#Product 72 160 0
#Datapoints 36
1000000 0
11000000 0
12000000 2.4903072909E-15
13000000 8.539270056E-14
14000000 1.771936710633E-12
15000000 2.417117787E-11
16000000 2.30262627E-10
17000000 1.63712976583E-9
18000000 9.824299485E-9
19000000 1.0290500985E-7
20000000 1.9721602679E-6
22000000 0.00014483004185
24000000 0.0015784306044
26000000 0.006771019745
28000000 0.017427003824
30000000 0.03352590276
35000000 0.087731691234
40000000 0.133575991057
45000000 0.15280399963
50000000 0.147649004646
55000000 0.122671992816
60000000 0.09535770405
65000000 0.079904897273
70000000 0.084165095154
75000000 0.109725997446
80000000 0.137908995708
90000000 0.15053500989
100000000 0.139458990015
110000000 0.13406099406
120000000 0.130159003338
130000000 0.12639300806
140000000 0.12352199938
150000000 0.117826996135
160000000 0.114098003941
180000000 0.107824995003
200000000 0.102338992392
#Header 
#Target 75 166 0
#Product 72 161 0
#Datapoints 42
1000000 0
5000000 0
6000000 1.996678512E-15
7000000 3.073048464969E-12
8000000 6.903619302E-10
9000000 3.926490306E-8
10000000 7.6786398592E-7
11000000 6.598509795E-6
12000000 3.1831499154E-5
13000000 0.000104771979784
14000000 0.00027009008586399
15000000 0.00058841401141
16000000 0.0011491496985
17000000 0.00207181984919
18000000 0.0035842901523
19000000 0.005822870085
20000000 0.0089773897605
22000000 0.018070004992
24000000 0.02975929788
26000000 0.043511696907
28000000 0.055995808464
30000000 0.06604789044
35000000 0.076682803689
40000000 0.068158603043
45000000 0.04811740354
50000000 0.031728098116
55000000 0.031436793708
60000000 0.061652297943
65000000 0.116079003416
70000000 0.15877199043
75000000 0.167009003343
80000000 0.154446011148
90000000 0.130367013192
100000000 0.121342005171
110000000 0.1151390067
120000000 0.111502994603
130000000 0.108459993928
140000000 0.10493199505
150000000 0.100523993584
160000000 0.096810906928
180000000 0.091700413431
200000000 0.087657304644
#Header 
#Target 75 166 0
#Product 72 162 0
#Datapoints 28
1000000 0
19000000 0
20000000 1.678639113E-15
22000000 4.74313411E-13
24000000 3.26043861E-11
26000000 9.132516344E-10
28000000 1.43256996864E-8
30000000 1.7610705E-7
35000000 7.8632303745E-5
40000000 0.0040459802092
45000000 0.03455889678
50000000 0.103293997664
55000000 0.158393008196
60000000 0.166196002644
65000000 0.145165987542
70000000 0.123040994736
75000000 0.108767995362
80000000 0.101699996244
90000000 0.09505560782
100000000 0.090477200286
110000000 0.0864272967
120000000 0.082743802908
130000000 0.079820096312
140000000 0.076889693915
150000000 0.073280795897
160000000 0.069793512035
180000000 0.063911305062
200000000 0.05942779206
#Header 
#Target 75 166 0
#Product 72 163 0
#Datapoints 31
1000000 0
16000000 0
17000000 2.975136411E-15
18000000 2.45921962E-13
19000000 1.128228E-11
20000000 2.853182077E-10
22000000 4.8777009099E-8
24000000 2.0744198202E-6
26000000 3.5322603183E-5
28000000 0.00029237893808
30000000 0.0014230400688
35000000 0.0155087003922
40000000 0.041692905458
45000000 0.0534458933
50000000 0.046002607222
55000000 0.0328656064
60000000 0.023796595467
65000000 0.019387808075
70000000 0.01764210204
75000000 0.0166164001328
80000000 0.0160602003408
90000000 0.0149985009578
100000000 0.0140761005363
110000000 0.013269799656
120000000 0.0125212004554
130000000 0.0118490001168
140000000 0.011194000722
150000000 0.0104906993322
160000000 0.0098165398264
180000000 0.0087715198923
200000000 0.0079144502892
#Header 
#Target 75 166 0
#Product 73 157 0
#Datapoints 19
1000000 0
45000000 0
50000000 2.106011336E-14
55000000 3.309928868E-10
60000000 2.4351698106E-8
65000000 5.1353294315E-7
70000000 2.6101908552E-6
75000000 6.6656201547E-6
80000000 1.45977005988E-5
90000000 2.35984078E-5
100000000 1.9672001865E-5
110000000 2.76494004E-5
120000000 4.4207303361E-5
130000000 5.0511903068E-5
140000000 5.509479624E-5
150000000 6.2003997993E-5
160000000 6.7977894432E-5
180000000 6.7028303265E-5
200000000 6.5010397452E-5
#Header 
#Target 75 166 0
#Product 73 158 0
#Datapoints 21
1000000 0
35000000 0
40000000 3.504351564E-13
45000000 3.831890023E-9
50000000 3.702599472E-7
55000000 6.0557200908E-6
60000000 2.3848402266E-5
65000000 6.805159894E-5
70000000 0.000155553000456
75000000 0.00022015601361
80000000 0.00020381905896
90000000 0.000142156992424
100000000 0.00022565204901
110000000 0.000356657982
120000000 0.0003958749795
130000000 0.00042407892956
140000000 0.00045384396515
150000000 0.00048646503971
160000000 0.000483265973
180000000 0.00047037999591
200000000 0.00047527398828
#Header 
#Target 75 166 0
#Product 73 159 0
#Datapoints 24
1000000 0
26000000 0
28000000 3.905029552E-14
30000000 2.32383606E-11
35000000 3.418980084E-8
40000000 3.228730511E-6
45000000 1.820109245E-5
50000000 3.3368807186E-5
55000000 6.9249309124E-5
60000000 9.8661695256E-5
65000000 8.797980997E-5
70000000 6.4962498264E-5
75000000 5.1968801183E-5
80000000 5.5575493116E-5
90000000 0.0001105450072
100000000 0.000156716016849
110000000 0.000176635008
120000000 0.00019280804309
130000000 0.00019811695728
140000000 0.00020623498235
150000000 0.00021112106355
160000000 0.00020999599347
180000000 0.00020029802793
200000000 0.00019799402532
#Header 
#Target 75 166 0
#Product 73 160 0
#Datapoints 31
1000000 0
16000000 0
17000000 3.4702146284E-13
18000000 4.36402395E-11
19000000 1.6998996525E-9
20000000 2.9862295334E-8
22000000 1.7291498185E-6
24000000 1.9349201859E-5
26000000 0.00018053305711
28000000 0.00140056994624
30000000 0.003785009424
35000000 0.0114610009332
40000000 0.0134082995584
45000000 0.015512200844
50000000 0.018424406572
55000000 0.0169579007212
60000000 0.0128481000552
65000000 0.0102914000513
70000000 0.0097671804588
75000000 0.0124748010816
80000000 0.017234498424
90000000 0.020727205264
100000000 0.019515401694
110000000 0.0190163991
120000000 0.018770806353
130000000 0.0180066975
140000000 0.01786200475
150000000 0.017395207685
160000000 0.016949900176
180000000 0.016094297472
200000000 0.015417693564
#Header 
#Target 75 166 0
#Product 73 161 0
#Datapoints 37
1000000 0
10000000 0
11000000 9.565080906E-13
12000000 7.205571711E-11
13000000 8.1304914392E-8
14000000 7.580748023694E-6
15000000 0.00010192603473
16000000 0.000476814019375
17000000 0.00132860040872
18000000 0.00281425001
19000000 0.005077689795
20000000 0.0082445892063
22000000 0.017182301877
24000000 0.02745249936
26000000 0.035999205494
28000000 0.041716592672
30000000 0.04621019466
35000000 0.053212301268
40000000 0.047214398711
45000000 0.03640890894
50000000 0.030227602548
55000000 0.02857319974
60000000 0.034647191496
65000000 0.049559204824
70000000 0.059506693518
75000000 0.059190100151
80000000 0.054546502032
90000000 0.049427494614
100000000 0.047582005824
110000000 0.0456774981
120000000 0.044306095691
130000000 0.04286399392
140000000 0.04168750577
150000000 0.039763307934
160000000 0.038352395129
180000000 0.036263796492
200000000 0.034610501016
#Header 
#Target 75 166 0
#Product 73 162 0
#Datapoints 45
1000000 0
2000000 0
3000000 1.0796301027E-12
4000000 1.36748984064E-8
5000000 2.7275003703E-6
6000000 5.2287708015E-5
7000000 0.00038146007896101
8000000 0.0016526500251
9000000 0.00539063003225
10000000 0.013401499024
11000000 0.0242025996066
12000000 0.0338349966045
13000000 0.040454199264
14000000 0.044529407502879
15000000 0.0475639941685
16000000 0.050795699189
17000000 0.0546082970368
18000000 0.058563499852
19000000 0.062461600875
20000000 0.065922600069
22000000 0.072252102507
24000000 0.078591796803
26000000 0.074849505402
28000000 0.068690500704
30000000 0.0611680041
35000000 0.044268291981
40000000 0.035256295161
45000000 0.03751600133
50000000 0.080657899894
55000000 0.147899993196
60000000 0.18170005185
65000000 0.167785997203
70000000 0.142459007484
75000000 0.124634993808
80000000 0.114573993864
90000000 0.10349699974
100000000 0.09643801041
110000000 0.09052119678
120000000 0.085439096509
130000000 0.081744200208
140000000 0.078362705225
150000000 0.074595603643
160000000 0.071024397363
180000000 0.065338205328
200000000 0.060975894252
#Header 
#Target 75 166 0
#Product 73 163 0
#Datapoints 33
1000000 0
14000000 0
15000000 4.2438674245E-15
16000000 1.3243272355E-13
17000000 2.2996735632E-12
18000000 2.533273886E-11
19000000 1.978589625E-10
20000000 1.2189102294E-9
22000000 2.9669600532E-8
24000000 6.0902289396E-7
26000000 2.0756007307E-5
28000000 0.0004188270552
30000000 0.003654280728
35000000 0.078100403031
40000000 0.26441204366
45000000 0.3688449613
50000000 0.32781609718
55000000 0.24682904612
60000000 0.19890804249
65000000 0.18017498733
70000000 0.1723540689
75000000 0.166844999945
80000000 0.1621020126
90000000 0.15332900097
100000000 0.144909004059
110000000 0.13716001248
120000000 0.130100999678
130000000 0.123753995332
140000000 0.11753399357
150000000 0.110532993196
160000000 0.104269988514
180000000 0.093730601811
200000000 0.085385902056
#Header 
#Target 75 166 0
#Product 73 164 0
#Datapoints 37
1000000 0
10000000 0
11000000 2.813137764E-14
12000000 5.805873489E-12
13000000 4.9980876968E-10
14000000 2.7674202238194E-8
15000000 7.65999993535E-7
16000000 1.1342697734E-5
17000000 9.31961936893E-5
18000000 0.00055427008351
19000000 0.0021692496525
20000000 0.0065513102424
22000000 0.031704702276
24000000 0.086602401093
26000000 0.16656000354
28000000 0.24160799824
30000000 0.289260006
35000000 0.27915700944
40000000 0.19351804677
45000000 0.12584399591
50000000 0.094430609702
55000000 0.08298399822
60000000 0.078045491547
65000000 0.074765400276
70000000 0.07101821043
75000000 0.067717108056
80000000 0.064772692908
90000000 0.058761397784
100000000 0.053544295584
110000000 0.0490997067
120000000 0.045215000636
130000000 0.04191569844
140000000 0.039117301115
150000000 0.035930402063
160000000 0.033288400463
180000000 0.029005000563
200000000 0.02576950194
#Header 
#Target 75 166 0
#Product 74 159 0
#Datapoints 20
1000000 0
40000000 0
45000000 9.131809545E-7
50000000 4.8667291816E-6
55000000 6.5813097584E-6
60000000 9.9264798693E-6
65000000 1.07988007195E-5
70000000 8.7641410686E-6
75000000 7.2558494463E-6
80000000 6.7994499012E-6
90000000 1.15826999572E-5
100000000 1.8630305955E-5
110000000 2.1811905E-5
120000000 2.3890699469E-5
130000000 2.5250493224E-5
140000000 2.6195293515E-5
150000000 2.7272797884E-5
160000000 2.7495397908E-5
180000000 2.5982200332E-5
200000000 2.5840297392E-5
#Header 
#Target 75 166 0
#Product 74 160 0
#Datapoints 23
1000000 0
28000000 0
30000000 3.48083568E-12
35000000 4.7325294615E-5
40000000 0.000120935992205
45000000 0.00014267300294
50000000 0.0002139830407
55000000 0.00021270200916
60000000 0.000151524007821
65000000 0.000117461013004
70000000 0.000109173006582
75000000 0.000158916988958
80000000 0.00027845406336
90000000 0.0003856149227
100000000 0.00037089601371
110000000 0.0003731029512
120000000 0.00037669903154
130000000 0.00035507703572
140000000 0.0003641970105
150000000 0.00036035600955
160000000 0.00035640104732
180000000 0.00033904001736
200000000 0.0003278239692
#Header 
#Target 75 166 0
#Product 74 161 0
#Datapoints 29
1000000 0
18000000 0
19000000 1.7568888E-13
20000000 8.4900598024E-5
22000000 0.00069695909179
24000000 0.00120028993734
26000000 0.0020313797868
28000000 0.0022496494528
30000000 0.002015449422
35000000 0.0022231005879
40000000 0.0023335008034
45000000 0.0016924401748
50000000 0.00125555006434
55000000 0.00108023010892
60000000 0.00113663995353
65000000 0.0017533698738
70000000 0.0025322901312
75000000 0.0028448508452
80000000 0.0027226093884
90000000 0.0025668902588
100000000 0.0026136306387
110000000 0.002581909398
120000000 0.0025504193793
130000000 0.0024811293936
140000000 0.0024571792425
150000000 0.0023702502701
160000000 0.0023279298118
180000000 0.0022424006055
200000000 0.0021610201704
#Header 
#Target 75 166 0
#Product 74 162 0
#Datapoints 40
1000000 0
7000000 0
8000000 8.031349842E-11
9000000 7.9272190425E-9
10000000 2.5877104608E-7
11000000 0.00032267311176
12000000 0.00201689982819
13000000 0.0059733922776
14000000 0.011796600678573
15000000 0.0157693019895
16000000 0.017090696548
17000000 0.018083501579
18000000 0.019492504603
19000000 0.0212291028
20000000 0.022910805541
22000000 0.02524629978
24000000 0.026199303117
26000000 0.025715203752
28000000 0.024087401824
30000000 0.02161300092
35000000 0.0160479000228
40000000 0.0130808001995
45000000 0.012081900644
50000000 0.0173693021502
55000000 0.028506602908
60000000 0.033868699191
65000000 0.030786902168
70000000 0.026696205204
75000000 0.024516204297
80000000 0.0234214035
90000000 0.021970106172
100000000 0.020797602786
110000000 0.01979629404
120000000 0.018880098276
130000000 0.018192997636
140000000 0.01762199794
150000000 0.016805404061
160000000 0.016124100903
180000000 0.014974795242
200000000 0.0140865005736
#Header 
#Target 75 166 0
#Product 74 163 0
#Datapoints 45
1000000 0
2000000 1.92972993135E-12
3000000 2.4281710929E-9
4000000 5.1130989096E-7
5000000 1.06246000494E-5
6000000 6.6353206032E-5
7000000 0.00026973003442833
8000000 0.0008144781399
9000000 0.0022001100205
10000000 0.0047968000768
11000000 0.0080203810434
12000000 0.0108768990993
13000000 0.0129448966448
14000000 0.014105098272903
15000000 0.01450739653
16000000 0.01438850354
17000000 0.0138646004653
18000000 0.01291440007
19000000 0.0118239993
20000000 0.011031499172
22000000 0.014979798431
24000000 0.023450694033
26000000 0.0112615998971
28000000 0.0071909202496
30000000 0.005690440308
35000000 0.0148234993422
40000000 0.065054398168
45000000 0.13110898855
50000000 0.14720899908
55000000 0.1174379984
60000000 0.094464788409
65000000 0.085202002451
70000000 0.081074092272
75000000 0.078312791336
80000000 0.075728201604
90000000 0.071100802838
100000000 0.067081501431
110000000 0.0635133954
120000000 0.060293594868
130000000 0.057609202332
140000000 0.054946700205
150000000 0.052044297353
160000000 0.049411104771
180000000 0.045005100063
200000000 0.041518601124
#Header 
#Target 75 166 0
#Product 74 164 0
#Datapoints 40
1000000 0
7000000 0
8000000 1.073498655E-15
9000000 6.7135465425E-14
10000000 1.3808685472E-12
11000000 1.1593774614E-11
12000000 5.22814344E-11
13000000 1.8100968464E-10
14000000 1.2630100755618E-9
15000000 1.3810296681E-7
16000000 6.49938985135E-6
17000000 0.000112079988813
18000000 0.00093327802139
19000000 0.0044047301775
20000000 0.013758199458
22000000 0.059270599089
24000000 0.13843695957
26000000 0.24095700209
28000000 0.34396696704
30000000 0.432196926
35000000 0.50954205129
40000000 0.38926601475
45000000 0.2886680629
50000000 0.25596806092
55000000 0.24748192544
60000000 0.24308302743
65000000 0.23881306534
70000000 0.23381096616
75000000 0.22801604839
80000000 0.22231109208
90000000 0.20863605604
100000000 0.19509402735
110000000 0.1829640504
120000000 0.17179195228
130000000 0.16193897324
140000000 0.15269006825
150000000 0.14260500735
160000000 0.133817998846
180000000 0.119018993412
200000000 0.107292005184
#Header 
#Target 75 166 0
#Product 74 165 0
#Datapoints 43
1000000 0
4000000 0
5000000 4.9753005354E-13
6000000 1.8537900714E-9
7000000 6.4366610921928E-7
8000000 4.672611138E-5
9000000 0.001166709762
10000000 0.0113031001344
11000000 0.050924501028
12000000 0.134255011995
13000000 0.25070198688
14000000 0.37436708118804
15000000 0.488133960445
16000000 0.5844979851
17000000 0.661794947632
18000000 0.72104699238
19000000 0.762501987
20000000 0.78730502742
22000000 0.78426099895
24000000 0.71110299624
26000000 0.6071389464
28000000 0.48505794752
30000000 0.3819820578
35000000 0.25204399143
40000000 0.22002297776
45000000 0.2071999062
50000000 0.19588403692
55000000 0.18796205396
60000000 0.17786103075
65000000 0.167276001082
70000000 0.156429990864
75000000 0.146570016346
80000000 0.13731300198
90000000 0.120616998708
100000000 0.106874992845
110000000 0.09550549914
120000000 0.086131790485
130000000 0.078318702264
140000000 0.0716082042
150000000 0.065067105471
160000000 0.05946730912
180000000 0.05083200606
200000000 0.044380898016
#Header 
#Target 75 166 0
#Product 75 162 0
#Datapoints 21
1000000 0
35000000 0
40000000 6.121126062E-12
45000000 5.107459474E-8
50000000 4.4121492272E-6
55000000 4.763270346E-5
60000000 9.3982295232E-5
65000000 8.9161707386E-5
70000000 7.8186000762E-5
75000000 7.4694400729E-5
80000000 7.3240306656E-5
90000000 7.0408493146E-5
100000000 6.6488698134E-5
110000000 6.222339618E-5
120000000 5.8736692885E-5
130000000 5.6116602652E-5
140000000 5.3954395045E-5
150000000 5.0937806011E-5
160000000 4.8588701429E-5
180000000 4.4259303627E-5
200000000 4.1429095344E-5
#Header 
#Target 75 166 0
#Product 75 163 0
#Datapoints 25
1000000 0
24000000 0
26000000 8.000568513E-15
28000000 3.90522528E-11
30000000 8.033800824E-9
35000000 3.1249092738E-6
40000000 0.00017209796932
45000000 0.0005770470614
50000000 0.00053027099554
55000000 0.00040517907004
60000000 0.00037005591312
65000000 0.00036166098895
70000000 0.00035113896744
75000000 0.00034043307701
80000000 0.00032666699208
90000000 0.00030140601436
100000000 0.00028053705564
110000000 0.0002629230462
120000000 0.00024612798509
130000000 0.00023390896628
140000000 0.00022199305085
150000000 0.00020816996405
160000000 0.00019682198634
180000000 0.00017825596206
200000000 0.00016311005256
#Header 
#Target 75 166 0
#Product 75 164 0
#Datapoints 32
1000000 0
15000000 0
16000000 3.323994199E-15
17000000 1.8246178093E-12
18000000 2.033913882E-10
19000000 7.2705701025E-9
20000000 1.17259003884E-7
22000000 5.6114199674E-6
24000000 5.0359796136E-5
26000000 0.00048649396327
28000000 0.0031007395376
30000000 0.007158620658
35000000 0.0150509003376
40000000 0.0114387996484
45000000 0.008471500152
50000000 0.0076501896328
55000000 0.0072766497944
60000000 0.0070134396957
65000000 0.0067356003784
70000000 0.0064283304534
75000000 0.0061903694073
80000000 0.0058722598836
90000000 0.0054003504432
100000000 0.0049474508517
110000000 0.004570979976
120000000 0.0042520994282
130000000 0.0039926094824
140000000 0.0037411298625
150000000 0.0035024600354
160000000 0.0032895501537
180000000 0.002941480212
200000000 0.0026735695896
#Header 
#Target 75 166 0
#Product 75 165 0
#Datapoints 38
1000000 0
9000000 0
10000000 9.636406752E-14
11000000 5.831258298E-11
12000000 3.47999013102E-7
13000000 7.1456387608E-5
14000000 0.0017003701523763
15000000 0.009185960869
16000000 0.0212051965425
17000000 0.0340698013552
18000000 0.046045103247
19000000 0.055347998175
20000000 0.06017530387
22000000 0.057048603664
24000000 0.048130106583
26000000 0.041478399571
28000000 0.036927595248
30000000 0.03410459682
35000000 0.033382203588
40000000 0.033978903153
45000000 0.03389550438
50000000 0.03276629213
55000000 0.033153197908
60000000 0.031387099644
65000000 0.030850407928
70000000 0.029085400224
75000000 0.028395404687
80000000 0.026824797252
90000000 0.024675395996
100000000 0.022849295013
110000000 0.02121499494
120000000 0.019771896794
130000000 0.018557307384
140000000 0.017430694055
150000000 0.016251102833
160000000 0.015180605424
180000000 0.0134684006556
200000000 0.012091499784
#Header 
#Target 75 166 0
#Product 75 166 0
#Datapoints 45
1000000 0
2000000 0
3000000 2.5412506083E-11
4000000 2.95675004847E-7
5000000 5.1265700397E-5
6000000 0.00085442503113
7000000 0.0054500805293256
8000000 0.019723802277
9000000 0.056625600985
10000000 0.120976000032
11000000 0.183757009008
12000000 0.211199994252
13000000 0.201673992432
14000000 0.17200003473213
15000000 0.13867098895
16000000 0.110488961065
17000000 0.0893623000608
18000000 0.073773404705
19000000 0.062783507925
20000000 0.055307804472
22000000 0.047260499637
24000000 0.043997390853
26000000 0.042390307183
28000000 0.04107600504
30000000 0.03964839858
35000000 0.035407100496
40000000 0.031358605308
45000000 0.0280051067
50000000 0.027080605838
55000000 0.024126307976
60000000 0.022020496425
65000000 0.019597704966
70000000 0.01775500164
75000000 0.0159067000742
80000000 0.0144795998952
90000000 0.0119059999496
100000000 0.0098567592606
110000000 0.008260749522
120000000 0.0070208296951
130000000 0.0059852605912
140000000 0.005120630051
150000000 0.0043760092746
160000000 0.0037753608698
180000000 0.0028934395347
200000000 0.002319619302
#Header 
#Target 75 166 0
#Product 76 164 0
#Datapoints 23
1000000 0
28000000 0
30000000 9.798470388E-6
35000000 0.000144587002821
40000000 0.00018458900038
45000000 0.00012852699185
50000000 0.000108794006178
55000000 9.8646697016E-5
60000000 9.0475995087E-5
65000000 8.2499797849E-5
70000000 7.3645709136E-5
75000000 6.8346798442E-5
80000000 6.1054705932E-5
90000000 5.1476798928E-5
100000000 4.3851602223E-5
110000000 3.752139996E-5
120000000 3.2887501387E-5
130000000 2.9238403216E-5
140000000 2.572179871E-5
150000000 2.3365096136E-5
160000000 2.1109401116E-5
180000000 1.7371493337E-5
200000000 1.5018601416E-5
#Header 
#Target 75 166 0
#Product 76 165 0
#Datapoints 28
1000000 0
19000000 0
20000000 0.00041446394833
22000000 0.0019026297199
24000000 0.0025116900276
26000000 0.0028800502759
28000000 0.0022573400576
30000000 0.001570250178
35000000 0.00106200011607
40000000 0.00094733200986
45000000 0.0008574140543
50000000 0.00076824001826
55000000 0.00068626098204
60000000 0.00061368498873
65000000 0.00054609293304
70000000 0.00048524402034
75000000 0.0004322849739
80000000 0.00038582698044
90000000 0.0003128409916
100000000 0.00025930395738
110000000 0.000219858006
120000000 0.00019046695954
130000000 0.00016708505264
140000000 0.00014872400916
150000000 0.000131963000612
160000000 0.000118173003533
180000000 9.7419407085E-5
200000000 8.2663492548E-5
#Header 
#Target 75 166 0
#Product 76 166 0
#Datapoints 40
1000000 0
7000000 0
8000000 0.0017276098689
9000000 0.00324328992425
10000000 0.003495109696
11000000 0.0101536993134
12000000 0.022327799871
13000000 0.031389701244
14000000 0.037552003019301
15000000 0.0371740022305
16000000 0.0335154977675
17000000 0.0305842985916
18000000 0.028774195307
19000000 0.027654001425
20000000 0.02666489425
22000000 0.025049898445
24000000 0.023638503447
26000000 0.022277098865
28000000 0.020906701376
30000000 0.01957819332
35000000 0.016748704857
40000000 0.0142407013508
45000000 0.012147300598
50000000 0.0103352005614
55000000 0.008683190244
60000000 0.0079296796926
65000000 0.0065513007955
70000000 0.0059438509002
75000000 0.0049771101445
80000000 0.0045595800096
90000000 0.003596570024
100000000 0.0029439802836
110000000 0.002452759566
120000000 0.0020831099458
130000000 0.0017962802
140000000 0.0015709395685
150000000 0.00137155999111
160000000 0.00121154998476
180000000 0.00099164593242
200000000 0.000833865942
#Header 
#Target 75 166 0
#Product 76 167 0
#Datapoints 45
1000000 0
2000000 7.1483894435E-13
3000000 2.09473001964E-8
4000000 3.32856983094E-6
5000000 5.0071503213E-5
6000000 0.0002144640339
7000000 0.00056768008903263
8000000 0.0010570398645
9000000 0.00166195982675
10000000 0.0020455303584
11000000 0.00193141010028
12000000 0.00157955999058
13000000 0.00131967979256
14000000 0.0011891205553566
15000000 0.00113268042265
16000000 0.00111565987525
17000000 0.00110291987624
18000000 0.0010577901334
19000000 0.00096813103875
20000000 0.00084963502249
22000000 0.00063009103976
24000000 0.00049228795785
26000000 0.00041195198989
28000000 0.00036417693696
30000000 0.000332810079
35000000 0.0002878190721
40000000 0.00025534104213
45000000 0.0002353840318
50000000 0.00021219901274
55000000 0.00020345593956
60000000 0.00018542506671
65000000 0.00017744492993
70000000 0.000162369998046
75000000 0.000154718996588
80000000 0.00014203299
90000000 0.0001248489875
100000000 0.000110709003132
110000000 9.714338424E-5
120000000 8.3366799438E-5
130000000 7.7526201456E-5
140000000 7.065139873E-5
150000000 5.9908791683E-5
160000000 5.0206693489E-5
180000000 4.1999705979E-5
200000000 3.5893294164E-5
