#Header 
#Target 95 241 0
#Product 0 1 0
#Datapoints 45
1000000 0
2000000 2.0396153664E-19
3000000 1.45968399936E-13
4000000 2.456919530064E-10
5000000 2.91600582E-7
6000000 8.5517125482E-6
7000000 9.6920805128E-5
8000000 0.00070325210637
9000000 0.00382459743201
10000000 0.0084475772836
11000000 0.0126699142976
12000000 0.0214813791
13000000 0.035233875964
14000000 0.049685677806
15000000 0.06555258463611
16000000 0.08294977125
17000000 0.10606582954
18000000 0.13676764276
19000000 0.1701273392
20000000 0.20682727756
22000000 0.30265624
24000000 0.386397375
26000000 0.432097368254
28000000 0.4672405584
30000000 0.501345652944
35000000 0.58044581
40000000 0.644668434
45000000 0.6877009779
50000000 0.724385589496
55000000 0.771534081261
60000000 0.8218608153
65000000 0.875174835929
70000000 0.929717544
75000000 0.983986497
80000000 1.0318911251
90000000 1.103252587285
100000000 1.1506519404
110000000 1.1857022562
120000000 1.2112536276
130000000 1.2335906268
140000000 1.2583000724
150000000 1.283142278036
160000000 1.3109338416
180000000 1.3679679024
200000000 1.417739673
#Header 
#Target 95 241 0
#Product 1 1 0
#Datapoints 44
1000000 0
3000000 0
4000000 1.790922281706E-17
5000000 2.3302465564E-13
6000000 1.60414692468E-10
7000000 2.1734046761E-8
8000000 9.8818048791E-7
9000000 1.860098465889E-5
10000000 0.00012227414927
11000000 0.00039036395552
12000000 0.000896683815
13000000 0.0015694360892
14000000 0.0024171750449
15000000 0.003609838726923
16000000 0.005019899625
17000000 0.0066698356065
18000000 0.0086008330703
19000000 0.010648863056
20000000 0.0130904114043
22000000 0.020502245
24000000 0.028375300772
26000000 0.03320547444
28000000 0.03835245582
30000000 0.0443662493807
35000000 0.06304284407
40000000 0.08733804894
45000000 0.11502662662
50000000 0.1431605472784
55000000 0.1714583851038
60000000 0.19691037311
65000000 0.219711789171
70000000 0.23969774106
75000000 0.2570511411
80000000 0.27203785796
90000000 0.2945279281829
100000000 0.31112266038
110000000 0.32289207797
120000000 0.33050913842
130000000 0.33541972872
140000000 0.33899602196
150000000 0.3413091911062
160000000 0.3434369712
180000000 0.3480410527
200000000 0.351479982
#Header 
#Target 95 241 0
#Product 1 2 0
#Datapoints 40
1000000 0
7000000 0
8000000 3.014396289E-16
9000000 9.4070971911E-14
10000000 3.6992195422E-11
11000000 1.89305862816E-9
12000000 4.115380335E-8
13000000 4.77631882E-7
14000000 3.5070011857E-6
15000000 1.782014766675E-5
16000000 6.6068105625E-5
17000000 0.00018626598826
18000000 0.00041790833567
19000000 0.00077602378464
20000000 0.00126176865591
22000000 0.00272161
24000000 0.004415587722
26000000 0.00556118543047
28000000 0.0066475458
30000000 0.00772648699545
35000000 0.010428883384
40000000 0.013485599778
45000000 0.01683250689
50000000 0.02081260737302
55000000 0.0247686953733
60000000 0.028690495203
65000000 0.03174767500707
70000000 0.03452383327
75000000 0.036494374995
80000000 0.038489567347
90000000 0.03886709686083
100000000 0.038769090744
110000000 0.037915427077
120000000 0.036997363345
130000000 0.0361941891
140000000 0.035561313922
150000000 0.03476429159265
160000000 0.034036149216
180000000 0.033278240237
200000000 0.0330356103
#Header 
#Target 95 241 0
#Product 1 3 0
#Datapoints 39
1000000 0
8000000 0
9000000 1.572268375731E-17
10000000 9.075454297E-15
11000000 1.80488772352E-12
12000000 1.090712499E-10
13000000 2.8033203492E-9
14000000 3.7316305408E-8
15000000 3.156414362816E-7
16000000 1.848034125E-6
17000000 7.9172142027E-6
18000000 2.4996606582E-5
19000000 5.9683391872E-5
20000000 0.000117624749369
22000000 0.00033061656
24000000 0.0006374657016
26000000 0.000913096476883
28000000 0.0011916337734
30000000 0.001483585136756
35000000 0.0022900468448
40000000 0.0033451195152
45000000 0.004826055163
50000000 0.00682652367838
55000000 0.00914027000598
60000000 0.011375802428
65000000 0.0132023579143
70000000 0.014606482818
75000000 0.01568889738
80000000 0.016581055997
90000000 0.01853833363278
100000000 0.020317725528
110000000 0.021381327385
120000000 0.022140788218
130000000 0.022955107206
140000000 0.023776552618
150000000 0.02439894839342
160000000 0.024973042416
180000000 0.025936358382
200000000 0.02677618986
#Header 
#Target 95 241 0
#Product 2 3 0
#Datapoints 36
1000000 0
11000000 0
12000000 2.6032428675E-20
13000000 4.3613401048E-18
14000000 2.700602082E-16
15000000 8.33471007083E-15
16000000 1.5206761875E-13
17000000 1.9218066384E-12
18000000 1.8205865764E-11
19000000 1.31876949152E-10
20000000 7.735060934E-10
22000000 1.70184572E-8
24000000 2.1262144176E-7
26000000 1.505193978442E-6
28000000 8.349604704E-6
30000000 3.11678228596E-5
35000000 0.00021135423697
40000000 0.0005569036344
45000000 0.001008177624
50000000 0.001476602342366
55000000 0.001987667489178
60000000 0.0024825426003
65000000 0.002969837410575
70000000 0.0034035716932
75000000 0.0037883242215
80000000 0.0041277376712
90000000 0.00473962734924
100000000 0.005366439006
110000000 0.005790114627
120000000 0.006176375472
130000000 0.006541538136
140000000 0.006902267996
150000000 0.00724895423955
160000000 0.00761311872
180000000 0.008338789085
200000000 0.00899180919
#Header 
#Target 95 241 0
#Product 2 4 0
#Datapoints 45
1000000 0
2000000 2.6151402636E-16
3000000 2.92183463352E-11
4000000 5.07651794235E-10
5000000 1.0608826172E-8
6000000 2.7078363063E-7
7000000 3.4998100536E-6
8000000 2.7162656397E-5
9000000 0.0001273586511846
10000000 0.0002255934954
11000000 0.00024621863728
12000000 0.00029166876915
13000000 0.0003562752536
14000000 0.00042417033545
15000000 0.0005219801415114
16000000 0.000615616575
17000000 0.00072429799431
18000000 0.00087787998679
19000000 0.00106606563232
20000000 0.00136073133799
22000000 0.0037303964
24000000 0.009142323372
26000000 0.0046354078974
28000000 0.003680984664
30000000 0.00375214863472
35000000 0.004983907173
40000000 0.007369398162
45000000 0.010860818693
50000000 0.01412794419211
55000000 0.0168890064957
60000000 0.018797744825
65000000 0.02073100458213
70000000 0.022049879098
75000000 0.02313665172
80000000 0.02458929154
90000000 0.02716894324712
100000000 0.02940814701
110000000 0.031471251427
120000000 0.03361751622
130000000 0.035251519398
140000000 0.037022631464
150000000 0.0379386482048
160000000 0.03870656064
180000000 0.04062716152
200000000 0.041565279
#Header 
#Target 95 241 0
#Product 86 212 0
#Datapoints 13
1000000 0
75000000 0
80000000 2.8799169894E-16
90000000 3.468108765641E-12
100000000 1.99593984012E-9
110000000 1.01096236285E-7
120000000 8.0090612696E-7
130000000 2.43474664314E-6
140000000 3.29815531316E-6
150000000 5.041465845531E-6
160000000 4.9519173168E-6
180000000 5.9268084469E-6
200000000 6.169310133E-6
#Header 
#Target 95 241 0
#Product 86 213 0
#Datapoints 14
1000000 0
70000000 0
75000000 8.64424665E-16
80000000 1.8062387882E-13
90000000 3.149403258639E-10
100000000 3.86531931738E-8
110000000 7.2828176718E-7
120000000 1.94056633873E-6
130000000 4.2395442738E-6
140000000 4.629109531E-6
150000000 5.785063050577E-6
160000000 5.5779829632E-6
180000000 7.518523188E-6
200000000 6.729615501E-6
#Header 
#Target 95 241 0
#Product 87 213 0
#Datapoints 12
1000000 0
80000000 0
90000000 2.099019759801E-13
100000000 7.5937343766E-10
110000000 1.18544379415E-7
120000000 2.74129443603E-6
130000000 1.7140147458E-5
140000000 4.0160756266E-5
150000000 5.882547630193E-5
160000000 5.8995093264E-5
180000000 5.8116033767E-5
200000000 5.640596619E-5
#Header 
#Target 95 241 0
#Product 87 214 0
#Datapoints 13
1000000 0
75000000 0
80000000 3.4795545565E-14
90000000 3.817164959357E-10
100000000 2.08163810058E-7
110000000 9.4227400971E-6
120000000 6.7506214239E-5
130000000 0.000172741860084
140000000 0.000237193254098
150000000 0.00023040144651992
160000000 0.000226631701632
180000000 0.000227183183788
200000000 0.00024387496875
#Header 
#Target 95 241 0
#Product 87 215 0
#Datapoints 14
1000000 0
70000000 0
75000000 1.077794757E-15
80000000 3.7263181362E-13
90000000 1.0747106412192E-9
100000000 8.8244439678E-8
110000000 7.4704741518E-7
120000000 2.99823636969E-6
130000000 5.9359033176E-6
140000000 8.0255309496E-6
150000000 8.350395842995E-6
160000000 8.93783844E-6
180000000 9.0160441712E-6
200000000 9.551471643E-6
#Header 
#Target 95 241 0
#Product 87 216 0
#Datapoints 16
1000000 0
60000000 0
65000000 1.710951263758E-14
70000000 1.2793026524E-11
75000000 4.4321440995E-10
80000000 5.5598842387E-9
90000000 5.461767751929E-7
100000000 6.5812397628E-6
110000000 2.08007260549E-5
120000000 3.32855368742E-5
130000000 3.74114833932E-5
140000000 3.66729583592E-5
150000000 3.6506457490287E-5
160000000 3.58993829904E-5
180000000 3.8500012012E-5
200000000 3.854479839E-5
#Header 
#Target 95 241 0
#Product 88 214 0
#Datapoints 12
1000000 0
80000000 0
90000000 1.12400977324E-14
100000000 1.3594441314E-10
110000000 6.7728829069E-8
120000000 2.92065931848E-6
130000000 2.18435782092E-5
140000000 5.751864126E-5
150000000 9.211996752733E-5
160000000 0.000109100693136
180000000 0.000115286679255
200000000 0.00011884198053
#Header 
#Target 95 241 0
#Product 88 215 0
#Datapoints 13
1000000 0
75000000 0
80000000 9.987096757E-15
90000000 1.101454097099E-11
100000000 4.8232414944E-9
110000000 7.4766642093E-7
120000000 1.21408413203E-5
130000000 4.8782945934E-5
140000000 8.5782176434E-5
150000000 0.00010941223910617
160000000 0.000120584395248
180000000 0.000124907299869
200000000 0.00012415041429
#Header 
#Target 95 241 0
#Product 88 216 0
#Datapoints 13
1000000 0
75000000 0
80000000 5.89935192E-15
90000000 4.408220587712E-11
100000000 2.0661418509E-8
110000000 8.7620850339E-7
120000000 6.7398184504E-6
130000000 1.60655546724E-5
140000000 2.00621160294E-5
150000000 2.5277238891012E-5
160000000 2.35892512608E-5
180000000 2.3423041037E-5
200000000 2.1025592133E-5
#Header 
#Target 95 241 0
#Product 88 217 0
#Datapoints 14
1000000 0
70000000 0
75000000 2.3330337615E-15
80000000 3.0263232802E-13
90000000 5.296642124489E-10
100000000 6.3433504398E-8
110000000 1.12611567673E-6
120000000 3.13072846654E-6
130000000 6.0696321894E-6
140000000 6.2423215182E-6
150000000 7.580119278829E-6
160000000 7.2091023696E-6
180000000 9.4922787289E-6
200000000 8.364749463E-6
#Header 
#Target 95 241 0
#Product 88 219 0
#Datapoints 18
1000000 0
50000000 0
55000000 3.161546676099E-15
60000000 1.1677075919E-13
65000000 5.0352138352E-12
70000000 7.442226088E-11
75000000 1.5162881643E-9
80000000 2.87814824209E-8
90000000 1.241871451336E-6
100000000 6.6446228652E-6
110000000 1.60417316587E-5
120000000 2.34352142938E-5
130000000 2.36558334636E-5
140000000 2.39818518804E-5
150000000 2.6871817721562E-5
160000000 2.85624251376E-5
180000000 3.29051643558E-5
200000000 3.884017662E-5
#Header 
#Target 95 241 0
#Product 88 220 0
#Datapoints 17
1000000 0
55000000 0
60000000 3.0317862399E-15
65000000 2.2734340674E-13
70000000 2.2280553196E-11
75000000 2.763410715E-10
80000000 4.07199062347E-9
90000000 1.9371710187543E-7
100000000 2.36994608712E-6
110000000 5.6972159816E-6
120000000 5.9484975072E-6
130000000 5.6246562156E-6
140000000 6.4715485602E-6
150000000 7.009529474054E-6
160000000 7.4198112E-6
180000000 9.1557837184E-6
200000000 1.0887597378E-5
#Header 
#Target 95 241 0
#Product 88 221 0
#Datapoints 17
1000000 0
55000000 0
60000000 1.3382321375E-14
65000000 8.81507765231E-13
70000000 3.0479405928E-11
75000000 6.6628481985E-10
80000000 1.62882386051E-8
90000000 1.1014620179107E-6
100000000 6.0905747358E-6
110000000 7.2969396907E-6
120000000 6.2900386338E-6
130000000 7.106962998E-6
140000000 8.3161568448E-6
150000000 8.065308904713E-6
160000000 8.8521508848E-6
180000000 1.0611075035E-5
200000000 1.1437362237E-5
#Header 
#Target 95 241 0
#Product 89 215 0
#Datapoints 11
1000000 0
90000000 0
100000000 3.6615272388E-13
110000000 4.0904508106E-10
120000000 4.8992550493E-8
130000000 1.24816040166E-6
140000000 1.03124655446E-5
150000000 3.26181394949E-5
160000000 5.9616511536E-5
180000000 7.822874928E-5
200000000 8.043410655E-5
#Header 
#Target 95 241 0
#Product 89 216 0
#Datapoints 12
1000000 0
80000000 0
90000000 2.503838467885E-15
100000000 6.229668936E-11
110000000 2.89856935665E-8
120000000 1.71343726865E-6
130000000 2.0522280168E-5
140000000 7.3259402622E-5
150000000 0.00011502030034681
160000000 0.000118896624384
180000000 0.000111452157894
200000000 0.00011535978804
#Header 
#Target 95 241 0
#Product 89 217 0
#Datapoints 12
1000000 0
80000000 0
90000000 1.605469323473E-12
100000000 4.07915936532E-9
110000000 5.211289952E-7
120000000 1.01209318427E-5
130000000 5.3586101238E-5
140000000 0.00010762979921
150000000 0.00012270920171477
160000000 0.000117155039904
180000000 0.00010905212703
200000000 0.00011369160495
#Header 
#Target 95 241 0
#Product 89 218 0
#Datapoints 13
1000000 0
75000000 0
80000000 1.2482199367E-14
90000000 1.350605558773E-10
100000000 7.0603425084E-8
110000000 3.08149011687E-6
120000000 2.14578062632E-5
130000000 5.321263689E-5
140000000 7.1553374444E-5
150000000 6.950070475386E-5
160000000 6.8100277152E-5
180000000 7.0150971143E-5
200000000 7.559008821E-5
#Header 
#Target 95 241 0
#Product 89 219 0
#Datapoints 14
1000000 0
70000000 0
75000000 6.58464066E-14
80000000 1.9424135709E-11
90000000 4.985191149144E-8
100000000 3.40192136592E-6
110000000 2.72340593305E-5
120000000 8.0356695993E-5
130000000 0.0001182027129
140000000 0.00012843272566
150000000 0.00011755090500716
160000000 0.000114672346368
180000000 0.000110543001965
200000000 0.00011588176908
#Header 
#Target 95 241 0
#Product 89 220 0
#Datapoints 16
1000000 0
60000000 0
65000000 1.748092775394E-13
70000000 1.2941055812E-10
75000000 4.4091193185E-9
80000000 5.2346261836E-8
90000000 4.752733962953E-6
100000000 5.5928110896E-5
110000000 0.000173370348558
120000000 0.000265913416585
130000000 0.000285923556774
140000000 0.00026841508707
150000000 0.00027144943913452
160000000 0.000270190208352
180000000 0.000286012580766
200000000 0.00028601379387
#Header 
#Target 95 241 0
#Product 89 221 0
#Datapoints 17
1000000 0
55000000 0
60000000 2.0833540229E-13
65000000 1.528541498256E-11
70000000 9.4234440326E-10
75000000 5.7140349435E-8
80000000 8.6376921598E-7
90000000 1.7213400822517E-5
100000000 6.3071456802E-5
110000000 0.000107511785634
120000000 0.000135283610277
130000000 0.000129253332324
140000000 0.000136128886804
150000000 0.00013446011045077
160000000 0.000132943504272
180000000 0.000140612677821
200000000 0.00014272600902
#Header 
#Target 95 241 0
#Product 89 222 0
#Datapoints 19
1000000 0
45000000 0
50000000 9.14605776094E-13
55000000 1.6585401745062E-9
60000000 4.14570302918E-8
65000000 1.3686953469929E-7
70000000 2.28604759722E-7
75000000 4.2110790111E-7
80000000 1.02289826925E-6
90000000 4.1263799361521E-6
100000000 8.639821314E-6
110000000 1.20638008898E-5
120000000 1.33426919729E-5
130000000 1.3966042353E-5
140000000 1.42893859172E-5
150000000 1.4125120641913E-5
160000000 1.46064506544E-5
180000000 1.52511209026E-5
200000000 1.6027841277E-5
#Header 
#Target 95 241 0
#Product 89 223 0
#Datapoints 18
1000000 0
50000000 0
55000000 2.027784574719E-15
60000000 1.4455503027E-14
65000000 2.779859259517E-13
70000000 3.953396156E-12
75000000 8.2553211E-11
80000000 1.64439191543E-9
90000000 8.371981134432E-8
100000000 5.5929912576E-7
110000000 1.40967851849E-6
120000000 2.35483132771E-6
130000000 2.8184915163E-6
140000000 2.75460393982E-6
150000000 2.9438476987734E-6
160000000 3.48326234352E-6
180000000 4.8024910208E-6
200000000 6.451948755E-6
#Header 
#Target 95 241 0
#Product 89 224 0
#Datapoints 16
1000000 0
60000000 0
65000000 1.648307794879E-15
70000000 3.944205273E-14
75000000 5.6236401E-13
80000000 7.936706382E-12
90000000 1.4564774576057E-9
100000000 5.3017046436E-8
110000000 4.33520872488E-7
120000000 9.5280094929E-7
130000000 1.04262108432E-6
140000000 1.05118934592E-6
150000000 1.4503690255943E-6
160000000 2.11215136224E-6
180000000 4.2021347841E-6
200000000 6.67391928E-6
#Header 
#Target 95 241 0
#Product 89 225 0
#Datapoints 19
1000000 0
45000000 0
50000000 7.21360855025E-16
55000000 9.18150967476E-14
60000000 4.6398521264E-12
65000000 1.308007692916E-10
70000000 1.75084809652E-9
75000000 1.34814268485E-8
80000000 6.2202277918E-8
90000000 3.9768480572989E-7
100000000 7.2625810884E-7
110000000 8.6787386246E-7
120000000 9.361184E-7
130000000 9.888480096E-7
140000000 1.20271862666E-6
150000000 1.735136336161E-6
160000000 2.66609077536E-6
180000000 5.1372537799E-6
200000000 7.871953467E-6
#Header 
#Target 95 241 0
#Product 89 226 0
#Datapoints 17
1000000 0
55000000 0
60000000 2.3948814848E-15
65000000 4.223621220343E-14
70000000 5.795960976E-13
75000000 7.352635095E-12
80000000 8.722372681E-11
90000000 5.00926109811E-9
100000000 3.92499636402E-8
110000000 6.5999348723E-8
120000000 8.2625863711E-8
130000000 2.16987893874E-7
140000000 6.0858596068E-7
150000000 1.2770446205787E-6
160000000 2.15686244688E-6
180000000 4.7203333045E-6
200000000 6.872767944E-6
#Header 
#Target 95 241 0
#Product 90 216 0
#Datapoints 11
1000000 0
90000000 0
100000000 7.140598344E-13
110000000 1.62362080617E-9
120000000 2.14285233095E-7
130000000 4.775183685E-6
140000000 2.85945348316E-5
150000000 7.116958859724E-5
160000000 0.000121357952352
180000000 0.000177423986267
200000000 0.0001724720046
#Header 
#Target 95 241 0
#Product 90 217 0
#Datapoints 12
1000000 0
80000000 0
90000000 1.560917087311E-16
100000000 4.1723800902E-12
110000000 4.9446744017E-9
120000000 4.08348678901E-7
130000000 5.308273275E-6
140000000 1.98797045458E-5
150000000 3.6783147175228E-5
160000000 5.2948165152E-5
180000000 6.517889202E-5
200000000 7.083663846E-5
#Header 
#Target 95 241 0
#Product 90 218 0
#Datapoints 12
1000000 0
80000000 0
90000000 2.484176217665E-14
100000000 1.6475282592E-10
110000000 6.1450329765E-8
120000000 2.12292763588E-6
130000000 1.33774358358E-5
140000000 3.150969588E-5
150000000 4.671012452267E-5
160000000 5.415481104E-5
180000000 5.8486673454E-5
200000000 6.329643243E-5
#Header 
#Target 95 241 0
#Product 90 219 0
#Datapoints 13
1000000 0
75000000 0
80000000 1.1434131203E-14
90000000 1.177666283556E-11
100000000 2.52129171132E-9
110000000 3.2010763807E-7
120000000 4.7258307575E-6
130000000 1.72072793436E-5
140000000 2.93547754164E-5
150000000 3.5376920123544E-5
160000000 4.0252512096E-5
180000000 4.3909432853E-5
200000000 4.567653909E-5
#Header 
#Target 95 241 0
#Product 90 220 0
#Datapoints 14
1000000 0
70000000 0
75000000 1.2496454685E-13
80000000 4.0009718353E-12
90000000 6.328714570397E-10
100000000 1.73480569218E-7
110000000 6.3568285088E-6
120000000 4.03107544218E-5
130000000 8.145452085E-5
140000000 0.000101577848286
150000000 0.00011281865368325
160000000 0.000112842320064
180000000 0.000120207135906
200000000 0.00011936284059
#Header 
#Target 95 241 0
#Product 90 221 0
#Datapoints 16
1000000 0
60000000 0
65000000 1.808673907849E-13
70000000 1.5485004462E-11
75000000 1.8342670905E-10
80000000 8.1670379769E-10
90000000 3.6576249019558E-8
100000000 3.282255582E-6
110000000 3.92732650585E-5
120000000 9.8537201887E-5
130000000 0.000131766756234
140000000 0.000132579690044
150000000 0.0001412248642991
160000000 0.000137342885472
180000000 0.000144793166364
200000000 0.00016185513708
#Header 
#Target 95 241 0
#Product 90 222 0
#Datapoints 18
1000000 0
50000000 0
55000000 1.510621279614E-14
60000000 9.278810095E-13
65000000 6.04634236308E-12
70000000 1.9656446394E-11
75000000 2.1772110555E-10
80000000 7.2188123997E-9
90000000 1.6943380351664E-6
100000000 3.1773212346E-5
110000000 0.000111175430894
120000000 0.000148443261849
130000000 0.000147915690864
140000000 0.000153696634646
150000000 0.00015132925938469
160000000 0.000159651627024
180000000 0.0001736806324
200000000 0.00018549406659
#Header 
#Target 95 241 0
#Product 90 223 0
#Datapoints 19
1000000 0
45000000 0
50000000 8.56689548846E-15
55000000 3.052782920943E-13
60000000 1.1327777501E-11
65000000 4.727113419857E-10
70000000 5.750664794E-9
75000000 5.991822954E-8
80000000 8.6502085604E-7
90000000 3.1189402827709E-5
100000000 0.000130765348854
110000000 0.000180340396742
120000000 0.000166552263342
130000000 0.000172816223166
140000000 0.000183670233822
150000000 0.00019469494638082
160000000 0.000198977462112
180000000 0.00022983249322
200000000 0.00023838579345
#Header 
#Target 95 241 0
#Product 90 224 0
#Datapoints 20
1000000 0
40000000 0
45000000 8.232251608E-16
50000000 2.377567512634E-15
55000000 7.16588563563E-14
60000000 1.7618802573E-11
65000000 1.9129809500937E-9
70000000 7.898942274E-8
75000000 1.18987669125E-6
80000000 8.0207711848E-6
90000000 5.486583189055E-5
100000000 9.3526424934E-5
110000000 0.000100336227541
120000000 9.7745972884E-5
130000000 0.000102005556888
140000000 0.000111295646806
150000000 0.00011841187640393
160000000 0.000128217498768
180000000 0.000143528036223
200000000 0.00015876954072
#Header 
#Target 95 241 0
#Product 90 225 0
#Datapoints 21
1000000 0
35000000 0
40000000 3.9708850068E-15
45000000 1.3311635807E-14
50000000 7.2251034428E-14
55000000 4.625141581701E-12
60000000 4.3704943001E-10
65000000 2.0440725866451E-8
70000000 3.33827692992E-7
75000000 2.14372024425E-6
80000000 6.8380242414E-6
90000000 2.0776279770498E-5
100000000 3.92823578466E-5
110000000 3.83524711999E-5
120000000 3.34692960803E-5
130000000 3.94747874472E-5
140000000 4.7968368242E-5
150000000 5.42861257375E-5
160000000 5.7344821152E-5
180000000 7.5073705256E-5
200000000 8.344565229E-5
#Header 
#Target 95 241 0
#Product 90 226 0
#Datapoints 22
1000000 0
30000000 0
35000000 2.4361372745E-15
40000000 4.372022658E-14
45000000 7.511017505E-12
50000000 6.09098578921E-10
55000000 1.9587635541243E-8
60000000 2.34922847962E-7
65000000 9.932178169977E-7
70000000 1.89103563538E-6
75000000 2.2414376673E-6
80000000 3.12615432228E-6
90000000 1.456436921687E-5
100000000 2.02921732014E-5
110000000 1.59132347528E-5
120000000 1.74663687487E-5
130000000 2.3851164246E-5
140000000 2.87778582562E-5
150000000 3.3113884704301E-5
160000000 3.9710197296E-5
180000000 5.036952283E-5
200000000 6.258378588E-5
#Header 
#Target 95 241 0
#Product 90 227 0
#Datapoints 27
1000000 0
20000000 0
22000000 1.0957179E-15
24000000 4.092690238E-15
26000000 8.75043766519E-15
28000000 1.1226161268E-14
30000000 2.256772396461E-14
35000000 1.0219024279E-13
40000000 3.687488301E-12
45000000 1.5846467723E-10
50000000 3.3148466261978E-9
55000000 2.7235203326424E-8
60000000 8.7635973321E-8
65000000 1.4141625691406E-7
70000000 2.20260656908E-7
75000000 6.6135842955E-7
80000000 1.7586649212E-6
90000000 3.5418370787349E-6
100000000 2.8327454304E-6
110000000 3.4491130707E-6
120000000 5.661677516E-6
130000000 8.2220512878E-6
140000000 1.06839359796E-5
150000000 1.3077041503809E-5
160000000 1.69991290176E-5
180000000 2.58464262386E-5
200000000 3.349930038E-5
#Header 
#Target 95 241 0
#Product 90 228 0
#Datapoints 23
1000000 0
28000000 0
30000000 2.619913414346E-16
35000000 3.0675045105E-14
40000000 3.402489786E-13
45000000 9.400408488E-12
50000000 6.1626147471E-11
55000000 8.159728774221E-10
60000000 4.42035369278E-9
65000000 2.6064941038745E-8
70000000 9.3750273386E-8
75000000 1.908201789E-7
80000000 2.49179168051E-7
90000000 2.1650909776315E-7
100000000 5.0968896612E-7
110000000 1.50044778411E-6
120000000 2.77723971095E-6
130000000 4.1861227044E-6
140000000 5.8461006164E-6
150000000 8.249246598601E-6
160000000 1.16204853504E-5
180000000 1.9833657404E-5
200000000 2.7591359922E-5
#Header 
#Target 95 241 0
#Product 90 229 0
#Datapoints 30
1000000 0
16000000 0
17000000 1.2605019845E-16
18000000 4.918569279E-16
20000000 0
22000000 2.45356126E-14
24000000 4.851028728E-13
26000000 1.179882108162E-12
28000000 2.708997291E-12
30000000 1.365701049734E-11
35000000 1.0226257021E-14
40000000 1.78773940212E-9
45000000 3.361833889E-12
50000000 1.2547423513291E-8
55000000 1.1344835607336E-8
60000000 1.2027720381E-8
65000000 2.6220253454676E-8
70000000 6.5886344094E-9
75000000 6.4171404765E-8
80000000 1.10706841762E-7
90000000 5.264096907004E-7
100000000 4.6033014084E-7
110000000 9.7653348023E-7
120000000 1.54040414061E-6
130000000 1.90513108398E-6
140000000 3.00005615848E-6
150000000 4.475664835834E-6
160000000 6.7284352272E-6
180000000 1.17879845798E-5
200000000 1.5812326278E-5
#Header 
#Target 95 241 0
#Product 90 230 0
#Datapoints 28
1000000 0
19000000 0
20000000 3.2224003073E-16
22000000 1.30718814E-15
24000000 4.5890936E-15
26000000 1.154370507541E-14
28000000 5.484404772E-15
30000000 5.46514020363E-15
35000000 2.8759902693E-14
40000000 1.024739505E-13
45000000 7.675878355E-13
50000000 3.645783230372E-12
55000000 1.221854355135E-11
60000000 2.6794351864E-11
65000000 3.796771084586E-11
70000000 6.45434025E-11
75000000 3.0329540865E-10
80000000 1.49048877208E-9
90000000 1.6731559209602E-8
100000000 6.3798434682E-8
110000000 1.26607092205E-7
120000000 2.57379109311E-7
130000000 5.8270130826E-7
140000000 1.17197069256E-6
150000000 1.9457372766347E-6
160000000 2.93447210496E-6
180000000 4.8736030464E-6
200000000 6.470411955E-6
#Header 
#Target 95 241 0
#Product 91 217 0
#Datapoints 10
1000000 0
100000000 0
110000000 1.4942755366E-14
120000000 1.8723496357E-10
130000000 2.99863960152E-8
140000000 7.0089418094E-7
150000000 4.867308085253E-6
160000000 1.66681007904E-5
180000000 4.1885321247E-5
200000000 4.382810901E-5
#Header 
#Target 95 241 0
#Product 91 221 0
#Datapoints 12
1000000 0
80000000 0
90000000 9.4877346263E-13
100000000 2.04314700906E-9
110000000 2.39074181764E-7
120000000 4.336610279E-6
130000000 2.069155773E-5
140000000 4.1514542382E-5
150000000 4.370596123794E-5
160000000 4.4521301712E-5
180000000 4.1516544938E-5
200000000 4.615727466E-5
#Header 
#Target 95 241 0
#Product 91 222 0
#Datapoints 13
1000000 0
75000000 0
80000000 4.3341476442E-15
90000000 4.73217246764E-11
100000000 2.33702398848E-8
110000000 9.7348058731E-7
120000000 6.4106474598E-6
130000000 1.5675428007E-5
140000000 2.16468482932E-5
150000000 2.3924284374245E-5
160000000 2.18581424496E-5
180000000 2.55586930698E-5
200000000 2.6013719046E-5
#Header 
#Target 95 241 0
#Product 91 223 0
#Datapoints 14
1000000 0
70000000 0
75000000 2.650869936E-13
80000000 5.82767845E-11
90000000 1.1451732502422E-7
100000000 6.64324458E-6
110000000 5.2167849855E-5
120000000 0.000138680967831
130000000 0.000179070966744
140000000 0.000184581631538
150000000 0.00016445970082485
160000000 0.000169320527616
180000000 0.000176359721373
200000000 0.00018180343776
#Header 
#Target 95 241 0
#Product 91 224 0
#Datapoints 16
1000000 0
60000000 0
65000000 7.14239634842E-14
70000000 5.262841004E-11
75000000 1.785056598E-9
80000000 2.07455924632E-8
90000000 1.8550438496778E-6
100000000 2.22115209222E-5
110000000 7.0475998307E-5
120000000 0.000111409582125
130000000 0.000126621265314
140000000 0.000120481298648
150000000 0.00012226610702152
160000000 0.000124655989392
180000000 0.00013091369181
200000000 0.00013246119516
#Header 
#Target 95 241 0
#Product 91 225 0
#Datapoints 17
1000000 0
55000000 0
60000000 8.369701592E-13
65000000 5.68402292859E-11
70000000 2.48797836664E-9
75000000 1.38099985335E-7
80000000 2.02873488543E-6
90000000 3.8187509854174E-5
100000000 0.000135165727044
110000000 0.000217549158167
120000000 0.000253056749763
130000000 0.00023123902152
140000000 0.000246197410278
150000000 0.00024303374835314
160000000 0.000250300608672
180000000 0.000244473433743
200000000 0.00025006267944
#Header 
#Target 95 241 0
#Product 91 226 0
#Datapoints 19
1000000 0
45000000 0
50000000 3.415844809163E-12
55000000 6.279434727903E-9
60000000 1.58641573022E-7
65000000 5.298662721363E-7
70000000 8.965718556E-7
75000000 1.6891983459E-6
80000000 4.23215725845E-6
90000000 1.7957463236411E-5
100000000 4.01047481952E-5
110000000 6.1073148928E-5
120000000 7.0236253105E-5
130000000 7.1447437872E-5
140000000 7.2301049646E-5
150000000 7.348529701524E-5
160000000 7.5446544288E-5
180000000 7.5657046091E-5
200000000 7.858623696E-5
#Header 
#Target 95 241 0
#Product 91 229 0
#Datapoints 22
1000000 0
30000000 0
35000000 6.368611976E-15
40000000 3.7844455728E-14
45000000 1.4574898128E-13
50000000 8.64402396357E-13
55000000 2.299576537584E-11
60000000 6.6838391696E-10
65000000 1.0899924672938E-8
70000000 9.10921335E-8
75000000 4.54249262025E-7
80000000 1.54672454629E-6
90000000 5.391566063762E-6
100000000 6.415895085E-6
110000000 6.1545721809E-6
120000000 7.5835536658E-6
130000000 1.10116642692E-5
140000000 1.60566344408E-5
150000000 2.115916739781E-5
160000000 2.61516223776E-5
180000000 3.35098339675E-5
200000000 4.296825141E-5
#Header 
#Target 95 241 0
#Product 91 230 0
#Datapoints 23
1000000 0
28000000 0
30000000 2.601962531013E-16
35000000 1.1907285072E-15
40000000 1.1380734828E-14
45000000 2.7247387689E-13
50000000 9.34255280653E-12
55000000 2.025328043196E-10
60000000 3.07376454496E-9
65000000 3.011356523111E-8
70000000 1.87614152912E-7
75000000 6.733335492E-7
80000000 1.47195901545E-6
90000000 2.4765149290307E-6
100000000 2.61320351568E-6
110000000 4.0467598644E-6
120000000 9.0249252558E-6
130000000 1.6817820297E-5
140000000 2.67290838444E-5
150000000 3.80289533389E-5
160000000 4.6692341376E-5
180000000 6.6448335536E-5
200000000 7.825182225E-5
#Header 
#Target 95 241 0
#Product 91 231 0
#Datapoints 26
1000000 0
22000000 0
24000000 2.8832518442E-16
26000000 1.333794571153E-13
28000000 2.5295396616E-13
30000000 4.86777600616E-13
35000000 3.0185118157E-12
40000000 8.307572232E-14
45000000 5.348428542E-12
50000000 2.632010340079E-11
55000000 3.485057316975E-10
60000000 3.51347433479E-9
65000000 1.9453246111433E-8
70000000 5.479838483E-8
75000000 9.1980795465E-8
80000000 1.07944190266E-7
90000000 2.0746129433727E-7
100000000 1.0928945838E-6
110000000 4.32656219193E-6
120000000 9.9579093308E-6
130000000 1.7421130515E-5
140000000 2.37395821418E-5
150000000 3.0320244795054E-5
160000000 3.6963813408E-5
180000000 4.7070895179E-5
200000000 5.34516234E-5
#Header 
#Target 95 241 0
#Product 91 232 0
#Datapoints 23
1000000 0
28000000 0
30000000 7.32098485498E-16
35000000 1.4485465363E-14
40000000 1.8109130388E-13
45000000 1.937093577E-12
50000000 1.881867175669E-11
55000000 1.467324324396E-10
60000000 7.1965521365E-10
65000000 1.9133389405673E-9
70000000 2.91569036876E-9
75000000 4.2405946245E-9
80000000 1.43718968602E-8
90000000 1.8557963267893E-7
100000000 1.08720217584E-6
110000000 3.22230328244E-6
120000000 5.8588014839E-6
130000000 8.407954971E-6
140000000 1.0830250122E-5
150000000 1.2912731124959E-5
160000000 1.53067071456E-5
180000000 1.88132405549E-5
200000000 2.062481211E-5
#Header 
#Target 95 241 0
#Product 92 218 0
#Datapoints 10
1000000 0
100000000 0
110000000 2.238932938E-12
120000000 1.93162682592E-9
130000000 9.729478233E-8
140000000 1.18370368666E-6
150000000 5.532474719268E-6
160000000 1.53233962704E-5
180000000 4.80993073E-5
200000000 5.024885166E-5
#Header 
#Target 95 241 0
#Product 92 221 0
#Datapoints 12
1000000 0
80000000 0
90000000 2.479903638648E-17
100000000 5.701956864E-13
110000000 6.20830188E-10
120000000 4.2203268215E-8
130000000 4.9613367198E-7
140000000 2.13407659682E-6
150000000 3.594653942916E-6
160000000 5.3077557648E-6
180000000 5.8176490031E-6
200000000 6.237238224E-6
#Header 
#Target 95 241 0
#Product 92 222 0
#Datapoints 12
1000000 0
80000000 0
90000000 9.0963533423E-15
100000000 2.2120531578E-11
110000000 7.016397597E-9
120000000 2.43879487954E-7
130000000 1.42101334386E-6
140000000 4.2734797052E-6
150000000 6.328954760727E-6
160000000 7.6261669776E-6
180000000 7.9268859274E-6
200000000 8.366622159E-6
#Header 
#Target 95 241 0
#Product 92 223 0
#Datapoints 13
1000000 0
75000000 0
80000000 1.618569744E-14
90000000 1.488562802082E-11
100000000 6.6234801504E-10
110000000 6.8092109426E-8
120000000 1.41370511218E-6
130000000 5.0026406058E-6
140000000 1.09014940574E-5
150000000 1.2286092183426E-5
160000000 1.54705679712E-5
180000000 1.35117714127E-5
200000000 1.3388500461E-5
#Header 
#Target 95 241 0
#Product 92 224 0
#Datapoints 15
1000000 0
65000000 0
70000000 2.2607426828E-16
75000000 2.2159385235E-13
80000000 6.835195785E-12
90000000 3.002066842417E-10
100000000 2.47505835042E-8
110000000 9.7609865584E-7
120000000 6.7710321483E-6
130000000 1.0935957906E-5
140000000 1.94839648384E-5
150000000 1.6070585504305E-5
160000000 1.853835468E-5
180000000 1.5922323461E-5
200000000 1.8412633911E-5
#Header 
#Target 95 241 0
#Product 92 225 0
#Datapoints 16
1000000 0
60000000 0
65000000 1.471720238574E-13
70000000 1.2341673718E-11
75000000 1.4642877015E-10
80000000 6.3560947153E-10
90000000 8.777591923686E-9
100000000 6.766749744E-7
110000000 7.3500612438E-6
120000000 2.4773077935E-5
130000000 2.72461626942E-5
140000000 3.72075342928E-5
150000000 3.1811834554619E-5
160000000 3.17170548864E-5
180000000 2.95290822926E-5
200000000 3.187252761E-5
#Header 
#Target 95 241 0
#Product 92 226 0
#Datapoints 18
1000000 0
50000000 0
55000000 6.85550780955E-14
60000000 4.1659629143E-12
65000000 2.697750058636E-11
70000000 7.8232211E-11
75000000 2.828678346E-10
80000000 3.41680178785E-9
90000000 5.495081754079E-7
100000000 9.4635899478E-6
110000000 3.33272044215E-5
120000000 4.7440599917E-5
130000000 4.7603110686E-5
140000000 5.1111809466E-5
150000000 5.688683865756E-5
160000000 5.207530176E-5
180000000 5.632991694E-5
200000000 6.402704763E-5
#Header 
#Target 95 241 0
#Product 92 227 0
#Datapoints 19
1000000 0
45000000 0
50000000 1.377516368585E-14
55000000 4.434889556196E-13
60000000 1.6831174541E-11
65000000 6.818838137899E-10
70000000 7.5516487916E-9
75000000 4.8219659748E-8
80000000 4.79607834805E-7
90000000 1.4947936853093E-5
100000000 6.4200209322E-5
110000000 8.8900997669E-5
120000000 8.3521110513E-5
130000000 8.864469489E-5
140000000 9.7699693064E-5
150000000 0.00010006059914047
160000000 0.000110030277024
180000000 0.000117758691721
200000000 0.00012595700544
#Header 
#Target 95 241 0
#Product 92 228 0
#Datapoints 21
1000000 0
35000000 0
40000000 8.400493104E-11
45000000 6.0960917662E-9
50000000 1.716994354094E-8
55000000 1.8998448432804E-8
60000000 1.92336082941E-8
65000000 3.9356110747304E-8
70000000 5.0647567532E-7
75000000 5.697084393E-6
80000000 3.02291999295E-5
90000000 0.0001542032940358
100000000 0.00019495889196
110000000 0.000160536339447
120000000 0.000166326717315
130000000 0.000197895122298
140000000 0.000222580001066
150000000 0.00024281386846646
160000000 0.000267633098688
180000000 0.00029961151341
200000000 0.00030401224875
#Header 
#Target 95 241 0
#Product 92 229 0
#Datapoints 22
1000000 0
30000000 0
35000000 3.2243965655E-14
40000000 5.907328884E-13
45000000 1.1462239638E-12
50000000 2.85222092673E-12
55000000 6.43855503078E-11
60000000 4.24259848725E-9
65000000 1.6281455379338E-7
70000000 2.3098980605E-6
75000000 1.3321287603E-5
80000000 3.82403072216E-5
90000000 7.268080904308E-5
100000000 5.5465799808E-5
110000000 5.156817446E-5
120000000 6.1697474194E-5
130000000 7.079494104E-5
140000000 7.7610370148E-5
150000000 8.080679513015E-5
160000000 8.85063204E-5
180000000 9.1544068891E-5
200000000 9.630566673E-5
#Header 
#Target 95 241 0
#Product 92 230 0
#Datapoints 23
1000000 0
28000000 0
30000000 2.539035142318E-16
35000000 1.8395383407E-14
40000000 2.9853181044E-12
45000000 4.1697591065E-10
50000000 2.0604937488751E-8
55000000 4.4849295260496E-7
60000000 3.32651987998E-6
65000000 9.231285353879E-6
70000000 1.28157038698E-5
75000000 1.06567203015E-5
80000000 7.0651569868E-6
90000000 4.5448466687253E-6
100000000 7.4820347208E-6
110000000 1.22811826775E-5
120000000 1.7582393102E-5
130000000 2.17516076868E-5
140000000 2.64959257546E-5
150000000 3.1382042069919E-5
160000000 3.35087903136E-5
180000000 4.0720433941E-5
200000000 4.29150708E-5
#Header 
#Target 95 241 0
#Product 92 231 0
#Datapoints 29
1000000 0
18000000 0
19000000 1.6022446336E-16
20000000 8.2669040879E-15
22000000 1.67436292E-13
24000000 7.142376696E-13
26000000 1.795573307939E-12
28000000 2.6080570656E-12
30000000 5.61896644933E-12
35000000 3.961423934E-11
40000000 1.25519522136E-9
45000000 5.2865350686E-8
50000000 1.1475175428426E-6
55000000 9.851532170409E-6
60000000 3.4078565116E-5
65000000 5.732152218485E-5
70000000 5.6454986638E-5
75000000 4.166252064E-5
80000000 2.98844745903E-5
90000000 3.417280451032E-5
100000000 6.1002047154E-5
110000000 8.9713828237E-5
120000000 0.0001080130186
130000000 0.000131663395974
140000000 0.000151120769978
150000000 0.00016214159426221
160000000 0.000178148213472
180000000 0.000197658235434
200000000 0.00022227935499
#Header 
#Target 95 241 0
#Product 92 232 0
#Datapoints 37
1000000 0
10000000 0
11000000 1.85199960848E-14
12000000 2.5287527025E-12
13000000 1.419274402E-11
14000000 3.4620846662E-11
15000000 6.302721721868E-11
16000000 9.418042125E-11
17000000 1.24194730055E-10
18000000 1.5469798289E-10
19000000 1.87789806464E-10
20000000 2.16083051252E-10
22000000 2.87884362E-10
24000000 3.3789262416E-10
26000000 3.86360325874E-10
28000000 5.8465703772E-10
30000000 1.1800903297912E-9
35000000 7.4999845111E-9
40000000 8.2300080084E-8
45000000 6.288477955E-7
50000000 1.9463539736546E-6
55000000 2.7367151478516E-6
60000000 2.40383171594E-6
65000000 1.5913401287669E-6
70000000 1.32948779906E-6
75000000 1.72820597625E-6
80000000 3.12191981519E-6
90000000 9.617980726454E-6
100000000 1.91248467126E-5
110000000 2.6564208231E-5
120000000 3.26837673697E-5
130000000 3.91514427708E-5
140000000 4.3038065942E-5
150000000 4.859941284687E-5
160000000 5.3561407824E-5
180000000 6.6805621014E-5
200000000 7.571293443E-5
#Header 
#Target 95 241 0
#Product 92 233 0
#Datapoints 42
1000000 0
5000000 0
6000000 6.9783649779E-16
7000000 1.22911172209E-14
8000000 1.4575354083E-13
9000000 1.666952682363E-12
10000000 1.67459693856E-11
11000000 1.232230599824E-10
12000000 6.08539239E-10
13000000 6.8985997472E-10
14000000 1.10557936071E-9
15000000 3.4948577238718E-9
16000000 2.2306623E-9
17000000 9.37942557211E-9
18000000 2.09357398674E-8
19000000 2.36654294656E-8
20000000 1.55090538876E-7
22000000 2.291177028E-6
24000000 7.660449069E-6
26000000 1.8063154697564E-5
28000000 1.95852918366E-5
30000000 8.335184518287E-6
35000000 1.97183067123E-5
40000000 1.5716079243E-5
45000000 1.31538061652E-5
50000000 1.7010385416744E-5
55000000 1.7332055812026E-5
60000000 1.86774469498E-5
65000000 2.9146100840207E-5
70000000 2.94983852164E-5
75000000 2.8923067602E-5
80000000 3.06929032289E-5
90000000 3.6292148141083E-5
100000000 3.77090002488E-5
110000000 4.6207237153E-5
120000000 5.3865088556E-5
130000000 6.077442525E-5
140000000 7.469320671E-5
150000000 8.572838746759E-5
160000000 9.61559568E-5
180000000 0.000115118630165
200000000 0.00013101902142
#Header 
#Target 95 241 0
#Product 92 234 0
#Datapoints 44
1000000 0
3000000 0
4000000 4.363433084169E-16
5000000 6.66083666948E-15
6000000 3.90025836054E-14
7000000 2.19973854681E-13
8000000 9.9356178609E-13
9000000 2.641250068224E-12
10000000 5.9560690826E-12
11000000 1.3497952104E-11
12000000 3.019888614E-11
13000000 5.1249178876E-11
14000000 1.42746569275E-10
15000000 2.2885038132242E-10
16000000 6.370376475E-10
17000000 9.56906445418E-10
18000000 2.52173314643E-9
19000000 3.68146385984E-9
20000000 6.16516048729E-9
22000000 3.4762567E-8
24000000 1.1577126652E-7
26000000 4.674535650902E-8
28000000 2.1346421544E-8
30000000 1.7149677480971E-8
35000000 9.8416687503E-9
40000000 1.17877776564E-8
45000000 2.48747403105E-8
50000000 2.3992626572868E-8
55000000 4.0932376883577E-8
60000000 8.7883741563E-8
65000000 2.5887118026186E-7
70000000 7.0435221704E-7
75000000 1.3067238132E-6
80000000 1.88880037225E-6
90000000 2.9123850826991E-6
100000000 3.96142453194E-6
110000000 6.393960166E-6
120000000 1.09631834776E-5
130000000 1.6744864845E-5
140000000 2.20924963972E-5
150000000 2.7625835614489E-5
160000000 3.27356256384E-5
180000000 4.0513357434E-5
200000000 4.436878404E-5
#Header 
#Target 95 241 0
#Product 92 235 0
#Datapoints 30
1000000 0
17000000 0
18000000 2.9559983353E-21
19000000 3.226751424E-20
20000000 2.7858741141E-19
22000000 4.168775E-16
24000000 8.537682608E-15
26000000 5.22076570544E-14
28000000 4.248261486E-13
30000000 2.545847928342E-12
35000000 4.808604502E-11
40000000 2.4912675504E-10
45000000 6.4378076283E-10
50000000 2.0354966399898E-9
55000000 8.614093165956E-9
60000000 3.31018900115E-8
65000000 8.5475089573E-8
70000000 1.56217023908E-7
75000000 2.17588016295E-7
80000000 2.79277215151E-7
90000000 4.3352177277838E-7
100000000 1.0951354233E-6
110000000 2.74365545729E-6
120000000 5.1198906338E-6
130000000 7.8717766386E-6
140000000 1.03778536546E-5
150000000 1.2400865887056E-5
160000000 1.40606912016E-5
180000000 1.669345139E-5
200000000 1.8067388556E-5
#Header 
#Target 95 241 0
#Product 93 225 0
#Datapoints 12
1000000 0
80000000 0
90000000 3.098369934786E-13
100000000 6.0728056668E-10
110000000 7.2448389541E-8
120000000 1.40028811163E-6
130000000 7.3310858466E-6
140000000 1.78500925368E-5
150000000 1.511595531804E-5
160000000 1.66605029328E-5
180000000 1.13217743056E-5
200000000 1.38665226E-5
#Header 
#Target 95 241 0
#Product 93 226 0
#Datapoints 13
1000000 0
75000000 0
80000000 6.48861367E-15
90000000 7.00749551798E-11
100000000 3.54130878954E-8
110000000 1.64151115832E-6
120000000 1.25096719699E-5
130000000 3.196788057E-5
140000000 4.2137650324E-5
150000000 4.80573197452E-5
160000000 3.60091685808E-5
180000000 4.080901341E-5
200000000 3.488829351E-5
#Header 
#Target 95 241 0
#Product 93 227 0
#Datapoints 15
1000000 0
65000000 0
70000000 2.5519790926E-16
75000000 4.138371783E-13
80000000 5.025609028E-11
90000000 5.649654064754E-8
100000000 2.89943326434E-6
110000000 2.63271659519E-5
120000000 6.1651838422E-5
130000000 8.3339256984E-5
140000000 8.5433582136E-5
150000000 7.472888489512E-5
160000000 7.5596757312E-5
180000000 8.515671967E-5
200000000 7.682708964E-5
#Header 
#Target 95 241 0
#Product 93 228 0
#Datapoints 16
1000000 0
60000000 0
65000000 3.853568024263E-13
70000000 2.7046842728E-10
75000000 8.6353465185E-9
80000000 8.3416807287E-8
90000000 5.609560779649E-6
100000000 6.6436454538E-5
110000000 0.000210958679965
120000000 0.000319413126428
130000000 0.000336353510244
140000000 0.000317092208096
150000000 0.00032859969899238
160000000 0.000332629845408
180000000 0.00034866700968
200000000 0.0003520233276
#Header 
#Target 95 241 0
#Product 93 229 0
#Datapoints 18
1000000 0
50000000 0
55000000 7.17194476692E-16
60000000 5.076845311E-12
65000000 2.986817638066E-10
70000000 4.854858439E-9
75000000 1.85935788675E-7
80000000 2.49908698149E-6
90000000 4.5118262025383E-5
100000000 0.00016629911778
110000000 0.000299221341529
120000000 0.000325912504539
130000000 0.000318201960522
140000000 0.00032504507093
150000000 0.00031350750029468
160000000 0.000337196154192
180000000 0.000326871525805
200000000 0.0003338891682
#Header 
#Target 95 241 0
#Product 93 230 0
#Datapoints 19
1000000 0
45000000 0
50000000 8.55147880904E-12
55000000 1.597327918074E-8
60000000 4.11874224859E-7
65000000 1.4052186441018E-6
70000000 2.43683805076E-6
75000000 4.9038365025E-6
80000000 1.35408213292E-5
90000000 6.381308760085E-5
100000000 0.000135700826004
110000000 0.000170853927288
120000000 0.000170111769976
130000000 0.000162123745032
140000000 0.000164920765668
150000000 0.00016692611764507
160000000 0.000163946869248
180000000 0.000165633427465
200000000 0.00016975929894
#Header 
#Target 95 241 0
#Product 93 231 0
#Datapoints 21
1000000 0
35000000 0
40000000 9.621454236E-14
45000000 3.97611911882E-9
50000000 4.2757880887708E-7
55000000 2.0339747523369E-6
60000000 3.55697030446E-6
65000000 5.253515064081E-6
70000000 6.9252596414E-6
75000000 8.1132831585E-6
80000000 8.8815070256E-6
90000000 9.395513081607E-6
100000000 9.3084743082E-6
110000000 9.4103339187E-6
120000000 9.1425836372E-6
130000000 9.2544714786E-6
140000000 8.950739721E-6
150000000 8.572066843953E-6
160000000 8.3921770944E-6
180000000 8.165080847E-6
200000000 7.669544043E-6
#Header 
#Target 95 241 0
#Product 93 232 0
#Datapoints 22
1000000 0
30000000 0
35000000 1.4824308367E-15
40000000 2.4153330282E-11
45000000 1.5146258731E-9
50000000 7.549795841029E-9
55000000 6.742493268489E-8
60000000 5.5549361033E-7
65000000 1.9489730982934E-6
70000000 4.54612132026E-6
75000000 7.965729369E-6
80000000 1.07940967365E-5
90000000 1.2248957540726E-5
100000000 1.16746251564E-5
110000000 1.22602581112E-5
120000000 1.28619074134E-5
130000000 1.270386075E-5
140000000 1.33210287544E-5
150000000 1.3186351934181E-5
160000000 1.38656213856E-5
180000000 1.46658235207E-5
200000000 1.4845062309E-5
#Header 
#Target 95 241 0
#Product 93 234 0
#Datapoints 29
1000000 0
18000000 0
19000000 1.851921344E-15
20000000 1.9113627004E-13
22000000 2.1991447E-10
24000000 1.87162183936E-8
26000000 2.9792635496783E-7
28000000 1.3559280147E-6
30000000 3.0465224006866E-6
35000000 9.4003619013E-6
40000000 3.7763149965E-5
45000000 7.5439554182E-5
50000000 9.824418702226E-5
55000000 0.00011026097119476
60000000 0.000119842912328
65000000 0.00012344421097915
70000000 0.00012317319097
75000000 0.000118798110405
80000000 0.000114806516143
90000000 0.0001052168011121
100000000 0.000100660672356
110000000 9.9315671675E-5
120000000 0.000100442704323
130000000 0.00010275578346
140000000 0.00010444964751
150000000 0.00010734387682518
160000000 0.00010886283768
180000000 0.000111395462893
200000000 0.00011022316095
#Header 
#Target 95 241 0
#Product 93 235 0
#Datapoints 35
1000000 0
12000000 0
13000000 2.2377061644E-14
14000000 1.1141284034E-12
15000000 1.375921472068E-13
16000000 1.653559875E-12
17000000 7.8223145572E-12
18000000 4.0855343314E-11
19000000 1.60544836608E-10
20000000 4.9495007878E-10
22000000 3.66557306E-9
24000000 5.821474386E-9
26000000 5.773112055701E-6
28000000 1.06534280412E-5
30000000 2.3034850851388E-5
35000000 9.7500613241E-5
40000000 2.5498551165E-7
45000000 0.000221811024339
50000000 0.00023006400854486
55000000 0.00023049494370279
60000000 1.99988919957E-6
65000000 0.0002282174677197
70000000 0.000192352162804
75000000 2.2059429912E-6
80000000 0.000162126206891
90000000 0.00013900945325383
100000000 0.00013374501228
110000000 4.5299275175E-5
120000000 0.000223659832006
130000000 0.000142368743868
140000000 0.000206601358924
150000000 0.00014627359577347
160000000 0.00019295833104
180000000 0.00014622824348
200000000 0.00020557708269
#Header 
#Target 95 241 0
#Product 93 236 0
#Datapoints 38
1000000 0
9000000 0
10000000 4.7002074574E-21
11000000 6.4933446256E-19
12000000 2.5992945345E-16
13000000 3.286546508E-15
14000000 2.8706653179E-14
15000000 1.965011244768E-13
16000000 5.6444855625E-12
17000000 8.4009278694E-12
18000000 3.5704125589E-11
19000000 1.28006770944E-10
20000000 1.066831158036E-9
22000000 2.391039922E-9
24000000 7.1288031906E-9
26000000 1.6385718452568E-8
28000000 3.02064579054E-8
30000000 5.24766287902E-8
35000000 1.28731995016E-7
40000000 3.13784739702E-7
45000000 6.4744238654E-7
50000000 8.294498089632E-7
55000000 8.409848774472E-7
60000000 8.4873554522E-7
65000000 9.363459717053E-7
70000000 1.49991212404E-6
75000000 4.0260650391E-6
80000000 1.05718416353E-5
90000000 3.7305150067998E-5
100000000 7.3279595514E-5
110000000 0.000107105717862
120000000 0.00013575931723
130000000 0.000159332937576
140000000 0.000174708414988
150000000 0.00018661368606715
160000000 0.000195670304736
180000000 0.000206352343098
200000000 0.00021099665832
#Header 
#Target 95 241 0
#Product 93 237 0
#Datapoints 39
1000000 0
8000000 0
9000000 1.476157003164E-14
10000000 9.3472613052E-14
11000000 9.1091453824E-13
12000000 3.643944222E-11
13000000 1.99064823188E-10
14000000 8.1519771508E-10
15000000 2.6208771466592E-9
16000000 1.2521557875E-9
17000000 1.47133530016E-8
18000000 2.79913134898E-8
19000000 4.46230585632E-8
20000000 6.4956080083E-8
22000000 1.218617832E-7
24000000 1.67868059632E-7
26000000 1.791266774185E-7
28000000 1.77969094758E-7
30000000 1.7530075985983E-7
35000000 5.2143905514E-8
40000000 1.5162259689E-7
45000000 1.4073507039E-7
50000000 1.2751969491467E-7
55000000 1.2308462938494E-7
60000000 1.79701248643E-7
65000000 1.2050479789483E-6
70000000 4.6159637422E-6
75000000 1.0951852158E-5
80000000 1.97928788761E-5
90000000 3.9611629864125E-5
100000000 5.7821586492E-5
110000000 7.2996329087E-5
120000000 8.3642471577E-5
130000000 9.1415594436E-5
140000000 9.6305587514E-5
150000000 9.98512486076E-5
160000000 0.000101999621328
180000000 0.000104254549806
200000000 0.000104165418
#Header 
#Target 95 241 0
#Product 93 238 0
#Datapoints 22
1000000 0
30000000 0
35000000 1.7157013778E-15
40000000 4.740518466E-13
45000000 3.7971136361E-11
50000000 4.0072344918555E-9
55000000 1.3497828137712E-7
60000000 1.15029266692E-6
65000000 4.1605803625823E-6
70000000 9.1793322298E-6
75000000 1.5103460034E-5
80000000 2.10007355855E-5
90000000 3.1518256292289E-5
100000000 3.93446959746E-5
110000000 4.5060273797E-5
120000000 4.832669449E-5
130000000 5.087838417E-5
140000000 5.2690437546E-5
150000000 5.307378867996E-5
160000000 5.3778442752E-5
180000000 5.398792685E-5
200000000 5.365402623E-5
#Header 
#Target 95 241 0
#Product 93 239 0
#Datapoints 22
1000000 0
30000000 0
35000000 3.6462261517E-15
40000000 1.3586410158E-11
45000000 3.61543312551E-9
50000000 1.1955688983822E-7
55000000 9.268361920251E-7
60000000 3.06631467215E-6
65000000 6.260849671181E-6
70000000 9.717152473E-6
75000000 1.27929849255E-5
80000000 1.53728481357E-5
90000000 1.8822266776419E-5
100000000 2.10527794386E-5
110000000 2.2219873841E-5
120000000 2.27001858276E-5
130000000 2.298076629E-5
140000000 2.29455143668E-5
150000000 2.2721663549598E-5
160000000 2.2530263976E-5
180000000 2.20640932644E-5
200000000 2.1583681917E-5
#Header 
#Target 95 241 0
#Product 94 236 0
#Datapoints 39
1000000 0
8000000 0
9000000 6.80582925954E-15
10000000 4.6064354518E-13
11000000 5.67426522656E-8
12000000 6.857288271E-6
13000000 3.3764034402E-5
14000000 7.390506256E-5
15000000 0.00012098447590658
16000000 0.000153419985
17000000 0.000170089232126
18000000 0.000185615611526
19000000 0.000200235329632
20000000 0.000217458969402
22000000 0.000258917186
24000000 0.000277420181584
26000000 0.00026206297949617
28000000 0.000254124156132
30000000 0.00025608091295868
35000000 0.000244068257797
40000000 0.000214507036092
45000000 0.000186412402374
50000000 0.00016347729654142
55000000 0.00015350259574098
60000000 0.000149533037493
65000000 0.00015472285036979
70000000 0.000168426563446
75000000 0.000187268623425
80000000 0.00020620938349
90000000 0.00024090272836962
100000000 0.000261908284794
110000000 0.00027797224246
120000000 0.000285360691271
130000000 0.000284220887526
140000000 0.000281586076306
150000000 0.00027937976621991
160000000 0.000277958736144
180000000 0.000265907215244
200000000 0.00025275045978
#Header 
#Target 95 241 0
#Product 94 237 0
#Datapoints 44
1000000 0
3000000 0
4000000 5.980269307788E-13
5000000 4.59229281112E-9
6000000 2.14209722817E-7
7000000 2.96095272277E-6
8000000 2.32999555158E-5
9000000 0.00010968058346529
10000000 0.000194334680722
11000000 0.000211158915856
12000000 0.00024191455614
13000000 0.000268734935112
14000000 0.000283133165584
15000000 0.00031456986086812
16000000 0.0003491177625
17000000 0.000396331278882
18000000 0.000459274367467
19000000 0.000515342600032
20000000 0.000585789303165
22000000 0.000931385742
24000000 0.00188382415312
26000000 0.0013149587339709
28000000 0.00109591466166
30000000 0.0010087965585018
35000000 0.00079615795667
40000000 0.00067366954818
45000000 0.00060246534919
50000000 0.0006030116952307
55000000 0.0006712873980183
60000000 0.00078168524774
65000000 0.0009438520980485
70000000 0.00111076916266
75000000 0.00126097480665
80000000 0.00138659446959
90000000 0.0015644716680439
100000000 0.00169282519692
110000000 0.00172236199707
120000000 0.00171113918156
130000000 0.00170716441386
140000000 0.00167235077896
150000000 0.0016166151568209
160000000 0.0015866822952
180000000 0.00149101606863
200000000 0.0014111812806
#Header 
#Target 95 241 0
#Product 94 238 0
#Datapoints 45
1000000 0
2000000 0
3000000 2.884708549663E-11
4000000 4.976723552202E-10
5000000 5.16431196764E-9
6000000 2.34431170866E-8
7000000 8.57518279121E-8
8000000 3.01641112107E-7
9000000 1.0613933452914E-6
10000000 2.93851364898E-6
11000000 6.56918469312E-6
12000000 1.2870586548E-5
13000000 2.18967328468E-5
14000000 3.17977045998E-5
15000000 4.2352256045671E-5
16000000 5.3528411625E-5
17000000 6.84180797487E-5
18000000 9.07594539759E-5
19000000 0.0001228391126144
20000000 0.000177199234959
22000000 0.000734551998
24000000 0.00166509632562
26000000 0.0004946117628489
28000000 0.000227222938278
30000000 0.00015573170520609
35000000 0.000106929296076
40000000 0.000161418656298
45000000 0.000250905538684
50000000 0.00039597601348439
55000000 0.0006132822538689
60000000 0.00085999904912
65000000 0.0010883450301551
70000000 0.00129264820458
75000000 0.001457931852
80000000 0.0015842001505
90000000 0.001757656072036
100000000 0.0018055355952
110000000 0.00182882447022
120000000 0.00179203485608
130000000 0.00174303886986
140000000 0.00167681734956
150000000 0.0016189481019035
160000000 0.00155772432
180000000 0.00143940325859
200000000 0.0013423903647
#Header 
#Target 95 241 0
#Product 94 239 0
#Datapoints 34
1000000 0
13000000 0
14000000 2.6768609106E-16
15000000 8.27842250664E-15
16000000 1.5104625E-13
17000000 1.9084141076E-12
18000000 1.8074852134E-11
19000000 1.3085875504E-10
20000000 7.66757445733E-10
22000000 1.678269948E-8
24000000 2.07726090754E-7
26000000 1.4428217567118E-6
28000000 7.8011479098E-6
30000000 2.7431228515501E-5
35000000 0.000132564398522
40000000 0.000281084362728
45000000 0.00057764115907
50000000 0.000974807458449
55000000 0.0014078880040419
60000000 0.0017864984406
65000000 0.0021055783656902
70000000 0.00238052548624
75000000 0.0026252358093
80000000 0.0027581153831
90000000 0.0029157304608171
100000000 0.00295950983352
110000000 0.00292205682395
120000000 0.00285462535938
130000000 0.00269358687588
140000000 0.00258367670386
150000000 0.0024771983539273
160000000 0.00234798580992
180000000 0.00217688237668
200000000 0.001972021422
#Header 
#Target 95 241 0
#Product 94 240 0
#Datapoints 32
1000000 0
15000000 0
16000000 5.0008381875E-16
17000000 8.7887191491E-15
18000000 1.7961836336E-13
19000000 2.8621061248E-12
20000000 3.5419088173E-11
22000000 2.21792038E-9
24000000 6.272909552E-8
26000000 7.794870623154E-7
28000000 5.4699087492E-6
30000000 2.3909071997109E-5
35000000 0.00023012977768
40000000 0.0007195510218
45000000 0.00134275436898
50000000 0.001952495401737
55000000 0.0024894509242086
60000000 0.00293375914341
65000000 0.0032761644111534
70000000 0.00352480748504
75000000 0.0037272614535
80000000 0.0038846684019
90000000 0.0039602590820185
100000000 0.0039067831809
110000000 0.00378968482167
120000000 0.00362146220941
130000000 0.00345138247548
140000000 0.00326606857206
150000000 0.0030673978623656
160000000 0.00292067605248
180000000 0.00262643612198
200000000 0.0023654504538
#Header 
#Target 95 241 0
#Product 95 234 0
#Datapoints 19
1000000 0
45000000 0
50000000 1.092244690101E-11
55000000 1.9466565643467E-8
60000000 4.9551196677E-7
65000000 1.6990597541132E-6
70000000 2.87851824472E-6
75000000 4.0307302035E-6
80000000 5.0859205694E-6
90000000 6.027686451389E-6
100000000 6.2576265054E-6
110000000 6.5911992894E-6
120000000 7.0877285254E-6
130000000 7.3004477742E-6
140000000 7.2605133462E-6
150000000 7.223058024539E-6
160000000 6.9464148912E-6
180000000 6.9041881656E-6
200000000 6.753779214E-6
#Header 
#Target 95 241 0
#Product 95 235 0
#Datapoints 21
1000000 0
35000000 0
40000000 7.57492383E-13
45000000 1.60340279851E-8
50000000 1.0262924060103E-6
55000000 4.0134013532604E-6
60000000 6.9102245412E-6
65000000 1.0401646682496E-5
70000000 1.4195184709E-5
75000000 1.73361500325E-5
80000000 1.97109546568E-5
90000000 2.2275819885736E-5
100000000 2.3476723677E-5
110000000 2.47743302994E-5
120000000 2.47246964943E-5
130000000 2.51126380122E-5
140000000 2.45976604138E-5
150000000 2.373395037895E-5
160000000 2.3665618632E-5
180000000 2.31731827514E-5
200000000 2.1742636881E-5
#Header 
#Target 95 241 0
#Product 95 236 0
#Datapoints 22
1000000 0
30000000 0
35000000 2.53867344692E-9
40000000 3.56644372374E-6
45000000 5.2053764273E-5
50000000 0.0001305378029182
55000000 0.00029930286136212
60000000 0.00051234713137
65000000 0.0006688088927018
70000000 0.00075222574692
75000000 0.0008016954894
80000000 0.00082369268256
90000000 0.0008283883071124
100000000 0.00082821563046
110000000 0.00080850664994
120000000 0.00078022794016
130000000 0.00074986179474
140000000 0.00072501405024
150000000 0.0006937315343582
160000000 0.00067060704192
180000000 0.00062320435661
200000000 0.000582115023
#Header 
#Target 95 241 0
#Product 95 237 0
#Datapoints 26
1000000 0
22000000 0
24000000 4.551538082E-13
26000000 1.38537437757E-10
28000000 6.0121977174E-9
30000000 6.623037815628E-8
35000000 2.48228910897E-6
40000000 1.53422958708E-5
45000000 5.2265985149E-5
50000000 0.00014946641994128
55000000 0.00024619917866625
60000000 0.000288160859155
65000000 0.00030292312403859
70000000 0.000294933046328
75000000 0.000277563055185
80000000 0.00026154611263
90000000 0.00022976466932912
100000000 0.00020539579899
110000000 0.000180207647158
120000000 0.000160248049201
130000000 0.000144196732404
140000000 0.000130098240374
150000000 0.00011819896612511
160000000 0.000107692709472
180000000 9.8316792288E-5
200000000 8.30234055E-5
#Header 
#Target 95 241 0
#Product 95 238 0
#Datapoints 32
1000000 0
15000000 0
16000000 1.5872810625E-16
17000000 2.8567430892E-14
18000000 1.5591813003E-12
19000000 3.8413572288E-11
20000000 5.10607473266E-10
22000000 2.68162024E-8
24000000 3.9496624622E-7
26000000 3.366659797298E-6
28000000 1.42366347144E-5
30000000 3.3023987281045E-5
35000000 0.00011796090796
40000000 0.0005061079536
45000000 0.00111928912659
50000000 0.0015444289701125
55000000 0.0017106477642
60000000 0.00178713204274
65000000 0.0017902077280525
70000000 0.00176219847134
75000000 0.0017068752792
80000000 0.00165034033241
90000000 0.0014901763180183
100000000 0.00135506694984
110000000 0.00122729249236
120000000 0.00110477392079
130000000 0.00099779209062
140000000 0.00092363014332
150000000 0.0008556557592914
160000000 0.00078217818336
180000000 0.00068405572576
200000000 0.0006031495533
#Header 
#Target 95 241 0
#Product 95 239 0
#Datapoints 38
1000000 0
9000000 0
10000000 9.0157909842E-15
11000000 1.79189407264E-12
12000000 1.08289344705E-10
13000000 2.78301011772E-9
14000000 3.70541589236E-8
15000000 3.1339168132272E-7
16000000 1.83520576875E-6
17000000 7.86352027395E-6
18000000 2.48303251415E-5
19000000 5.92465522272E-5
20000000 0.0001164120391209
22000000 0.000320996818
24000000 0.00062123993386
26000000 0.0009907130011461
28000000 0.00166147950402
30000000 0.0027998342461984
35000000 0.0072029526005
40000000 0.011599429599
45000000 0.0141531797916
50000000 0.015808984325428
55000000 0.016947047337057
60000000 0.0179254025524
65000000 0.017890520414149
70000000 0.0178627955996
75000000 0.017798165424
80000000 0.0173076662429
90000000 0.016106127258469
100000000 0.0149466787254
110000000 0.0139844345553
120000000 0.0127610991632
130000000 0.0118685771298
140000000 0.0109612902228
150000000 0.010240624689546
160000000 0.0094883797104
180000000 0.0084555435195
200000000 0.007568909712
#Header 
#Target 95 241 0
#Product 95 240 0
#Datapoints 39
1000000 0
8000000 0
9000000 9.97646613606E-14
10000000 3.8626009877E-11
11000000 1.972473512912E-9
12000000 4.282311732E-8
13000000 4.9669205684E-7
14000000 3.64648845802E-6
15000000 1.8587442556969E-5
16000000 6.9438552E-5
17000000 0.000199397773806
18000000 0.000463013814076
19000000 0.000906132374368
20000000 0.001579501031031
22000000 0.00401598384
24000000 0.0076061519716
26000000 0.010803461540473
28000000 0.013878930177
30000000 0.016721909243886
35000000 0.0222885894335
40000000 0.0264267358428
45000000 0.0293115868403
50000000 0.031251218469297
55000000 0.033063331410243
60000000 0.0336313371897
65000000 0.0336866117257
70000000 0.0333243523394
75000000 0.032749910505
80000000 0.0318840297149
90000000 0.029659283720008
100000000 0.0275106041214
110000000 0.0254337473511
120000000 0.0234674685876
130000000 0.0217192925238
140000000 0.0201230686136
150000000 0.01866341077676
160000000 0.0174338383872
180000000 0.0153541726074
200000000 0.013664390124
#Header 
#Target 95 241 0
#Product 95 241 0
#Datapoints 43
1000000 0
4000000 0
5000000 2.3302010116E-13
6000000 1.604145181101E-10
7000000 2.17337511832E-8
8000000 9.88170532929E-7
9000000 1.8600334888443E-5
10000000 0.0001222680430608
11000000 0.000390319767936
12000000 0.00089654629965
13000000 0.00156891993972
14000000 0.00241508790253
15000000 0.0036017866197456
16000000 0.004991939325
17000000 0.00658415032363
18000000 0.00837310888407
19000000 0.01013068770688
20000000 0.0120477978832
22000000 0.01720403468
24000000 0.0211070654158
26000000 0.021478328201915
28000000 0.0213550271298
30000000 0.021142414403167
35000000 0.0206463807508
40000000 0.0209098140822
45000000 0.0219305738913
50000000 0.023229401769956
55000000 0.02423544484977
60000000 0.0247326643422
65000000 0.024820627438924
70000000 0.0245293014108
75000000 0.0238941242865
80000000 0.0230405625417
90000000 0.020782085259544
100000000 0.0184110256008
110000000 0.0160948532118
120000000 0.0139352758156
130000000 0.0120187913598
140000000 0.0103755873842
150000000 0.008966145709022
160000000 0.0077998021872
180000000 0.0060411818984
200000000 0.004841858805
#Header 
#Target 95 241 0
#Product 96 237 0
#Datapoints 23
1000000 0
28000000 0
30000000 1.5950650702754E-9
35000000 6.7232135906E-5
40000000 0.000245203677264
45000000 0.000194655187948
50000000 0.00011450562834966
55000000 7.139493187011E-5
60000000 5.07506661E-5
65000000 4.0063044652644E-5
70000000 3.35905612678E-5
75000000 2.89491659145E-5
80000000 2.55318938765E-5
90000000 2.0130146545022E-5
100000000 1.65767802348E-5
110000000 1.36849269942E-5
120000000 1.16132090498E-5
130000000 1.00976901102E-5
140000000 8.7580989758E-6
150000000 7.609830042658E-6
160000000 6.7932586512E-6
180000000 5.6510216015E-6
200000000 4.711465752E-6
#Header 
#Target 95 241 0
#Product 96 238 0
#Datapoints 27
1000000 0
20000000 0
22000000 9.66535024E-8
24000000 0.00039264247932
26000000 0.002608455408514
28000000 0.0042805136682
30000000 0.004703636333396
35000000 0.00286908811475
40000000 0.00147737372814
45000000 0.00089781677354
50000000 0.0006553544773223
55000000 0.0005391720326907
60000000 0.000463022550815
65000000 0.00040598819226795
70000000 0.000358589930872
75000000 0.00031688236008
80000000 0.000283481609763
90000000 0.00022571177635427
100000000 0.000184564369452
110000000 0.000154658087089
120000000 0.000131329638394
130000000 0.000113031723768
140000000 9.8252290504E-5
150000000 8.72471249739E-5
160000000 7.7138021424E-5
180000000 6.2735175294E-5
200000000 5.24674689E-5
#Header 
#Target 95 241 0
#Product 96 239 0
#Datapoints 32
1000000 0
15000000 0
16000000 3.41753596875E-5
17000000 0.000618208264916
18000000 0.00216391639572
19000000 0.00419282024096
20000000 0.00665758589478
22000000 0.01498087936
24000000 0.0194699031982
26000000 0.015114044199546
28000000 0.0101481590826
30000000 0.006939680895699
35000000 0.00358384594369
40000000 0.0026577720306
45000000 0.0022577586355
50000000 0.0019800096667007
55000000 0.0017851520637621
60000000 0.00159159223086
65000000 0.0014192079973779
70000000 0.00126267714956
75000000 0.0011172359835
80000000 0.000993856083
90000000 0.0007948473970037
100000000 0.00065315674452
110000000 0.0005466407199
120000000 0.00046515012849
130000000 0.000400754915388
140000000 0.000347813754116
150000000 0.00030601292358458
160000000 0.000273328330656
180000000 0.000223714195078
200000000 0.00018683060445
#Header 
#Target 95 241 0
#Product 96 240 0
#Datapoints 40
1000000 0
7000000 0
8000000 2.65313283273E-5
9000000 0.0007226406844758
10000000 0.00119911960896
11000000 0.00088608716056
12000000 0.00118702509405
13000000 0.00159006293488
14000000 0.0015331291017
15000000 0.0012878230601522
16000000 0.0009820526625
17000000 0.000829855252182
18000000 0.00080696985208
19000000 0.000842223114304
20000000 0.000911520102882
22000000 0.00112971961
24000000 0.00123875507392
26000000 0.0011566704001241
28000000 0.00107107953498
30000000 0.0010055285081309
35000000 0.00088100569142
40000000 0.0007909909152
45000000 0.00071690532811
50000000 0.0006399648447083
55000000 0.0005817916803645
60000000 0.00051637180293
65000000 0.00045729328569587
70000000 0.000399968895152
75000000 0.000355552678845
80000000 0.000314819992718
90000000 0.00024925168323851
100000000 0.000203211442158
110000000 0.00017124001312
120000000 0.000144424137797
130000000 0.000124215947388
140000000 0.000107647611164
150000000 9.473098497514E-5
160000000 8.3540751648E-5
180000000 6.8620171609E-5
200000000 5.743799313E-5
#Header 
#Target 95 241 0
#Product 96 241 0
#Datapoints 45
1000000 0
2000000 0
3000000 1.459679301008E-13
4000000 2.450092540941E-10
5000000 2.86310401664E-7
6000000 8.29353886836E-6
7000000 9.330968892E-5
8000000 0.000620126192277
9000000 0.0020147292579846
10000000 0.00278100707612
11000000 0.00264328043168
12000000 0.0027464147037
13000000 0.00288538356092
14000000 0.00306302082407
15000000 0.003387047741935
16000000 0.00375511111875
17000000 0.00427120104312
18000000 0.00491328770933
19000000 0.0054506179104
20000000 0.00600418360435
22000000 0.00741500168
24000000 0.0081444077442
26000000 0.00752129440874
28000000 0.0069519459618
30000000 0.006586345038727
35000000 0.0058523951067
40000000 0.0052995618306
45000000 0.0049524070877
50000000 0.0042890991743437
55000000 0.0039411210836718
60000000 0.0034083564708
65000000 0.0030216954436366
70000000 0.0026244310427
75000000 0.00231042703905
80000000 0.00204011894141
90000000 0.001608628329551
100000000 0.00130699227198
110000000 0.00107964376575
120000000 0.00090496655278
130000000 0.00078612757188
140000000 0.0006704299187
150000000 0.0005943194459878
160000000 0.00052788250416
180000000 0.00042408964972
200000000 0.0003534535662
#Header 
#Target 95 241 0
#Product 96 242 0
#Datapoints 44
1000000 0
3000000 0
4000000 3.3158582272035E-11
5000000 1.24818257088E-9
6000000 1.01599898178E-8
7000000 8.89355808467E-8
8000000 8.21927678247E-7
9000000 4.6612254634905E-6
10000000 1.173202651348E-5
11000000 1.743871756704E-5
12000000 2.40079740675E-5
13000000 2.9834373842E-5
14000000 3.25339439247E-5
15000000 3.3511394799311E-5
16000000 3.38067945E-5
17000000 3.49336306957E-5
18000000 3.6900716743E-5
19000000 3.84606980576E-5
20000000 4.03966983222E-5
22000000 4.66065616E-5
24000000 4.9798832174E-5
26000000 4.691790411327E-5
28000000 4.4527330764E-5
30000000 4.323086358339E-5
35000000 4.1010341191E-5
40000000 3.88529619726E-5
45000000 3.88285283977E-5
50000000 3.7546714174275E-5
55000000 3.6897559084557E-5
60000000 3.53652822267E-5
65000000 3.411532477384E-5
70000000 3.1790362274E-5
75000000 3.04057673595E-5
80000000 2.79622450382E-5
90000000 2.4151747654356E-5
100000000 2.10610581582E-5
110000000 1.80902280207E-5
120000000 1.53961888772E-5
130000000 1.37258443698E-5
140000000 1.21636747298E-5
150000000 1.035080444735E-5
160000000 8.8767285552E-6
180000000 7.2416459214E-6
200000000 5.757181836E-6
